Dust emission spectrum from A.P. Jones, M. Kohler, N. Ysard, M. Bocchio, and L. Verstraete (2017), A&A, 602A, 46J 
inside the DustPedia framework.

lambda    nu*dP/dnu     j_nu    j_nu(carb.) j_nu(sil)
 (um)   (erg s-1 H-1) (Jy cm2 sr-1 H-1)
0.9927057738263894 5.889390871350573e-25 1.551887945673217e-17 1.5518879456729194e-17 2.9794843226580713e-30
1.0001793341362166 5.986689660532818e-25 1.5894030993498767e-17 1.5894030993495174e-17 3.58986690449337e-30
1.0077091589558085 6.083849698014585e-25 1.627358044555646e-17 1.627358044555214e-17 4.3197889397277276e-30
1.0114953028030835 6.132365718879666e-25 1.6464985423443715e-17 1.6464985423438978e-17 4.736379660217477e-30
1.0152956718711033 6.180832730489974e-25 1.665746688171014e-17 1.6657466881704947e-17 5.191482882864307e-30
1.0229392996569957 6.277553237169031e-25 1.70454982849179e-17 1.704549828491167e-17 6.231159039755267e-30
1.0267826658714554 6.325689433042979e-25 1.7240737013836996e-17 1.724073701383017e-17 6.823598594064734e-30
1.0306404723013447 6.373755336937586e-25 1.7437009914152223e-17 1.743700991414476e-17 7.469964534192433e-30
1.03451277320114 6.421746310334923e-25 1.7634308540910442e-17 1.7634308540902267e-17 8.174928086419547e-30
1.0383996230291617 6.469657740442228e-25 1.7832624343580025e-17 1.7832624343571086e-17 8.943542930501104e-30
1.0403485208654093 6.493582192516668e-25 1.7932160985469012e-17 1.793216098545966e-17 9.353410620964829e-30
1.0423010764483396 6.517485041076401e-25 1.803194866807349e-17 1.803194866806371e-17 9.781274555195237e-30
1.0462171883269815 6.565223653529021e-25 1.8232272758772656e-17 1.823227275876196e-17 1.069403170408817e-29
1.0471985131304309 6.577143917574767e-25 1.828250895936486e-17 1.8282508959353925e-17 1.093468106637436e-29
1.048180758391296 6.589058284811917e-25 1.8332806953055177e-17 1.8332806953044e-17 1.1180520773541799e-29
1.0501480137395462 6.6128690474116975e-25 1.8433587760555472e-17 1.8433587760543774e-17 1.1688200047820361e-29
1.0521189612883777 6.6366553795903265e-25 1.8534614059168515e-17 1.8534614059156303e-17 1.2217948168399518e-29
1.0531058218030118 6.648520946601037e-25 1.8585167864266703e-17 1.8585167864254213e-17 1.2491399545591295e-29
1.0540936079674168 6.660320362013471e-25 1.8635615106470738e-17 1.8635615106457966e-17 1.2770772773493095e-29
1.058054026499678 6.707450984309874e-25 1.8837999672193767e-17 1.8837999672179814e-17 1.3949355999567166e-29
1.0590464539527713 6.719216535348467e-25 1.8888743992255676e-17 1.8888743992241418e-17 1.4259903074155482e-29
1.06003981227728 6.730975107133359e-25 1.8939547294308017e-17 1.8939547294293442e-17 1.4577070661333008e-29
1.0620293250338977 6.754471039078216e-25 1.9041330262692504e-17 1.9041330262677275e-17 1.523180751890115e-29
1.0660195594769086 6.801376146620902e-25 1.9245597565626515e-17 1.9245597565609893e-17 1.662681610675397e-29
1.070024785945596 6.848161960337865e-25 1.9450792181805373e-17 1.945079218178723e-17 1.8143755596464715e-29
1.0740450607676866 6.894824167441332e-25 1.9656904627223497e-17 1.96569046272037e-17 1.9792735347016915e-29
1.07808044048254 6.941358489650979e-25 1.9863925335091287e-17 1.9863925335069695e-17 2.1584654145027466e-29
1.0861967418109137 7.033944306403573e-25 2.028041576343788e-17 2.0280415763412236e-17 2.5645203870403397e-29
1.0902777775684922 7.0798004158445e-25 2.0489322964446606e-17 2.0489322964418673e-17 2.7940126196742674e-29
1.0943741465085532 7.125508615741569e-25 2.0699084016191955e-17 2.0699084016161522e-17 3.0430689461668433e-29
1.1026131145906286 7.216465036789601e-25 2.1121127518071104e-17 2.1121127518035042e-17 3.6063098198733485e-29
1.1109141095355224 7.306781461975468e-25 2.1546465286565922e-17 2.1546465286523234e-17 4.2683639121250995e-29
1.1192775983109025 7.396342568140126e-25 2.1974766165963582e-17 2.1974766165913132e-17 5.0455527898258774e-29
1.1277040513999907 7.484732352239625e-25 2.240478850694272e-17 2.2404788506883156e-17 5.956716485543383e-29
1.1361939428280308 7.572377762002403e-25 2.2837795204037608e-17 2.2837795203967365e-17 7.023569773155885e-29
1.1447477501889525 7.659249563816803e-25 2.327370108804567e-17 2.3273701087962956e-17 8.271110734588468e-29
1.1533659546722406 7.745366546824606e-25 2.3712565095909944e-17 2.3712565095812665e-17 9.728092390098878e-29
1.1707974979042381 7.915614159781441e-25 2.4600041253616595e-17 2.4600041253482522e-17 1.3407385302261299e-28
1.1884924949847024 8.082475690546826e-25 2.5498244648385543e-17 2.5498244648201677e-17 1.838738797152013e-28
1.2064549276569216 8.247255855850627e-25 2.6411313641072522e-17 2.6411313640821578e-17 2.509486946405175e-28
1.2246888378427687 8.408154933086157e-25 2.7333541064908677e-17 2.7333541064567837e-17 3.408416973015264e-28
1.2431983285522175 8.564796400106811e-25 2.826356199255873e-17 2.8263561992097997e-17 4.607289582216326e-28
1.2619875648066055 8.717121548376125e-25 2.920099233287397e-17 2.920099233225411e-17 6.198525621926641e-28
1.3004222497298317 9.006290442942649e-25 3.10885003436822e-17 3.108850034257579e-17 1.1063981360185264e-27
1.3400274889804893 9.27452894608705e-25 3.298944441422831e-17 3.298944441228913e-17 1.939190651109037e-27
1.3808389325824078 9.520841229821302e-25 3.489697476231128e-17 3.489697475897229e-17 3.3389885316164065e-27
1.4228933163050095 9.746424530962121e-25 3.681180363624888e-17 3.68118036305981e-17 5.6507622483039784e-27
1.466228494730424 9.956705596521706e-25 3.875134263848786e-17 3.875134262908384e-17 9.40400462655099e-27
1.5108834753276823 1.0147595681670636e-24 4.0697108997836274e-17 4.069710898243973e-17 1.5396553956882785e-26
1.5568984535646726 1.0315786049840894e-24 4.2631640657531233e-17 4.263164063270627e-17 2.482496848432405e-26
1.6043148490894465 1.0461582368926462e-24 4.4550893144796604e-17 4.455089310530556e-17 3.9491035553143245e-26
1.6531753430134553 1.0585426304212762e-24 4.6451175114121475e-17 4.645117505221106e-17 6.191041104269982e-26
1.7035239163302658 1.0688787504074603e-24 4.83332625464739e-17 4.833326245080043e-17 9.567347980995394e-26
1.755405889504358 1.0780164766969462e-24 5.0231064625188085e-17 5.023106447937312e-17 1.4581496123342224e-25
1.8088679632656115 1.0857457962394057e-24 5.213200841261928e-17 5.2132008193362875e-17 2.1925642329829513e-25
1.8639582606462262 1.0919244175616262e-24 5.402542522827403e-17 5.402542490287374e-17 3.254002991685998e-25
1.9207263702978936 1.0966553048916576e-24 5.591200622739989e-17 5.591200575056631e-17 4.768336023225967e-25
1.979223391128241 1.1001783003174558e-24 5.779993137241886e-17 5.77999306822255e-17 6.901933644755652e-25
2.039501978296691 1.1027804755609434e-24 5.970114113903775e-17 5.970114015187267e-17 9.87165071604576e-25
2.1016163906111602 1.1052661213625467e-24 6.165804326437527e-17 6.165804186862203e-17 1.3957532596826457e-24
2.1656225393682647 1.1081015772420411e-24 6.369887598196701e-17 6.369887403040181e-17 1.951565203796137e-24
2.231578038680979 1.111320171583722e-24 6.58295231424501e-17 6.582952044312724e-17 2.699322862951954e-24
2.299542257339062 1.1152011317454388e-24 6.8071297589946e-17 6.807129389537383e-17 3.694572166443715e-24
2.369576372248914 1.1203619796328182e-24 7.046906448565741e-17 7.046905948001587e-17 5.005641542318117e-24
2.4417434235010123 1.1275319445263905e-24 7.307996229546849e-17 7.30799555799211e-17 6.715547381100563e-24
2.5161083711144245 1.1379599422613167e-24 7.600212763359531e-17 7.600211870918854e-17 8.924406783267547e-24
2.5927381535095444 1.1536897998031358e-24 7.939938609606779e-17 7.939937434435396e-17 1.1751713826165881e-23
2.6717017477616296 1.177161766056403e-24 8.34821365679724e-17 8.348212122992242e-17 1.533804997239174e-23
2.753070231689431 1.212049919700739e-24 8.857419841231552e-17 8.857417856483471e-17 1.9847480818254624e-23
2.836916847834745 1.2666778408954044e-24 9.538546751374611e-17 9.538544204303089e-17 2.5470715192777952e-23
2.9233170693905177 1.3593770034009312e-24 1.0548368038830865e-16 1.0548364796583581e-16 3.242247283350982e-23
2.967498994190263 1.438100874183943e-24 1.132789888467005e-16 1.132789524289043e-16 3.641779617280864e-23
3.0123486681368425 1.5300421480478521e-24 1.2234270145433594e-16 1.223426606014532e-16 4.085288271789795e-23
3.0578761833420214 1.7357595288011127e-24 1.4088958423220975e-16 1.4088953845060268e-16 4.578160706753029e-23
3.1040917844459814 2.0008491786149114e-24 1.6486115598670268e-16 1.6486110477227945e-16 5.121442324145149e-23
3.127460860933648 2.2812751433155824e-24 1.8938212479321177e-16 1.8938207064189028e-16 5.41513214776176e-23
3.1510058709225794 2.6549028771500158e-24 2.2205843951757974e-16 2.22058382284126e-16 5.723345372657792e-23
3.162844764501044 3.0026910712320093e-24 2.5209136070819314e-16 2.5209130187120946e-16 5.883698380754969e-23
3.1747281389236908 3.407139741497709e-24 2.871216364614527e-16 2.87121575982617e-16 6.047883560741717e-23
3.1986289994194426 4.535261157654884e-24 3.8506638145240694e-16 3.850663175633258e-16 6.388908117998091e-23
3.2227097969389145 7.194510577693836e-24 6.1544874129879095e-16 6.154486737691223e-16 6.752966855964765e-23
3.2348180950136065 9.716308514895164e-24 8.342968292597224e-16 8.342967597776166e-16 6.948210562259689e-23
3.240889293275058 1.1601679063745322e-23 9.98055004286803e-16 9.980549337725532e-16 7.05142500565279e-23
3.2469718861334385 1.378276171153922e-23 1.1879118348458983e-15 1.1879117632620368e-15 7.158386191227112e-23
3.2714166318528037 2.541703655931145e-23 2.207141638496792e-15 2.2071415624679043e-15 7.60288869721929e-23
3.2744851364798273 2.6144332474338484e-23 2.2724273845591555e-15 2.272427308002726e-15 7.65564304534148e-23
3.2775565192852394 2.689251834064001e-23 2.3396510887968904e-15 2.3396510117097238e-15 7.708716665224917e-23
3.283707930232385 2.6173001573542554e-23 2.28132671446806e-15 2.2813266364277287e-15 7.804033129013298e-23
3.2898708863219004 2.3891186401937688e-23 2.086344416014201e-15 2.08634433710254e-15 7.891166036562317e-23
3.29141343181113 2.3353077575361915e-23 2.0403092201252734e-15 2.0403091409945765e-15 7.91306968452026e-23
3.292184975758714 2.3088669978484362e-23 2.017681341194513e-15 2.0176812619541168e-15 7.924039621416377e-23
3.295272960557952 2.1419701630673744e-23 1.873588641120616e-15 1.8735885614530502e-15 7.966756527986239e-23
3.3076538914384823 1.563788613061253e-23 1.3729905204201532e-15 1.3729904390328648e-15 8.138728873069455e-23
3.310756385682612 1.4461139906985048e-23 1.2708643180676463e-15 1.2708642362459077e-15 8.182173883932969e-23
3.313861789986515 1.3375408641860207e-23 1.1765513429599248e-15 1.1765512607019181e-15 8.225800649937711e-23
3.3200813396944477 1.1852791926903222e-23 1.044573051161855e-15 1.044572967966054e-15 8.319580057407226e-23
3.345076488085796 9.136589135220341e-24 8.112590998235955e-16 8.112590124387663e-16 8.73848290799445e-23
3.3482140837626964 9.23844343690366e-24 8.210724043746162e-16 8.210723164205143e-16 8.795410169847462e-23
3.3513546224236106 9.341423849544591e-24 8.310035821252355e-16 8.310034935987108e-16 8.852652462326028e-23
3.3576445397418455 1.0094027495431638e-23 8.996397447448664e-16 8.996396550201891e-16 8.972467689362618e-23
3.3702598118196083 1.2869949948766415e-23 1.1513561171620139e-15 1.1513560249170035e-15 9.224501037634052e-23
3.382922481734668 1.3502193540861652e-23 1.2124555006574653e-15 1.2124554059521798e-15 9.470528510422239e-23
3.389271646505754 1.3829739637154365e-23 1.2441989071718425e-15 1.2441988112154745e-15 9.595636763878563e-23
3.395632727569191 1.418268593543693e-23 1.2783466263882674e-15 1.2783465291413898e-15 9.724687765522683e-23
3.421196662673239 1.5877397687081548e-23 1.4418722900165924e-15 1.4418721874020788e-15 1.0261451397698143e-22
3.4276182099114902 1.5535875033202835e-23 1.413505796265557e-15 1.4135056924384465e-15 1.0382711088792981e-22
3.4340518103208963 1.4039327783251733e-23 1.2797424912995867e-15 1.2797423863195136e-15 1.0498007319344526e-22
3.4469541582030403 1.1907972125399974e-23 1.0895389239119081e-15 1.0895388167048242e-15 1.0720708371806292e-22
3.472904465399547 1.131065142142429e-23 1.0426772262388764e-15 1.0426771138933015e-15 1.1234557496547198e-22
3.4990501388274233 1.0397071108840394e-23 9.65674165492347e-16 9.656740478409102e-16 1.1765143693306513e-22
3.5253949054701885 7.145801311139297e-24 6.686951019764182e-16 6.686949791152452e-16 1.2286117308584414e-22
3.5519380250092896 4.089988238180201e-24 3.8561762156968537e-16 3.856174934167746e-16 1.2815291077510923e-22
3.578680990867387 2.8783341032539375e-24 2.734221052197189e-16 2.7342197122901734e-16 1.3399070148464354e-22
3.605625307711299 2.3882368823948184e-24 2.2857431526667186e-16 2.285741750738426e-16 1.4019282926095933e-22
3.660119384959845 2.030689418262071e-24 1.9729141614106047e-16 1.9729126271832516e-16 1.5342273526949744e-22
3.715437065384467 1.7774842170505e-24 1.7530128336315792e-16 1.753011157064332e-16 1.6765672471669214e-22
3.8285932144167436 1.6489664473014471e-24 1.6757934058788848e-16 1.67579141287273e-16 1.9930061552341666e-22
3.94519561050918 1.6243582360771753e-24 1.701060613885644e-16 1.7010582591585462e-16 2.354727097838543e-22
4.06534921144712 1.6425303553034496e-24 1.7724773521280345e-16 1.772474585542798e-16 2.766585236215985e-22
4.189162171576248 1.6855924307552807e-24 1.8743434747073588e-16 1.874340239448499e-16 3.23525886002844e-22
4.316745939156006 1.7469157767357806e-24 2.0016949302480212e-16 2.0016911638066977e-16 3.7664413240653965e-22
4.448215356677963 1.8243219082315645e-24 2.1540546215013229e-16 2.1540502592430513e-16 4.36225827159632e-22
4.58368876423945 1.9181587386722174e-24 2.3338293586432523e-16 2.3338243261354303e-16 5.0325078226898095e-22
4.723288106065518 2.0306470379118243e-24 2.545940865138104e-16 2.5459350737777677e-16 5.791360336087357e-22
4.867139040275056 2.16615746879999e-24 2.7985509015455676e-16 2.7985442638705003e-16 6.63767506617017e-22
4.940699165968905 2.247937921019648e-24 2.9480996390959885e-16 2.9480925392414927e-16 7.099854497124196e-22
5.015371051989984 2.3327717058452345e-24 3.1055944441765057e-16 3.105586854627136e-16 7.589549370193718e-22
5.091171501069577 2.4361638878368593e-24 3.292256480164686e-16 3.292248363984515e-16 8.116180171150505e-22
5.129500256944802 2.4892902962715402e-24 3.389378225766482e-16 3.389369834598082e-16 8.3911684009962e-22
5.168117569889187 2.544696174628662e-24 3.4909027864737345e-16 3.4908941107537896e-16 8.675719946631289e-22
5.20702561229733 2.612534841159553e-24 3.6109480296220893e-16 3.610939047960711e-16 8.98166137679848e-22
5.246226572918644 2.6821424151990126e-24 3.7350662551334995e-16 3.7350569579959347e-16 9.297137565481428e-22
5.265937586045735 2.7176274255547164e-24 3.7987005275989046e-16 3.798691069055888e-16 9.45854301568102e-22
5.285722656980489 2.7535764282035065e-24 3.863411250488511e-16 3.863401628044814e-16 9.622443697775844e-22
5.305582063971359 2.789997002913141e-24 3.929218735059908e-16 3.929208946181676e-16 9.788878230796983e-22
5.3255160863122235 2.829098643160998e-24 3.9992561775751213e-16 3.999246218911008e-16 9.958664110949927e-22
5.365609099470188 2.9262429726903073e-24 4.1677229998432543e-16 4.1677126875644424e-16 1.0312278812612424e-21
5.406003951863644 3.0271124394515762e-24 4.343845245697608e-16 4.3438345684454034e-16 1.0677252204506585e-21
5.446702915881641 3.131886649935695e-24 4.528028549565224e-16 4.5280174956100025e-16 1.1053955221015722e-21
5.487708281020852 3.2450672691273745e-24 4.726984234855609e-16 4.726972790966439e-16 1.1443889168617057e-21
5.529022354014368 3.40189062748113e-24 4.992730516538011e-16 4.992718660167276e-16 1.185637073572242e-21
5.570647458961463 3.567956777977218e-24 5.275877371344062e-16 5.275865088650316e-16 1.2282693746396831e-21
5.612585937458331 3.743928538747289e-24 5.577762106354709e-16 5.577749383011496e-16 1.2723343214249399e-21
5.654840148729818 3.9372894384274146e-24 5.909994921565709e-16 5.909981741086488e-16 1.3180479221165715e-21
5.67608639626678 4.068692831884769e-24 6.130181514048197e-16 6.130168091959023e-16 1.3422089175309887e-21
5.686739436050992 4.1364203464632624e-24 6.243921412154521e-16 6.243907867667799e-16 1.354448672295717e-21
5.6974124697621304 4.2055413910327994e-24 6.360174137089316e-16 6.360160469130037e-16 1.366795927757184e-21
5.718818669136295 4.348097976537614e-24 6.600473334615365e-16 6.600459416445447e-16 1.3918169919588263e-21
5.740305295436557 4.505168234913174e-24 6.864603179411777e-16 6.864589004766862e-16 1.4174644913862128e-21
5.7835210386641895 4.9121465897609e-24 7.541071724712064e-16 7.541057008528311e-16 1.4716183752985355e-21
5.827062130521658 5.380788779978176e-24 8.322715059489999e-16 8.322699776898256e-16 1.5282591743731559e-21
5.8489554468988025 5.7091737765847416e-24 8.86382164233134e-16 8.863806049473285e-16 1.5592858057208363e-21
5.870931020387893 6.0615188282676685e-24 9.446215939602946e-16 9.446200029886176e-16 1.5909716769410744e-21
5.892989160043636 6.439750679979932e-24 1.0073354756560184e-15 1.0073338523230282e-15 1.6233329905795011e-21
5.915130176081913 6.869789041917588e-24 1.0786415378089067e-15 1.0786398806283065e-15 1.6571806004132447e-21
5.95966208400165 8.071369382329048e-24 1.276845328209023e-15 1.2768435939015786e-15 1.7343074440361163e-21
6.004529249263818 9.802366016302695e-24 1.5623535286032129e-15 1.5623517050269508e-15 1.823576261546551e-21
6.027089341400364 1.100521603970309e-23 1.760660555377201e-15 1.7606586792873935e-15 1.8760898072433566e-21
6.049734195844842 1.2426464027724088e-23 1.9955071751768367e-15 1.9955052424734198e-15 1.932703417347961e-21
6.095279466722835 1.653089478054145e-23 2.6746035538394447e-15 2.6746014795671412e-15 2.0742723029214475e-21
6.141167624020661 2.284626825274545e-23 3.7242228169591896e-15 3.724220553801293e-15 2.2631578967812884e-21
6.164241091010745 2.687913611417441e-23 4.398092465757429e-15 4.3980900832984756e-15 2.3824589522818214e-21
6.187401249150058 3.147288846317365e-23 5.16909264884951e-15 5.169090139337224e-15 2.5095122884203593e-21
6.1990139391386085 3.371604242359664e-23 5.5479001685823594e-15 5.547897593940901e-15 2.574641458332927e-21
6.204828454712694 3.489762303732284e-23 5.747712798423137e-15 5.747710190386493e-15 2.6080366442359684e-21
6.210648424152782 3.576034616555063e-23 5.8953296197326696e-15 5.895326983133711e-15 2.636598958246386e-21
6.233982942956859 3.8691797462322357e-23 6.402564295823136e-15 6.402561556955554e-15 2.738867580141318e-21
6.239830258556775 3.906681755572939e-23 6.470684773140622e-15 6.470682018742845e-15 2.754397774081569e-21
6.245683058788269 3.909986550169858e-23 6.4822330149346956e-15 6.482230244913434e-15 2.7700212630497414e-21
6.257405133728602 3.902055667542818e-23 6.481226037217986e-15 6.481223239047345e-15 2.798170643020184e-21
6.269149208991335 3.844562274732921e-23 6.3977157351861516e-15 6.397712923306335e-15 2.811879816858713e-21
6.280915325867298 3.700205579143515e-23 6.169049078462481e-15 6.1690462708480265e-15 2.8076144534358745e-21
6.304513850009849 3.3441516704818853e-23 5.596377506591616e-15 5.5963747240600365e-15 2.7825315794934426e-21
6.32820103803542 2.9027631302289916e-23 4.875973076095481e-15 4.875970337863421e-15 2.738232062491621e-21
6.3519772230701035 2.497990137848008e-23 4.211813037623913e-15 4.211810339321516e-15 2.6983023966566583e-21
6.375842739491607 2.1574745154110582e-23 3.6513436092574105e-15 3.651340944610834e-15 2.6646465756442725e-21
6.399797922933955 1.884625449619303e-23 3.2015533677530894e-15 3.2015507180329264e-15 2.649720163842855e-21
6.42384311029221 1.657801142071226e-23 2.826811133638566e-15 2.826808494066779e-15 2.6395717865257523e-21
6.447978639727206 1.492581643477567e-23 2.554648301793454e-15 2.5546456562879777e-15 2.6455054770642923e-21
6.472204850670314 1.3549805803589e-23 2.3278487478690433e-15 2.327846092696193e-15 2.65517285055786e-21
6.496522083828205 1.2656444308966835e-23 2.18253925999211e-15 2.1825365814647514e-15 2.6785273586604022e-21
6.520930681187647 1.190427567815832e-23 2.0605444726150445e-15 2.06054176819657e-15 2.7044184744152643e-21
6.57002334288761 1.1137562196392137e-23 1.942345518754874e-15 1.942342741646078e-15 2.777108796131439e-21
6.619489833774732 1.106302793009764e-23 1.9438733305298124e-15 1.943870460639257e-15 2.8698905554558143e-21
6.6693287637831435 1.1364168185355335e-23 2.011820420252714e-15 2.0118174461539115e-15 2.9740988023771886e-21
6.719538636694507 1.1747516081203263e-23 2.095342088813507e-15 2.095339009099021e-15 3.0797144856353825e-21
6.770126513364129 1.2699468191023814e-23 2.2821897583879814e-15 2.282186558451714e-15 3.1999362683117385e-21
6.8210952395837445 1.4136035718288176e-23 2.5594766998856323e-15 2.559473360926207e-15 3.338959425442167e-21
6.872447682569556 1.5944485307757964e-23 2.908649428716203e-15 2.9086459314817265e-15 3.497234476815506e-21
6.924186731123532 1.823184859422836e-23 3.350957425219771e-15 3.350953749795385e-15 3.675424386373852e-21
6.976315295795916 2.009293095301655e-23 3.7208214082067765e-15 3.720817549595015e-15 3.858611760606156e-21
7.028836309048954 2.0371322210981582e-23 3.800774296714852e-15 3.800770268928091e-15 4.027786762106003e-21
7.081752725421856 1.9576347804070953e-23 3.679949541128546e-15 3.679945351388316e-15 4.189740229068442e-21
7.135067521697011 1.904981933824364e-23 3.607932316502868e-15 3.60792794266097e-15 4.3738418992631855e-21
7.1887836970674375 1.9494370013969448e-23 3.719923890734237e-15 3.7199192911086194e-15 4.599625617522582e-21
7.242904273305506 2.1062324835127333e-23 4.049379545603594e-15 4.049374666454377e-15 4.879149217180941e-21
7.297432294932914 2.354225820598486e-23 4.560239226553156e-15 4.5602340050405565e-15 5.221512599371521e-21
7.352370829391971 2.6378275814647692e-23 5.148055749672295e-15 5.148050113509927e-15 5.636162368649231e-21
7.379995003818881 2.8143816831091455e-23 5.51326028673627e-15 5.513254406646834e-15 5.880089434743056e-21
7.407722967218148 3.0091368696979817e-23 5.916925584334922e-15 5.916919443323638e-15 6.1410112840956865e-21
7.463496598684601 3.5034771129873176e-23 6.940824399309618e-15 6.940817648024604e-15 6.751285015370478e-21
7.519690156487492 4.14378921377149e-23 8.271171670532036e-15 8.271164171003891e-15 7.499528144682368e-21
7.533803324048627 4.330126644200284e-23 8.659330385670711e-15 8.65932267032473e-15 7.71534598144612e-21
7.547942979602549 4.524873911928862e-23 9.065766426729543e-15 9.065758488371163e-15 7.938358383610312e-21
7.57630195363571 4.9355399143197783e-23 9.92570530136075e-15 9.925696894368052e-15 8.40699270040451e-21
7.590521371821866 5.143198193826897e-23 1.0362732813036635e-14 1.0362724160032722e-14 8.653003912115913e-21
7.604767477414989 5.359606292643411e-23 1.0819028405628783e-14 1.0819019498434652e-14 8.907194129881515e-21
7.633339951266878 5.794858919206306e-23 1.174158981088243e-14 1.1741580385020084e-14 9.425862345077701e-21
7.662019777021956 6.133957044608206e-23 1.2475369915237912e-14 1.2475360019912823e-14 9.895325087216398e-21
7.690807358020558 6.367188855799545e-23 1.2998376066984277e-14 1.2998365770577067e-14 1.0296407208229105e-20
7.719703099118437 6.487033671148913e-23 1.3292791194604958e-14 1.3292780574912502e-14 1.0619692455258145e-20
7.748707406692464 6.469255538357642e-23 1.3306167970723959e-14 1.3306157107276439e-14 1.0863447518403695e-20
7.777823177463063 6.345708413258387e-23 1.3101095454871564e-14 1.3101084321888207e-14 1.1132983356478542e-20
7.807048350752435 6.156025374846577e-23 1.2757239338735381e-14 1.275722795185319e-14 1.1386882189694892e-20
7.836380830085272 5.89345030604113e-23 1.2258987225355683e-14 1.2258975635077088e-14 1.1590278597362199e-20
7.851088371676256 5.711146099623465e-23 1.1902071887891251e-14 1.1902060242919216e-14 1.1644972032045404e-20
7.86582351679805 5.51791579097506e-23 1.1520960815054595e-14 1.152094913287256e-14 1.1682182032378578e-20
7.89537682495964 5.091412925556693e-23 1.0670397943121584e-14 1.067038624532061e-14 1.169780097432635e-20
7.9250411701946435 4.631007189775907e-23 9.741961643913676e-15 9.741949935746474e-15 1.1708167199559965e-20
7.939915112024199 4.3866092579312306e-23 9.245155989054166e-15 9.24514427520318e-15 1.1713850988698274e-20
7.954816969689239 4.155519345089793e-23 8.77455161503659e-15 8.774539888633458e-15 1.1726403131724164e-20
7.9847046421970465 3.7293397730489736e-23 7.904242248139653e-15 7.904230471619543e-15 1.1776520109315903e-20
8.044817289139356 3.0106970213444234e-23 6.429136861090367e-15 6.429124856936397e-15 1.2004153970720112e-20
8.07504310897143 2.7438719962195753e-23 5.881364961415819e-15 5.8813527562189766e-15 1.2205196843165022e-20
8.105382492623747 2.5078540773122852e-23 5.3956678838812934e-15 5.3956554383422126e-15 1.2445539079208812e-20
8.135835866775926 2.3207324883721268e-23 5.01183417989168e-15 5.011821429974118e-15 1.2749917559895199e-20
8.166403659710703 2.1796322049644493e-23 4.7248006808592664e-15 4.724787572721576e-15 1.3108137690111852e-20
8.197086301319933 2.075239744646026e-23 4.515410274920398e-15 4.515396751302059e-15 1.3523618337888715e-20
8.227884223110665 1.9837208857557463e-23 4.332496004630937e-15 4.3324820326065276e-15 1.3972024408552756e-20
8.258797858211198 1.9315730277194943e-23 4.234453829244903e-15 4.234439249182546e-15 1.4580062358144392e-20
8.289827641377162 1.9165964766717632e-23 4.217408018930748e-15 4.217392310053097e-15 1.5708877651247344e-20
8.320974008997652 1.9325431051247046e-23 4.2684754516421705e-15 4.268458371572142e-15 1.7080070029707244e-20
8.35223739910135 1.9614272521021398e-23 4.348550001216322e-15 4.34853140774654e-15 1.8593469782440044e-20
8.383618251362687 2.0501326991572068e-23 4.5622901317480355e-15 4.562269913552916e-15 2.0218195118965376e-20
8.415117007108037 2.1774502833460885e-23 4.86382386995712e-15 4.863801875714482e-15 2.1994242637707023e-20
8.446734109321913 2.3476217890312139e-23 5.2636425401985965e-15 5.263618643429554e-15 2.3896769042490366e-20
8.478470002653195 2.564512096183058e-23 5.771539507700313e-15 5.7715135851180656e-15 2.5922582247983546e-20
8.542299949622933 3.037752383964269e-23 6.888055223922982e-15 6.888024950780831e-15 3.027314214922758e-20
8.558332380220154 3.1378866342270834e-23 7.12846188043502e-15 7.128430497530749e-15 3.1382904272791634e-20
8.574394900937412 3.2010344336352477e-23 7.285565388481105e-15 7.285532935738582e-15 3.2452742524611435e-20
8.606610438733982 3.202341589049105e-23 7.315924831065876e-15 7.315890391848078e-15 3.443921779735788e-20
8.622764948673899 3.1525408063482294e-23 7.21567057199451e-15 7.215635187716366e-15 3.5384278143942045e-20
8.638949780445296 3.04382199406765e-23 6.979906954058703e-15 6.979870713277542e-15 3.624078116182662e-20
8.655163606183647 2.9332893246856936e-23 6.739064551545019e-15 6.739027434092928e-15 3.711745208975848e-20
8.671407862489573 2.8015724591420384e-23 6.448532698710944e-15 6.448494719967412e-15 3.7978743532170853e-20
8.703987895363145 2.4887288843026722e-23 5.749966304744748e-15 5.7499266489123704e-15 3.9655832376632546e-20
8.736690337257128 2.210165212032772e-23 5.125557557148382e-15 5.12551609789456e-15 4.1459253822727534e-20
8.802464289484785 1.7375845031913843e-23 4.059940225876305e-15 4.0598947648276076e-15 4.546104869647208e-20
8.868733419248175 1.4219150001782754e-23 3.347377322927061e-15 3.3473267939137887e-15 5.0529013272312116e-20
8.935501454478851 1.2117837820448411e-23 2.874176927117477e-15 2.874119410451381e-15 5.751666609688095e-20
9.002772151174003 1.07024890669278e-23 2.5575874060837776e-15 2.5575221578676236e-15 6.524821615393308e-20
9.07054929360775 9.721190833642697e-24 2.34057460996092e-15 2.340501081710353e-15 7.352825056580347e-20
9.13883669454403 9.008735695310752e-24 2.18536606696793e-15 2.185283689357652e-15 8.237761027837956e-20
9.207638195451068 8.522943570135108e-24 2.083086440083182e-15 2.0829948844587056e-15 9.155562447656011e-20
9.276957666717493 8.093709616193866e-24 1.9930703421813745e-15 1.9929686162345957e-15 1.0172594677885384e-19
9.346799007870057 7.81526578691955e-24 1.9389923213819924e-15 1.938880277290576e-15 1.1204409141679433e-19
9.417166147792997 7.564708752144216e-24 1.8909579779763306e-15 1.89083483347251e-15 1.231445038205906e-19
9.488063044949055 7.405894280811685e-24 1.86519611854116e-15 1.8650638616600233e-15 1.3225688113599503e-19
9.559493687602165 7.262235714129645e-24 1.8427849840160576e-15 1.8426428800176032e-15 1.4210399845395338e-19
9.631462094041797 7.182985671758692e-24 1.836397331127154e-15 1.8362452386147223e-15 1.5209251243137907e-19
9.703972312809022 7.112800114645538e-24 1.832143921332449e-15 1.831981410311967e-15 1.625110204817618e-19
9.777099908821425 7.094951163628444e-24 1.8413184152233967e-15 1.8411481941812226e-15 1.7022104217476886e-19
9.924867353363874 7.121898912405372e-24 1.876246733642859e-15 1.8760620592050834e-15 1.8467443777570797e-19
10.074868099996943 7.267018124055465e-24 1.9434127402008377e-15 1.9432184750586872e-15 1.9426514215050775e-19
10.150790707826552 7.37621313064322e-24 1.9874799831598736e-15 1.987282503375009e-15 1.9747978486505152e-19
10.22721067892732 7.556074662366836e-24 2.0512702247830158e-15 2.0510696337297013e-15 2.005910533145728e-19
10.304205975847633 7.751219382658133e-24 2.1200885150166414e-15 2.1198848096696905e-15 2.0370534695130039e-19
10.381780929913377 8.050433427361832e-24 2.218505738647003e-15 2.2183006027441963e-15 2.0513590280736784e-19
10.459939905058707 8.38120321043891e-24 2.3270461330203584e-15 2.3268395775071797e-15 2.0655551317880254e-19
10.538687298071551 8.887967429065788e-24 2.486327914248778e-15 2.486120753034506e-15 2.0716121427245796e-19
10.618027538840941 9.458010924957043e-24 2.665711169909432e-15 2.665503544623165e-15 2.076252862665677e-19
10.697971937068667 1.0300061525520283e-23 2.924897870244742e-15 2.9246916552670037e-15 2.0621497773798814e-19
10.778518246224262 1.1479869922574781e-23 3.284471225257792e-15 3.284266560564818e-15 2.046646929747523e-19
10.859664048220797 1.323083335641937e-23 3.813932677952349e-15 3.813729582681758e-15 2.0309527059094553e-19
10.941420754335242 1.5882988128776219e-23 4.612914059295291e-15 4.6127124253352725e-15 2.0163396001897896e-19
10.961955922839442 1.6810826422935828e-23 4.891550578486361e-15 4.8913492592355246e-15 2.0131925083464597e-19
10.982529632329763 1.784981006620434e-23 5.203618105009231e-15 5.203417075422361e-15 2.0102958686906807e-19
11.023792963743814 2.037742722947863e-23 5.9627943620290465e-15 5.962593811997011e-15 2.0055003203621386e-19
11.065211328886559 2.3691344882092457e-23 6.958551738961406e-15 6.958351464539367e-15 2.0027442203932958e-19
11.08597883104876 2.5816673638456238e-23 7.597028622785975e-15 7.596828354625554e-15 2.0026816042019338e-19
11.106785310247485 2.81917049357081e-23 8.31149506854135e-15 8.311294749533372e-15 2.0031900797891607e-19
11.14851549250461 3.383939075192656e-23 1.0014032812707368e-14 1.0013832190623778e-14 2.0062208358968013e-19
11.169441129330048 3.688054474852007e-23 1.093448174108822e-14 1.0934280889615586e-14 2.008514726316155e-19
11.190406043337886 3.9601474932971074e-23 1.1763231377450154e-14 1.1763030331157854e-14 2.0104629229645098e-19
11.21140851448765 4.2252486878770285e-23 1.2574244073910803e-14 1.2574042921062032e-14 2.0115284876773424e-19
11.22192452720434 4.364692533523538e-23 1.300140934919053e-14 1.30012081259776e-14 2.0122321292944113e-19
11.232450403670388 4.4265718527566907e-23 1.319810140508335e-14 1.3197900287979348e-14 2.0111710400493958e-19
11.253533585369773 4.484309670130611e-23 1.339534613402811e-14 1.3395145318979454e-14 2.0081504865394886e-19
11.274656339961506 4.504330836915136e-23 1.3480407711566544e-14 1.3480207215588223e-14 2.0049597832689882e-19
11.285231677511122 4.5143785892342594e-23 1.3523150763038943e-14 1.352295044330744e-14 2.0031973150037242e-19
11.295816934455262 4.464681696659817e-23 1.3386824822420377e-14 1.3386624876012055e-14 1.9994640832773956e-19
11.317017243752359 4.334083448571935e-23 1.3019631118250218e-14 1.3019432028819059e-14 1.9908943115699298e-19
11.338257342390673 4.203456664666639e-23 1.2650926057325062e-14 1.265072783547451e-14 1.98221850549151e-19
11.359537305047965 4.062441988911295e-23 1.2249468565081103e-14 1.224927128250747e-14 1.972825736355524e-19
11.402217121831576 3.745650738144903e-23 1.1336683418551299e-14 1.1336488275200282e-14 1.9514335101765144e-19
11.423617126015266 3.580526169714981e-23 1.0857252153841492e-14 1.0857058163388642e-14 1.939904528507363e-19
11.445057294333186 3.412076554863121e-23 1.0365879852942129e-14 1.0365687096688341e-14 1.9275625378566402e-19
11.488058425037956 3.0703269714912174e-23 9.362691127333517e-15 9.362501079133892e-15 1.9004819962676727e-19
11.53122111869469 2.7666941009332255e-23 8.468488015336379e-15 8.4683006087605e-15 1.8740657588145758e-19
11.574545982324347 2.496777665514269e-23 7.671022708945859e-15 7.670837879749635e-15 1.8482919622349845e-19
11.618033625228566 2.259292280034074e-23 6.967459941690834e-15 6.967277682539485e-15 1.8225915134853436e-19
11.661684658998247 2.0631170025096605e-23 6.3863774796361915e-15 6.386197969289022e-15 1.7951034717093823e-19
11.705499697522141 1.9138050080347098e-23 5.9464405019109094e-15 5.946263786846979e-15 1.7671506393162758e-19
11.749479356995494 1.798583069836358e-23 5.609427724755767e-15 5.609253886308055e-15 1.738384477116546e-19
11.793624255928705 1.7004695688734257e-23 5.323356904744898e-15 5.323185944442427e-15 1.709603024712813e-19
11.83793501515603 1.6411484995059075e-23 5.156954084435051e-15 5.156786205149841e-15 1.678792852106048e-19
11.882412257844306 1.5911311242762017e-23 5.018570393554407e-15 5.018405589398536e-15 1.6480415587237834e-19
11.92705660950172 1.568669049403549e-23 4.966312474801147e-15 4.966150962261842e-15 1.615125393028889e-19
11.971868697986617 1.553618437743127e-23 4.9371434362473324e-15 4.936985225914458e-15 1.5821033287457038e-19
12.016849153516302 1.566829687710702e-23 4.997834082810327e-15 4.997679511695063e-15 1.5457111526515514e-19
12.061998608675935 1.5856890866531733e-23 5.076995100619662e-15 5.076844144338806e-15 1.5095628085587625e-19
12.152807060118223 1.677053571884422e-23 5.409946521508594e-15 5.409803368872408e-15 1.431526361837877e-19
12.198467333490619 1.751341732949187e-23 5.670816537923068e-15 5.670677651111013e-15 1.3888681205512778e-19
12.244299160690385 1.8341971593562832e-23 5.961415351070717e-15 5.9612806668398764e-15 1.3468423084039514e-19
12.290303186275983 1.942350461077929e-23 6.336648580596144e-15 6.3365185383928175e-15 1.3004220332570367e-19
12.3364800572276 2.0600707576330473e-23 6.7459455504094345e-15 6.745818922078572e-15 1.266283308626504e-19
12.382830422956244 2.1956801314630897e-23 7.21702866995882e-15 7.216901632261928e-15 1.2703769689198847e-19
12.429354935312874 2.3380123498745695e-23 7.713736936299085e-15 7.713609426892801e-15 1.2750940628298165e-19
12.476058240797144 2.4757920215737915e-23 8.199001872035427e-15 8.198873827106054e-15 1.2804492937619218e-19
12.522937033967983 2.615864062916728e-23 8.69542475844595e-15 8.695295645290355e-15 1.2911315559336837e-19
12.569987951963114 2.726822834775294e-23 9.098320192314863e-15 9.09818806644605e-15 1.3212586880927883e-19
12.593579661530361 2.765483138692149e-23 9.244632291389194e-15 9.244498727188476e-15 1.3356420072139757e-19
12.617215648686605 2.7934620997705626e-23 9.355688262875801e-15 9.355553307252086e-15 1.349556237159289e-19
12.664620788327802 2.8060295875557966e-23 9.433087643165787e-15 9.432950111610495e-15 1.3753155528992875e-19
12.71220403757155 2.7727289940228946e-23 9.356161544055394e-15 9.356021653863352e-15 1.3989019204248698e-19
12.736062662318053 2.736856160406121e-23 9.252446726780505e-15 9.25230575637284e-15 1.4097040766515044e-19
12.759966065607527 2.690011112160183e-23 9.111146430417057e-15 9.111004434840424e-15 1.4199557662979402e-19
12.807907544139693 2.5602155081720196e-23 8.704105390517606e-15 8.703961550872695e-15 1.4383964491256115e-19
12.856029147395699 2.4152000673460548e-23 8.24193895555574e-15 8.241793367280181e-15 1.4558827555972287e-19
12.904331552136407 2.260689439076198e-23 7.743652426104246e-15 7.743505050048134e-15 1.4737605611146703e-19
12.95281543766539 2.1028228707776163e-23 7.229966787912364e-15 7.229817626219696e-15 1.491616926672715e-19
13.00148148583848 1.9587090569044697e-23 6.759774467172477e-15 6.7596234614419866e-15 1.510057304911815e-19
13.050330381073369 1.8270863496689294e-23 6.3292173859931455e-15 6.329064477306449e-15 1.529086866978457e-19
13.099362810359226 1.7079069890213334e-23 5.938596522790551e-15 5.9384416223202545e-15 1.5490047029719845e-19
13.197981031955921 1.5089884932838664e-23 5.286434566094766e-15 5.286275244598853e-15 1.5932149591282404e-19
13.247568211189632 1.4287180886752003e-23 5.0240290356156435e-15 5.023867321191041e-15 1.617144246026716e-19
13.297341698339563 1.3562840834623126e-23 4.787236984487525e-15 4.787072801983726e-15 1.6418250379787074e-19
13.397450398986955 1.2399508571364396e-23 4.4095682009280506e-15 4.40939875158545e-15 1.694493426003196e-19
13.447787020368724 1.1935106826530185e-23 4.260362623694572e-15 4.260190391922933e-15 1.7223177163792181e-19
13.498312765455129 1.1510637501497453e-23 4.1242814706695076e-15 4.124106385066501e-15 1.7508560300568903e-19
13.59993447169816 1.0818815303964578e-23 3.905583754152935e-15 3.905402687245422e-15 1.810669075131299e-19
13.702321234386334 1.0286898231464014e-23 3.741519570796741e-15 3.741331716490857e-15 1.8785430588323432e-19
13.805478813227746 9.880846234006473e-24 3.6208876340974335e-15 3.6206872854237025e-15 2.0034867373035485e-19
13.90941301129231 9.524451745190718e-24 3.5165615374199257e-15 3.51634741572299e-15 2.1412169693624975e-19
13.96167316792965 9.402606878114162e-24 3.4846180269504308e-15 3.4843949541648342e-15 2.230727855975716e-19
14.014129675338197 9.30047630632008e-24 3.4597184336324e-15 3.459486002993067e-15 2.324306393335895e-19
14.119634696140762 9.226485145578338e-24 3.4580333763918122e-15 3.4577810780823542e-15 2.5229830945777636e-19
14.225934008823913 9.177227518716072e-24 3.4654666322322887e-15 3.4651930660815106e-15 2.7356615077724433e-19
14.333033593193976 9.129503779623633e-24 3.4733993970414984e-15 3.473102692098062e-15 2.9670494343692444e-19
14.44093947407611 9.071223451091632e-24 3.4772086060530723e-15 3.4768876211557073e-15 3.20984897365085e-19
14.54965772165321 9.016579380826107e-24 3.4822826601249384e-15 3.4819352360885866e-15 3.474240363519061e-19
14.659194451807393 8.9654007908565e-24 3.4885845082092084e-15 3.4882082821749564e-15 3.7622603425210957e-19
14.769555826464039 8.915279692074063e-24 3.4951984593613248e-15 3.4947909903365923e-15 4.0746902473324515e-19
14.992777389284976 8.78548033559019e-24 3.4963671948530567e-15 3.4958918235156215e-15 4.753713374342409e-19
15.21937263962189 8.670160426407903e-24 3.5026223709548973e-15 3.5020669924201388e-15 5.55378534758614e-19
15.449392566130673 8.520312446308e-24 3.494108306802319e-15 3.493459524744361e-15 6.487820579588352e-19
15.682888928090767 8.390913594890959e-24 3.49304956919097e-15 3.492255073453845e-15 7.944957371258054e-19
15.919914267052077 8.237361595957921e-24 3.4809540328552516e-15 3.4799814182142172e-15 9.72614641034692e-19
16.03976693895051 8.172226587032386e-24 3.4794282579438894e-15 3.4783580738688314e-15 1.070184075058833e-18
16.1605219186579 8.18253051748735e-24 3.510043101200034e-15 3.5088657214461415e-15 1.1773797538940925e-18
16.22123989475974 8.196487287128574e-24 3.5292404626832102e-15 3.528009672482695e-15 1.2307902005149268e-18
16.282185999175777 8.210491306125304e-24 3.548552951911945e-15 3.5472661905174893e-15 1.2867613944555478e-18
16.312744867225646 8.21751035498824e-24 3.558252284848614e-15 3.5569365377089874e-15 1.3157471396265213e-18
16.343361089024967 8.224540405610637e-24 3.5679802988248426e-15 3.566634877091901e-15 1.345421732941885e-18
16.404766024646595 8.238632451925851e-24 3.5875222382554285e-15 3.586115331980029e-15 1.4069062753999694e-18
16.466401669612416 8.252765351055673e-24 3.607178512045398e-15 3.60570715494727e-15 1.4713570981278963e-18
16.497306278852424 8.259846476794287e-24 3.617049445579143e-15 3.615544704305423e-15 1.5047412737200034e-18
16.528268890738765 8.266937047645511e-24 3.626948868826843e-15 3.6254099451586264e-15 1.538923668216271e-18
16.590368558098763 8.281145523345693e-24 3.646833063501174e-15 3.645223300263398e-15 1.6097632377769688e-18
16.65270154503456 8.29488488000081e-24 3.666608109864525e-15 3.664925358572311e-15 1.6827512922137462e-18
16.715268728169598 8.306515949099903e-24 3.6855448399726725e-15 3.683791390060339e-15 1.7534499123338245e-18
16.778070987420957 8.31819989009329e-24 3.7045956552074715e-15 3.702768396720441e-15 1.8272584870304755e-18
16.9043842704834 8.341717103191712e-24 3.743038092482189e-15 3.7410533116898376e-15 1.9847807923526133e-18
17.03164849990255 8.365418396334081e-24 3.781932607752272e-15 3.779776070062116e-15 2.1565376901550196e-18
17.159870834853997 8.388721236322638e-24 3.821019114765254e-15 3.8186768571019464e-15 2.3422576633083204e-18
17.289058488411015 8.406823675036097e-24 3.858093204230743e-15 3.855565277011865e-15 2.5279272188765026e-18
17.35401657858945 8.415971939837599e-24 3.876802883920464e-15 3.874176456979724e-15 2.6264269407395925e-18
17.386587088641786 8.420569191354842e-24 3.886200667955583e-15 3.8835235060565275e-15 2.6771618990561144e-18
17.419218727950305 8.42518142875629e-24 3.895627001225198e-15 3.892898086952372e-15 2.7289142728262863e-18
17.48466585346766 8.434449605168711e-24 3.914565081029836e-15 3.9117295250874526e-15 2.835555942381691e-18
17.550358875560836 8.443773987834053e-24 3.933616660387247e-15 3.93067013456079e-15 2.946525826456902e-18
17.682486308455736 8.461939141201186e-24 3.971756921611762e-15 3.968584276480624e-15 3.1726451311385713e-18
17.81560845938729 8.474198892929729e-24 4.007455840123933e-15 4.0041364885725336e-15 3.319351551399419e-18
17.882544892141226 8.480452659091365e-24 4.025481092518161e-15 4.0220857101343e-15 3.3953823838601336e-18
17.949732817065083 8.486782793550062e-24 4.043621608807631e-15 4.040149172055706e-15 3.4724367519248455e-18
18.084866926577256 8.49964864061111e-24 4.080240137185396e-15 4.076615371900113e-15 3.624765285282977e-18
18.221018389814958 8.513277119920512e-24 4.1175497011180566e-15 4.1137658991276916e-15 3.7838019903654765e-18
18.496404071615608 8.552068482217676e-24 4.1988262861485494e-15 4.194711787481803e-15 4.114498666746819e-18
18.635790038622734 8.587787464743823e-24 4.248137151976819e-15 4.2438456271436425e-15 4.291524833176876e-18
18.776226396166493 8.622996328610493e-24 4.2976985258111674e-15 4.2932221784347165e-15 4.47634737645069e-18
18.91772105982334 8.655528359129713e-24 4.346421439219343e-15 4.341755510014943e-15 4.665929204399532e-18
19.203636446149176 8.719750193857391e-24 4.4448483873084586e-15 4.439777367686315e-15 5.071019622142913e-18
19.4938730510763 8.778723004980081e-24 4.542541592608278e-15 4.5370327689054395e-15 5.5088237028381355e-18
19.78849618389234 8.833200318984283e-24 4.639811147597359e-15 4.633828412610794e-15 5.982734986565535e-18
20.08757214094514 8.882036930220748e-24 4.735975609577633e-15 4.729480762028184e-15 6.49484754944733e-18
20.391466406516905 8.926142000540807e-24 4.831496649984817e-15 4.824447011070453e-15 7.049638914364398e-18
20.699681925472166 8.96695359048137e-24 4.92694854995443e-15 4.919306461592598e-15 7.64208836183328e-18
21.012556099387844 9.004890376870102e-24 5.022578684314496e-15 5.014317718232994e-15 8.26096608150314e-18
21.652507708764745 9.116999609395273e-24 5.239979297372585e-15 5.230343619651039e-15 9.635677721544733e-18
21.979755641372343 9.172928107257657e-24 5.3518050209638624e-15 5.341395389779367e-15 1.0409631184496905e-17
22.311949477282987 9.224307631468173e-24 5.463119862721611e-15 5.451872658007648e-15 1.1247204713963118e-17
22.64916396703608 9.270267250595373e-24 5.573318511261393e-15 5.561165364551679e-15 1.215314670971543e-17
22.991811201917592 9.311549528883168e-24 5.682828833127907e-15 5.669694347324926e-15 1.3134485802981554e-17
23.339642165776596 9.347147979005574e-24 5.790855721056545e-15 5.776659804874929e-15 1.4195916181615063e-17
23.69273528050995 9.377876209338806e-24 5.897787636985663e-15 5.8824431313747404e-15 1.53445056109219e-17
24.414313559781952 9.451865881770766e-24 6.12535835627608e-15 6.1074282594725986e-15 1.7930096803482277e-17
24.78366481022829 9.491498523421437e-24 6.244098484926523e-15 6.224706353188306e-15 1.939213173821595e-17
25.15860378059443 9.531475525356736e-24 6.365259380997945e-15 6.344278546323428e-15 2.098083467451955e-17
25.924826076583233 9.598893437953539e-24 6.605511529452595e-15 6.5809397776567234e-15 2.4571751795870463e-17
26.714384190886577 9.655223668270269e-24 6.8466312719294184e-15 6.81784256840808e-15 2.878870352133711e-17
27.527988831636016 9.700924901272525e-24 7.0885443192738676e-15 7.054817281156004e-15 3.372703811786443e-17
28.366372352060132 9.741861544955045e-24 7.335254480774686e-15 7.29573657988508e-15 3.951790088960732e-17
29.2302894097004 9.783330136851523e-24 7.590829860837125e-15 7.54453796327759e-15 4.6291897559533964e-17
30.12051764570424 9.816812225628014e-24 7.848783474563668e-15 7.794507467542986e-15 5.427600702068438e-17
30.575747924857424 9.827490314384317e-24 7.976073489426932e-15 7.917250432920147e-15 5.882305650678345e-17
31.037858384806153 9.83412098020096e-24 8.102083729811196e-15 8.038293075790948e-15 6.37906540202515e-17
31.983137356627505 9.84621670895815e-24 8.359107037392296e-15 8.284037481149537e-15 7.506955624275717e-17
32.95720543894392 9.866663254909947e-24 8.631576389510377e-15 8.543051097282599e-15 8.852529222777631e-17
33.960939423588975 9.883512806926673e-24 8.90964617749996e-15 8.805189098032537e-15 1.0445707946741832e-16
34.99524280568484 9.881104177209282e-24 9.178758053532512e-15 9.055609235655296e-15 1.2314881787721298e-16
36.06104659690874 9.872272013348767e-24 9.449849092827355e-15 9.304690846822694e-15 1.4515824600466361e-16
37.159310163528254 9.876625198909806e-24 9.741944463209521e-15 9.571010496467459e-15 1.7093396674206153e-16
38.29102208995955 9.882627049199751e-24 1.0044742276523489e-14 9.843501796891498e-15 2.0124047963199112e-16
39.45720106862597 9.874117798375553e-24 1.03417494537598e-14 1.0105145209033908e-14 2.3660424472589417e-16
40.65889681691763 9.861329527455905e-24 1.0642912593099305e-14 1.036484290432824e-14 2.7806968877106585e-16
41.897191022077855 9.856748953543303e-24 1.0961955515830198e-14 1.0635337203484595e-14 3.2661831234560166e-16
43.173198314866475 9.855910138694841e-24 1.1294848006292836e-14 1.0911304380025985e-14 3.835436262668523e-16
44.48806727287728 9.852394242099365e-24 1.1634688321567834e-14 1.1184963898154915e-14 4.497244234129172e-16
45.8429814544115 9.850035500115614e-24 1.1986160354545438e-14 1.1459220244188983e-14 5.269401103564514e-16
47.23916046383907 9.85303274343359e-24 1.2354965294550213e-14 1.1738597044120714e-14 6.163682504294957e-16
48.67786104940597 9.862185026326705e-24 1.274306991501971e-14 1.2022792574707361e-14 7.202773403123508e-16
50.16037823447602 9.878008383322578e-24 1.3152236998339281e-14 1.2312065969149145e-14 8.401710291901342e-16
51.68804648322576 9.901807040726698e-24 1.358544943957503e-14 1.2606593270447203e-14 9.788561691278275e-16
53.26224090184056 9.932250339253078e-24 1.4042244315451607e-14 1.2904038280415805e-14 1.1382060350358006e-15
54.884378476295105 9.971663518780646e-24 1.4527329897453513e-14 1.3205755270677753e-14 1.3215746267757622e-15
56.55591934783037 1.0025236514037735e-23 1.5050194992826827e-14 1.351886334590085e-14 1.5313316469259754e-15
58.27836812727644 1.0094453843612506e-23 1.5615634742425565e-14 1.38443237360063e-14 1.771311006419269e-15
60.05327524940399 1.017915475876093e-23 1.6226238258264887e-14 1.4174307381702405e-14 2.0519308765624834e-15
61.88223836852342 1.0282600185546481e-23 1.689034019808924e-14 1.450874446891732e-14 2.38159572917192e-15
62.81758386220369 1.0344238485880128e-23 1.7248414724220204e-14 1.468209681963379e-14 2.5663179045864135e-15
63.7670670344103 1.0416958830125884e-23 1.7632212972496477e-14 1.4860599634274503e-14 2.771613338221974e-15
65.70913619443517 1.0595330133655675e-23 1.848032839141395e-14 1.5234945097007385e-14 3.2453832944065657e-15
67.71035238438829 1.0801955371305301e-23 1.9414530195636575e-14 1.5620755103259372e-14 3.793775092377201e-15
69.77251696707448 1.1034729423590966e-23 2.043692313633545e-14 1.601427727042013e-14 4.422645865915318e-15
71.89748616702131 1.1307259126987975e-23 2.157945558453289e-14 1.643106792569171e-14 5.148387658841182e-15
74.08717274132995 1.162801273099059e-23 2.2867461339202914e-14 1.6882055362235467e-14 5.9854059769674454e-15
76.34354770141287 1.1996848385436436e-23 2.4311342471067833e-14 1.7357830102295065e-14 6.953512368772768e-15
78.66864208716851 1.2416400551296787e-23 2.5927867656978687e-14 1.7852955069477163e-14 8.074912587501527e-15
81.06454879518883 1.2899530022986707e-23 2.7757112810342578e-14 1.8380040170360885e-14 9.377072639981692e-15
83.5334244626476 1.3465636264341466e-23 2.9857717033513953e-14 1.895094220248538e-14 1.0906774831028565e-14
86.07749140856238 1.411036767700153e-23 3.2240173118216774e-14 1.956372538086521e-14 1.2676447737351564e-14
88.69903963417964 1.4825004922392554e-23 3.490464271656343e-14 2.021760595419646e-14 1.4687036762366976e-14
91.4004288842828 1.5623678775120934e-23 3.790538987092233e-14 2.09215567994561e-14 1.6983833071466234e-14
94.18409077127889 1.651446216331392e-23 4.128681839100919e-14 2.1685060484425765e-14 1.9601757906583434e-14
97.05253096397554 1.750615278153025e-23 4.509901046393925e-14 2.2512812172291313e-14 2.2586198291647927e-14
100.00833144301866 1.8631187128393862e-23 4.94590923780917e-14 2.3412319260083733e-14 2.6046773118007978e-14
103.05415282502196 1.9883345373670802e-23 5.439066726492388e-14 2.4390152257483567e-14 3.0000515007440316e-14
106.19273675747671 2.1300565890244975e-23 6.004203286916036e-14 2.5450186082872674e-14 3.4591846786287694e-14
109.4269083866038 2.2871635851550805e-23 6.643405936680446e-14 2.6603327084370295e-14 3.9830732282434166e-14
112.75957890036308 2.456408354943897e-23 7.352303804958209e-14 2.7867273622360973e-14 4.5655764427221094e-14
116.1937481489129 2.639027075994904e-23 8.139468380142191e-14 2.924667267944778e-14 5.2148011121974155e-14
119.73250734487735 2.831094608025413e-23 8.99779082905797e-14 3.073857397667246e-14 5.923933431390722e-14
123.37904184585196 3.03400446580868e-23 9.936353687808476e-14 3.2356813326528026e-14 6.700672355155675e-14
127.13663402165271 3.243858087722808e-23 1.0947173184109675e-13 3.412784888779498e-14 7.534388295330179e-14
131.0086662088879 3.461104205152312e-23 1.2036054156629225e-13 3.6055851940263863e-14 8.430468962602838e-14
134.99862375551584 3.680753811769857e-23 1.3189719043466972e-13 3.813015413388218e-14 9.37670363007875e-14
139.11009815812417 3.902615312450865e-23 1.4410658760103443e-13 4.036063292997805e-14 1.0374595467105638e-13
143.3467902947586 4.1270251267511024e-23 1.5703429860725107e-13 4.277501994287642e-14 1.1425927866437462e-13
147.71251375620898 4.352576501133743e-23 1.706605476981115e-13 4.5377979909322505e-14 1.25282567788789e-13
152.21119827875228 4.6018525452069843e-23 1.8592968635085977e-13 4.815409927947219e-14 1.3777558707138758e-13
156.84689328144228 4.8756359188117216e-23 2.0299092462455394e-13 5.1102262628751425e-14 1.518886619958025e-13
159.21741877681018 5.012122174685221e-23 2.1182716833015707e-13 5.2645784133325795e-14 1.5918138419683128e-13
161.62377151112827 5.145438045976252e-23 2.2074812494533242e-13 5.4236483547538377e-14 1.6651164139779404e-13
166.54613279848823 5.400785288328145e-23 2.387596303522034e-13 5.755737785607429e-14 1.8120225249612909e-13
171.61840792845166 5.653639145046063e-23 2.5754990092487945e-13 6.104864579830685e-14 1.9650125512657257e-13
176.84516262850022 5.907274479566163e-23 2.772999354446897e-13 6.46975286826792e-14 2.1260240676201043e-13
179.5181642894721 6.030656708266852e-23 2.8737066889572606e-13 6.657976931329085e-14 2.2079089958243527e-13
182.2315681744764 6.141742826246248e-23 2.9708770081884296e-13 6.849876769140582e-14 2.285889331274371e-13
187.78155384880017 6.329442833880808e-23 3.154916309817744e-13 7.244008913336296e-14 2.4305154184841137e-13
190.61961427604518 6.41778350034544e-23 3.2472975272459907e-13 7.445747283062029e-14 2.5027227989397876e-13
193.5005680909718 6.50339818257814e-23 3.3403503723582436e-13 7.650247738516818e-14 2.575325598506562e-13
199.3937587803602 6.673072054804274e-23 3.5318870610464643e-13 8.066580053626442e-14 2.72522905568382e-13
205.46643057848152 6.840316796147766e-23 3.730667339232146e-13 8.490182618941696e-14 2.881649077337976e-13
211.72404970390772 7.027270735960227e-23 3.949356251456097e-13 8.917905070842251e-14 3.0575657443718724e-13
218.17224885259444 7.195425699534787e-23 4.1670185547162223e-13 9.347707027830065e-14 3.2322478519332154e-13
224.8168322680627 7.311311663186351e-23 4.3630838005524465e-13 9.777851073878433e-14 3.3852986931646024e-13
231.66378096599615 7.38926499456271e-23 4.543900519897474e-13 1.0203691750731851e-13 3.5235313448242897e-13
238.71925811795668 7.422829706408949e-23 4.703556728332371e-13 1.0619671190886434e-13 3.6415896092437284e-13
245.98961459906556 7.418625056159701e-23 4.844061264013152e-13 1.1024237729913068e-13 3.7416374910218434e-13
249.71106150874405 7.391612159787558e-23 4.899439340892841e-13 1.1222737192458785e-13 3.777165621646964e-13
253.4888082224776 7.346374367298234e-23 4.943121422883746e-13 1.1418249423499724e-13 3.8012964805337726e-13
261.20898134247824 7.238737921892305e-23 5.019036937611689e-13 1.17950582736171e-13 3.8395311102499795e-13
269.1642775569489 7.147565510241964e-23 5.106754721107599e-13 1.214724459765748e-13 3.8920302613418526e-13
277.3618576987742 7.043660215380911e-23 5.185785726624961e-13 1.2474172505369628e-13 3.9383684760879964e-13
285.8091006888481 6.847173957798593e-23 5.194656658116537e-13 1.2778178375838404e-13 3.916838820532696e-13
294.5136101780917 6.612636056125372e-23 5.169510517451175e-13 1.3054002375808785e-13 3.8641102798702967e-13
303.4832213917586 6.405366788111859e-23 5.159981232169233e-13 1.3295046779446217e-13 3.8304765542246116e-13
312.7260081821858 6.199175164469617e-23 5.145971093731631e-13 1.350105333998693e-13 3.795865759732939e-13
322.25029029634635 5.995713548339205e-23 5.128656660866528e-13 1.3673925692257905e-13 3.7612640916407377e-13
332.0646408647343 5.786854403722017e-23 5.100756856146795e-13 1.3811228226067908e-13 3.7196340335400035e-13
342.17789411833206 5.558856922103818e-23 5.049017526176899e-13 1.3910051483036524e-13 3.658012377873247e-13
352.59915334060224 5.318415939499694e-23 4.977749043205284e-13 1.3970224039280384e-13 3.5807266392772457e-13
363.337799061663 5.0788005361226953e-23 4.898252523698949e-13 1.399284573603051e-13 3.4989679500958985e-13
374.40349750202313 4.839832917430174e-23 4.809940445090195e-13 1.3978043975079206e-13 3.412136047582275e-13
380.062092440151 4.720328811172284e-23 4.762075099543907e-13 1.3956844967455524e-13 3.3663906027983535e-13
385.80620927347337 4.600933220715817e-23 4.711775351162152e-13 1.3926596355822173e-13 3.3191157155799353e-13
397.5561983449763 4.36270494549051e-23 4.603877974916498e-13 1.383928067394672e-13 3.2199499075218263e-13
409.6640412816112 4.1217846793447773e-23 4.4821107001371153e-13 1.3716269524871186e-13 3.110483747649996e-13
415.8555509384264 4.000933539219327e-23 4.416449544320832e-13 1.364183168809472e-13 3.052266375511361e-13
422.1406367649012 3.880395745869439e-23 4.348130937510461e-13 1.3559108135991533e-13 2.992220123911308e-13
434.9972154030873 3.6449006117484414e-23 4.2086382748503587e-13 1.337124787566466e-13 2.8715134872838925e-13
448.24534984018095 3.417100905555646e-23 4.0657720818248437e-13 1.3154956829876614e-13 2.750276398837182e-13
461.89696517289525 3.197471690255941e-23 3.920317577803141e-13 1.2910217258381926e-13 2.6292958519649484e-13
475.9643496848308 2.986571429074331e-23 3.773260279918803e-13 1.2638701436870316e-13 2.5093901362317705e-13
490.4601659075747 2.7821137701510904e-23 3.6219967773326483e-13 1.234573181242567e-13 2.3874235960900825e-13
505.39746201868155 2.5836135988785357e-23 3.466011916353705e-13 1.2035143315580586e-13 2.2624975847956463e-13
520.7896835867783 2.3944701172496496e-23 3.310100860378425e-13 1.1707893057341249e-13 2.1393115546442996e-13
536.6506856743796 2.2161381838154335e-23 3.1568791610245936e-13 1.136633858536673e-13 2.0202453024879197e-13
552.9947453093008 2.047439937001035e-23 3.0053953346466576e-13 1.1012165726690219e-13 1.9041787619776345e-13
569.8365743358964 1.8880372420341972e-23 2.8558165769384964e-13 1.0647552426471466e-13 1.79106133429135e-13
587.1913326576936 1.7378932178542707e-23 2.7087701683240606e-13 1.0274855397588731e-13 1.6812846285651871e-13
605.0746418833327 1.596893654615437e-23 2.5648051714061296e-13 9.896338059419163e-14 1.5751713654642134e-13
623.502599388115 1.464864186095443e-23 2.42440439525116e-13 9.514146024440248e-14 1.472989792807135e-13
642.4917928037942 1.341573261215349e-23 2.287975718904685e-13 9.13029213053247e-14 1.3749465058514386e-13
662.0593149496696 1.2267406574468815e-23 2.1558527420507309e-13 8.746668938380354e-14 1.281185848212696e-13
682.2227792184137 1.1200502253115422e-23 2.0283044668073722e-13 8.365010737838391e-14 1.191803393023533e-13
703.0003354304876 1.0211588089143837e-23 1.9055408060956487e-13 7.98691553665712e-14 1.1068492524299366e-13
724.4106861714122 9.29703181981762e-24 1.7877162944666956e-13 7.613847712096058e-14 1.02633152325709e-13
746.4731036265977 8.453053809929563e-24 1.674932196094985e-13 7.247071279248923e-14 9.502250681700929e-14
769.2074469289008 7.675796432072232e-24 1.5672430823009398e-13 6.887695205020116e-14 8.784735617989281e-14
792.6341800345017 6.961385919023303e-24 1.4646637721094064e-13 6.536720767838797e-14 8.109916953255262e-14
816.7743901432078 6.305973382121713e-24 1.367173646344874e-13 6.195010880368563e-14 7.476725583080173e-14
841.6498066797607 5.7057518410229e-24 1.2747168896051493e-13 5.863267790050098e-14 6.883901106001393e-14
867.2828208532309 5.156994961290714e-24 1.1872081904043462e-13 5.5420590049423246e-14 6.330022899101136e-14
893.6965058121084 4.6561095441491644e-24 1.1045431391086549e-13 5.2318533211167586e-14 5.813578069969791e-14
920.9146374132232 4.1996381384224505e-24 1.0265986291290348e-13 4.9330118970332627e-14 5.332974394257085e-14
948.9617156232121 3.7842546683265724e-24 9.532317082242833e-14 4.645779095304105e-14 4.886537986938729e-14
977.8629865717667 3.406790879292458e-24 8.842863408676656e-14 4.370305609940719e-14 4.472557798735938e-14
1007.6444652765354 3.0642473208871005e-24 8.19597399730793e-14 4.106658437937813e-14 4.089315559370119e-14
1038.332959060126 2.753792126469426e-24 7.589920495218215e-14 3.8548257835839524e-14 3.7350947116342645e-14
1069.95609168029 2.472765698905963e-24 7.022930272137463e-14 3.614731477423933e-14 3.408198794713529e-14
1102.542328195006 2.2186790517123065e-24 6.49320609407399e-14 3.386242486824715e-14 3.106963607249274e-14
1136.1210005848498 1.9892072271202423e-24 5.99893351952364e-14 3.1691697020896925e-14 2.8297638174339455e-14
1170.7223341557005 1.782185364852603e-24 5.5382965895843516e-14 2.96327392596217e-14 2.5750226636221796e-14
1206.3774747455793 1.5956076942234782e-24 5.1095043644192146e-14 2.7682830570053023e-14 2.3412213074139117e-14
1243.1185167600695 1.4276216698591747e-24 4.710804703826844e-14 2.5838995456309322e-14 2.1269051581959112e-14
1280.9785320615858 1.2765162446510049e-24 4.340478710619463e-14 2.4097957287827663e-14 1.9306829818366974e-14
1319.9915997384837 1.140713714029731e-24 3.9968446032111727e-14 2.24561784908141e-14 1.751226754129762e-14
1360.1928367808064 1.0187670416099096e-24 3.678280145849721e-14 2.0909995906066404e-14 1.5872805552430813e-14
1401.618429690285 9.093532140491656e-25 3.3832324566542854e-14 1.9455697418731254e-14 1.4376627147811603e-14
1444.305667053031 8.11261163054996e-25 3.110206567912048e-14 1.808948030035101e-14 1.301258537876947e-14
1488.2929731042755 7.233834833803626e-25 2.857764604291493e-14 1.680743951603985e-14 1.1770206526875076e-14
1533.6199423153234 6.447117469196923e-25 2.6245373860028508e-14 1.560568472703875e-14 1.0639689132989755e-14
1580.327375033885 5.743293848078689e-25 2.4092259546572125e-14 1.448039534782164e-14 9.611864198750485e-15
1628.457314209858 5.11404035999874e-25 2.2105989700904327e-14 1.3427792181886014e-14 8.67819751901831e-15
1678.0530832396191 4.551796674637326e-25 2.0274865523743167e-14 1.2444110642377002e-14 7.830754881366162e-15
1729.1593249628888 4.0497165449243035e-25 1.8587846204266093e-14 1.1525669629495938e-14 7.062176574770161e-15
1781.8220418472597 3.6016170736846417e-25 1.7034574757775476e-14 1.066892433680022e-14 6.3656504209752525e-15
1836.0886373966016 3.2019111439075814e-25 1.560530825157197e-14 9.870431533230131e-15 5.734876718341837e-15
1892.007958820556 2.8455537310731545e-25 1.4290886913161203e-14 9.12683617115856e-15 5.164050742002644e-15
1949.6303410035755 2.52799504049374e-25 1.3082716353679622e-14 8.4348946614309e-15 4.647821692248724e-15
2009.0076518130663 2.245145500227255e-25 1.1972794140039229e-14 7.791523075127963e-15 4.181271064911264e-15
2070.1933387874215 1.993327557906715e-25 1.0953653807363796e-14 7.193767507891498e-15 3.759886299472298e-15
2133.242477245972 1.7692300997596069e-25 1.0018298676706606e-14 6.638779357594653e-15 3.3795193191119527e-15
2198.211819864143 1.5698811859980077e-25 9.160216886006833e-15 6.123845041904296e-15 3.0363718441025375e-15
2265.1598477584885 1.3926167975574624e-25 8.373362961303839e-15 5.646387996762331e-15 2.7269749645415086e-15
2334.1468231275226 1.2350479941007172e-25 7.652114122036912e-15 5.203959428132744e-15 2.448154693904168e-15
2405.2348434957767 1.0950364454854388e-25 6.991260643130095e-15 4.7942397689128325e-15 2.1970208742172624e-15
2478.487897609897 9.706693414358627e-26 6.385979915507612e-15 4.41503786806173e-15 1.9709420474458834e-15
2553.971923037092 8.602334696834869e-26 5.8317901435647276e-15 4.064276986588179e-15 1.7675131569765484e-15
2631.7548655177807 7.621978933471631e-26 5.3245463468852316e-15 3.739999827469459e-15 1.584546519415772e-15
2711.906740125872 6.751958637267309e-26 4.86042176144512e-15 3.440363916883262e-15 1.4200578445618568e-15
2794.4996942916955 5.980069348148611e-26 4.435879292984008e-15 3.1636355722713533e-15 1.2722437207126542e-15
2879.6080727443887 5.295428736515042e-26 4.047659238830731e-15 2.90818976712773e-15 1.139469471703001e-15
2967.308484432098 4.6883367913120274e-26 3.692758729952071e-15 2.672504336368259e-15 1.0202543935838118e-15
3057.6798714803062 4.150141629963782e-26 3.3684054806012957e-15 2.4551505323934126e-15 9.132549482078832e-16
