Dust emission spectrum from A.P. Jones, M. Kohler, N. Ysard, M. Bocchio, and L. Verstraete (2017), A&A, 602A, 46J 
inside the DustPedia framework.

lambda    nu*dP/dnu     j_nu    j_nu(carb.) j_nu(sil)
 (um)   (erg s-1 H-1) (Jy cm2 sr-1 H-1)
0.9927057738263894 2.228653518372865e-21 5.872628605905235e-14 5.872628403662684e-14 2.022425512550292e-21
1.0001793341362166 2.2661532809813314e-21 6.01639846497915e-14 6.016398221578123e-14 2.434010281671168e-21
1.0077091589558085 2.3037947868300494e-21 6.162379357558304e-14 6.162379065011908e-14 2.9254639672125243e-21
1.0114953028030835 2.3226668428212497e-21 6.236202709311756e-14 6.236202388748289e-14 3.2056346713545282e-21
1.0152956718711033 2.3415721422989574e-21 6.310583397455559e-14 6.310583046308868e-14 3.511466893559235e-21
1.0229392996569957 2.3794612726768812e-21 6.460973170612753e-14 6.460972749683565e-14 4.209291857809508e-21
1.0267826658714554 2.3984019933858527e-21 6.536871349616095e-14 6.53687088896954e-14 4.606465540136229e-21
1.0306404723013447 2.4173722876860776e-21 6.61332955507384e-14 6.613329051130251e-14 5.039435916996266e-21
1.03451277320114 2.4363715185705988e-21 6.690349478554798e-14 6.690348927428208e-14 5.5112658872544886e-21
1.0383996230291617 2.455399066436635e-21 6.767932852402893e-14 6.767932249876356e-14 6.025265382255602e-21
1.0403485208654093 2.464923270481892e-21 6.806936386213551e-14 6.806935756295034e-14 6.299185158039455e-21
1.0423010764483396 2.4744543295367463e-21 6.846081451738887e-14 6.846080793237889e-14 6.58500998162386e-21
1.0462171883269815 2.4935367244270825e-21 6.924797096490892e-14 6.92479637705481e-14 7.194360824666093e-21
1.0471985131304309 2.498311495898395e-21 6.944564826230655e-14 6.944564090737567e-14 7.354930886167908e-21
1.048180758391296 2.503087919081884e-21 6.964368142383594e-14 6.964367390490744e-14 7.518928485765775e-21
1.0501480137395462 2.512645686412513e-21 7.004081653453407e-14 7.004080867704818e-14 7.857485899295472e-21
1.0521189612883777 2.5222099588340467e-21 7.043937870714945e-14 7.043937049654369e-14 8.210605741471278e-21
1.0531058218030118 2.5269881452231164e-21 7.063901768105814e-14 7.063900928823437e-14 8.392823753059877e-21
1.0540936079674168 2.5317470691096944e-21 7.083843022920376e-14 7.083842165025525e-14 8.578948523356867e-21
1.058054026499678 2.5507977722985042e-21 7.163962541179248e-14 7.163961604808412e-14 9.363708340110681e-21
1.0590464539527713 2.555564160968847e-21 7.184081200297382e-14 7.18408024326014e-14 9.570372421047704e-21
1.06003981227728 2.560332019454934e-21 7.204235433913202e-14 7.204234455773685e-14 9.781395191169972e-21
1.0620293250338977 2.569872115856796e-21 7.244650751747339e-14 7.244649730060562e-14 1.0216867760048124e-20
1.0660195594769086 2.588969620857636e-21 7.325909692175118e-14 7.325908577767938e-14 1.1144071805878509e-20
1.070024785945596 2.60808982951459e-21 7.407741458098587e-14 7.407740242958252e-14 1.2151403350134356e-20
1.0740450607676866 2.627232305600979e-21 7.490148205465222e-14 7.49014688092375e-14 1.3245414731944915e-20
1.07808044048254 2.6463966348645006e-21 7.573132152785333e-14 7.573130709469185e-14 1.4433161472200283e-20
1.0861967418109137 2.684759822854594e-21 7.740755834944059e-14 7.740754122862161e-14 1.712081896521516e-20
1.0902777775684922 2.7038909251403696e-21 7.825205679788782e-14 7.825203816019076e-14 1.8637697055153013e-20
1.0943741465085532 2.7230412903599925e-21 7.910236796879549e-14 7.91023476864751e-14 2.028232040028761e-20
1.1026131145906286 2.7613986633570766e-21 8.08205305501522e-14 8.082050655395276e-14 2.399619941688851e-20
1.1109141095355224 2.7998298970608222e-21 8.25622580875719e-14 8.256222973443497e-14 2.8353136909402277e-20
1.1192775983109025 2.838303071064609e-21 8.432687604742032e-14 8.432684258973869e-14 3.345768165569073e-20
1.1277040513999907 2.876677775109373e-21 8.611043671409644e-14 8.611039728389334e-14 3.9430203107931484e-20
1.1361939428280308 2.915118171493618e-21 8.791805412852921e-14 8.791800771943594e-14 4.6409093297918154e-20
1.1447477501889525 2.9536239444754992e-21 8.974999474486556e-14 8.97499401916146e-14 5.455325094345018e-20
1.1533659546722406 2.9922091850284612e-21 9.16069686975058e-14 9.16069046525417e-14 6.404496411464965e-20
1.1707974979042381 3.069735130473938e-21 9.540082338907238e-14 9.540073545235885e-14 8.79367135447e-20
1.1884924949847024 3.147584739985038e-21 9.92986416841714e-14 9.929852154777265e-14 1.201363987184638e-19
1.2064549276569216 3.226286606847192e-21 1.0331978170531025e-13 1.0331961838903617e-13 1.6331627406825243e-19
1.2246888378427687 3.305320078839696e-21 1.0745056772457817e-13 1.0745034679650376e-13 2.2092807440218176e-19
1.2431983285522175 3.384617520828766e-21 1.1169132650935084e-13 1.1169102909470815e-13 2.9741464270698695e-19
1.2619875648066055 3.464290546255476e-21 1.1604830920236364e-13 1.1604791073696676e-13 3.9846539684448897e-19
1.3004222497298317 3.624252044033155e-21 1.2510429419340584e-13 1.251035890323512e-13 7.051610546645188e-19
1.3400274889804893 3.785661139706375e-21 1.3465574204945231e-13 1.3465451701003577e-13 1.2250394165863975e-18
1.3808389325824078 3.949089266773685e-21 1.4474694530674598e-13 1.4474485514573976e-13 2.0901610061967135e-18
1.4228933163050095 4.1159088199103976e-21 1.5545601033683853e-13 1.5545250610807432e-13 3.5042287641385695e-18
1.466228494730424 4.2890635665262624e-21 1.6692968397376037e-13 1.6692390826340632e-13 5.775710353984115e-18
1.5108834753276823 4.468171097110367e-21 1.7919677908387567e-13 1.7918741619321413e-13 9.362890661513655e-18
1.5568984535646726 4.653055218063174e-21 1.9229497108383645e-13 1.922800271786488e-13 1.49439051876695e-17
1.6043148490894465 4.844816305964435e-21 2.0631763526929886e-13 2.06294107597132e-13 2.3527672166845117e-17
1.6531753430134553 5.044619435339843e-21 2.2136897848111626e-13 2.213324829253237e-13 3.649555579248764e-17
1.7035239163302658 5.253839400741893e-21 2.3757156650019103e-13 2.3751577750094117e-13 5.578899924990854e-17
1.755405889504358 5.476460554286069e-21 2.551801850584981e-13 2.550960995526773e-13 8.408550582083676e-17
1.8088679632656115 5.7124487596336724e-21 2.742828273665399e-13 2.7415782725202176e-13 1.2500011451811417e-16
1.8639582606462262 5.9616684655730545e-21 2.9496700389008243e-13 2.947836509744958e-13 1.833529155865619e-16
1.9207263702978936 6.224822776791634e-21 3.173671146329965e-13 3.1710164461170715e-13 2.654700212892953e-16
1.979223391128241 6.502979011721293e-21 3.416462045154985e-13 3.4126666282049276e-13 3.795416950057244e-16
2.039501978296691 6.797041012941169e-21 3.6797088254125817e-13 3.6743487259720856e-13 5.360099440495657e-16
2.1016163906111602 7.109975137761104e-21 3.9663493359614894e-13 3.9588687964457457e-13 7.480539515743539e-16
2.1656225393682647 7.443121514064556e-21 4.2786553505604073e-13 4.268335175930284e-13 1.0320174630123382e-15
2.231578038680979 7.795490690221919e-21 4.61769207398984e-13 4.603613189813852e-13 1.40788841759884e-15
2.299542257339062 8.167173690383514e-21 4.985200381537789e-13 4.966202418008227e-13 1.8997963529563687e-15
2.369576372248914 8.55903975790268e-21 5.383505827577459e-13 5.358140445368946e-13 2.5365382208512495e-15
2.4417434235010123 8.972177544205236e-21 5.815235655378108e-13 5.781716010540583e-13 3.351964483752666e-15
2.5161083711144245 9.409279239075425e-21 6.284274297452646e-13 6.24041936797083e-13 4.385492948181567e-15
2.5927381535095444 9.875147058094993e-21 6.796286264773485e-13 6.739462284922205e-13 5.682397985128204e-15
2.6717017477616296 1.0373950024092746e-20 7.357013603677773e-13 7.284076632712952e-13 7.293697096482084e-15
2.753070231689431 1.0912081781775494e-20 7.97433241915512e-13 7.881570589779863e-13 9.276182937525421e-15
2.836916847834745 1.1507554653751736e-20 8.665608927145764e-13 8.54868236721524e-13 1.1692655993052575e-14
2.9233170693905177 1.2200544302650234e-20 9.467265611853115e-13 9.32117947026617e-13 1.4608614158694575e-14
2.967498994190263 1.2622231477731116e-20 9.942512687767752e-13 9.780071993718112e-13 1.6244069404963688e-14
3.0123486681368425 1.3074127911350771e-20 1.0454118076910408e-12 1.0273728030581997e-12 1.8039004632841208e-14
3.0578761833420214 1.379712624887177e-20 1.1198967072042985e-12 1.099884597586727e-12 2.001210961757164e-14
3.1040917844459814 1.4641437771667596e-20 1.2063899578955018e-12 1.1842329106159459e-12 2.215704727955613e-14
3.127460860933648 1.5406894294610992e-20 1.2790173015856184e-12 1.2557126860349125e-12 2.3304615550706033e-14
3.1510058709225794 1.6374707298460126e-20 1.3695950919893929e-12 1.3450949435693944e-12 2.4500148419998155e-14
3.162844764501044 1.723927460327735e-20 1.4473257785321436e-12 1.4222071868755635e-12 2.5118591656579662e-14
3.1747281389236908 1.8217175167495543e-20 1.535171886873363e-12 1.5094224514732774e-12 2.57494354000858e-14
3.1986289994194426 2.0858807780512738e-20 1.7710172257437524e-12 1.7439650078265144e-12 2.7052217917237927e-14
3.2227097969389145 2.6938978887941044e-20 2.3044737330516952e-12 2.2760416957131807e-12 2.843203733851513e-14
3.2348180950136065 3.2632367563263975e-20 2.8019983873024127e-12 2.772830165055032e-12 2.916822224738052e-14
3.240889293275058 3.688154816948916e-20 3.172800550174871e-12 3.1432440087502975e-12 2.955654142457338e-14
3.2469718861334385 4.1804406597492947e-20 3.603047806035525e-12 3.573089468964197e-12 2.9958337071328225e-14
3.2714166318528037 6.76483062377868e-20 5.874382449062594e-12 5.842764221647611e-12 3.1618227414983844e-14
3.2744851364798273 6.926635311212619e-20 6.020530751551441e-12 5.988717055021894e-12 3.181369652954534e-14
3.2775565192852394 7.092773846356515e-20 6.170718503198088e-12 6.138708373973419e-12 3.201012922466866e-14
3.283707930232385 6.934817049437179e-20 6.044619433646511e-12 6.012258310563377e-12 3.2361123083135394e-14
3.2898708863219004 6.430354572403228e-20 5.6154324567308905e-12 5.582752177441863e-12 3.268027928902809e-14
3.29141343181113 6.311155231486532e-20 5.513923450513039e-12 5.481163036341871e-12 3.2760414171167985e-14
3.292184975758714 6.252549815256178e-20 5.464001654875634e-12 5.431201121332593e-12 3.2800533543040376e-14
3.295272960557952 5.886594477072755e-20 5.1490243595797236e-12 5.116067819844492e-12 3.2956539735232693e-14
3.3076538914384823 4.6098498429228196e-20 4.047401344420359e-12 4.013818343920254e-12 3.3583000500104994e-14
3.310756385682612 4.3474911983225135e-20 3.820633416590144e-12 3.786892539465761e-12 3.374087712438278e-14
3.313861789986515 4.104445933171715e-20 3.610425299206387e-12 3.576526040132063e-12 3.389925907432423e-14
3.3200813396944477 3.765259928120301e-20 3.318280685082175e-12 3.2840406383607317e-12 3.42400467214428e-14
3.345076488085796 3.174730948135377e-20 2.8189177963996328e-12 2.783158739589127e-12 3.575905681050529e-14
3.3482140837626964 3.1993713224142676e-20 2.8434611546015043e-12 2.8074963111109927e-12 3.5964843490512466e-14
3.3513546224236106 3.2242348669535673e-20 2.868246604806524e-12 2.8320750621873853e-12 3.61715426191391e-14
3.3576445397418455 3.3962505231362897e-20 3.0269403913420753e-12 2.9903366428532674e-12 3.660374848880761e-14
3.3702598118196083 4.018134441323315e-20 3.5946555247018674e-12 3.5571452333933053e-12 3.751029130856174e-14
3.382922481734668 4.168132181236164e-20 3.742854651959522e-12 3.704463581679325e-12 3.839107028019746e-14
3.389271646505754 4.245452854908684e-20 3.819441248435416e-12 3.780603815221236e-12 3.883743321417989e-14
3.395632727569191 4.3303487045708006e-20 3.903129973245332e-12 3.863832535945528e-12 3.929743729980429e-14
3.421196662673239 4.741151211784534e-20 4.305576196918495e-12 4.264374957584112e-12 4.120123933438357e-14
3.4276182099114902 4.6686941245646454e-20 4.247733836658313e-12 4.2061081311086075e-12 4.1625705549705635e-14
3.4340518103208963 4.336047086170755e-20 3.952485322743304e-12 3.910458340210393e-12 4.2026982532911784e-14
3.4469541582030403 3.8594882989891774e-20 3.5313004463302144e-12 3.4885036581675042e-12 4.2796788162709903e-14
3.472904465399547 3.731476592782397e-20 3.439877614977993e-12 3.395306948603956e-12 4.4570666374035874e-14
3.4990501388274233 3.535289458235378e-20 3.283557130288882e-12 3.237172135023315e-12 4.63849952655665e-14
3.5253949054701885 2.826637281880457e-20 2.6451316278706307e-12 2.596985464314915e-12 4.8146163555715303e-14
3.5519380250092896 2.1525445622760727e-20 2.0294902236613405e-12 1.979575100614992e-12 4.991512304634825e-14
3.578680990867387 1.8929345995961543e-20 1.7981587428635073e-12 1.7463049625511493e-12 5.1853780312358704e-14
3.605625307711299 1.79646663053585e-20 1.7193693515125664e-12 1.665474546219915e-12 5.389480529265126e-14
3.660119384959845 1.7433974413839462e-20 1.6937959444419127e-12 1.6356165618771505e-12 5.817938256476253e-14
3.715437065384467 1.711688467531483e-20 1.6881229222619927e-12 1.625431871545044e-12 6.269105071694872e-14
3.8285932144167436 1.733549763968585e-20 1.7617528045980775e-12 1.6893832738696877e-12 7.236953072838994e-14
3.94519561050918 1.7772226352496978e-20 1.861143287105344e-12 1.778247490600045e-12 8.289579650529924e-14
4.06534921144712 1.828757755011844e-20 1.9734379293636634e-12 1.87918758477851e-12 9.425034458515352e-14
4.189162171576248 1.8839337049721476e-20 2.094894816959738e-12 1.988448302898825e-12 1.0644651406091334e-13
4.316745939156006 1.9408617328075222e-20 2.223926958935932e-12 2.1044973659977977e-12 1.1942959293813462e-13
4.448215356677963 1.9985532076245856e-20 2.3597769416545265e-12 2.2267683245503692e-12 1.330086171041579e-13
4.58368876423945 2.0567175627813756e-20 2.5024142859933653e-12 2.3552236425801663e-12 1.471906434131996e-13
4.723288106065518 2.1155045708268202e-20 2.6523317133404842e-12 2.4902767123355242e-12 1.6205500100496e-13
4.867139040275056 2.1750771322380816e-20 2.810074593851272e-12 2.6328848013899946e-12 1.771897924612784e-13
4.940699165968905 2.206275778052072e-20 2.893461053440134e-12 2.708558667631775e-12 1.8490238580835854e-13
5.015371051989984 2.236760397774662e-20 2.977775599248407e-12 2.785089576601097e-12 1.9268602264731034e-13
5.091171501069577 2.270201917356428e-20 3.067973797253622e-12 2.867262480005778e-12 2.0071131724784376e-13
5.129500256944802 2.2866100138334726e-20 3.1134119645727927e-12 2.9086705350480923e-12 2.0474142952470063e-13
5.168117569889187 2.303142717918846e-20 3.1595313467246624e-12 2.9507077935594853e-12 2.0882355316517745e-13
5.20702561229733 2.3223779568592955e-20 3.2099040270164557e-12 2.9966150591386706e-12 2.132889678777849e-13
5.246226572918644 2.3414908981872073e-20 3.260685782739224e-12 3.0429084735347093e-12 2.177773092045146e-13
5.265937586045735 2.3510018516070054e-20 3.2862311772786892e-12 3.0662017326016454e-12 2.2002944467704478e-13
5.285722656980489 2.360482700090666e-20 3.311880261142252e-12 3.0895937128806102e-12 2.2228654826164256e-13
5.305582063971359 2.369933659630941e-20 3.3376335983687383e-12 3.113085237323805e-12 2.2454836104493445e-13
5.3255160863122235 2.379879746329551e-20 3.364233622748492e-12 3.1374002100949668e-12 2.268334126535255e-13
5.365609099470188 2.4037524539905642e-20 3.4235620493317083e-12 3.1920003739454226e-12 2.3156167538628535e-13
5.406003951863644 2.4277361149662848e-20 3.4837523189971916e-12 3.2474396026283227e-12 2.3631271636886835e-13
5.446702915881641 2.4518476913286872e-20 3.544839767987716e-12 3.3037553045885516e-12 2.4108446339916473e-13
5.487708281020852 2.4771026145631202e-20 3.608315032035742e-12 3.3624188820730206e-12 2.4589614996272153e-13
5.529022354014368 2.51140180778278e-20 3.685818804318795e-12 3.4349070931407557e-12 2.50911711178039e-13
5.570647458961463 2.5465574500961872e-20 3.7655514519452795e-12 3.5096010394073288e-12 2.559504125379504e-13
5.612585937458331 2.5826517532306876e-20 3.8476741567029756e-12 3.5866640137923924e-12 2.6101014291058303e-13
5.654840148729818 2.6212750732223304e-20 3.9346160888182704e-12 3.668501112715206e-12 2.6611497610306414e-13
5.67608639626678 2.6476621841804335e-20 3.989155841334115e-12 3.72036796638095e-12 2.68787874953165e-13
5.686739436050992 2.6611031805407995e-20 4.016931969483717e-12 3.746805217367869e-12 2.7012675211584917e-13
5.6974124697621304 2.6747149364835683e-20 4.0450565530949505e-12 3.773589349819955e-12 2.714672032749945e-13
5.718818669136295 2.7024688014372792e-20 4.102385309109514e-12 3.828232615792969e-12 2.74152693316545e-13
5.740305295436557 2.732834143095328e-20 4.1640669047864744e-12 3.887201850069578e-12 2.7686505471689665e-13
5.7835210386641895 2.811548378956431e-20 4.316257179173555e-12 4.033787130892697e-12 2.8247004828085725e-13
5.827062130521658 2.899967935430103e-20 4.485514632733852e-12 4.197360235699562e-12 2.881543970342899e-13
5.8489554468988025 2.962764132240831e-20 4.599862232988296e-12 4.308631117653568e-12 2.912311153347281e-13
5.870931020387893 3.029064029766453e-20 4.720465898187304e-12 4.426146960154224e-12 2.943189380330802e-13
5.892989160043636 3.099146080373128e-20 4.847827107197694e-12 4.55040950319866e-12 2.974176039990338e-13
5.915130176081913 3.1783981847449946e-20 4.990476832466766e-12 4.689844922195754e-12 3.006319102710126e-13
5.95966208400165 3.4012924282063394e-20 5.380653692217473e-12 5.072654115205675e-12 3.0799957701179873e-13
6.004529249263818 3.719985252093882e-20 5.929111477060476e-12 5.6127967717065855e-12 3.1631470535388964e-13
6.027089341400364 3.941371836063769e-20 6.305571740524699e-12 5.9844308135388765e-12 3.21140926985823e-13
6.049734195844842 4.200349460284985e-20 6.745142839949119e-12 6.4188850155069165e-12 3.2625782444220064e-13
6.095279466722835 4.947013884270646e-20 8.003983505682907e-12 7.665073878436616e-12 3.3890962724629054e-13
6.141167624020661 6.08471508910439e-20 9.918834235352758e-12 9.563412078437367e-12 3.5542215691539203e-13
6.164241091010745 6.809606524604898e-20 1.1142203017024796e-11 1.0776372690532287e-11 3.6583032649250984e-13
6.187401249150058 7.62416402823232e-20 1.2521891747582086e-11 1.2145382024657614e-11 3.765097229244684e-13
6.1990139391386085 8.01979092450606e-20 1.3196388491587437e-11 1.2814446333183833e-11 3.8194215840360614e-13
6.204828454712694 8.227248053074805e-20 1.3550452671199346e-11 1.316576751927684e-11 3.846851519225092e-13
6.210648424152782 8.377273866551118e-20 1.3810490124860003e-11 1.3423477916436048e-11 3.8701220842396504e-13
6.233982942956859 8.879673008568946e-20 1.4693728669134702e-11 1.4298645506905202e-11 3.9508316222950157e-13
6.239830258556775 8.939730862551658e-20 1.4806985566656375e-11 1.4410814268681818e-11 3.9617129797455947e-13
6.245683058788269 8.938508385852572e-20 1.4818847435812045e-11 1.4421586577543753e-11 3.972608582682909e-13
6.257405133728602 8.909882876088937e-20 1.4799113545562102e-11 1.4399964205591709e-11 3.991493399703954e-13
6.269149208991335 8.792479961586844e-20 1.4631519372504084e-11 1.4231766096999695e-11 3.9975327550438354e-13
6.280915325867298 8.520171525097131e-20 1.4204982715422282e-11 1.3806212782806014e-11 3.9876993261627017e-13
6.304513850009849 7.85787416268086e-20 1.3150010689353031e-11 1.275464196425685e-11 3.9536872509617937e-13
6.32820103803542 7.051199484383776e-20 1.1844390085429179e-11 1.1453948707506963e-11 3.904413779222191e-13
6.3519772230701035 6.315490995477798e-20 1.0648427674204171e-11 1.0262426487220034e-11 3.860011869841393e-13
6.375842739491607 5.694744476308956e-20 9.637874608202689e-12 9.255813106245671e-12 3.820615019570186e-13
6.399797922933955 5.2022181305759577e-20 8.837394708373488e-12 8.457465896897811e-12 3.799288114756781e-13
6.42384311029221 4.7908370188468894e-20 8.16912902316141e-12 7.790972138681153e-12 3.781568844802561e-13
6.447978639727206 4.4920307502442936e-20 7.688395993520762e-12 7.31060418148276e-12 3.777918120380023e-13
6.472204850670314 4.241877204623157e-20 7.287520339797609e-12 6.909815223695621e-12 3.777051161019891e-13
6.496522083828205 4.0785436321072645e-20 7.033240445231788e-12 6.6544841528828364e-12 3.787562923489489e-13
6.520930681187647 3.9400711692472794e-20 6.819979719050323e-12 6.440002024788471e-12 3.7997769426185273e-13
6.57002334288761 3.7927983830909e-20 6.6144860186044634e-12 6.230497433978775e-12 3.839885846256895e-13
6.619489833774732 3.764420973105009e-20 6.614425617238161e-12 6.2251619913173376e-12 3.89263625920823e-13
6.6693287637831435 3.797757114158968e-20 6.72324202599447e-12 6.328190383131244e-12 3.9505164286322554e-13
6.719538636694507 3.8414585946396843e-20 6.8518057946411965e-12 6.451223916007103e-12 4.005818786340937e-13
6.770126513364129 3.9752390271394425e-20 7.143802920262639e-12 6.7371534563680845e-12 4.0664946389455445e-13
6.8210952395837445 4.18473018649651e-20 7.576890452950062e-12 7.163356822339788e-12 4.135336306102723e-13
6.872447682569556 4.450286588764257e-20 8.118370266699254e-12 7.69716449809923e-12 4.212057686000222e-13
6.924186731123532 4.78582851955256e-20 8.796204910620007e-12 8.366577490425597e-12 4.2962742019440995e-13
6.976315295795916 5.0517605858913227e-20 9.354881565597425e-12 8.916724410901666e-12 4.381571546957562e-13
7.028836309048954 5.0769790486850576e-20 9.472360838119698e-12 9.026284328376516e-12 4.4607650974318217e-13
7.081752725421856 4.9420452086951574e-20 9.29002548380978e-12 8.836319789501716e-12 4.537056943080615e-13
7.135067521697011 4.8490856017307036e-20 9.183904759060035e-12 8.721671405908952e-12 4.622333531510842e-13
7.1887836970674375 4.9035340275679595e-20 9.356944269092664e-12 8.884610425733579e-12 4.723338433590855e-13
7.242904273305506 5.126530408217377e-20 9.856113955819533e-12 9.371666487059467e-12 4.844474687600676e-13
7.297432294932914 5.483018581888966e-20 1.0620848772567403e-11 1.0121345467283916e-11 4.995033052834918e-13
7.352370829391971 5.88913068152408e-20 1.1493386936517057e-11 1.097348687077938e-11 5.199000657376776e-13
7.379995003818881 6.142519721223239e-20 1.2032948566557696e-11 1.1500922059626414e-11 5.320265069312823e-13
7.407722967218148 6.420226098425648e-20 1.2624218074468062e-11 1.2079519811148473e-11 5.446982633195858e-13
7.463496598684601 7.12316665355537e-20 1.4111880087947571e-11 1.3538543408914154e-11 5.733366790334152e-13
7.519690156487492 8.027373816958679e-20 1.602296436385788e-11 1.5415943461865472e-11 6.070209019924099e-13
7.533803324048627 8.289714399831965e-20 1.6577661969111855e-11 1.5961078651630085e-11 6.165833174817634e-13
7.547942979602549 8.562598745400103e-20 1.7155510129676554e-11 1.6529211856182596e-11 6.262982734939574e-13
7.57630195363571 9.134131274014325e-20 1.8369357108583786e-11 1.7723038461602642e-11 6.463186469811488e-13
7.590521371821866 9.421375431731128e-20 1.898258489192946e-11 1.8325769754257695e-11 6.56815137671764e-13
7.604767477414989 9.71939728411309e-20 1.9619805926182612e-11 1.8952322763281562e-11 6.674831629010504e-13
7.633339951266878 1.0312943615484937e-19 2.0896169408791766e-11 2.0207348556402297e-11 6.888208523894634e-13
7.662019777021956 1.0760396419217122e-19 2.188471891604343e-11 2.1176739094029943e-11 7.079798220134886e-13
7.690807358020558 1.1049149488445826e-19 2.255642223338935e-11 2.1832420110646614e-11 7.240021227427426e-13
7.719703099118437 1.1171250876071817e-19 2.2891372668313925e-11 2.2154726149013143e-11 7.366465193007834e-13
7.748707406692464 1.1096548412137876e-19 2.282372928256001e-11 2.207498370234449e-11 7.487455802155214e-13
7.777823177463063 1.0880012527780457e-19 2.2462438138322668e-11 2.1687792165978776e-11 7.746459723438897e-13
7.807048350752435 1.057451535487525e-19 2.1913753608697217e-11 2.1109222067932087e-11 8.045315407651304e-13
7.836380830085272 1.0169986285230097e-19 2.1154625131034095e-11 2.0320572958367233e-11 8.340521726668624e-13
7.851088371676256 9.89746865785486e-20 2.0626399923774606e-11 1.9779552077185378e-11 8.468478465892215e-13
7.86582351679805 9.610757514335139e-20 2.0066482512608375e-11 1.9207722355018966e-11 8.587601575894052e-13
7.89537682495964 8.984874073681932e-20 1.883017214215433e-11 1.79510376286886e-11 8.791345134657315e-13
7.9250411701946435 8.319798989302802e-20 1.7501843404130347e-11 1.6601133634548023e-11 9.007097695823305e-13
7.939915112024199 7.971809397258083e-20 1.6801273388871847e-11 1.5889103540860573e-11 9.121698480112719e-13
7.954816969689239 7.643348793852936e-20 1.613924829459338e-11 1.5215008947229474e-11 9.242393473639048e-13
7.9847046421970465 7.040560612893024e-20 1.492229188908667e-11 1.3971744833670161e-11 9.505470554165103e-13
8.044817289139356 6.040488409260304e-20 1.2899048431523259e-11 1.188516631569316e-11 1.0138821158300988e-12
8.07504310897143 5.676072794414466e-20 1.216640415351335e-11 1.1114308474820726e-11 1.0520956786926222e-12
8.105382492623747 5.3564615828366686e-20 1.1524469463841468e-11 1.0431699992149984e-11 1.0927694716914848e-12
8.135835866775926 5.1050141081360314e-20 1.1024745128609064e-11 9.891884740758106e-12 1.1328603878509587e-12
8.166403659710703 4.918440239872751e-20 1.06617298740525e-11 9.485477409129283e-12 1.176252464923216e-12
8.197086301319933 4.782667845925528e-20 1.040636754800931e-11 9.184771618301853e-12 1.2215959297074562e-12
8.227884223110665 4.6659407705036175e-20 1.0190531284520937e-11 8.920983683171352e-12 1.2695476013495842e-12
8.258797858211198 4.6085541734724586e-20 1.0103014272353458e-11 8.769972926160422e-12 1.3330413461930393e-12
8.289827641377162 4.6285042051322405e-20 1.0184872500797387e-11 8.72458399927639e-12 1.4602885015209957e-12
8.320974008997652 4.699370399741197e-20 1.0379663530545035e-11 8.766545157993345e-12 1.6131183725516914e-12
8.35223739910135 4.792210992678132e-20 1.0624492494282006e-11 8.844603976694182e-12 1.7798885175878253e-12
8.383618251362687 4.9600551486002775e-20 1.103792484588328e-11 9.09052375962597e-12 1.9474010862573083e-12
8.415117007108037 5.1808697641671294e-20 1.1572635305992904e-11 9.443547361711345e-12 2.1290879442815593e-12
8.446734109321913 5.454119216487998e-20 1.2228772991184383e-11 9.914502265595922e-12 2.314270725588462e-12
8.478470002653195 5.783642259550202e-20 1.3016323786922922e-11 1.0512978444113778e-11 2.5033453428091408e-12
8.542299949622933 6.484619662229059e-20 1.470377196487649e-11 1.1805804042695582e-11 2.8979679221809116e-12
8.558332380220154 6.635333413037358e-20 1.5073750843285117e-11 1.2075129945751503e-11 2.9986208975336153e-12
8.574394900937412 6.739328963011849e-20 1.5338735915673137e-11 1.2240191099604585e-11 3.0985448160685515e-12
8.606610438733982 6.791315536771541e-20 1.551513247086913e-11 1.2220686986646775e-11 3.2944454842223527e-12
8.622764948673899 6.756017519733515e-20 1.5463462583213784e-11 1.207107235883408e-11 3.3923902243797054e-12
8.638949780445296 6.648583585164093e-20 1.5246126380311582e-11 1.175865923244408e-11 3.4874671478675028e-12
8.655163606183647 6.540538968623074e-20 1.5026514411826563e-11 1.1441725876672477e-11 3.5847885351540896e-12
8.671407862489573 6.408235155576795e-20 1.4750185670522e-11 1.1067986020654134e-11 3.682199649867866e-12
8.703987895363145 6.087760268568164e-20 1.406517866868364e-11 1.0188503029396806e-11 3.876675639286836e-12
8.736690337257128 5.815099874788639e-20 1.3485701859085077e-11 9.405341803990577e-12 4.080360055094503e-12
8.802464289484785 5.390697635895647e-20 1.2595594710537327e-11 8.086065218386522e-12 4.509529492150806e-12
8.868733419248175 5.193731918089193e-20 1.2226736789326019e-11 7.20941504656903e-12 5.0173217427569885e-12
8.935501454478851 5.1965014171057903e-20 1.2325354321523717e-11 6.62716346638667e-12 5.698190855137047e-12
9.002772151174003 5.294684115783655e-20 1.26527738818866e-11 6.235201435071514e-12 6.417572446815084e-12
9.07054929360775 5.447767970323967e-20 1.3116610516656862e-11 5.962971891015786e-12 7.153638625641077e-12
9.13883669454403 5.636323639474519e-20 1.3672762572630804e-11 5.764469232534052e-12 7.908293340096748e-12
9.207638195451068 5.842539226816775e-20 1.4279707637256093e-11 5.627506440335262e-12 8.652201196920833e-12
9.276957666717493 6.076749819556703e-20 1.496395400445558e-11 5.506065847225558e-12 9.457888157230017e-12
9.346799007870057 6.309425984793582e-20 1.5653886726819655e-11 5.42484277886039e-12 1.0229043947959268e-11
9.417166147792997 6.554371951604415e-20 1.6384030553717716e-11 5.351086563234695e-12 1.1032943990483022e-11
9.488063044949055 6.708813762514224e-20 1.6896343527719918e-11 5.301303074030017e-12 1.1595040453689897e-11
9.559493687602165 6.874555158206569e-20 1.7444114341655536e-11 5.255353941023793e-12 1.2188760400631742e-11
9.631462094041797 7.031070475115507e-20 1.7975587931679255e-11 5.225827126496101e-12 1.2749760805183148e-11
9.703972312809022 7.18517099564171e-20 1.85078550658178e-11 5.198350390187315e-12 1.3309504675630483e-11
9.777099908821425 7.234528852503665e-20 1.877542338821037e-11 5.183874409660456e-12 1.3591548978549918e-11
9.924867353363874 7.279725324984551e-20 1.9178257134523666e-11 5.169472712403612e-12 1.4008784422120053e-11
10.074868099996943 7.161060550232606e-20 1.9150765925027228e-11 5.18258179683368e-12 1.3968184128193543e-11
10.150790707826552 7.0541067235872e-20 1.9006901866704164e-11 5.197306377210693e-12 1.380959548949347e-11
10.22721067892732 6.949375622691182e-20 1.8865678189572252e-11 5.228702764887216e-12 1.363697542468503e-11
10.304205975847633 6.845141675066816e-20 1.8722610640384446e-11 5.263087947998234e-12 1.345952269238621e-11
10.381780929913377 6.708532481371656e-20 1.8487101274868934e-11 5.321831119043368e-12 1.3165270155825561e-11
10.459939905058707 6.576165203644099e-20 1.8258762403210653e-11 5.387345797856911e-12 1.2871416605353741e-11
10.538687298071551 6.441507832154016e-20 1.8019531305393266e-11 5.493825817831091e-12 1.2525705487562172e-11
10.618027538840941 6.312067582409947e-20 1.7790367544674664e-11 5.614555055997149e-12 1.2175812488677518e-11
10.697971937068667 6.168753090067472e-20 1.7517344659057862e-11 5.798365720637129e-12 1.1718978938420738e-11
10.778518246224262 6.053656257542937e-20 1.731993473758982e-11 6.060305646838669e-12 1.1259629090751155e-11
10.859664048220797 5.986232777848737e-20 1.7255971860751706e-11 6.454484707691173e-12 1.0801487153060531e-11
10.941420754335242 5.992605287439831e-20 1.74043907595418e-11 7.0573630827157185e-12 1.0347027676826086e-11
10.961955922839442 6.014898211146844e-20 1.75019229180368e-11 7.2691846524760115e-12 1.0232738265560786e-11
10.982529632329763 6.046277682327725e-20 1.7626249186394916e-11 7.506723988738035e-12 1.0119525197656884e-11
11.023792963743814 6.144928853441974e-20 1.7981144876507008e-11 8.085656927556658e-12 9.895487948950352e-12
11.065211328886559 6.304783137084743e-20 1.851822253260818e-11 8.846019478551682e-12 9.672203054056501e-12
11.08597883104876 6.420826773189849e-20 1.8894457690789735e-11 9.333728665784048e-12 9.56072902500568e-12
11.106785310247485 6.555792941844985e-20 1.9327827398443988e-11 9.878501499018216e-12 9.449325899425774e-12
11.14851549250461 6.893198875568147e-20 2.0398925096051552e-11 1.1172098453501454e-11 9.226826642550103e-12
11.169441129330048 7.077580201966686e-20 2.0983874293938597e-11 1.186636726421595e-11 9.117507029722643e-12
11.190406043337886 7.234797134846456e-20 2.1490258332589684e-11 1.248238722365881e-11 9.007871108930869e-12
11.21140851448765 7.384668134889619e-20 2.197660454859272e-11 1.3079443689510494e-11 8.897160859082226e-12
11.22192452720434 7.464725997453019e-20 2.2235691890554082e-11 1.3393378482876087e-11 8.842313407677995e-12
11.232450403670388 7.485421066648413e-20 2.2318252043248414e-11 1.3526407508764673e-11 8.791844534483741e-12
11.253533585369773 7.476052891331837e-20 2.233215891907277e-11 1.3638370356549969e-11 8.693788562522793e-12
11.274656339961506 7.437809039534325e-20 2.2259621232077564e-11 1.3662357505207598e-11 8.597263726869969e-12
11.285231677511122 7.418988679337659e-20 2.2224122420574438e-11 1.3674351987818776e-11 8.549770432755668e-12
11.295816934455262 7.354214317699799e-20 2.205074974353414e-11 1.3548730928437764e-11 8.502018815096378e-12
11.317017243752359 7.201468944897786e-20 2.1633286549431235e-11 1.3226451319507687e-11 8.406835229923546e-12
11.338257342390673 7.049889368203872e-20 2.121768730463227e-11 1.2905291108440113e-11 8.31239619619216e-12
11.359537305047965 6.891038022740669e-20 2.0778525298514393e-11 1.25615621179886e-11 8.216963180525798e-12
11.402217121831576 6.548753011811315e-20 1.98206252721679e-11 1.179882062976676e-11 8.021804642401142e-12
11.423617126015266 6.373767133835671e-20 1.932721439861172e-11 1.1404232662583368e-11 7.922981736028348e-12
11.445057294333186 6.196314380399866e-20 1.8824387250847954e-11 1.1003155996856127e-11 7.82123125399183e-12
11.488058425037956 5.838244567316884e-20 1.780321155276581e-11 1.019389147118824e-11 7.609320081577572e-12
11.53122111869469 5.515119826124846e-20 1.688105892694407e-11 9.478113405506418e-12 7.402945521437645e-12
11.574545982324347 5.222882588868138e-20 1.604662341334792e-11 8.84465329106664e-12 7.201970122281276e-12
11.618033625228566 4.958288366449804e-20 1.529092799452653e-11 8.289015997265404e-12 7.001911997261126e-12
11.661684658998247 4.721990918763688e-20 1.4616920138778133e-11 7.828412131056606e-12 6.7885080077215264e-12
11.705499697522141 4.5209349282549416e-20 1.4047131474217197e-11 7.474943806576437e-12 6.572187667640763e-12
11.749479356995494 4.344619981511891e-20 1.355001733672387e-11 7.1995069992035355e-12 6.350510337520335e-12
11.793624255928705 4.1832195110201914e-20 1.3095659502337425e-11 6.9641120689077525e-12 6.131547433429677e-12
11.83793501515603 4.0470876622603585e-20 1.2717097359711009e-11 6.81516749899953e-12 5.901929860711478e-12
11.882412257844306 3.920002329481676e-20 1.2364039225459884e-11 6.687658175429623e-12 5.676381050030259e-12
11.92705660950172 3.810255757118424e-20 1.2063042045710744e-11 6.620893468507212e-12 5.4421485772035306e-12
11.971868697986617 3.7075838448078267e-20 1.178209063373391e-11 6.5705313983570936e-12 5.211559235376816e-12
12.016849153516302 3.6206663889246455e-20 1.1549110935913363e-11 6.581476327474434e-12 4.9676346084389295e-12
12.061998608675935 3.5398198159580484e-20 1.133365173158073e-11 6.6042804250525196e-12 4.729371306528215e-12
12.152807060118223 3.410306905761152e-20 1.1001185824593788e-11 6.763469767352141e-12 4.237716057241644e-12
12.198467333490619 3.361344691748958e-20 1.0883980384302848e-11 6.9026403599089855e-12 3.981340024393865e-12
12.244299160690385 3.3202338667054076e-20 1.079125711276808e-11 7.058919189514665e-12 3.732337923253417e-12
12.290303186275983 3.2904910149922924e-20 1.0734769876721401e-11 7.266875265974222e-12 3.4678946107471788e-12
12.3364800572276 3.281720062772316e-20 1.0746380809067187e-11 7.493579672573835e-12 3.2528011364933506e-12
12.382830422956244 3.324258171879504e-20 1.092657632093829e-11 7.755290227726165e-12 3.1712860932121237e-12
12.429354935312874 3.370811893729611e-20 1.1121222781981162e-11 8.02925091623479e-12 3.091971865746369e-12
12.476058240797144 3.4137008494753017e-20 1.1305044774166915e-11 8.29025497869897e-12 3.014789795467947e-12
12.522937033967983 3.462648005927555e-20 1.1510229307158168e-11 8.554122934011228e-12 2.956106373146942e-12
12.569987951963114 3.512652597565898e-20 1.1720320678499335e-11 8.754893341345802e-12 2.965427337153535e-12
12.593579661530361 3.526765990849336e-20 1.178949685391967e-11 8.81970005291693e-12 2.969796801002742e-12
12.617215648686605 3.53408952749022e-20 1.1836151245799321e-11 8.862172451765185e-12 2.9739787940341355e-12
12.664620788327802 3.521685812793872e-20 1.1838923962564084e-11 8.85730178281683e-12 2.9816221797472538e-12
12.71220403757155 3.481272392766422e-20 1.1747035846559901e-11 8.758533624355497e-12 2.9885022222044035e-12
12.736062662318053 3.449559088325063e-20 1.1661870345014056e-11 8.670254551908877e-12 2.9916157931051783e-12
12.759966065607527 3.4114100525703885e-20 1.1554545772194083e-11 8.560002978418833e-12 2.9945427937752513e-12
12.807907544139693 3.314228062021952e-20 1.1267563315654967e-11 8.267843327519845e-12 2.9997199881351233e-12
12.856029147395699 3.2093399332857323e-20 1.095196384572573e-11 7.947510972879703e-12 3.004452872846028e-12
12.904331552136407 3.100331415044999e-20 1.061972001499283e-11 7.610665350866e-12 3.009054664126827e-12
12.95281543766539 2.990570095753135e-20 1.0282236687497804e-11 7.268996866029853e-12 3.013239821467954e-12
13.00148148583848 2.8906345301593813e-20 9.975977505193874e-12 6.958588659615873e-12 3.017388845578001e-12
13.050330381073369 2.79954188903676e-20 9.697904644801406e-12 6.6764026703324525e-12 3.0215019744689536e-12
13.099362810359226 2.716866873102427e-20 9.446870508291702e-12 6.421319418694611e-12 3.0255510895970882e-12
13.197981031955921 2.5763168574301892e-20 9.025602613239759e-12 5.992317774392234e-12 3.0332848388475262e-12
13.247568211189632 2.518011855311184e-20 8.854486251264747e-12 5.8175191447732775e-12 3.0369671064914688e-12
13.297341698339563 2.4648973300864063e-20 8.700277327911358e-12 5.659714037752235e-12 3.0405632901591235e-12
13.397450398986955 2.3758381286518346e-20 8.44906086588781e-12 5.40192483507849e-12 3.0471360308093193e-12
13.447787020368724 2.3382686566817683e-20 8.346697297203555e-12 5.296662542114782e-12 3.0500347550887755e-12
13.498312765455129 2.3033157163775472e-20 8.252820340247846e-12 5.20005458871849e-12 3.0527657515293545e-12
13.59993447169816 2.2424481921531543e-20 8.095220209179067e-12 5.038243651645475e-12 3.0569765575335912e-12
13.702321234386334 2.1943994647234783e-20 7.981403488853509e-12 4.90826737101947e-12 3.073136117834038e-12
13.805478813227746 2.184986852284759e-20 8.006998273968057e-12 4.802985181707627e-12 3.20401309226043e-12
13.90941301129231 2.1819236408830733e-20 8.055968950644332e-12 4.708700883248568e-12 3.347268067395765e-12
13.96167316792965 2.192854419419807e-20 8.126746273072677e-12 4.671980613916815e-12 3.4547656591558632e-12
14.014129675338197 2.2054653995791932e-20 8.204191964316352e-12 4.63907722773735e-12 3.565114736579003e-12
14.119634696140762 2.2376660232244615e-20 8.386643094782864e-12 4.596911000417312e-12 3.789732094365551e-12
14.225934008823913 2.2714710380240178e-20 8.57743482146507e-12 4.559243043286067e-12 4.018191778179004e-12
14.333033593193976 2.307875351131707e-20 8.780513209227542e-12 4.52195152546061e-12 4.258561683766932e-12
14.44093947407611 2.3419417592892334e-20 8.977201459297771e-12 4.482799249879389e-12 4.494402209418383e-12
14.54965772165321 2.3789312166871646e-20 9.18764264762746e-12 4.44446032679048e-12 4.743182320836986e-12
14.659194451807393 2.4189405738641022e-20 9.412494554473587e-12 4.406889330373608e-12 5.00560522409998e-12
14.769555826464039 2.4613472430806026e-20 9.649609871036114e-12 4.36963712090492e-12 5.279972750131193e-12
14.992777389284976 2.5412495116630054e-20 1.0113438408735564e-11 4.290332385029715e-12 5.8231060237058456e-12
15.21937263962189 2.632181386034686e-20 1.0633641078952751e-11 4.214378786915452e-12 6.419262292037302e-12
15.449392566130673 2.7289733509402175e-20 1.119128965592594e-11 4.133250909767991e-12 7.058038746157947e-12
15.682888928090767 2.9329321330381494e-20 1.2209489715176113e-11 4.0566923562495275e-12 8.152797358926586e-12
15.919914267052077 3.1588245504057736e-20 1.3348598249241317e-11 3.977074675148837e-12 9.371523574092478e-12
16.03976693895051 3.267144336774545e-20 1.3910277948231401e-11 3.939408442393515e-12 9.970869505837882e-12
16.1605219186579 3.383433325641417e-20 1.4513843581343304e-11 3.913211780842001e-12 1.0600631800501301e-11
16.22123989475974 3.4339952895881464e-20 1.478608420915852e-11 3.901391965427988e-12 1.0884692243730528e-11
16.282185999175777 3.4859229151463676e-20 1.5066068021351788e-11 3.889562007026231e-12 1.1176506014325561e-11
16.312744867225646 3.5124089104201854e-20 1.5209031070144772e-11 3.883643297651423e-12 1.132538777249335e-11
16.343361089024967 3.5392484920012637e-20 1.5354011615641723e-11 3.877722140059983e-12 1.1476289475581739e-11
16.404766024646595 3.5940051145196384e-20 1.5650137747957148e-11 3.865872600968096e-12 1.1784265146989053e-11
16.466401669612416 3.65022670317483e-20 1.595467551504087e-11 3.854013633365425e-12 1.2100661881675443e-11
16.497306278852424 3.67889769065439e-20 1.6110172131780727e-11 3.848080690749178e-12 1.2262091441031545e-11
16.528268890738765 3.707948024369771e-20 1.626786053304581e-11 3.842145484047773e-12 1.2425715048998035e-11
16.590368558098763 3.767204712289057e-20 1.6589935127963647e-11 3.83026840553281e-12 1.2759666722430836e-11
16.65270154503456 3.825415814623086e-20 1.6909578435884987e-11 3.818306068336537e-12 1.309127236754845e-11
16.715268728169598 3.8736830608850683e-20 1.7187269252497533e-11 3.806012747227604e-12 1.3381256505269926e-11
16.778070987420957 3.922972938778213e-20 1.747136242999237e-11 3.7937193194640806e-12 1.3677643110528285e-11
16.9043842704834 4.0246934439821357e-20 1.805932841527849e-11 3.769132595758581e-12 1.4290195819519913e-11
17.03164849990255 4.1307265207837504e-20 1.8674653893587838e-11 3.74454687277036e-12 1.4930107020817478e-11
17.159870834853997 4.238561616075881e-20 1.930642883209685e-11 3.719881187039133e-12 1.5586547645057716e-11
17.289058488411015 4.324381105744892e-20 1.9845623033727486e-11 3.694453269497542e-12 1.6151169764229942e-11
17.35401657858945 4.368313764267264e-20 2.012256162478077e-11 3.681755107185488e-12 1.6440806517595282e-11
17.386587088641786 4.3905393831749473e-20 2.0262902300116925e-11 3.675409955300279e-12 1.6587492344816647e-11
17.419218727950305 4.4129392370778013e-20 2.0404504510787897e-11 3.669067416959133e-12 1.6735437093828762e-11
17.48466585346766 4.458265818070151e-20 2.06915359155996e-11 3.656390167460677e-12 1.7035145748138922e-11
17.550358875560836 4.5043019145718227e-20 2.0983741488228606e-11 3.6437233362979855e-12 1.734001815193062e-11
17.682486308455736 4.5863003428733666e-20 2.152659080553485e-11 3.6183345635480498e-12 1.79082562419868e-11
17.81560845938729 4.551820512749179e-20 2.1525597790998023e-11 3.5921819032672673e-12 1.793341588773076e-11
17.882544892141226 4.534583601130658e-20 2.1524653556347054e-11 3.5791382565831705e-12 1.7945515299763885e-11
17.949732817065083 4.516423775765768e-20 2.1519001037823937e-11 3.56611604441131e-12 1.7952884993412626e-11
18.084866926577256 4.472240623636383e-20 2.1468905912798093e-11 3.540134958390691e-12 1.7928770954407402e-11
18.221018389814958 4.427796207528426e-20 2.14155732206337e-11 3.514301273645546e-12 1.7901271946988158e-11
18.496404071615608 4.3298388749964863e-20 2.1258297125339097e-11 3.4642608826886855e-12 1.7794036242650412e-11
18.635790038622734 4.2817369075504486e-20 2.1180549363418595e-11 3.4413235740205525e-12 1.7739225789398043e-11
18.776226396166493 4.233627788479358e-20 2.110038693280163e-11 3.4183166817314747e-12 1.7682070251070157e-11
18.91772105982334 4.1827464753795486e-20 2.100389277360851e-11 3.3949701189949217e-12 1.7608922654613585e-11
19.203636446149176 4.082353370082234e-20 2.0809589024942238e-11 3.3482671949692477e-12 1.746132182997298e-11
19.4938730510763 3.9803204756694455e-20 2.059612918915631e-11 3.3010003091894527e-12 1.7295128879966855e-11
19.78849618389234 3.877516415041838e-20 2.0367412984891552e-11 3.253328672105577e-12 1.7114084312785975e-11
20.08757214094514 3.773822177412703e-20 2.0122332216722183e-11 3.2051919459898816e-12 1.6917140270732303e-11
20.391466406516905 3.6699009050584136e-20 1.986425258246138e-11 3.156703719680353e-12 1.6707548862781028e-11
20.699681925472166 3.5642525246753444e-20 1.9584007691042253e-11 3.1081901156565866e-12 1.6475817575385658e-11
21.012556099387844 3.451704409739036e-20 1.9252268786569497e-11 3.0596900841753906e-12 1.6192578702394106e-11
21.652507708764745 3.2273217265764385e-20 1.8548974177638464e-11 2.96765230202085e-12 1.5581321875617614e-11
21.979755641372343 3.11906923344888e-20 1.8197733797889826e-11 2.9220603361029626e-12 1.527567346178686e-11
22.311949477282987 3.0132087043220523e-20 1.7845805865092746e-11 2.8763149190427526e-12 1.4969490946049996e-11
22.64916396703608 2.909655279433438e-20 1.7492953754072556e-11 2.830380128260876e-12 1.4662573625811677e-11
22.991811201917592 2.808440712276687e-20 1.713988397564854e-11 2.7843258572992208e-12 1.435555811834932e-11
23.339642165776596 2.7095770824970312e-20 1.6786692566614255e-11 2.7381491260749554e-12 1.4048543440539296e-11
23.69273528050995 2.6131784784832094e-20 1.6434394504256215e-11 2.6919671614747753e-12 1.3742427342781437e-11
24.414313559781952 2.4282350269830703e-20 1.5736374065801364e-11 2.6023762874375724e-12 1.313399777836379e-11
24.78366481022829 2.3406131650623266e-20 1.539801021061152e-11 2.558497096509079e-12 1.2839513114102445e-11
25.15860378059443 2.2563463078247572e-20 1.5068212119365514e-11 2.5151273842915135e-12 1.2553084735074004e-11
25.924826076583233 2.096169739968913e-20 1.4424864151847791e-11 2.4288381336632755e-12 1.1996026018184515e-11
26.714384190886577 1.9453434363347274e-20 1.3794656305707402e-11 2.343688290631851e-12 1.1450968015075554e-11
27.527988831636016 1.802828989983225e-20 1.3173417303634092e-11 2.259860617097276e-12 1.091355668653682e-11
28.366372352060132 1.668901397075017e-20 1.2566198353748153e-11 2.1778902814241834e-12 1.038830807232397e-11
29.2302894097004 1.5428751565660797e-20 1.197108003734873e-11 2.0982256358954045e-12 9.872854401453328e-12
30.12051764570424 1.4260551171958613e-20 1.1401662352717347e-11 2.0202152721061936e-12 9.381447080611152e-12
30.575747924857424 1.3716368940333767e-20 1.1132319969429459e-11 1.9816230840199465e-12 9.150696885409515e-12
31.037858384806153 1.3197492777764218e-20 1.0873080748579447e-11 1.943319555066044e-12 8.929761193513401e-12
31.983137356627505 1.2217391866538678e-20 1.0372155046846323e-11 1.8683651951031026e-12 8.50378985174322e-12
32.95720543894392 1.1323518419102705e-20 9.906065678675563e-12 1.7962731949920068e-12 8.109792483683558e-12
33.960939423588975 1.0493339443936603e-20 9.459383874158306e-12 1.7261508764587287e-12 7.733232997699582e-12
34.99524280568484 9.709523834338246e-21 9.019373593485237e-12 1.656989926707036e-12 7.362383666778201e-12
36.06104659690874 8.977254737119885e-21 8.593128554292745e-12 1.5896218780602081e-12 7.003506676232539e-12
37.159310163528254 8.28931021538692e-21 8.176274600916155e-12 1.525240053207095e-12 6.6510345477090615e-12
38.29102208995955 7.64905837878701e-21 7.774534007050247e-12 1.4629983822626234e-12 6.311535624787624e-12
39.45720106862597 7.04675275180763e-21 7.380482277999167e-12 1.4019113251857667e-12 5.9785709528133986e-12
40.65889681691763 6.487074204762191e-21 7.00122266008942e-12 1.342528353147075e-12 5.658694306942345e-12
41.897191022077855 5.9703146768571055e-21 6.639747467615994e-12 1.2854955755505145e-12 5.354251892065478e-12
43.173198314866475 5.4930284141995345e-21 6.2949966222853045e-12 1.2304393303558753e-12 5.0645572919294294e-12
44.48806727287728 5.046621924794925e-21 5.95955376215928e-12 1.1769576236016428e-12 4.7825961385576385e-12
45.8429814544115 4.632698686050064e-21 5.637367431278422e-12 1.1251572287590191e-12 4.5122102025194035e-12
47.23916046383907 4.24592182420417e-21 5.324068045584833e-12 1.0751959310238263e-12 4.2488721145610056e-12
48.67786104940597 3.8876273032598615e-21 5.023258679160256e-12 1.026987451055038e-12 3.996271228105219e-12
50.16037823447602 3.553628471837708e-21 4.731537173481815e-12 9.804734055188557e-13 3.75106376796296e-12
51.68804648322576 3.2446507847089803e-21 4.451716641562249e-12 9.355962767016027e-13 3.5161203648606482e-12
53.26224090184056 2.9573321652747522e-21 4.18108478625545e-12 8.922326367117126e-13 3.288852149543737e-12
54.884378476295105 2.691874102226585e-21 3.921686993529745e-12 8.503707411327651e-13 3.0713162523969793e-12
56.55591934783037 2.445903296693488e-21 3.671865645991522e-12 8.101495628660447e-13 2.8617160831254774e-12
58.27836812727644 2.219097496723569e-21 3.4328371305192904e-12 7.715081093818886e-13 2.6613290211374015e-12
60.05327524940399 2.0154443454818086e-21 3.2127500682621883e-12 7.341745253653779e-13 2.4785755428968094e-12
61.88223836852342 1.832990996581834e-21 3.0108961696108584e-12 6.981008345555575e-13 2.3127953350553014e-12
62.81758386220369 1.7482790869194637e-21 2.915153472730693e-12 6.8062041338612e-13 2.234533059344573e-12
63.7670670344103 1.6702118905669326e-21 2.827075756362209e-12 6.635202439036473e-13 2.1635555124585614e-12
65.70913619443517 1.5286695561178182e-21 2.6662987412990743e-12 6.304529400101327e-13 2.0358458012889417e-12
67.71035238438829 1.3970530728318005e-21 2.5109462254816103e-12 5.98579325632124e-13 1.9123668998494867e-12
69.77251696707448 1.2738092203979299e-21 2.3591644278991472e-12 5.677750211708427e-13 1.7913894067283044e-12
71.89748616702131 1.1600223839395967e-21 2.2138567118835167e-12 5.382669308797328e-13 1.675589781003784e-12
74.08717274132995 1.055324321576341e-21 2.075383703326206e-12 5.101464565039568e-13 1.5652372468222495e-12
76.34354770141287 9.594060740094243e-22 1.944214754133299e-12 4.831571908180644e-13 1.4610575633152348e-12
78.66864208716851 8.71751124524641e-22 1.820386487462068e-12 4.571473946468867e-13 1.3632390928151815e-12
81.06454879518883 7.920173723614969e-22 1.7042570941122599e-12 4.3223341450262826e-13 1.2720236796096313e-12
83.5334244626476 7.204473655051443e-22 1.5974672978325236e-12 4.084848446846231e-13 1.1889824531479007e-12
86.07749140856238 6.549822589015858e-22 1.4965408343516057e-12 3.857774726538492e-13 1.1107633616977563e-12
88.69903963417964 5.941040627511282e-22 1.3987846989153135e-12 3.640183487801623e-13 1.0347663501351515e-12
91.4004288842828 5.382123135090225e-22 1.3057838599048296e-12 3.4322620888409686e-13 9.625576510207327e-13
94.18409077127889 4.870609455869027e-22 1.2176719173132548e-12 3.2340914427701285e-13 8.942627730362421e-13
97.05253096397554 4.404206276233484e-22 1.134603058798614e-12 3.0451825729760027e-13 8.300848015010136e-13
100.00833144301866 3.9869879526333737e-22 1.0584017223417378e-12 2.8652880028390365e-13 7.718729220578343e-13
103.05415282502196 3.6082508287085625e-22 9.870329491562879e-13 2.6940436664074623e-13 7.176285825155416e-13
106.19273675747671 3.270613543193285e-22 9.21920510819226e-13 2.530891854042185e-13 6.688313254150071e-13
109.4269083866038 2.964160341722931e-22 8.609843449452979e-13 2.3757825823966663e-13 6.234060867056314e-13
112.75957890036308 2.6803083308546827e-22 8.022461371189298e-13 2.2289634353734996e-13 5.793497935815798e-13
116.1937481489129 2.4202188300949346e-22 7.464604974981503e-13 2.0898244207604017e-13 5.374780554221102e-13
119.73250734487735 2.1794432839043005e-22 6.926711222145802e-13 1.9574856948283545e-13 4.969225527317447e-13
123.37904184585196 1.9593168595467588e-22 6.416755651595147e-13 1.8320004498564147e-13 4.584755201738732e-13
127.13663402165271 1.7568111476627065e-22 5.928778437634765e-13 1.7138179598814222e-13 4.2149604777533416e-13
131.0086662088879 1.5724885653286405e-22 5.468358191816651e-13 1.6023705413362044e-13 3.8659876504804453e-13
134.99862375551584 1.4039412445062922e-22 5.03092342371829e-13 1.4967281443691536e-13 3.534195279349137e-13
139.11009815812417 1.2511769601467357e-22 4.620051626316977e-13 1.3968226191485747e-13 3.223229007168403e-13
143.3467902947586 1.1137815693027996e-22 4.2379656572344566e-13 1.3030146378769065e-13 2.934951019357551e-13
147.71251375620898 9.905955807619533e-23 3.884034762309836e-13 1.2149423779792302e-13 2.669092384330606e-13
152.21119827875228 8.847316786216628e-23 3.5746013566237935e-13 1.1318990311446523e-13 2.4427023254791415e-13
156.84689328144228 7.932168097605928e-23 3.3024576962318386e-13 1.053655759359657e-13 2.248801936872182e-13
159.21741877681018 7.507646420686157e-23 3.172954342873467e-13 1.0163642111866483e-13 2.156590131686819e-13
161.62377151112827 7.100991405878364e-23 3.046447210313575e-13 9.802699740723531e-14 2.066177236241222e-13
166.54613279848823 6.340357314329623e-23 2.802965287181125e-13 9.115371065960622e-14 1.8914281805850627e-13
171.61840792845166 5.660331909730855e-23 2.578547878901171e-13 8.470640740711502e-14 1.7314838048300205e-13
176.84516262850022 5.056292781840645e-23 2.3735305797011713e-13 7.866009470930807e-14 1.5869296326080906e-13
179.5181642894721 4.777850493525735e-23 2.276724009718761e-13 7.578342523237165e-14 1.5188897573950443e-13
182.2315681744764 4.508370544075045e-23 2.180783984726471e-13 7.300174115435409e-14 1.45076657318293e-13
187.78155384880017 4.000362604029255e-23 1.9939842346121017e-13 6.771437416576656e-14 1.3168404929544363e-13
190.61961427604518 3.7681388252173227e-23 1.9066189890620652e-13 6.520271002930977e-14 1.2545918887689674e-13
193.5005680909718 3.549909954480121e-23 1.823345688728084e-13 6.277555977692022e-14 1.1955900909588812e-13
199.3937587803602 3.1548449440760693e-23 1.6697790681831538e-13 5.816617313724193e-14 1.088117336810734e-13
205.46643057848152 2.8088054463651714e-23 1.5319054735758985e-13 5.3864436699819524e-14 9.932611065777031e-14
211.72404970390772 2.5119109028316517e-23 1.4117046859221877e-13 4.985013524477878e-14 9.132033334744002e-14
218.17224885259444 2.246137730385249e-23 1.3007844135710633e-13 4.611173694019842e-14 8.396670441690792e-14
224.8168322680627 2.0012344248849764e-23 1.1942526734687471e-13 4.263816261626496e-14 7.678710473060975e-14
231.66378096599615 1.7799043262447888e-23 1.094521335930257e-13 3.940648517351218e-14 7.00456484195135e-14
238.71925811795668 1.5793065583951295e-23 1.0007447675143523e-13 3.639424247396241e-14 6.368023427747282e-14
245.98961459906556 1.3991838969841823e-23 9.136103341662319e-14 3.359555073289249e-14 5.776548268373073e-14
249.71106150874405 1.3146645514509137e-23 8.71409252029935e-14 3.227479170660729e-14 5.4866133496386243e-14
253.4888082224776 1.2336202431804754e-23 8.300604280273141e-14 3.100527430821704e-14 5.200076849451438e-14
261.20898134247824 1.0862691005508218e-23 7.531733844600314e-14 2.860625712430206e-14 4.6711081321701066e-14
269.1642775569489 9.6027755929971e-24 6.86094020754413e-14 2.6372912522712367e-14 4.2236489552728923e-14
277.3618576987742 8.496041509138586e-24 6.255078956633263e-14 2.430132242100276e-14 3.824946714532987e-14
285.8091006888481 7.45551580681132e-24 5.6561794784599074e-14 2.2390245677743337e-14 3.417154910685575e-14
294.5136101780917 6.5249213513908056e-24 5.1009384555968964e-14 2.0623180056179013e-14 3.0386204499789944e-14
303.4832213917586 5.736889760721285e-24 4.6214751591253794e-14 1.8983578108717356e-14 2.7231173482536438e-14
312.7260081821858 5.0519412520198446e-24 4.193645599680156e-14 1.7466044997431408e-14 2.4470410999370158e-14
322.25029029634635 4.45696997202775e-24 3.812435092175793e-14 1.6066804002549516e-14 2.2057546919208412e-14
332.0646408647343 3.934455300273805e-24 3.467980779880486e-14 1.477563578598936e-14 1.99041720128155e-14
342.17789411833206 3.467680697022237e-24 3.14963685156774e-14 1.3582557831438416e-14 1.7913810684238983e-14
352.59915334060224 3.0530521698821357e-24 2.857491345236198e-14 1.2481036116012899e-14 1.6093877336349076e-14
363.337799061663 2.6895985614481334e-24 2.5939851048783366e-14 1.1465588808971813e-14 1.4474262239811557e-14
374.40349750202313 2.3702969156347666e-24 2.3556571468251906e-14 1.0529750354485305e-14 1.3026821113766604e-14
380.062092440151 2.2252266132492617e-24 2.2449063761651515e-14 1.008987167727931e-14 1.2359192084372201e-14
385.80620927347337 2.089038612193305e-24 2.1393661173432573e-14 9.667748917712074e-15 1.17259122557205e-14
397.5561983449763 1.8410059214222923e-24 1.9427778681407007e-14 8.87393094569726e-15 1.0553847735709747e-14
409.6640412816112 1.620798872582199e-24 1.762488954354032e-14 8.142444189114457e-15 9.482445354425866e-15
415.8555509384264 1.5201970579043607e-24 1.6780767632970012e-14 7.798611312579597e-15 8.982156320390417e-15
422.1406367649012 1.4255457408758919e-24 1.59737819147359e-14 7.468682303174193e-15 8.505099611561713e-15
434.9972154030873 1.2538256868074034e-24 1.4477483304975147e-14 6.849250832261927e-15 7.628232472713219e-15
448.24534984018095 1.1030355058547953e-24 1.3124256757166871e-14 6.28009340267181e-15 6.844163354495059e-15
461.89696517289525 9.705298597620585e-25 1.1899355608379012e-14 5.756234517833721e-15 6.143121090545292e-15
475.9643496848308 8.540799121738952e-25 1.0790519781678701e-14 5.273955333927556e-15 5.516564447751146e-15
490.4601659075747 7.512230507326223e-25 9.780072612428753e-15 4.831325821192386e-15 4.948746791236369e-15
505.39746201868155 6.601945848408721e-25 8.85675125399519e-15 4.425725869654199e-15 4.431025384340992e-15
520.7896835867783 5.801569333228067e-25 8.020053999889244e-15 4.053664542183171e-15 3.96638945770607e-15
536.6506856743796 5.10014578252741e-25 7.265135385794674e-15 3.7124618000278894e-15 3.5526735857667838e-15
552.9947453093008 4.483527409212235e-25 6.581278461405754e-15 3.399340291001534e-15 3.1819381704042207e-15
569.8365743358964 3.9409779125705616e-25 5.9610635857698975e-15 3.1119782609736903e-15 2.849085324796209e-15
587.1913326576936 3.4636847814343607e-25 5.398678072989743e-15 2.8483304119248275e-15 2.550347661064916e-15
605.0746418833327 3.0438694524630386e-25 4.888824055501936e-15 2.606506685928291e-15 2.282317369573644e-15
623.502599388115 2.6746748360356567e-25 4.4266857568801436e-15 2.3847587285634874e-15 2.041927028316657e-15
642.4917928037942 2.350049536365938e-25 4.007873764983594e-15 2.1814703443002507e-15 1.8264034206833437e-15
662.0593149496696 2.064653577192117e-25 3.6283863657361575e-15 1.995153102738481e-15 1.6332332629976775e-15
682.2227792184137 1.8137791901708623e-25 3.2845816643646778e-15 1.8244306518817975e-15 1.4601510124828796e-15
703.0003354304876 1.5932791979524062e-25 2.973150210033792e-15 1.6680359515235116e-15 1.30511425851028e-15
724.4106861714122 1.3995004001190292e-25 2.6910843351878826e-15 1.5248038065484108e-15 1.1662805286394723e-15
746.4731036265977 1.229222169279924e-25 2.4356449559828613e-15 1.3936521883363638e-15 1.0419927676464975e-15
769.2074469289008 1.0796084603555383e-25 2.204343101148391e-15 1.273584288810952e-15 9.307588123374392e-16
792.6341800345017 9.481639701039048e-26 1.9949208867096674e-15 1.1636877130746574e-15 8.312331736350097e-16
816.7743901432078 8.326929708888069e-26 1.805329354106403e-15 1.0631231152499212e-15 7.422062388564819e-16
841.6498066797607 7.312615533315887e-26 1.6337048626067852e-15 9.711148784030933e-16 6.625899842036918e-16
867.2828208532309 6.421675110543995e-26 1.478354224617166e-15 8.8694876923738575e-16 5.9140545537978e-16
893.6965058121084 5.639157476803311e-26 1.337746168189557e-15 8.099711047451544e-16 5.277750634444027e-16
920.9146374132232 4.9519181412756895e-26 1.2104929538768393e-15 7.395817500049146e-16 4.709112038719246e-16
948.9617156232121 4.3483830876695974e-26 1.0953323710916722e-15 6.752273971900609e-16 4.2010497390161133e-16
977.8629865717667 3.818376866761625e-26 9.911199798279483e-16 6.163999095898495e-16 3.7472007023809877e-16
1007.6444652765354 3.352958810408479e-26 8.968193603966907e-16 5.626331130942565e-16 3.3418624730243437e-16
1038.332959060126 2.9442692185854864e-26 8.114907828657491e-16 5.134987635953176e-16 2.979920192704315e-16
1069.95609168029 2.5854039285547647e-26 7.342835402312365e-16 4.686045381261514e-16 2.656790021050851e-16
1102.542328195006 2.2702984126418368e-26 6.644275780652207e-16 4.2759108789238963e-16 2.3683649017283115e-16
1136.1210005848498 1.9936214089972987e-26 6.012245548186376e-16 3.9012820054558805e-16 2.110963542730495e-16
1170.7223341557005 1.7506869623217085e-26 5.440412554200279e-16 3.5591245762997105e-16 1.881287977900569e-16
1206.3774747455793 1.5373813046005924e-26 4.923050016662201e-16 3.2466640641580127e-16 1.67638595250419e-16
1243.1185167600695 1.350093783933471e-26 4.454981513826807e-16 2.961365103470947e-16 1.4936164103558595e-16
1280.9785320615858 1.1856513239688517e-26 4.0315149544466317e-16 2.7009002410593297e-16 1.3306147133873025e-16
1319.9915997384837 1.0412645438294055e-26 3.648393563901025e-16 2.4631312138506678e-16 1.185262350050356e-16
1360.1928367808064 9.144855316556613e-27 3.301769528625794e-16 2.246103242409573e-16 1.0556662862162212e-16
1401.618429690285 8.031675886444418e-27 2.988170726240725e-16 2.048033928840816e-16 9.401367973999087e-17
1444.305667053031 7.054246509608306e-27 2.7044513930919004e-16 1.867289473203747e-16 8.371619198881542e-17
1488.2929731042755 6.195987739320413e-27 2.447757635730201e-16 1.7023679602308593e-16 7.453896754993414e-17
1533.6199423153234 5.442349867696083e-27 2.215509607777514e-16 1.5518973108015293e-16 6.636122969759849e-17
1580.327375033885 4.780567192922369e-27 2.0053765075983877e-16 1.4146266157591098e-16 5.907498918392781e-17
1628.457314209858 4.199432773111495e-27 1.8152499999445776e-16 1.289411578226231e-16 5.2583842171834647e-17
1678.0530832396191 3.689099513881294e-27 1.643219192201924e-16 1.17520225524203e-16 4.680169369598942e-17
1729.1593249628888 3.240924042173668e-27 1.4875559063790863e-16 1.0710390934104429e-16 4.1651681296864324e-17
1781.8220418472597 2.8473244028847495e-27 1.346699535466096e-16 9.760474825123925e-17 3.7065205295370377e-17
1836.0886373966016 2.501643536348468e-27 1.2192380352137977e-16 8.894278635622614e-17 3.2981017165153626e-17
1892.007958820556 2.1980355730424362e-27 1.1038933288252638e-16 8.104482829203702e-17 2.934450459048935e-17
1949.6303410035755 1.9313663553440742e-27 9.995082188559815e-17 7.384390331786687e-17 2.6106918567731263e-17
2009.0076518130663 1.6971339917621627e-27 9.050387117171098e-17 6.727908592626895e-17 2.3224785245442025e-17
2070.1933387874215 1.491387135257507e-27 8.195410888475403e-17 6.12947562133086e-17 2.065935267144541e-17
2133.242477245972 1.3106519322455442e-27 7.421591188292912e-17 5.583990233004839e-17 1.837600955288077e-17
2198.211819864143 1.1518792855978888e-27 6.721186403585995e-17 5.0867965174424817e-17 1.6343898861435152e-17
2265.1598477584885 1.0123940779797407e-27 6.087204383623075e-17 4.633650426443623e-17 1.4535539571794514e-17
2334.1468231275226 8.898471756870233e-28 5.513317840321957e-17 4.220676783283202e-17 1.2926410570387537e-17
2405.2348434957767 7.821765594760632e-28 4.9938065703554905e-17 3.844337567670598e-17 1.1494690026848928e-17
2478.487897609897 6.875723303972567e-28 4.5235003362530434e-17 3.5014054485815893e-17 1.0220948876714542e-17
2553.971923037092 6.044442209194641e-28 4.0977152995334776e-17 3.188932150221907e-17 9.087831493115701e-18
2631.7548655177807 5.31395724698429e-28 3.7122133102048694e-17 2.9042262396134696e-17 8.079870705913998e-18
2711.906740125872 4.672012753713249e-28 3.363165220320056e-17 2.6448345464503265e-17 7.183306738697301e-18
2794.4996942916955 4.107845402610421e-28 3.0471061954926165e-17 2.4085179448552903e-17 6.3858825063732675e-18
2879.6080727443887 3.612005575342883e-28 2.760903500963052e-17 2.1932350821085404e-17 5.676684188545118e-18
2967.308484432098 3.176197645293486e-28 2.501725474254677e-17 1.997125316395321e-17 5.046001578593556e-18
3057.6798714803062 2.7931321519375874e-28 2.2670073668575906e-17 1.8184896679202862e-17 4.485176989373042e-18
