Dust emission spectrum from A.P. Jones, M. Kohler, N. Ysard, M. Bocchio, and L. Verstraete (2017), A&A, 602A, 46J 
inside the DustPedia framework.

lambda    nu*dP/dnu     j_nu    j_nu(carb.) j_nu(sil)
 (um)   (erg s-1 H-1) (Jy cm2 sr-1 H-1)
0.9927057738263894 4.287727233762711e-23 1.1298404799009697e-15 1.129840479900965e-15 4.5704102423414805e-30
1.0001793341362166 4.35858727467536e-23 1.157159050489247e-15 1.1571590504892419e-15 5.507762517190792e-30
1.0077091589558085 4.4293469098852053e-23 1.1847980610503405e-15 1.1847980610503336e-15 6.62900084035865e-30
1.0114953028030835 4.464680361770737e-23 1.1987363514634031e-15 1.1987363514633956e-15 7.26906454340823e-30
1.0152956718711033 4.499978283434471e-23 1.2127530786419186e-15 1.2127530786419111e-15 7.96840299543547e-30
1.0229392996569957 4.57041912494554e-23 1.2410101262756916e-15 1.2410101262756822e-15 9.566395698033643e-30
1.0267826658714554 4.605476641162754e-23 1.2552277887512427e-15 1.255227788751232e-15 1.0477184870833421e-29
1.0306404723013447 4.640483128344435e-23 1.2695208089721882e-15 1.2695208089721766e-15 1.147103379133587e-29
1.03451277320114 4.675435208510606e-23 1.2838885724467668e-15 1.283888572446754e-15 1.2555154647466068e-29
1.0383996230291617 4.7103295223823487e-23 1.298330456989176e-15 1.298330456989162e-15 1.3737351899875857e-29
1.0403485208654093 4.7277539724555575e-23 1.30557899816013e-15 1.305578998160116e-15 1.4367841181610644e-29
1.0423010764483396 4.745162730026075e-23 1.3128458328667548e-15 1.3128458328667393e-15 1.502606791261363e-29
1.0462171883269815 4.7799315114835854e-23 1.3274340629473565e-15 1.3274340629473404e-15 1.6430431848303372e-29
1.0471985131304309 4.788613253150698e-23 1.3310924285802007e-15 1.331092428580184e-15 1.6800732239194241e-29
1.048180758391296 4.797290710519438e-23 1.3347552972229967e-15 1.3347552972229795e-15 1.7179035260921773e-29
1.0501480137395462 4.8146325673878736e-23 1.3420945028468439e-15 1.3420945028468261e-15 1.796031204169659e-29
1.0521189612883777 4.8319566729841006e-23 1.3494515981619736e-15 1.3494515981619545e-15 1.8775620427754305e-29
1.0531058218030118 4.8405986453999545e-23 1.3531331120238508e-15 1.3531331120238317e-15 1.9196502220339582e-29
1.0540936079674168 4.8491924646562865e-23 1.3568068716924879e-15 1.3568068716924686e-15 1.9626516258596442e-29
1.058054026499678 4.883519020400659e-23 1.3715453146158922e-15 1.3715453146158705e-15 2.1440801286323553e-29
1.0590464539527713 4.8920882279727295e-23 1.3752407239680117e-15 1.3752407239679898e-15 2.191890201097456e-29
1.06003981227728 4.900652362901213e-23 1.3789404317030545e-15 1.3789404317030318e-15 2.240721665524606e-29
1.0620293250338977 4.917765215369742e-23 1.386352699989007e-15 1.3863526999889838e-15 2.3415323208943854e-29
1.0660195594769086 4.9519278597853765e-23 1.4012283501007724e-15 1.4012283501007468e-15 2.556352223499918e-29
1.070024785945596 4.986003787940703e-23 1.4161715809090514e-15 1.4161715809090236e-15 2.7899901775281896e-29
1.0740450607676866 5.0199898587208896e-23 1.431181702188714e-15 1.431181702188684e-15 3.0440107090677254e-29
1.07808044048254 5.0538829561095764e-23 1.446258017679458e-15 1.4462580176794248e-15 3.320100932006395e-29
1.0861967418109137 5.121318020481424e-23 1.4765891537923539e-15 1.4765891537923145e-15 3.945906860878439e-29
1.0902777775684922 5.154717728822999e-23 1.4918030189105957e-15 1.4918030189105529e-15 4.29969502962856e-29
1.0943741465085532 5.188009878704986e-23 1.5070791173967627e-15 1.507079117396716e-15 4.68371635952141e-29
1.1026131145906286 5.2542596667914575e-23 1.5378150918712154e-15 1.53781509187116e-15 5.552434469842975e-29
1.1109141095355224 5.32004399779575e-23 1.5687911827941613e-15 1.5687911827940958e-15 6.573956467271348e-29
1.1192775983109025 5.385278895919986e-23 1.5999832807378729e-15 1.5999832807377952e-15 7.773603134443701e-29
1.1277040513999907 5.449661460685562e-23 1.6313009833218893e-15 1.6313009833217975e-15 9.180618014971766e-29
1.1361939428280308 5.513502536237819e-23 1.662836241627815e-15 1.6628362416277069e-15 1.0828724401007953e-28
1.1447477501889525 5.576780826618746e-23 1.694582855811661e-15 1.6945828558115335e-15 1.2756765918220452e-28
1.1533659546722406 5.639509998758988e-23 1.7265451176023704e-15 1.7265451176022203e-15 1.5009445451153044e-28
1.1707974979042381 5.763523414568159e-23 1.7911802028571418e-15 1.791180202856935e-15 2.0701879103294977e-28
1.1884924949847024 5.885073156455962e-23 1.8565974196800616e-15 1.8565974196797776e-15 2.841351437209776e-28
1.2064549276569216 6.005109096991034e-23 1.9230980896145554e-15 1.9230980896141673e-15 3.8809601759176148e-28
1.2246888378427687 6.122320763969798e-23 1.990266679744551e-15 1.9902666797440234e-15 5.2755278421925425e-28
1.2431983285522175 6.236433876707336e-23 2.058003801288411e-15 2.0580038012876975e-15 7.137186241771589e-28
1.2619875648066055 6.347405596787028e-23 2.1262814925409352e-15 2.1262814925399736e-15 9.610528190724018e-28
1.3004222497298317 6.558080388849431e-23 2.263760931476539e-15 2.2637609314748206e-15 1.7185073022901968e-27
1.3400274889804893 6.75351940410986e-23 2.402222843633394e-15 2.4022228436303762e-15 3.0176987925502734e-27
1.3808389325824078 6.932996503115513e-23 2.5411683501097035e-15 2.541168350104497e-15 5.2061880214476376e-27
1.4228933163050095 7.097382426132938e-23 2.6806491690586996e-15 2.6806491690498707e-15 8.8286858237466e-27
1.466228494730424 7.250627887513012e-23 2.8219330469241484e-15 2.8219330469094236e-15 1.4723861491574922e-26
1.5108834753276823 7.389754689989868e-23 2.9636739728309437e-15 2.9636739728067852e-15 2.4159611558540565e-26
1.5568984535646726 7.512352420392777e-23 3.1046001471100645e-15 3.1046001470710214e-15 3.904370501755772e-26
1.6043148490894465 7.618642663061657e-23 3.244416792994944e-15 3.2444167929326876e-15 6.225779623422971e-26
1.6531753430134553 7.708946092474615e-23 3.3828548288541693e-15 3.382854828756323e-15 9.784503819521246e-26
1.7035239163302658 7.784332035054042e-23 3.519970472383045e-15 3.519970472231444e-15 1.516005262236018e-25
1.755405889504358 7.850988826565437e-23 3.6582328345033456e-15 3.658232834271656e-15 2.316902353656035e-25
1.8088679632656115 7.907386460070966e-23 3.796726074243587e-15 3.796726073894183e-15 3.494039182227668e-25
1.8639582606462262 7.95248796805123e-23 3.934672924121625e-15 3.93467292360145e-15 5.201756766193327e-25
1.9207263702978936 7.987042574027986e-23 4.072123411482327e-15 4.072123410717506e-15 7.6482102626159215e-25
1.979223391128241 8.012796369819221e-23 4.2096729243167186e-15 4.209672923205624e-15 1.111093151076559e-24
2.039501978296691 8.031839505807587e-23 4.348190728516562e-15 4.348190726921016e-15 1.5955453825012639e-24
2.1016163906111602 8.050029208093321e-23 4.4907650709515535e-15 4.490765068685586e-15 2.2659697781201764e-24
2.1656225393682647 8.070761527794347e-23 4.639452268613717e-15 4.6394522654296536e-15 3.1840655749485228e-24
2.231578038680979 8.09427888969976e-23 4.794680535057612e-15 4.794680530628834e-15 4.428777506102607e-24
2.299542257339062 8.122614682901617e-23 4.958001794912742e-15 4.958001788812335e-15 6.100407920666183e-24
2.369576372248914 8.160266171131875e-23 5.132683306712028e-15 5.132683298386232e-15 8.32579636605516e-24
2.4417434235010123 8.212544208610106e-23 5.322886185430351e-15 5.322886174165998e-15 1.1264355645565435e-23
2.5161083711144245 8.288544676792746e-23 5.5357575168291865e-15 5.535757501712868e-15 1.511631914489325e-23
2.5927381535095444 8.40315278026141e-23 5.783228491212042e-15 5.783228471079323e-15 2.0132719910229103e-23
2.6717017477616296 8.57414040581071e-23 6.080621890301551e-15 6.0806218636745995e-15 2.662695241405351e-23
2.753070231689431 8.828265337192538e-23 6.451520790547375e-15 6.451520755556384e-15 3.4990989591647267e-23
2.836916847834745 9.226147105268274e-23 6.947625722768752e-15 6.947625677050298e-15 4.5718453761244723e-23
2.9233170693905177 9.901291297162522e-23 7.683112514103588e-15 7.683112454678833e-15 5.942475924495942e-23
2.967498994190263 1.047463966274284e-22 8.250857855867514e-15 8.250857788321086e-15 6.754642824102832e-23
3.0123486681368425 1.1144245645656702e-22 8.910977515880304e-15 8.910977439138273e-15 7.67420316338899e-23
3.0578761833420214 1.264247190349128e-22 1.0261747555437869e-14 1.026174746825294e-14 8.718492937225593e-23
3.1040917844459814 1.4573077706002665e-22 1.2007573896993073e-14 1.2007573798017579e-14 9.897549626332644e-23
3.127460860933648 1.6615383906893607e-22 1.3793411626662129e-14 1.3793411521178803e-14 1.0548332635883578e-22
3.1510058709225794 1.9336450500545145e-22 1.6173179293734883e-14 1.617317918131853e-14 1.1241634692246144e-22
3.162844764501044 2.186935227763798e-22 1.836044615543669e-14 1.8360446039342676e-14 1.160940146025873e-22
3.1747281389236908 2.48148870674952e-22 2.091164884330047e-14 2.0911648723410775e-14 1.19889696877661e-22
3.1986289994194426 3.3030767450598163e-22 2.8044775497282732e-14 2.804477536937656e-14 1.2790616877255288e-22
3.2227097969389145 5.239758410763753e-22 4.4823100665285285e-14 4.482310052839518e-14 1.3689011428974403e-22
3.2348180950136065 7.076335914447688e-22 6.076139520631621e-14 6.076139506432743e-14 1.4198878260420217e-22
3.240889293275058 8.4494169502816885e-22 7.268760689034258e-14 7.268760674551659e-14 1.4482597572874627e-22
3.2469718861334385 1.0037861235162865e-21 8.651454916910978e-14 8.651454902124416e-14 1.478656336123988e-22
3.2714166318528037 1.8510894122916227e-21 1.6074322861815464e-13 1.6074322845713427e-13 1.6102033358963782e-22
3.2744851364798273 1.904057507353731e-21 1.6549791147786968e-13 1.6549791131535524e-13 1.6251448773327957e-22
3.2775565192852394 1.9585469949992965e-21 1.70393733724267e-13 1.7039373356024247e-13 1.6402457474718129e-22
3.283707930232385 1.9061471050642918e-21 1.6614618312960055e-13 1.6614618296322842e-13 1.6637213439939448e-22
3.2898708863219004 1.7399677759457347e-21 1.519460771983516e-13 1.5194607703015942e-13 1.6819216607164015e-22
3.29141343181113 1.7007785199376262e-21 1.4859343846315198e-13 1.4859343829450227e-13 1.6864969156227417e-22
3.292184975758714 1.6815223043006044e-21 1.4694550103368263e-13 1.4694550086480385e-13 1.6887883314897182e-22
3.295272960557952 1.559975008660915e-21 1.364515485348145e-13 1.364515483651235e-13 1.696910623812678e-22
3.3076538914384823 1.1388969585340551e-21 9.999399629477624e-14 9.999399612185966e-14 1.729165567454228e-22
3.310756385682612 1.0531966265255127e-21 9.255632828183769e-14 9.255632810810608e-14 1.7373160018988933e-22
3.313861789986515 9.74124657907075e-22 8.568767543176532e-14 8.568767525721516e-14 1.7455013800703532e-22
3.3200813396944477 8.63235180358763e-22 7.607593314541526e-14 7.607593296887882e-14 1.765364537870475e-22
3.345076488085796 6.65419769396786e-22 5.908417628682636e-14 5.908417610012725e-14 1.866990959893975e-22
3.3482140837626964 6.72837892531198e-22 5.979888602966843e-14 5.979888584144661e-14 1.8822180384220076e-22
3.3513546224236106 6.803380316701718e-22 6.052218060970514e-14 6.052218041994793e-14 1.8975721946713018e-22
3.3576445397418455 7.351497008135509e-22 6.552091219173824e-14 6.552091199857507e-14 1.931631694327842e-22
3.3702598118196083 9.373176653428675e-22 8.385319539024067e-14 8.385319518951633e-14 2.0072434541461277e-22
3.382922481734668 9.833647652447366e-22 8.830313498066117e-14 8.830313477302285e-14 2.0763832904728952e-22
3.389271646505754 1.0072203755388059e-21 9.06150457930423e-14 9.061504558185344e-14 2.1118887910009815e-22
3.395632727569191 1.032926047391798e-21 9.310207770254723e-14 9.310207748763236e-14 2.1491487946336707e-22
3.421196662673239 1.1563552260242412e-21 1.0501195414263755e-13 1.0501195391188362e-13 2.3075393281638425e-22
3.4276182099114902 1.1314831478368558e-21 1.0294611564691987e-13 1.0294611541287474e-13 2.340450969336113e-22
3.4340518103208963 1.0224909841494428e-21 9.320426017460635e-14 9.320425993764458e-14 2.3696175418001467e-22
3.4469541582030403 8.67266071890817e-22 7.935189407251737e-14 7.935189383024848e-14 2.4226889965339927e-22
3.472904465399547 8.237648081099774e-22 7.593911024137565e-14 7.593910998461623e-14 2.5675942823663747e-22
3.4990501388274233 7.572303831306022e-22 7.033113563043151e-14 7.033113535859947e-14 2.718320439564682e-22
3.5253949054701885 5.204422432480857e-22 4.8702330748981885e-14 4.870233046349086e-14 2.8549103453871724e-22
3.5519380250092896 2.9788708000630026e-22 2.8085779371208792e-14 2.8085779072109257e-14 2.990995355760619e-22
3.578680990867387 2.0964188849879165e-22 1.9914549332815984e-14 1.9914549016998752e-14 3.1581723444932413e-22
3.605625307711299 1.739479616064381e-22 1.664827995468997e-14 1.6648279620123158e-14 3.3456680993090797e-22
3.660119384959845 1.4790783981871857e-22 1.4369970569489705e-14 1.4369970193041182e-14 3.7644852450236633e-22
3.715437065384467 1.2946656776543081e-22 1.2768414630180916e-14 1.2768414206651636e-14 4.235292783213618e-22
3.8285932144167436 1.2010656831520134e-22 1.2206057649914174e-14 1.220605711311199e-14 5.368021795905667e-22
3.94519561050918 1.1831435184990386e-22 1.2390116879348122e-14 1.2390116198934176e-14 6.80413949668731e-22
4.06534921144712 1.196378468262349e-22 1.2910286453591169e-14 1.2910285590952098e-14 8.626390734157985e-22
4.189162171576248 1.2277409068096968e-22 1.3652221707467714e-14 1.3652220613217237e-14 1.0942504793280096e-21
4.316745939156006 1.2724031785552278e-22 1.457976981869512e-14 1.457976843013056e-14 1.3885645580081859e-21
4.448215356677963 1.3287787676603552e-22 1.5689457175933385e-14 1.568945541439383e-14 1.7615395578879492e-21
4.58368876423945 1.3971212071165657e-22 1.6998814670619045e-14 1.6998812435886364e-14 2.2347326816715325e-21
4.723288106065518 1.4790481490895878e-22 1.8543691020504998e-14 1.8543688184738663e-14 2.83576633510838e-21
4.867139040275056 1.577743193766936e-22 2.038353490418168e-14 2.0383531308283054e-14 3.595898625239951e-21
4.940699165968905 1.637306278896157e-22 2.147275511822805e-14 2.1472751068918258e-14 4.0493097938004424e-21
5.015371051989984 1.6990930347102887e-22 2.261984692078286e-14 2.2619842362176744e-14 4.55860611128941e-21
5.091171501069577 1.774397539107011e-22 2.397938753496756e-14 2.3979382400462645e-14 5.134504908641088e-21
5.129500256944802 1.8130914700212531e-22 2.4686766179972414e-14 2.4686760731659834e-14 5.4483125739380955e-21
5.168117569889187 1.8534456749026059e-22 2.5426212903547797e-14 2.542620712231728e-14 5.78123051485874e-21
5.20702561229733 1.9028559950483608e-22 2.6300564485198478e-14 2.6300558346165364e-14 6.139033108651925e-21
5.246226572918644 1.9535546665127176e-22 2.7204581200095685e-14 2.720457468202917e-14 6.518066506345442e-21
5.265937586045735 1.9794001586071636e-22 2.7668062060771978e-14 2.7668055344863905e-14 6.715908069469855e-21
5.285722656980489 2.005583590794746e-22 2.8139383127733956e-14 2.8139376208233514e-14 6.919500437044581e-21
5.305582063971359 2.0321104836057676e-22 2.861869233392869e-14 2.861868520492982e-14 7.128998868198085e-21
5.3255160863122235 2.0605902738817098e-22 2.912881246539012e-14 2.912880511996851e-14 7.345421617469643e-21
5.365609099470188 2.1313467368776676e-22 3.035586210313652e-14 3.035585429899607e-14 7.804140442246819e-21
5.406003951863644 2.2048164586607207e-22 3.163867112027178e-14 3.163866283007835e-14 8.290193431812716e-21
5.446702915881641 2.2811302583431123e-22 3.2980194015855535e-14 3.29801852107704e-14 8.805085136731932e-21
5.487708281020852 2.363567228384625e-22 3.4429317175911364e-14 3.442930782339589e-14 9.352515472545805e-21
5.529022354014368 2.477794178073415e-22 3.636495102644501e-14 3.6364941074841136e-14 9.951603870855526e-21
5.570647458961463 2.5987534572846763e-22 3.8427328054022515e-14 3.842731746676741e-14 1.058725510821024e-20
5.612585937458331 2.7269278531942383e-22 4.0626189012142044e-14 4.062617775061854e-14 1.126152350815034e-20
5.654840148729818 2.867768490762025e-22 4.304610438647124e-14 4.304609240579044e-14 1.1980680796260313e-20
5.67608639626678 2.9634815327213147e-22 4.464991696287859e-14 4.464990458817623e-14 1.2374702353711358e-20
5.686739436050992 3.0128136545598553e-22 4.5478384963032854e-14 4.547837238669657e-14 1.2576336266206733e-20
5.6974124697621304 3.063160820163033e-22 4.6325156298989035e-14 4.632514351787741e-14 1.2781111593397243e-20
5.718818669136295 3.1669978193195767e-22 4.8075468331211497e-14 4.8075455130943577e-14 1.3200267906365617e-20
5.740305295436557 3.28140673043868e-22 4.999936495189883e-14 4.999935131325932e-14 1.363863951205211e-20
5.7835210386641895 3.577848977821069e-22 5.492673166182877e-14 5.4926717054574537e-14 1.4607254216607484e-20
5.827062130521658 3.919207607671273e-22 6.06201980999629e-14 6.0620182444538e-14 1.5655424909241916e-20
5.8489554468988025 4.1584045619112504e-22 6.4561629748618e-14 6.456161348193936e-14 1.62666786579633e-20
5.870931020387893 4.415054203480488e-22 6.880380408394685e-14 6.880378718267474e-14 1.690127209146413e-20
5.892989160043636 4.690559980500512e-22 7.337190061937762e-14 7.337188305933349e-14 1.7560044116101716e-20
5.915130176081913 5.00380227385319e-22 7.85658620174185e-14 7.856584375113749e-14 1.8266280988254932e-20
5.95966208400165 5.879043368950786e-22 9.300316593634764e-14 9.300314596140314e-14 1.997494450102408e-20
6.004529249263818 7.139919168977675e-22 1.137998508629605e-13 1.13799828741779e-13 2.2121181483901228e-20
6.027089341400364 8.016089368596277e-22 1.2824475511202022e-13 1.2824473163192543e-13 2.348009478576444e-20
6.049734195844842 9.051343951148685e-22 1.453512580828573e-13 1.453512330848661e-13 2.4997991170207263e-20
6.095279466722835 1.2041067552189094e-21 1.9481753707013153e-13 1.9481750797935917e-13 2.909077233291724e-20
6.141167624020661 1.6641280987308665e-21 2.712733548898797e-13 2.712733198838815e-13 3.500599821645377e-20
6.164241091010745 1.957888797450049e-21 3.203591042613542e-13 3.203590653736514e-13 3.88877028172035e-20
6.187401249150058 2.2925055622824017e-21 3.765200535472438e-13 3.765200103803658e-13 4.3166878015549415e-20
6.1990139391386085 2.455900944678408e-21 4.041130656386648e-13 4.041130202682748e-13 4.537039003811849e-20
6.204828454712694 2.5419694359426765e-21 4.186677770157095e-13 4.186677304999936e-13 4.651571584835854e-20
6.210648424152782 2.6048118960446626e-21 4.29420471868289e-13 4.294204243984765e-13 4.746981250591316e-20
6.233982942956859 2.8183450467096386e-21 4.663684954658615e-13 4.663684446028263e-13 5.0863035367043093e-20
6.239830258556775 2.845662541003724e-21 4.713305671060224e-13 4.713305157697713e-13 5.133625100628423e-20
6.245683058788269 2.848070235235738e-21 4.721718264451806e-13 4.721717746315711e-13 5.181360943985847e-20
6.257405133728602 2.8422941041915998e-21 4.720986096315251e-13 4.720985569806367e-13 5.265088840783272e-20
6.269149208991335 2.8004157909383414e-21 4.660157097336818e-13 4.660156568007146e-13 5.2932967093417765e-20
6.280915325867298 2.6952647130843685e-21 4.493593650089643e-13 4.493593124844659e-13 5.252449841561018e-20
6.304513850009849 2.4359102782862867e-21 4.076451917479065e-13 4.0764514068329e-13 5.106461662255908e-20
6.32820103803542 2.114396083715429e-21 3.5516981282537e-13 3.551697640222165e-13 4.8803153511795994e-20
6.3519772230701035 1.8195528148059917e-21 3.0679129400596003e-13 3.067912473386638e-13 4.666729617286359e-20
6.375842739491607 1.5715154188338821e-21 2.659657270767485e-13 2.6596568228203247e-13 4.47947160044917e-20
6.399797922933955 1.372767249266128e-21 2.332021787627302e-13 2.332021352140004e-13 4.354872986192208e-20
6.42384311029221 1.2075441525214752e-21 2.0590523001106691e-13 2.0590518751002475e-13 4.250104218493105e-20
6.447978639727206 1.0871950098574706e-21 1.8608033254245556e-13 1.8608029050578415e-13 4.2036671412403213e-20
6.472204850670314 9.869635437744884e-22 1.6955976217454613e-13 1.6955972045681512e-13 4.171773098544342e-20
6.496522083828205 9.218891190219223e-22 1.5897507597764883e-13 1.5897503407052979e-13 4.1907119038324586e-20
6.520930681187647 8.670993999441111e-22 1.5008866764072412e-13 1.5008862545007254e-13 4.219065163888723e-20
6.57002334288761 8.11249892104279e-22 1.4147867951117324e-13 1.414786359571279e-13 4.355404529360368e-20
6.619489833774732 8.058201255962046e-22 1.4158983067276963e-13 1.4158978494847e-13 4.5724299631808654e-20
6.6693287637831435 8.277552101700231e-22 1.465390873866726e-13 1.4653903901268678e-13 4.8373985788004035e-20
6.719538636694507 8.556782128584888e-22 1.5262278097681643e-13 1.5262272987437344e-13 5.1102442989641537e-20
6.770126513364129 9.250193909667539e-22 1.6623292791636365e-13 1.6623287341251573e-13 5.45038479446299e-20
6.8210952395837445 1.0296612778748184e-21 1.8643091330659149e-13 1.8643085456656023e-13 5.874003121479345e-20
6.872447682569556 1.1613923501016229e-21 2.118653020423814e-13 2.1186523820661327e-13 6.38357681457477e-20
6.924186731123532 1.3280088911854136e-21 2.4408392992493376e-13 2.4408386007375276e-13 6.985118103278576e-20
6.976315295795916 1.4635748962667854e-21 2.7102570646747303e-13 2.710256304758994e-13 7.599157359872891e-20
7.028836309048954 1.483855121480568e-21 2.768498945410519e-13 2.768498133403875e-13 8.120066436237402e-20
7.081752725421856 1.4259493378678926e-21 2.6804905920543e-13 2.6804897339278804e-13 8.581264195923344e-20
7.135067521697011 1.3875979091766152e-21 2.6280350747366726e-13 2.6280341612077457e-13 9.135289274390911e-20
7.1887836970674375 1.419982452076483e-21 2.7096164913857225e-13 2.709615502749086e-13 9.886366371577735e-20
7.242904273305506 1.5341991293856375e-21 2.9496053365656314e-13 2.94960424708112e-13 1.0894845120420994e-19
7.297432294932914 1.7148476465622185e-21 3.3217355093944985e-13 3.321734291200241e-13 1.2181942569426268e-19
7.352370829391971 1.9214355294616137e-21 3.749925618556432e-13 3.749924247023279e-13 1.3715331512929343e-19
7.379995003818881 2.0500452174309728e-21 4.015955956190566e-13 4.0159544927770494e-13 1.4634135158945877e-19
7.407722967218148 2.1919134918943893e-21 4.310003027592597e-13 4.3100014641436336e-13 1.5634489620801373e-19
7.463496598684601 2.5520126235568683e-21 5.055854773324385e-13 5.055852968057088e-13 1.8052672983267621e-19
7.519690156487492 3.0184445024467526e-21 6.024937893737059e-13 6.024935781215102e-13 2.112521958251029e-19
7.533803324048627 3.1541810695814932e-21 6.307689871915681e-13 6.307687669322346e-13 2.2025933367362785e-19
7.547942979602549 3.2960438376159583e-21 6.603756070486798e-13 6.603753773960284e-13 2.29652651216034e-19
7.57630195363571 3.5951919173099426e-21 7.230174629834951e-13 7.230172133902386e-13 2.4959325645371683e-19
7.590521371821866 3.746459908542016e-21 7.548525560141236e-13 7.548522959547288e-13 2.6005939460644067e-19
7.604767477414989 3.9041017787845414e-21 7.88091246573698e-13 7.880909756088542e-13 2.709648437658205e-19
7.633339951266878 4.221160715282885e-21 8.552949836344096e-13 8.552946902706615e-13 2.933637479459085e-19
7.662019777021956 4.4681768947775675e-21 9.087471464780961e-13 9.087468331767612e-13 3.1330133480935024e-19
7.690807358020558 4.6380757067434205e-21 9.468456744216423e-13 9.468453444477734e-13 3.29973869149221e-19
7.719703099118437 4.725378560948097e-21 9.68292654399327e-13 9.68292311518451e-13 3.428808759528842e-19
7.748707406692464 4.712430692088506e-21 9.692675450449664e-13 9.69267194212607e-13 3.50832359449002e-19
7.777823177463063 4.6224357449621935e-21 9.543295718131538e-13 9.543292168538867e-13 3.549592672041024e-19
7.807048350752435 4.4842641741604915e-21 9.292819285902906e-13 9.292815722127365e-13 3.56377554168135e-19
7.836380830085272 4.292994410287329e-21 8.929873147532812e-13 8.929869602452839e-13 3.545079969744075e-19
7.851088371676256 4.160196450295438e-21 8.66988102833349e-13 8.669877515897064e-13 3.5124364270884793e-19
7.86582351679805 4.01943930008338e-21 8.392263388740139e-13 8.392259917947281e-13 3.470792858821606e-19
7.89537682495964 3.708755988684999e-21 7.77267584692657e-13 7.772672487236468e-13 3.359690102451168e-19
7.9250411701946435 3.373375691377212e-21 7.096360521413447e-13 7.096357281741442e-13 3.2396720057882164e-19
7.939915112024199 3.1953448983951648e-21 6.734463976037791e-13 6.734460799339199e-13 3.176698593554633e-19
7.954816969689239 3.02700824191225e-21 6.391653570133068e-13 6.391650454607798e-13 3.1155252684570055e-19
7.9847046421970465 2.7165589962049823e-21 5.757678756583835e-13 5.75767575703121e-13 2.999552624696321e-19
8.044817289139356 2.193064762105207e-21 4.683139286633645e-13 4.683136487179687e-13 2.799453957714217e-19
8.07504310897143 1.998696045563987e-21 4.2841141668037573e-13 4.2841114422669695e-13 2.7245367864180523e-19
8.105382492623747 1.826768604519441e-21 3.930307101939414e-13 3.9303044405151874e-13 2.6614242252423675e-19
8.135835866775926 1.6904595090848984e-21 3.650702004563e-13 3.650699371246584e-13 2.6333164155152345e-19
8.166403659710703 1.5876745286136799e-21 3.441610780337676e-13 3.4416081586069825e-13 2.6217306948574835e-19
8.197086301319933 1.5116293214707531e-21 3.2890785691868266e-13 3.2890759354858893e-13 2.6337009371318083e-19
8.227884223110665 1.4449618314309593e-21 3.1558327617918996e-13 3.1558301104426267e-13 2.6513492746309947e-19
8.258797858211198 1.4069741688722422e-21 3.0844120680561333e-13 3.0844093719676993e-13 2.6960884342029154e-19
8.289827641377162 1.3960639193887671e-21 3.071993108739507e-13 3.0719903302667646e-13 2.7784727422848347e-19
8.320974008997652 1.4076797532885403e-21 3.109191435239998e-13 3.109188547204425e-13 2.8880355731890005e-19
8.35223739910135 1.4287199820840075e-21 3.167520117389327e-13 3.1675171034491346e-13 3.0139401921129543e-19
8.383618251362687 1.4933374760645037e-21 3.323218459575514e-13 3.323215270159241e-13 3.189416273029972e-19
8.415117007108037 1.5860823475869385e-21 3.5428708709969793e-13 3.542867488371556e-13 3.3826254226385554e-19
8.446734109321913 1.7100446696840137e-21 3.8341200916792816e-13 3.834116468831016e-13 3.6228482651877573e-19
8.478470002653195 1.8680399429710024e-21 4.204100401345811e-13 4.2040964954392195e-13 3.905906591278777e-19
8.542299949622933 2.2127762842058565e-21 5.017435036593263e-13 5.01743050552682e-13 4.531066440592257e-19
8.558332380220154 2.2857202384875267e-21 5.192561583223224e-13 5.192556903096703e-13 4.680126520951166e-19
8.574394900937412 2.3317211140505422e-21 5.307005281047527e-13 5.307000478796165e-13 4.802251359674441e-19
8.606610438733982 2.33267379349649e-21 5.329121099065838e-13 5.329116146333164e-13 4.9527326738713235e-19
8.622764948673899 2.296396059194174e-21 5.25608976499359e-13 5.256084775630937e-13 4.989362652527377e-19
8.638949780445296 2.2171987453048828e-21 5.084344935757051e-13 5.084339957925038e-13 4.977832012142002e-19
8.655163606183647 2.1366800377919402e-21 4.908900250479191e-13 4.908895287067878e-13 4.963411311724517e-19
8.671407862489573 2.0407293026259894e-21 4.697258353700172e-13 4.697253421090733e-13 4.932609438789686e-19
8.703987895363145 1.812834218003524e-21 4.188377342086112e-13 4.1883725165481555e-13 4.825537954399843e-19
8.736690337257128 1.6099104872769357e-21 3.733516761312763e-13 3.733512028346063e-13 4.732966700708317e-19
8.802464289484785 1.265650852108387e-21 2.9572471421975446e-13 2.957242530323358e-13 4.611874186977566e-19
8.868733419248175 1.0356940794796498e-21 2.4381618273281685e-13 2.4381571846834113e-13 4.642644757818065e-19
8.935501454478851 8.8261714667653e-22 2.0934409884370542e-13 2.093436170055639e-13 4.818381415530669e-19
9.002772151174003 7.795097578598491e-22 1.862804369296175e-13 1.8627992902225756e-13 5.079073599364225e-19
9.07054929360775 7.0802113528998065e-22 1.7047050314456806e-13 1.7046996297098167e-13 5.401735863598875e-19
9.13883669454403 6.5611655612303625e-22 1.5916271785767854e-13 1.5916214044687167e-13 5.774108069207229e-19
9.207638195451068 6.207234874842786e-22 1.5171057618525873e-13 1.517099569658867e-13 6.19219372106095e-19
9.276957666717493 5.89450133325052e-22 1.4515168379335622e-13 1.4515101872627662e-13 6.650670795551703e-19
9.346799007870057 5.691613276828061e-22 1.4121073730488363e-13 1.4121002249505136e-13 7.14809832274507e-19
9.417166147792997 5.509037194729804e-22 1.3770996578539618e-13 1.3770919753843959e-13 7.682469566146777e-19
9.488063044949055 5.39329864813704e-22 1.3583180265889457e-13 1.3583098386373518e-13 8.187951594107194e-19
9.559493687602165 5.288598359588452e-22 1.341976496931916e-13 1.3419677662788852e-13 8.730653030757959e-19
9.631462094041797 5.230817935511208e-22 1.3373074283235936e-13 1.3372981250533734e-13 9.303270219939795e-19
9.703972312809022 5.179639458782021e-22 1.334192553725952e-13 1.3341826469254706e-13 9.906800481586502e-19
9.777099908821425 5.166594881524911e-22 1.340861421022879e-13 1.3408509656536203e-13 1.0455369258569226e-18
9.924867353363874 5.186145245998406e-22 1.3662771962478678e-13 1.3662656426660049e-13 1.1553581863338565e-18
10.074868099996943 5.291797137697432e-22 1.4151810000193446e-13 1.415168464663148e-13 1.2535356196538708e-18
10.150790707826552 5.371317032592917e-22 1.4472717770498043e-13 1.4472587814463908e-13 1.299560341365233e-18
10.22721067892732 5.502319673747008e-22 1.493731205464243e-13 1.4937177288580427e-13 1.3476606200497953e-18
10.304205975847633 5.644457782774911e-22 1.5438538800141173e-13 1.5438399059582512e-13 1.397405586651402e-18
10.381780929913377 5.862418928749034e-22 1.6155415920313524e-13 1.615527164428057e-13 1.442760329482592e-18
10.459939905058707 6.103372237306956e-22 1.6946049876847203e-13 1.694590088433291e-13 1.4899251429430256e-18
10.538687298071551 6.472549073003005e-22 1.8106366348648902e-13 1.8106212549441296e-13 1.5379920760833776e-18
10.618027538840941 6.887833776267383e-22 1.941314678060474e-13 1.941298802516871e-13 1.5875543603121756e-18
10.697971937068667 7.501299780439986e-22 2.1301363780706142e-13 2.1301200358847238e-13 1.6342185890167297e-18
10.778518246224262 8.3608516497258225e-22 2.392098242173677e-13 2.3920813634615886e-13 1.6878712088068898e-18
10.859664048220797 9.636540625644216e-22 2.7778384176177295e-13 2.7778208801674574e-13 1.7537450272023743e-18
10.941420754335242 1.1568834297873527e-21 3.3599495226991774e-13 3.359931135305146e-13 1.8387394031586e-18
10.961955922839442 1.2244838286820258e-21 3.562956650581329e-13 3.562937982348714e-13 1.8668232615768995e-18
10.982529632329763 1.3001823209009503e-21 3.7903217119731425e-13 3.790302747159333e-13 1.8964813809498504e-18
11.023792963743814 1.484340891568838e-21 4.3434430656545097e-13 4.3434234338536954e-13 1.9631800815656517e-18
11.065211328886559 1.725789722159251e-21 5.068938522477128e-13 5.068918046899511e-13 2.0475577615587205e-18
11.08597883104876 1.880639568604732e-21 5.53412605818894e-13 5.534105054366468e-13 2.1003822470779076e-18
11.106785310247485 2.053683191502101e-21 6.054680891929969e-13 6.054659309155818e-13 2.158277415140794e-18
11.14851549250461 2.4651730136162367e-21 7.295144179257498e-13 7.295121265174335e-13 2.2914083162225205e-18
11.169441129330048 2.686752809367773e-21 7.965785141508325e-13 7.965761511796065e-13 2.362971225901136e-18
11.190406043337886 2.885002396096444e-21 8.569617865804695e-13 8.569593527444927e-13 2.433835976791992e-18
11.21140851448765 3.078158869497939e-21 9.160530842691766e-13 9.160505830425608e-13 2.5012266156089123e-18
11.22192452720434 3.1797599789454426e-21 9.47176938602569e-13 9.471744026256726e-13 2.535976896301479e-18
11.232450403670388 3.2248481595163906e-21 9.615086898180114e-13 9.615061363026956e-13 2.55351531579649e-18
11.253533585369773 3.266922256068849e-21 9.75881632450411e-13 9.75879052826106e-13 2.579624304973474e-18
11.274656339961506 3.2815162560581932e-21 9.820809937241134e-13 9.820783900578784e-13 2.603666235087198e-18
11.285231677511122 3.2888403845562337e-21 9.85196156609208e-13 9.851935426603353e-13 2.6139488724114468e-18
11.295816934455262 3.2526345505530976e-21 9.75264350248798e-13 9.752617386021475e-13 2.6116466502812596e-18
11.317017243752359 3.157487001410326e-21 9.485123326958048e-13 9.485097326928742e-13 2.6000029307990423e-18
11.338257342390673 3.0623182413846364e-21 9.216500781702996e-13 9.216474904880676e-13 2.5876822323365954e-18
11.359537305047965 2.9595803348136095e-21 8.924013284641915e-13 8.923987558453986e-13 2.5726187928008635e-18
11.402217121831576 2.7287751155706848e-21 8.258981354189686e-13 8.258956024398233e-13 2.5329791451895516e-18
11.423617126015266 2.6084688255659067e-21 7.909676520213294e-13 7.90965141386605e-13 2.5106347243764977e-18
11.445057294333186 2.485739076935357e-21 7.551668962570755e-13 7.551644086288347e-13 2.4876282408965384e-18
11.488058425037956 2.2367432219564705e-21 6.820751051202865e-13 6.820726652816852e-13 2.439838601361414e-18
11.53122111869469 2.0155179494718097e-21 6.169236271563267e-13 6.169212326212273e-13 2.3945350994785785e-18
11.574545982324347 1.8188574633771477e-21 5.58820158423194e-13 5.588178068267187e-13 2.3515964752886533e-18
11.618033625228566 1.645825285716015e-21 5.075581344913577e-13 5.075558213006104e-13 2.313190747181409e-18
11.661684658998247 1.5028905241165735e-21 4.652196742066148e-13 4.652173874579559e-13 2.286748659008058e-18
11.705499697522141 1.394100423259087e-21 4.331650918351356e-13 4.331628244275526e-13 2.2674075830580405e-18
11.749479356995494 1.3101486292650096e-21 4.0860965322099724e-13 4.086073963498404e-13 2.2568711568700437e-18
11.793624255928705 1.2386620229276668e-21 3.877658355724499e-13 3.877635864435269e-13 2.249128922979742e-18
11.83793501515603 1.1954407569141875e-21 3.7564139356827033e-13 3.7563914306237447e-13 2.2505058959146225e-18
11.882412257844306 1.1589982383759089e-21 3.655584481097343e-13 3.65556194300064e-13 2.2538096700983298e-18
11.92705660950172 1.142633885032398e-21 3.617510602076688e-13 3.617487967540056e-13 2.2634536632053576e-18
11.971868697986617 1.1316698627021088e-21 3.596260380866062e-13 3.59623763002548e-13 2.275084058302574e-18
12.016849153516302 1.1412995376924341e-21 3.64048867143249e-13 3.64046573900768e-13 2.2932424810705295e-18
12.061998608675935 1.1550450812334597e-21 3.698176564230678e-13 3.698153430047133e-13 2.313418354445723e-18
12.152807060118223 1.221628274836556e-21 3.940806511387962e-13 3.940782830528628e-13 2.368085933499423e-18
12.198467333490619 1.275765839937586e-21 4.1309093979348916e-13 4.130885362233607e-13 2.403570128545185e-18
12.244299160690385 1.3361473793506551e-21 4.342679006955479e-13 4.3426545843240803e-13 2.442263139868418e-18
12.290303186275983 1.4149647349315713e-21 4.616125904602141e-13 4.616101018823991e-13 2.4885778150862625e-18
12.3364800572276 1.5007549987409566e-21 4.914399890634547e-13 4.914374451644252e-13 2.5438990295939375e-18
12.382830422956244 1.5995819838242344e-21 5.257700733265102e-13 5.257674464365325e-13 2.626889977605404e-18
12.429354935312874 1.70331008945171e-21 5.619682013946348e-13 5.619654882413652e-13 2.7131532696341405e-18
12.476058240797144 1.8037220999653708e-21 5.973329239847448e-13 5.97330121163192e-13 2.8028215526015634e-18
12.522937033967983 1.905806647486058e-21 6.335114481783636e-13 6.33508551566845e-13 2.8966115186146262e-18
12.569987951963114 1.9866763167349313e-21 6.628746472864513e-13 6.628716540299811e-13 2.9932564701179098e-18
12.593579661530361 2.014854769872948e-21 6.735384210961374e-13 6.735353845584344e-13 3.0365377028156863e-18
12.617215648686605 2.0352494445002826e-21 6.816329937499314e-13 6.816299174078822e-13 3.076342049235715e-18
12.664620788327802 2.0444181858031704e-21 6.872762857344544e-13 6.872731444852026e-13 3.1412492515119896e-18
12.71220403757155 2.020160085466009e-21 6.816729707525348e-13 6.816697805257323e-13 3.1902268025261426e-18
12.736062662318053 1.994022137013879e-21 6.741159386324569e-13 6.741127310204304e-13 3.2076120263872706e-18
12.759966065607527 1.9598877206971645e-21 6.638197117374906e-13 6.638164907813926e-13 3.220956097587824e-18
12.807907544139693 1.8653051158244124e-21 6.341580332508657e-13 6.341548003276787e-13 3.232923186894756e-18
12.856029147395699 1.7596289248253264e-21 6.004783777095901e-13 6.00475140939388e-13 3.236770202196489e-18
12.904331552136407 1.647030745850729e-21 5.64165666036245e-13 5.641624248547695e-13 3.2411814754474804e-18
12.95281543766539 1.5319840776967648e-21 5.267297666998567e-13 5.267265230185031e-13 3.2436813534365927e-18
13.00148148583848 1.4269590481090856e-21 4.924632019802311e-13 4.924599541057673e-13 3.247874463830503e-18
13.050330381073369 1.3310363501623543e-21 4.610848529607235e-13 4.610815992203842e-13 3.253740339399249e-18
13.099362810359226 1.244181003187561e-21 4.3261659017424496e-13 4.3261332687128703e-13 3.2633029579719017e-18
13.197981031955921 1.099209204206382e-21 3.8508560922425857e-13 3.850823040635582e-13 3.305160700475065e-18
13.247568211189632 1.0407066593128319e-21 3.659602629371387e-13 3.6595692797205023e-13 3.334965088577713e-18
13.297341698339563 9.879147637168775e-22 3.4870143740930406e-13 3.4869807006398434e-13 3.367345319675022e-18
13.397450398986955 9.031253323306406e-22 3.2117343392904837e-13 3.2116998623147524e-13 3.4476975729869357e-18
13.447787020368724 8.692762075873079e-22 3.102973369488143e-13 3.102938422961127e-13 3.494652701582018e-18
13.498312765455129 8.383371187113486e-22 3.0037765018886894e-13 3.003741062715912e-13 3.543917277688562e-18
13.59993447169816 7.879088566914843e-22 2.844344730905806e-13 2.84430817838966e-13 3.655251614650274e-18
13.702321234386334 7.4913367663293475e-22 2.724726393901672e-13 2.7246886355198325e-13 3.77583818393806e-18
13.805478813227746 7.195301053686461e-22 2.6367555968267964e-13 2.6367161774751077e-13 3.941935168850598e-18
13.90941301129231 6.935450034880365e-22 2.5606656939254215e-13 2.560624490299206e-13 4.1203626216480815e-18
13.96167316792965 6.846592200543741e-22 2.537355747662395e-13 2.53731348120781e-13 4.2266454584977994e-18
14.014129675338197 6.7721023811056305e-22 2.519179305519611e-13 2.5191359314373597e-13 4.3374082252158115e-18
14.119634696140762 6.718075219230258e-22 2.517895814782974e-13 2.517850035931063e-13 4.5778851909651766e-18
14.225934008823913 6.6820714645044555e-22 2.523256141051999e-13 2.523207798524761e-13 4.834252723738972e-18
14.333033593193976 6.647179210965102e-22 2.5289773486839816e-13 2.528926273745197e-13 5.107493878549652e-18
14.44093947407611 6.604585695397567e-22 2.531689616430711e-13 2.531635673463437e-13 5.394296727346954e-18
14.54965772165321 6.564635724289648e-22 2.535320345689244e-13 2.5352633416102264e-13 5.700407901820229e-18
14.659194451807393 6.527204620503045e-22 2.539842384316108e-13 2.53978211010415e-13 6.027421195791695e-18
14.769555826464039 6.490536772859558e-22 2.5445880457452166e-13 2.544524282833602e-13 6.376291161462697e-18
14.992777389284976 6.395630671611799e-22 2.545276116552519e-13 2.5452048015297563e-13 7.131502276270666e-18
15.21937263962189 6.3112469827783125e-22 2.549654652660161e-13 2.549574709891677e-13 7.994276848404302e-18
15.449392566130673 6.201647385020035e-22 2.543243311839702e-13 2.543153519113903e-13 8.979272579881722e-18
15.682888928090767 6.106862864286131e-22 2.5422231388714723e-13 2.5421196133939265e-13 1.035254775459619e-17
15.919914267052077 5.99439931564236e-22 2.533120372252337e-13 2.5330003599026943e-13 1.2001234964222317e-17
16.03976693895051 5.946637834725349e-22 2.5318558536707453e-13 2.5317266893260123e-13 1.291643447334596e-17
16.1605219186579 5.953867203379896e-22 2.55401803366596e-13 2.55387890585584e-13 1.391278101204507e-17
16.22123989475974 5.963902995519017e-22 2.5679351446510883e-13 2.5677908833400417e-13 1.442613110469224e-17
16.282185999175777 5.973969277652738e-22 2.5819339579631193e-13 2.5817843445098886e-13 1.496134532312346e-17
16.312744867225646 5.979013308757625e-22 2.5889639133965575e-13 2.5888115385697705e-13 1.5237482678652216e-17
16.343361089024967 5.984064312065605e-22 2.596014186736272e-13 2.595858991830806e-13 1.5519490546632724e-17
16.404766024646595 5.99418637960934e-22 2.6101755434021686e-13 2.610014526492733e-13 1.6101690943637347e-17
16.466401669612416 6.004333782121991e-22 2.6244177408058976e-13 2.624250649493648e-13 1.6709131224975095e-17
16.497306278852424 6.009416458990744e-22 2.631569065153219e-13 2.631398838113795e-13 1.7022703942385965e-17
16.528268890738765 6.014504841539869e-22 2.638740491895904e-13 2.6385670612950256e-13 1.7343060087714275e-17
16.590368558098763 6.024697898593574e-22 2.653143509223165e-13 2.652963461284556e-13 1.800479386083147e-17
16.65270154503456 6.034545992038501e-22 2.66746502137793e-13 2.6672781349601514e-13 1.8688641777865948e-17
16.715268728169598 6.042861160940789e-22 2.6811765494521107e-13 2.6809828447562473e-13 1.9370469586314737e-17
16.778070987420957 6.05121037939002e-22 2.694968620185827e-13 2.694767818240962e-13 2.0080194486547902e-17
16.9043842704834 6.068003541202709e-22 2.722792935683253e-13 2.722577050793393e-13 2.1588488985959856e-17
17.03164849990255 6.084910885835141e-22 2.7509350763007123e-13 2.750702831494555e-13 2.3224480615764776e-17
17.159870834853997 6.101508649377132e-22 2.7792056168498573e-13 2.7789557082864917e-13 2.4990856336570234e-17
17.289058488411015 6.114317416889556e-22 2.806007046949272e-13 2.805738954117178e-13 2.6809283209328384e-17
17.35401657858945 6.120784927000984e-22 2.8195289654580547e-13 2.8192512430608307e-13 2.7772239722390285e-17
17.386587088641786 6.124033557999395e-22 2.826320022180167e-13 2.826037343961746e-13 2.8267821842077345e-17
17.419218727950305 6.12729176625191e-22 2.8331310667715044e-13 2.8328433360455983e-13 2.8773072590610824e-17
17.48466585346766 6.133835909749864e-22 2.846812891069897e-13 2.846514757016561e-13 2.981340533351733e-17
17.550358875560836 6.140415366599289e-22 2.8605739829789874e-13 2.8602650336217626e-13 3.0894935722511164e-17
17.682486308455736 6.153217358107214e-22 2.8881185771296864e-13 2.887787359168546e-13 3.3121796114050786e-17
17.81560845938729 6.161826843187155e-22 2.9139331375813083e-13 2.9135847922366904e-13 3.4834534461862794e-17
17.882544892141226 6.16621826886209e-22 2.926965817919436e-13 2.926608566528663e-13 3.572513907733869e-17
17.949732817065083 6.1706640276727755e-22 2.940081183879586e-13 2.9397148484951673e-13 3.6633538441929504e-17
18.084866926577256 6.179708070307578e-22 2.966557086146163e-13 2.966172389568605e-13 3.8469657755667723e-17
18.221018389814958 6.189299136532397e-22 2.9935295716060476e-13 2.9931255796718023e-13 4.039919342454238e-17
18.496404071615608 6.216873035532497e-22 3.0523106747238e-13 3.0518655745308853e-13 4.4510019291446914e-17
18.635790038622734 6.242544448342043e-22 3.088011330361859e-13 3.0875440493086305e-13 4.6728105322926306e-17
18.776226396166493 6.267834206626259e-22 3.123886501084379e-13 3.1233959128638833e-13 4.9058822049589135e-17
18.91772105982334 6.29116782440137e-22 3.1591447194396797e-13 3.158629846641478e-13 5.148727982015521e-17
19.203636446149176 6.337189423800308e-22 3.230350132081742e-13 3.2297829273496985e-13 5.672047320430965e-17
19.4938730510763 6.379347116743704e-22 3.3009868969615274e-13 3.3003622302278455e-13 6.24666733681809e-17
19.78849618389234 6.418187119721122e-22 3.371278253641157e-13 3.370590426922985e-13 6.878267181720414e-17
20.08757214094514 6.452873723697926e-22 3.4407256811932934e-13 3.4399685096506577e-13 7.57171542636111e-17
20.391466406516905 6.48406544204794e-22 3.5096618964429296e-13 3.5088284330765637e-13 8.334633663667734e-17
20.699681925472166 6.512817020128066e-22 3.57850791237517e-13 3.577592010889428e-13 9.159014857419353e-17
21.012556099387844 6.539447433347822e-22 3.6474502088657353e-13 3.6464464223087806e-13 1.0037865569543946e-16
21.652507708764745 6.61897376995062e-22 3.8042433926016107e-13 3.8030389977412515e-13 1.2043948603585854e-16
21.979755641372343 6.658559412851778e-22 3.884834949255902e-13 3.8835152866051617e-13 1.3196626507391386e-16
22.311949477282987 6.694770004527672e-22 3.964994712808236e-13 3.963548552802493e-13 1.4461600057429279e-16
22.64916396703608 6.726968496106427e-22 4.04427801599941e-13 4.042693074466606e-13 1.5849415328040176e-16
22.991811201917592 6.755690891767522e-22 4.1229910089992016e-13 4.1212535746367836e-13 1.7374343624183814e-16
23.339642165776596 6.780202452514118e-22 4.2005512537354863e-13 4.1986464746088545e-13 1.904779126631591e-16
23.69273528050995 6.801091948615408e-22 4.277236670345722e-13 4.2751481524564193e-13 2.0885178893022161e-16
24.414313559781952 6.851763585570639e-22 4.440340971727845e-13 4.437828724697527e-13 2.512247030318174e-16
24.78366481022829 6.878884107909145e-22 4.5253581118081875e-13 4.522601636691976e-13 2.756475116211846e-16
25.15860378059443 6.906156757615052e-22 4.612032939821905e-13 4.609007853748324e-13 3.025086073581573e-16
25.924826076583233 6.951265348696425e-22 4.783537154766859e-13 4.779892532450734e-13 3.6446223161241355e-16
26.714384190886577 6.987857666903684e-22 4.955171052457413e-13 4.950777275224281e-13 4.3937772331331546e-16
27.527988831636016 7.016232333009982e-22 5.126817736764413e-13 5.121519195037645e-13 5.298541726767316e-16
28.366372352060132 7.040603946686022e-22 5.301309345135731e-13 5.294916573699098e-13 6.392771436632857e-16
29.2302894097004 7.0647842601405985e-22 5.481525673987509e-13 5.473811262656054e-13 7.714411331454335e-16
30.12051764570424 7.082466410615725e-22 5.662606561595587e-13 5.653288694389714e-13 9.31786720587362e-16
30.575747924857424 7.086588150588543e-22 5.751534325672589e-13 5.741286614899795e-13 1.0247710772793224e-15
31.037858384806153 7.087540135767428e-22 5.839245188664709e-13 5.827969401185866e-13 1.1275787478844534e-15
31.983137356627505 7.0879241938830795e-22 6.017409403114836e-13 6.003748048038531e-13 1.3661355076302332e-15
32.95720543894392 7.093324227552162e-22 6.205397746316416e-13 6.188816289355542e-13 1.658145696087237e-15
33.960939423588975 7.094992107134411e-22 6.395890868115254e-13 6.375752262218546e-13 2.0138605896708106e-15
34.99524280568484 7.0815111630917535e-22 6.57815932852219e-13 6.553718318441104e-13 2.4441010081086577e-15
36.06104659690874 7.062055563187276e-22 6.75987850284571e-13 6.730218604389259e-13 2.9659898456453252e-15
37.159310163528254 7.050817585155441e-22 6.954670441720044e-13 6.918702739307548e-13 3.596770241249618e-15
38.29102208995955 7.039201816004659e-22 7.15467331937093e-13 7.111064026759459e-13 4.3609292611468726e-15
39.45720106862597 7.015430393198311e-22 7.347676513306784e-13 7.294871154173937e-13 5.280535913284699e-15
40.65889681691763 6.986692925491625e-22 7.540439847771342e-13 7.476527314427315e-13 6.391253334402459e-15
41.897191022077855 6.961888290620812e-22 7.742503142532656e-13 7.665206895124861e-13 7.72962474077948e-15
43.173198314866475 6.937540362332304e-22 7.950403648915741e-13 7.856956936016255e-13 9.344671289948798e-15
44.48806727287728 6.909003241288846e-22 8.158839095335396e-13 8.04603756437873e-13 1.1280153095666432e-14
45.8429814544115 6.8787576349380935e-22 8.370517248537222e-13 8.234459255388239e-13 1.3605799314898487e-14
47.23916046383907 6.849872052439648e-22 8.589226655762578e-13 8.425390625675908e-13 1.638360300866691e-14
48.67786104940597 6.822602860983908e-22 8.815582452351706e-13 8.618493563752772e-13 1.97088888598934e-14
50.16037823447602 6.797383288211936e-22 9.050487963348257e-13 8.813825992103096e-13 2.3666197124515968e-14
51.68804648322576 6.774849490762673e-22 9.295209938844872e-13 9.011375916119583e-13 2.8383402272528907e-14
53.26224090184056 6.754153952153573e-22 9.549042432557724e-13 9.209300938013612e-13 3.397414945441121e-14
54.884378476295105 6.736729980833821e-22 9.814480670884687e-13 9.4084242057546e-13 4.06056465130086e-14
56.55591934783037 6.7265051428683915e-22 1.0098037475591541e-12 9.613719087314801e-13 4.8431838827674173e-14
58.27836812727644 6.724411113829023e-22 1.0402340675212065e-12 9.825691447510673e-13 5.766492277013923e-14
60.05327524940399 6.728632212646773e-22 1.0725879704370728e-12 1.0038498462619665e-12 6.87381241751063e-14
61.88223836852342 6.740845575928076e-22 1.1072605464155663e-12 1.0251901435354388e-12 8.207040288012782e-14
62.81758386220369 6.752192820583167e-22 1.125888795258295e-12 1.0361977384333314e-12 8.96910568249641e-14
63.7670670344103 6.768899097201204e-22 1.1457343013205366e-12 1.0475030260647556e-12 9.823127525578088e-14
65.70913619443517 6.81917966108401e-22 1.1893983283879317e-12 1.071130900259668e-12 1.1826742812826317e-13
67.71035238438829 6.884776196460958e-22 1.2374120310796951e-12 1.0952592235826445e-12 1.4215280749705082e-13
69.77251696707448 6.965196759469775e-22 1.2899925801389823e-12 1.119599479910823e-12 1.703931002281591e-13
71.89748616702131 7.069474117197089e-22 1.349181096893258e-12 1.1452466987057605e-12 2.039343981874978e-13
74.08717274132995 7.203794998701514e-22 1.4166866466297432e-12 1.1729601736713478e-12 2.437264729583953e-13
76.34354770141287 7.367782265713685e-22 1.4930644462546422e-12 1.2020486638038072e-12 2.9101578245083456e-13
78.66864208716851 7.563276722432081e-22 1.5793597919313713e-12 1.232111696339021e-12 3.4724809559234995e-13
81.06454879518883 7.799357169707628e-22 1.6782598778556443e-12 1.2640373718641709e-12 4.142225059914737e-13
83.5334244626476 8.088138285837164e-22 1.7934046303178293e-12 1.2986589016582609e-12 4.947457286595682e-13
86.07749140856238 8.429767494332685e-22 1.926081372114572e-12 1.3358376916358372e-12 5.902436804787349e-13
88.69903963417964 8.822372608684109e-22 2.0771781556266558e-12 1.3755265875546347e-12 7.016515680720207e-13
91.4004288842828 9.275715280556062e-22 2.250427758416504e-12 1.4183769811091084e-12 8.320507773073956e-13
94.18409077127889 9.796903611053629e-22 2.4492652330048794e-12 1.4650824242193954e-12 9.841828087854838e-13
97.05253096397554 1.0393279069223858e-21 2.6774963485529184e-12 1.5160130337382339e-12 1.1614833148146843e-12
100.00833144301866 1.10849916320269e-21 2.942666086495667e-12 1.5717486122626778e-12 1.370917474232988e-12
103.05415282502196 1.1872693829881533e-21 3.2477620214479146e-12 1.6328197177383875e-12 1.6149423037095275e-12
106.19273675747671 1.2780501913378488e-21 3.6025677436056733e-12 1.6995859971127753e-12 1.9029817464928974e-12
109.4269083866038 1.3806927482600805e-21 4.010426914828972e-12 1.772916472269357e-12 2.237510442559615e-12
112.75957890036308 1.493765058116386e-21 4.471005196834856e-12 1.8541658585798364e-12 2.6168393382550192e-12
116.1937481489129 1.6181926060735793e-21 4.990940665188242e-12 1.943805037698359e-12 3.0471356274898833e-12
119.73250734487735 1.751843190641922e-21 5.567711707698622e-12 2.041803135156078e-12 3.5259085725425452e-12
123.37904184585196 1.895666492626898e-21 6.2083009293948755e-12 2.149309656089322e-12 4.058991273305555e-12
127.13663402165271 2.047412519056854e-21 6.9094821102867205e-12 2.2683577938980326e-12 4.641124316388688e-12
131.0086662088879 2.207296038869894e-21 7.675912971358247e-12 2.3994635694290387e-12 5.276449401929208e-12
134.99862375551584 2.3720737199386687e-21 8.500157173331442e-12 2.5421384452646235e-12 5.958018728066816e-12
139.11009815812417 2.541444279492765e-21 9.384446925307424e-12 2.6973165061366034e-12 6.687130419170824e-12
143.3467902947586 2.715463095829127e-21 1.0332402385519049e-11 2.867166696698406e-12 7.465235688820645e-12
147.71251375620898 2.8930090752426308e-21 1.1343224252300019e-11 3.0522765187400797e-12 8.290947733559936e-12
152.21119827875228 3.088963263971699e-21 1.2480407948268005e-11 3.251843780716944e-12 9.228564167551062e-12
156.84689328144228 3.3041860406162164e-21 1.3756559978738036e-11 3.466036853215395e-12 1.0290523125522642e-11
159.21741877681018 3.412589933192199e-21 1.4422618544120045e-11 3.5790318418431673e-12 1.084358670227688e-11
161.62377151112827 3.519490494721502e-21 1.5099218385891293e-11 3.6960578192378226e-12 1.140316056665347e-11
166.54613279848823 3.727298723760349e-21 1.6477760510504286e-11 3.9421650312899564e-12 1.2535595479214336e-11
171.61840792845166 3.935461266014509e-21 1.792788031128363e-11 4.2034094496886225e-12 1.372447086159501e-11
176.84516262850022 4.1460529166752e-21 1.9462447701071368e-11 4.479047464438421e-12 1.4983400236632948e-11
179.5181642894721 4.2495683019366316e-21 2.024988893450983e-11 4.622209607048825e-12 1.5627679327461e-11
182.2315681744764 4.344718908480906e-21 2.101622597593592e-11 4.768823456340247e-12 1.624740251959567e-11
187.78155384880017 4.511160597547751e-21 2.2485919407039185e-11 5.0719442381391585e-12 1.741397516890003e-11
190.61961427604518 4.590673071270448e-21 2.3228083826649642e-11 5.2281110853312825e-12 1.7999972741318356e-11
193.5005680909718 4.668342568916954e-21 2.3978079460291793e-11 5.387099355768933e-12 1.8590980104522856e-11
199.3937587803602 4.82284881806519e-21 2.5526110310234446e-11 5.712846425003534e-12 1.981326388523091e-11
205.46643057848152 4.9758991096095104e-21 2.713825228385446e-11 6.047109966736596e-12 2.1091142317117865e-11
211.72404970390772 5.143706072833973e-21 2.8907848434593914e-11 6.387521557331288e-12 2.2520326877262616e-11
218.17224885259444 5.2979400213169914e-21 3.068145693176833e-11 6.732459774402896e-12 2.394899715736544e-11
224.8168322680627 5.4133505301328725e-21 3.2304602912306094e-11 7.080487337009111e-12 2.5224115575296983e-11
231.66378096599615 5.500023126480358e-21 3.382143956435712e-11 7.428003352068932e-12 2.6393436212288193e-11
238.71925811795668 5.552668246605806e-21 3.5185085909987e-11 7.770672846279952e-12 2.7414413063707057e-11
245.98961459906556 5.575824822412556e-21 3.6407874549132956e-11 8.107052747806978e-12 2.830082180132597e-11
249.71106150874405 5.568090599787859e-21 3.690740470214324e-11 8.273176085438147e-12 2.8634228616705097e-11
253.4888082224776 5.546140245390944e-21 3.7318060978959e-11 8.437517378328187e-12 2.8880543600630824e-11
261.20898134247824 5.487905377838393e-21 3.805083164868655e-11 8.756751007253685e-12 2.929408064143287e-11
269.1642775569489 5.440685097266199e-21 3.8872318507205055e-11 9.058905893901015e-12 2.981341261330404e-11
277.3618576987742 5.382218667640841e-21 3.962575122984818e-11 9.343126149069674e-12 3.028262508077852e-11
285.8091006888481 5.2507998522787574e-21 3.983556220593906e-11 9.610820811874485e-12 3.0224741394064576e-11
294.5136101780917 5.088037891499516e-21 3.977636931784919e-11 9.857686715297954e-12 2.991868260255124e-11
303.4832213917586 4.9445403646026465e-21 3.983181030383066e-11 1.0078372518539559e-11 2.9753437785291114e-11
312.7260081821858 4.800187603470744e-21 3.9846634425699066e-11 1.0272319406945172e-11 2.9574315018753894e-11
322.25029029634635 4.656352618647772e-21 3.9829844572187946e-11 1.0440650172112611e-11 2.938919440007534e-11
332.0646408647343 4.506783586446953e-21 3.972453024384646e-11 1.0581202137472109e-11 2.9143328106374345e-11
342.17789411833206 4.3407457525162805e-21 3.94262735815083e-11 1.0691450786063496e-11 2.8734822795444803e-11
352.59915334060224 4.163479615622251e-21 3.8967912455184837e-11 1.0770985763372684e-11 2.8196926691812146e-11
363.337799061663 3.9854681080432735e-21 3.843787342995e-11 1.0820405861753414e-11 2.761746756819659e-11
374.40349750202313 3.806654794076488e-21 3.7831435850985954e-11 1.083958810184443e-11 2.6991847749141533e-11
380.062092440151 3.716763518865135e-21 3.7496343394953477e-11 1.0837960209712905e-11 2.665838318524056e-11
385.80620927347337 3.626657825630648e-21 3.7140284655657865e-11 1.0828938744239861e-11 2.6311345911418006e-11
397.5561983449763 3.446027392222949e-21 3.636525919180726e-11 1.0788891031408381e-11 2.5576368160398884e-11
409.6640412816112 3.2621577110345965e-21 3.547335224819958e-11 1.0719430102598696e-11 2.4753922145600875e-11
415.8555509384264 3.1695167301907733e-21 3.498686139510236e-11 1.0673982709633756e-11 2.43128786854686e-11
422.1406367649012 3.0768719292583733e-21 3.447751956899495e-11 1.0621634485790263e-11 2.385588508320468e-11
434.9972154030873 2.8953069613660395e-21 3.343108905567818e-11 1.0498107182631345e-11 2.2932981873046825e-11
448.24534984018095 2.7189836362134023e-21 3.23513061644794e-11 1.0350554698771429e-11 2.2000751465707967e-11
461.89696517289525 2.5483662630442397e-21 3.12447021380607e-11 1.01789046949683e-11 2.1065797443092406e-11
475.9643496848308 2.383981123198875e-21 3.0119424543716976e-11 9.984430364712621e-12 2.0134994179004356e-11
490.4601659075747 2.2240629111989145e-21 2.895477813802725e-11 9.771313881542489e-12 1.918346425648477e-11
505.39746201868155 2.0682824745696187e-21 2.77467640917958e-11 9.542593259253905e-12 1.8204170832541902e-11
520.7896835867783 1.9194365203310338e-21 2.6534173183532365e-11 9.29904187239032e-12 1.723513131114205e-11
536.6506856743796 1.7787619198125277e-21 2.533838583753191e-11 9.04255565214344e-12 1.6295830185388463e-11
552.9947453093008 1.645370840983299e-21 2.4152063071007465e-11 8.774510670163636e-12 1.5377552400843826e-11
569.8365743358964 1.5190454417710348e-21 2.2976851606267253e-11 8.496683499088623e-12 1.4480168107178625e-11
587.1913326576936 1.3998066018690299e-21 2.181810899318359e-11 8.211002796859475e-12 1.3607106196324118e-11
605.0746418833327 1.287608945133631e-21 2.068056361600877e-11 7.919331625778438e-12 1.2761231990230336e-11
623.502599388115 1.1823547019306252e-21 1.9568407524161543e-11 7.623446185708914e-12 1.194496133845262e-11
642.4917928037942 1.083896138439068e-21 1.8485222672942512e-11 7.32502223790935e-12 1.1160200435033162e-11
662.0593149496696 9.920425000426438e-22 1.743398273273911e-11 7.025643651455965e-12 1.0408339081283149e-11
682.2227792184137 9.065704727552505e-22 1.641712931983637e-11 6.726770581659555e-12 9.690358738176816e-12
703.0003354304876 8.272315529239226e-22 1.543661442691985e-11 6.429755957856833e-12 9.006858469063019e-12
724.4106861714122 7.53757851688439e-22 1.4493929026609132e-11 6.135846575714656e-12 8.358082450894474e-12
746.4731036265977 6.858666330069227e-22 1.3590119401595657e-11 5.846128234560665e-12 7.743991167034989e-12
769.2074469289008 6.232661247757863e-22 1.2725839346206538e-11 5.561561342877569e-12 7.16427800332897e-12
792.6341800345017 5.656607454278828e-22 1.1901405995443824e-11 5.283018614847467e-12 6.6183873805963536e-12
816.7743901432078 5.127546514420546e-22 1.1116834848682176e-11 5.011259658569361e-12 6.105575190112816e-12
841.6498066797607 4.64253317626359e-22 1.0371841634939562e-11 4.74691229958396e-12 5.624929335355602e-12
867.2828208532309 4.1986687910115564e-22 9.665888787753332e-12 4.4904931605172565e-12 5.1753956272360734e-12
893.6965058121084 3.793145926269491e-22 8.998270484773387e-12 4.242436564300853e-12 4.7558339204725325e-12
920.9146374132232 3.4232522352356344e-22 8.368116337699321e-12 4.0030870260942735e-12 4.3650293116050476e-12
948.9617156232121 3.086368496995137e-22 7.774382467502576e-12 3.772691635774374e-12 4.001690831728202e-12
977.8629865717667 2.7799916852966083e-22 7.215907175212434e-12 3.5514186733575544e-12 3.66448850185488e-12
1007.6444652765354 2.501745337907027e-22 6.691444126460508e-12 3.3393656113400618e-12 3.3520785151204435e-12
1038.332959060126 2.249379849416888e-22 6.199674280610465e-12 3.1365630884669054e-12 3.0631111921435595e-12
1069.95609168029 2.0207774511198618e-22 5.739233256511684e-12 2.9429865957089136e-12 2.7962466608027712e-12
1102.542328195006 1.8139519316232387e-22 5.308728059465444e-12 2.7585626301952446e-12 2.5501654292701988e-12
1136.1210005848498 1.6270442375823656e-22 4.9067437929586015e-12 2.583169426789635e-12 2.3235743661689657e-12
1170.7223341557005 1.458320121350767e-22 4.531857074960983e-12 2.4166418860487084e-12 2.1152151889122724e-12
1206.3774747455793 1.306170088150483e-22 4.182658300182394e-12 2.2587856531101165e-12 1.923872647072277e-12
1243.1185167600695 1.1691053051523848e-22 3.85776350069276e-12 2.1093833166861425e-12 1.7483801840066175e-12
1280.9785320615858 1.0457486280429407e-22 3.5558103359043873e-12 1.9681907093735985e-12 1.5876196265307888e-12
1319.9915997384837 9.348284766059119e-23 3.27546176196237e-12 1.8349403040568076e-12 1.4405214579055635e-12
1360.1928367808064 8.3517713435729e-23 3.015424867612054e-12 1.7093523706517512e-12 1.306072496960302e-12
1401.618429690285 7.457257408982e-23 2.77445935351689e-12 1.5911413529408526e-12 1.1833180005760363e-12
1444.305667053031 6.654947839497564e-23 2.5513685878383733e-12 1.4800126079527244e-12 1.0713559798856489e-12
1488.2929731042755 5.935876489978622e-23 2.344999314780792e-12 1.3756615521594793e-12 9.693377626213123e-13
1533.6199423153234 5.2918707021405303e-23 2.1542515032521976e-12 1.2777833424025833e-12 8.764681608496139e-13
1580.327375033885 4.7154955151969415e-23 1.9780799110744895e-12 1.1860774947168793e-12 7.920024163576103e-13
1628.457314209858 4.199993244295888e-23 1.8154922696444176e-12 1.100245674036567e-12 7.152465956078502e-13
1678.0530832396191 3.739220772384285e-23 1.665544481503426e-12 1.0199895759706364e-12 6.455549055327897e-13
1729.1593249628888 3.327610924532791e-23 1.5273444303249962e-12 9.450166756769515e-13 5.823277546480448e-13
1781.8220418472597 2.960132382871453e-23 1.400054346070412e-12 8.750446698552155e-13 5.250096762151956e-13
1836.0886373966016 2.632235488052625e-23 1.2828852624454288e-12 8.097986949775619e-13 4.730865674678667e-13
1892.007958820556 2.33980929422195e-23 1.1750946628401508e-12 7.490102995075372e-13 4.2608436333261407e-13
1949.6303410035755 2.0791440738145927e-23 1.0759851874882506e-12 6.92419437767775e-13 3.8356574972047563e-13
2009.0076518130663 1.8469034110839288e-23 9.849069619410355e-13 6.397784879812762e-13 3.451284739597592e-13
2070.1933387874215 1.6400853546225584e-23 9.012531391443153e-13 5.908498881985626e-13 3.1040325094575267e-13
2133.242477245972 1.4559855985017045e-23 8.244545803711701e-13 5.454041687906642e-13 2.79050411580506e-13
2198.211819864143 1.2921756162872184e-23 7.53981193326785e-13 5.032224407580284e-13 2.507587525687566e-13
2265.1598477584885 1.1464774544276719e-23 6.89340518490943e-13 4.640966119545327e-13 2.2524390653641032e-13
2334.1468231275226 1.0169371264612843e-23 6.300742144263131e-13 4.2782866805677377e-13 2.0224554636953926e-13
2405.2348434957767 9.018048646652351e-24 5.75757353475333e-13 3.942308422310306e-13 1.8152651124430259e-13
2478.487897609897 7.995147793279643e-24 5.259963516914314e-13 3.6312558095115587e-13 1.6287077074027565e-13
2553.971923037092 7.08663793221684e-24 4.804252182761523e-13 3.34344434488612e-13 1.4608078378754025e-13
2631.7548655177807 6.2799763598642545e-24 4.387052952691724e-13 3.0772849829469506e-13 1.3097679697447726e-13
2711.906740125872 5.563961557530726e-24 4.0052377816419056e-13 2.831280615284884e-13 1.173957166357023e-13
2794.4996942916955 4.9285873025870914e-24 3.6559138508951416e-13 2.6040213668024493e-13 1.0518924840926932e-13
2879.6080727443887 4.364928513845869e-24 3.3364141233880877e-13 2.394184797729178e-13 9.422293256589109e-14
2967.308484432098 3.865027172003452e-24 3.0442806193800614e-13 2.2005313184457107e-13 8.437493009343515e-14
3057.6798714803062 3.4217828908924714e-24 2.7772431089804834e-13 2.0218965818140594e-13 7.553465271664242e-14
