Dust emission spectrum from A.P. Jones, M. Kohler, N. Ysard, M. Bocchio, and L. Verstraete (2017), A&A, 602A, 46J 
inside the DustPedia framework.

lambda    nu*dP/dnu     j_nu    j_nu(carb.) j_nu(sil)
 (um)   (erg s-1 H-1) (Jy cm2 sr-1 H-1)
0.9927057738263894 6.320393176454856e-21 1.6654595011124167e-13 1.665459302255877e-13 1.9885653957984346e-20
1.0001793341362166 6.426574154110394e-21 1.7061878029327786e-13 1.7061875636478423e-13 2.392849371485636e-20
1.0077091589558085 6.533193746233682e-21 1.747552278131334e-13 1.7475519905832594e-13 2.875480743217525e-20
1.0114953028030835 6.586663476799115e-21 1.7684744045963283e-13 1.7684740895386318e-13 3.1505769689888944e-20
1.0152956718711033 6.640237494092707e-21 1.7895571837578406e-13 1.789556838674221e-13 3.450836202429075e-20
1.0229392996569957 6.747639380729829e-21 1.8321927532285427e-13 1.8321923396458736e-13 4.135826690889756e-20
1.0267826658714554 6.801345462610873e-21 1.853714282092402e-13 1.8537138295294106e-13 4.525629919660207e-20
1.0306404723013447 6.855146623640552e-21 1.8753976787697015e-13 1.875397183718106e-13 4.950515955439286e-20
1.03451277320114 6.909041365091482e-21 1.897243541960815e-13 1.8972430006126696e-13 5.413481456589652e-20
1.0383996230291617 6.963028241924946e-21 1.919252484653053e-13 1.919251892876626e-13 5.917764271345188e-20
1.0403485208654093 6.990055794555612e-21 1.930318306432371e-13 1.9303176877841825e-13 6.186481885480445e-20
1.0423010764483396 7.017105864170464e-21 1.9414251347520046e-13 1.941424488065848e-13 6.466861567818768e-20
1.0462171883269815 7.07127289830076e-21 1.9637621357230497e-13 1.9637614292681268e-13 7.06454922190846e-20
1.0471985131304309 7.084828476652749e-21 1.9693721427298344e-13 1.969371420526428e-13 7.222034064559913e-20
1.048180758391296 7.098389543866332e-21 1.9749924732833278e-13 1.9749917349957608e-13 7.382875674981406e-20
1.0501480137395462 7.125528068601555e-21 1.9862641472429968e-13 1.9862633757527423e-13 7.714902542321805e-20
1.0521189612883777 7.152688322299232e-21 1.997577242703257e-13 1.9975764365842918e-13 8.061189656921369e-20
1.0531058218030118 7.166258636733461e-21 2.0032443424959354e-13 2.0032435185085697e-13 8.239873655527422e-20
1.0540936079674168 7.179775638046105e-21 2.0089053989738393e-13 2.0089045567355167e-13 8.42238322617036e-20
1.058054026499678 7.233894705303831e-21 2.0316526562171927e-13 2.031651737033194e-13 9.191839991349923e-20
1.0590464539527713 7.247437153457154e-21 2.037365283161169e-13 2.0373643437153238e-13 9.394458466037843e-20
1.06003981227728 7.260984641348239e-21 2.0430882573361224e-13 2.0430872972017377e-13 9.601343845071639e-20
1.0620293250338977 7.288094672749727e-21 2.054565292333181e-13 2.0545642895073552e-13 1.0028258261690996e-19
1.0660195594769086 7.342374527055557e-21 2.077644027878449e-13 2.077642934163043e-13 1.0937154063283237e-19
1.070024785945596 7.396733320067065e-21 2.1008896031682287e-13 2.1008884107211973e-13 1.1924470310604218e-19
1.0740450607676866 7.451170170125608e-21 2.1243027789891496e-13 2.124301479328395e-13 1.2996607548377515e-19
1.07808044048254 7.505684263381211e-21 2.1478843373218508e-13 2.1478829212761787e-13 1.416045672690268e-19
1.0861967418109137 7.614858157666418e-21 2.1955318764251388e-13 2.1955301970730938e-13 1.679352045617499e-19
1.0902777775684922 7.669327721020434e-21 2.2195446674527042e-13 2.2195428395227423e-13 1.8279299615038375e-19
1.0943741465085532 7.723868726867593e-21 2.2437276597248362e-13 2.2437256707255183e-13 1.988999318295217e-19
1.1026131145906286 7.833163383151567e-21 2.2926078328099454e-13 2.2926054801580004e-13 2.3526519447465853e-19
1.1109141095355224 7.942739528329946e-21 2.342179828670106e-13 2.3421770495132015e-13 2.779156904939277e-19
1.1192775983109025 8.052510420861678e-21 2.3924261473453693e-13 2.3924228686346675e-13 3.2787107015233936e-19
1.1277040513999907 8.162083492138285e-21 2.4432370566015947e-13 2.4432331935528523e-13 3.863048742443914e-19
1.1361939428280308 8.271925273835299e-21 2.4947584666853457e-13 2.4947539210262556e-13 4.545659089886699e-19
1.1447477501889525 8.382038536689171e-21 2.546999647758828e-13 2.5469943057358183e-13 5.342023010104935e-19
1.1533659546722406 8.49246606740324e-21 2.5999822375180595e-13 2.599975967623689e-13 6.269894369847186e-19
1.1707974979042381 8.714603717414106e-21 2.708313045961133e-13 2.708304441529399e-13 8.60443173343827e-19
1.1884924949847024 8.938066160105031e-21 2.819742444760697e-13 2.819730695814326e-13 1.1748946370540193e-18
1.2064549276569216 9.164371572511549e-21 2.934831853836879e-13 2.9348158905619334e-13 1.5963274945071224e-18
1.2246888378427687 9.392100163693904e-21 3.0532186615623617e-13 3.053197078761477e-13 2.1582800884924115e-18
1.2431983285522175 9.621097565996602e-21 3.174932301830428e-13 3.174903262946326e-13 2.903888410173517e-18
1.2619875648066055 9.85173313926416e-21 3.300176351432932e-13 3.300137467927095e-13 3.8883505837981775e-18
1.3004222497298317 1.0316686801150494e-20 3.5611811899154757e-13 3.561112456530819e-13 6.873338465538683e-18
1.3400274889804893 1.0788724867272824e-20 3.8375430318696753e-13 3.8374237644418247e-13 1.1926742785218643e-17
1.3808389325824078 1.1270041000050069e-20 4.1308359929067147e-13 4.130632742025276e-13 2.032508814384e-17
1.4228933163050095 1.1765205751014496e-20 4.4436648790595847e-13 4.4433245373806527e-13 3.403416789312991e-17
1.466228494730424 1.2283375641170631e-20 4.780670610513425e-13 4.780110353156784e-13 5.602573566400096e-17
1.5108834753276823 1.2824572622626232e-20 5.143317158530706e-13 5.142410087351724e-13 9.07071178981477e-17
1.5568984535646726 1.3389641048046004e-20 5.533483952998728e-13 5.532038060716843e-13 1.4458922818848838e-16
1.6043148490894465 1.3983336426013574e-20 5.954836514726979e-13 5.952563064832634e-13 2.273449894344234e-16
1.6531753430134553 1.4610982227088616e-20 6.41161984897768e-13 6.408097987633815e-13 3.5218613438648253e-16
1.7035239163302658 1.5278928436894947e-20 6.908926379981997e-13 6.903549905957359e-13 5.376474024642122e-16
1.755405889504358 1.6001440275588517e-20 7.456002741645768e-13 7.447910335939363e-13 8.092405706407219e-16
1.8088679632656115 1.678209106168954e-20 8.057909277103307e-13 8.045895899062404e-13 1.2013378040903e-15
1.8639582606462262 1.7624834010521366e-20 8.720284450845913e-13 8.702687743798653e-13 1.7596707047255481e-15
1.9207263702978936 1.8536799153256335e-20 9.450824019816525e-13 9.425382777592406e-13 2.544124222411344e-15
1.979223391128241 1.9527043533388745e-20 1.0258898724056186e-12 1.0222578227103977e-12 3.632049695220975e-15
2.039501978296691 2.0605048191765464e-20 1.1154938970492159e-12 1.1103720746629886e-12 5.121822386227184e-15
2.1016163906111602 2.1787179145074576e-20 1.215413019879453e-12 1.2082757259861279e-12 7.137293893325355e-15
2.1656225393682647 2.308622185529582e-20 1.3271043134084908e-12 1.3172726737969206e-12 9.83163961157043e-15
2.231578038680979 2.4509204114377345e-20 1.4518131324397436e-12 1.4384214763051037e-12 1.3391656134639875e-14
2.299542257339062 2.6067225192026737e-20 1.5911298804130241e-12 1.5730877105487878e-12 1.8042169864236324e-14
2.369576372248914 2.7774363431832124e-20 1.7469652159807468e-12 1.722914563750901e-12 2.4050652229845667e-14
2.4417434235010123 2.964594468703867e-20 1.9214750681430665e-12 1.889744622415971e-12 3.1730445727095175e-14
2.5161083711144245 3.1702411761805256e-20 2.117342320702022e-12 2.075897184055052e-12 4.144513664696947e-14
2.5927381535095444 3.397014963044927e-20 2.3378979572407457e-12 2.2842872311027037e-12 5.3610726138042315e-14
2.6717017477616296 3.6473247734741254e-20 2.586615311733856e-12 2.5179213384732364e-12 6.869397326061928e-14
2.753070231689431 3.92408986719845e-20 2.8676468587268237e-12 2.7804348132972075e-12 8.721204542961624e-14
2.836916847834745 4.2333165307725426e-20 3.1878419546359784e-12 3.078107901547056e-12 1.097340530889218e-13
2.9233170693905177 4.5865915730922356e-20 3.559060940102407e-12 3.422212436993643e-12 1.3684850310876235e-13
2.967498994190263 4.7883932666890975e-20 3.7718101503741255e-12 3.6197922444947672e-12 1.520179058793578e-13
3.0123486681368425 5.0033397430748305e-20 4.000687832309792e-12 3.8320377225764826e-12 1.6865010973330957e-13
3.0578761833420214 5.2965971607615646e-20 4.299186376010412e-12 4.112269552723974e-12 1.8691682328643638e-13
3.1040917844459814 5.626523894856212e-20 4.636007768136367e-12 4.429258543098651e-12 2.0674922503771693e-13
3.127460860933648 5.884684693845339e-20 4.8852243637686965e-12 4.667874471827904e-12 2.1734989194079176e-13
3.1510058709225794 6.197471991574055e-20 5.183620731467833e-12 4.955234308482282e-12 2.2838642298555046e-13
3.162844764501044 6.455735028214824e-20 5.419921627057297e-12 5.185828823381272e-12 2.3409280367602373e-13
3.1747281389236908 6.743885261972207e-20 5.683111112063072e-12 5.44319944457266e-12 2.399116674904114e-13
3.1986289994194426 7.50177836941877e-20 6.36938546812091e-12 6.117462919431189e-12 2.51922548689721e-13
3.2227097969389145 9.171341537341526e-20 7.845551888795018e-12 7.580915556223742e-12 2.6463633257127484e-13
3.2348180950136065 1.0708372845011343e-19 9.194810454431385e-12 8.923392666457625e-12 2.714177879737622e-13
3.240889293275058 1.1848279653600492e-19 1.0192692571042377e-11 9.917697723443123e-12 2.7499484759925e-13
3.2469718861334385 1.316657995318444e-19 1.1348042198058026e-11 1.106934616124563e-11 2.7869603681239314e-13
3.2714166318528037 2.0053974209796364e-19 1.7414288795035438e-11 1.7120308492988567e-11 2.9398030204687316e-13
3.2744851364798273 2.0488576894359864e-19 1.7808373287437462e-11 1.7512594838262882e-11 2.957784491745797e-13
3.2775565192852394 2.093453054892605e-19 1.8213057093365893e-11 1.791547179023037e-11 2.9758530313552157e-13
3.283707930232385 2.0531660172268224e-19 1.789608452502592e-11 1.7595274191924237e-11 3.0081033310168106e-13
3.2898708863219004 1.9213437968333392e-19 1.6778509172075463e-11 1.6474769588101856e-11 3.0373958397360343e-13
3.29141343181113 1.890208959035888e-19 1.6514357709979683e-11 1.620988272093843e-11 3.044749890412478e-13
3.292184975758714 1.8749032954323143e-19 1.6384475152804856e-11 1.6079631996953424e-11 3.0484315585143137e-13
3.295272960557952 1.779090284516948e-19 1.556176367940449e-11 1.52554895024361e-11 3.062741769683934e-13
3.3076538914384823 1.4449499536727108e-19 1.2686513844032339e-11 1.2374494842721402e-11 3.1201900131093713e-13
3.310756385682612 1.3763448665223135e-19 1.2095502785184382e-11 1.1782036338440579e-11 3.134664467438052e-13
3.313861789986515 1.3128155496556925e-19 1.1548020246439809e-11 1.1233101853649923e-11 3.1491839278988667e-13
3.3200813396944477 1.2246982310708936e-19 1.0793126006696793e-11 1.0475081961030707e-11 3.1804404566608567e-13
3.345076488085796 1.0755122791274182e-19 9.549724853563646e-12 9.217744507653725e-12 3.3198034590992126e-13
3.3482140837626964 1.0829225237157087e-19 9.624541259265343e-12 9.290672718606294e-12 3.338685406590459e-13
3.3513546224236106 1.0903932268856752e-19 9.700027448291682e-12 9.364262514487334e-12 3.3576493380434746e-13
3.3576445397418455 1.1376939687458775e-19 1.0139805068923563e-11 9.800074203931811e-12 3.3973086499175356e-13
3.3702598118196083 1.3055904115317486e-19 1.1679917270923281e-11 1.133186821520245e-11 3.4804905572083026e-13
3.382922481734668 1.3488954618512161e-19 1.2112666861010128e-11 1.1756541920058513e-11 3.561249409516138e-13
3.389271646505754 1.3711655857640288e-19 1.2335754454667912e-11 1.1975537940719574e-11 3.602165139483375e-13
3.395632727569191 1.3955448753395812e-19 1.2578647595278849e-11 1.221421446555051e-11 3.6443312972833496e-13
3.421196662673239 1.512324777508718e-19 1.3733857607972688e-11 1.3351979660089023e-11 3.818779478836653e-13
3.4276182099114902 1.4948133838449622e-19 1.360031139465589e-11 1.3214550469923618e-11 3.8576092473227716e-13
3.4340518103208963 1.408316163907492e-19 1.2837381276092789e-11 1.2447952656057005e-11 3.8942862003578673e-13
3.4469541582030403 1.2851548541579053e-19 1.1758729547851856e-11 1.1362271236962836e-11 3.9645831088901496e-13
3.472904465399547 1.2579658171545346e-19 1.1596611548381024e-11 1.118394476974648e-11 4.1266677863454695e-13
3.4990501388274233 1.2129024411107842e-19 1.1265370221882816e-11 1.0836139505540844e-11 4.2923071634197267e-13
3.5253949054701885 1.0325032799404086e-19 9.662035872652307e-12 9.216749384214353e-12 4.4528648843795456e-13
3.5519380250092896 8.61107135075907e-20 8.11880294043102e-12 7.657407988692753e-12 4.613949517382676e-13
3.578680990867387 7.998995950058658e-20 7.59850050012102e-12 7.119454031201482e-12 4.790464689195377e-13
3.605625307711299 7.821022590452221e-20 7.485375075127295e-12 6.987755915160722e-12 4.976191599665708e-13
3.660119384959845 7.838420212829108e-20 7.61540888621595e-12 7.078851095442028e-12 5.365577907739215e-13
3.715437065384467 7.915582130271495e-20 7.806604934617256e-12 7.229116707500388e-12 5.774882271168665e-13
3.8285932144167436 8.305674659226914e-20 8.440799294664703e-12 7.775757783434786e-12 6.650415112299183e-13
3.94519561050918 8.764867657683506e-20 9.178745689997634e-12 8.418856942961778e-12 7.598887470358564e-13
4.06534921144712 9.253916804780894e-20 9.98603033544601e-12 9.124263248723252e-12 8.617670867227579e-13
4.189162171576248 9.759209718020546e-20 1.085203677918518e-11 9.88132542227737e-12 9.707113569078111e-13
4.316745939156006 1.0272717621641301e-19 1.1770943428956744e-11 1.0684808932986818e-11 1.086134495969923e-12
4.448215356677963 1.0787952293102873e-19 1.2737795006814343e-11 1.153156920145342e-11 1.206225805360923e-12
4.58368876423945 1.130137540377777e-19 1.3750416573261746e-11 1.2419453448349744e-11 1.3309631249120054e-12
4.723288106065518 1.1810852898626596e-19 1.4807956520927383e-11 1.334698864504198e-11 1.4609678758854051e-12
4.867139040275056 1.2311855744714865e-19 1.5906209724059614e-11 1.4313758120052642e-11 1.5924516040069762e-12
4.940699165968905 1.256162252267229e-19 1.6474171497027985e-11 1.4815055411304463e-11 1.6591160857235253e-12
5.015371051989984 1.280569947191671e-19 1.7048093062055083e-11 1.5321936158935215e-11 1.7261569031198644e-12
5.091171501069577 1.3054707667425194e-19 1.7642263777622488e-11 1.584718354774785e-11 1.7950802298746398e-12
5.129500256944802 1.3176653999978962e-19 1.79411233084708e-11 1.6111530194293143e-11 1.829593114177654e-12
5.168117569889187 1.3297950025523218e-19 1.8242590711349518e-11 1.6378086790183524e-11 1.8645039211659943e-12
5.20702561229733 1.3427185401756221e-19 1.8558553901743368e-11 1.6655751963256386e-11 1.9028019384869757e-12
5.246226572918644 1.3554814123701132e-19 1.8876003205924652e-11 1.6934775668449077e-11 1.94122753747557e-12
5.265937586045735 1.3618011472602617e-19 1.9035261007223724e-11 1.70747788573386e-11 1.960482149885127e-12
5.285722656980489 1.3680789996854762e-19 1.9194861434771518e-11 1.721510004590351e-11 1.979761388868006e-12
5.305582063971359 1.3743144250932614e-19 1.935479493813507e-11 1.7355732139438356e-11 1.999062798696711e-12
5.3255160863122235 1.3806605954365455e-19 1.9517224783879427e-11 1.749867214152647e-11 2.0185526423529592e-12
5.365609099470188 1.3944092610296896e-19 1.985997609434643e-11 1.7801086212606174e-11 2.0588898817402564e-12
5.406003951863644 1.408037823780041e-19 2.0205058546478798e-11 1.810571206576702e-11 2.0993464807117822e-12
5.446702915881641 1.4215458220379138e-19 2.0552468164309204e-11 1.8412565433064353e-11 2.139902731244845e-12
5.487708281020852 1.4352178452317666e-19 2.0906352828298498e-11 1.8725623896387076e-11 2.180728931911424e-12
5.529022354014368 1.451291665290037e-19 2.1299650632965647e-11 1.907636678412023e-11 2.2232838488454223e-12
5.570647458961463 1.4674134115769396e-19 2.1698394050991507e-11 1.9432440538605806e-11 2.2659535123856977e-12
5.612585937458331 1.483598855324414e-19 2.2102883082882205e-11 1.9794165224407942e-11 2.3087178584742625e-12
5.654840148729818 1.500288654029931e-19 2.2519803191662168e-11 2.0168014106817038e-11 2.3517890848451387e-12
5.67608639626678 1.5105399797087163e-19 2.2758867878339174e-11 2.0384510635939577e-11 2.3743572423996004e-12
5.686739436050992 1.515710258272723e-19 2.2879627657627286e-11 2.0493974072658852e-11 2.385653584968433e-12
5.6974124697621304 1.520911613499838e-19 2.3001230542174935e-11 2.0604272863483213e-11 2.396957678691723e-12
5.718818669136295 1.531411720852779e-19 2.3247043379310465e-11 2.082745553946191e-11 2.4195878398485578e-12
5.740305295436557 1.5425726118751394e-19 2.350444712339514e-11 2.106201802569962e-11 2.442429097695524e-12
5.7835210386641895 1.5696643000418126e-19 2.4097308282714403e-11 2.1607692300691713e-11 2.4896159820226824e-12
5.827062130521658 1.5990874344861724e-19 2.4733825497780038e-11 2.2196430030301696e-11 2.5373954674783424e-12
5.8489554468988025 1.6188342025590369e-19 2.5133334877350106e-11 2.2570030685680765e-11 2.56330419166934e-12
5.870931020387893 1.6394013046683333e-19 2.5548281172277886e-11 2.29589995645643e-11 2.589281607713578e-12
5.892989160043636 1.6608566309456727e-19 2.5979884741987014e-11 2.3364559594578312e-11 2.615325147408697e-12
5.915130176081913 1.6847109327580939e-19 2.6452037758155485e-11 2.380968145327971e-11 2.6423563048757712e-12
5.95966208400165 1.7497535931514836e-19 2.76801196315431e-11 2.4975543928954734e-11 2.7045757025883605e-12
6.004529249263818 1.84012393455161e-19 2.932887955247272e-11 2.655393647264025e-11 2.7749430798324655e-12
6.027089341400364 1.901860200554472e-19 3.0426756048020045e-11 2.7610842757146436e-11 2.8159132908736074e-12
6.049734195844842 1.9733310751886252e-19 3.1688791845796955e-11 2.882941280572297e-11 2.8593790400739976e-12
6.095279466722835 2.176962444923204e-19 3.5221998379787027e-11 3.2254720440595294e-11 2.967277939191737e-12
6.141167624020661 2.4831812682931805e-19 4.047890988460137e-11 3.7370281905936075e-11 3.1086279786653022e-12
6.164241091010745 2.6776205584064074e-19 4.3812504814372554e-11 4.061453130356332e-11 3.1979735108092606e-12
6.187401249150058 2.894165577587997e-19 4.7533641626723645e-11 4.424404688015055e-11 3.2895947465731036e-12
6.1990139391386085 2.9991694580465494e-19 4.935066972824312e-11 4.601447821389894e-11 3.3361915143441844e-12
6.204828454712694 3.054064341664359e-19 5.030108980493651e-11 4.6941375855214494e-11 3.3597139497220256e-12
6.210648424152782 3.0937792160258273e-19 5.100299690812441e-11 4.7623381785017155e-11 3.3796151231072748e-12
6.233982942956859 3.226203626913306e-19 5.338593062998635e-11 4.993752317425933e-11 3.448407455727031e-12
6.239830258556775 3.241728339292428e-19 5.369314296920932e-11 5.023563669742264e-11 3.4575062717866995e-12
6.245683058788269 3.241216761370027e-19 5.3735024480326595e-11 5.0268409484759366e-11 3.4666149955672166e-12
6.257405133728602 3.2332313842733683e-19 5.3703240592922593e-11 5.022094349435712e-11 3.4822970985654666e-12
6.269149208991335 3.201705404084014e-19 5.3279410188671785e-11 4.979261513719374e-11 3.4867950514780365e-12
6.280915325867298 3.129313782920975e-19 5.2172480409094123e-11 4.8695000330645894e-11 3.4774800784482154e-12
6.304513850009849 2.953506162220946e-19 4.942639294063851e-11 4.5980014750658296e-11 3.4463781899802072e-12
6.32820103803542 2.740734919608473e-19 4.603803023938574e-11 4.263602101911657e-11 3.402009220269167e-12
6.3519772230701035 2.547273787843446e-19 4.2949092502339855e-11 3.958720412017136e-11 3.361888382168507e-12
6.375842739491607 2.383520046613642e-19 4.033906601247373e-11 3.701292725228842e-11 3.3261387601853236e-12
6.399797922933955 2.255167632507255e-19 3.8310209225710194e-11 3.500412912709595e-11 3.3060800986142346e-12
6.42384311029221 2.147669819260254e-19 3.662114111514814e-11 3.3331979762370774e-11 3.2891613527773575e-12
6.447978639727206 2.0704879462494652e-19 3.543771651543503e-11 3.2153273930930816e-11 3.2844425845042155e-12
6.472204850670314 2.0058485109267012e-19 3.446036062995769e-11 3.117822616096335e-11 3.2821344689943303e-12
6.496522083828205 1.964456060176221e-19 3.38760426799051e-11 3.058636352162415e-11 3.2896791582809464e-12
6.520930681187647 1.9294714675968057e-19 3.339776291403994e-11 3.0099077657385405e-11 3.2986852566545202e-12
6.57002334288761 1.893730077462419e-19 3.3025881829705783e-11 2.969565452469611e-11 3.330227305009659e-12
6.619489833774732 1.8889983098845066e-19 3.319139623620181e-11 2.9818793550281484e-11 3.3726026859203257e-12
6.6693287637831435 1.8999415805708778e-19 3.3635029038072906e-11 3.021573451030053e-11 3.4192945277723813e-12
6.719538636694507 1.9129889881038564e-19 3.412096918619588e-11 3.065732859440665e-11 3.4636405917892343e-12
6.770126513364129 1.9490166624715286e-19 3.502529239109386e-11 3.151280367412699e-11 3.512488716966874e-12
6.8210952395837445 2.004115687543125e-19 3.628660473392652e-11 3.271837591401711e-11 3.5682288199094127e-12
6.872447682569556 2.073074053126428e-19 3.7817750425463293e-11 3.4187155730696204e-11 3.6305946947670992e-12
6.924186731123532 2.1593208110764517e-19 3.968764915916888e-11 3.5988391606724344e-11 3.699257552444541e-12
6.976315295795916 2.2281520349374e-19 4.126105749191314e-11 3.749235994255309e-11 3.76869754936005e-12
7.028836309048954 2.2379705898958116e-19 4.1754879760796444e-11 3.7922149343165386e-11 3.832730417631063e-12
7.081752725421856 2.208476058151657e-19 4.151479396528969e-11 3.762068943709253e-11 3.894104528197168e-12
7.135067521697011 2.188920310824044e-19 4.145696180864521e-11 3.74939792017199e-11 3.962982606925309e-12
7.1887836970674375 2.206785100386617e-19 4.210996616336921e-11 3.806486672262952e-11 4.045099440739697e-12
7.242904273305506 2.2682939338825427e-19 4.3609540405348845e-11 3.9465364164249215e-11 4.1441762410996344e-12
7.297432294932914 2.36438741440952e-19 4.579922681851254e-11 4.153101867944397e-11 4.268208139068578e-12
7.352370829391971 2.4742350741194343e-19 4.828784181674359e-11 4.3849856655103144e-11 4.4379851616404335e-12
7.379995003818881 2.5426314806463114e-19 4.9809125926965135e-11 4.526989189081584e-11 4.5392340361492994e-12
7.407722967218148 2.61717817868781e-19 5.146209426424404e-11 4.681707346335958e-11 4.645020800884451e-12
7.463496598684601 2.8047024882125114e-19 5.5564648591041804e-11 5.068041089484251e-11 4.884237696199279e-12
7.519690156487492 3.0444752680867487e-19 6.076896359821254e-11 5.560320484907242e-11 5.165758749140118e-12
7.533803324048627 3.1139781635315435e-19 6.227292628473188e-11 5.7027198994250546e-11 5.245727290481327e-12
7.547942979602549 3.186024444048699e-19 6.383327801345034e-11 5.850632891620752e-11 5.32694909724282e-12
7.57630195363571 3.3363454224958025e-19 6.709616784003113e-11 6.160189100142555e-11 5.4942768386055876e-12
7.590521371821866 3.41190361678325e-19 6.874447422033011e-11 6.316247159503032e-11 5.5820026252997845e-12
7.604767477414989 3.4900585739221433e-19 7.045115030258841e-11 6.478001334674536e-11 5.671136955843025e-12
7.633339951266878 3.6450558430584793e-19 7.385641504593324e-11 6.800712354582874e-11 5.8492915001044785e-12
7.662019777021956 3.7612332500227414e-19 7.649674718992646e-11 7.048788177682393e-11 6.00886541310251e-12
7.690807358020558 3.8351469565833085e-19 7.829307963500035e-11 7.21513054400731e-11 6.1417741949272196e-12
7.719703099118437 3.8649984176101304e-19 7.919893673632e-11 7.295292239680429e-11 6.246014339515714e-12
7.748707406692464 3.8441169361926253e-19 7.906700446257139e-11 7.272079724086862e-11 6.346207221702779e-12
7.777823177463063 3.791006166704519e-19 7.826759508242208e-11 7.17017100386179e-11 6.565885043804184e-12
7.807048350752435 3.716303097468928e-19 7.701360079412655e-11 7.019346367354202e-11 6.820137120584533e-12
7.836380830085272 3.616199463780108e-19 7.522069539701832e-11 6.814924379256335e-11 7.071451604454962e-12
7.851088371676256 3.5477111348461817e-19 7.393456974808505e-11 6.675419642249785e-11 7.180373325587209e-12
7.86582351679805 3.4753966599767227e-19 7.256346463614311e-11 6.52818219784178e-11 7.281642657725307e-12
7.89537682495964 3.316576245432847e-19 6.950759811649557e-11 6.205325296431321e-11 7.45434515218233e-12
7.9250411701946435 3.1485416322943747e-19 6.623391102435627e-11 5.859649870710811e-11 7.63741231724817e-12
7.939915112024199 3.061343035346769e-19 6.452043533764216e-11 5.6785731184591366e-11 7.734704153050786e-12
7.954816969689239 2.979090670860429e-19 6.290473629541959e-11 5.5067540374426114e-11 7.837195920993473e-12
7.9847046421970465 2.8288702701619534e-19 5.995719688914146e-11 5.18965540086615e-11 8.060642880479956e-12
8.044817289139356 2.5854791488069733e-19 5.521113277533568e-11 4.661255196132678e-11 8.59858081400891e-12
8.07504310897143 2.5009013470332846e-19 5.3605684137833e-11 4.4682644163889724e-11 8.923039973943281e-12
8.105382492623747 2.4280487319513945e-19 5.2239660520955697e-11 4.2971565372310775e-11 9.268095148644915e-12
8.135835866775926 2.3725620929517953e-19 5.1237649539314155e-11 4.1630955532510293e-11 9.60669400680386e-12
8.166403659710703 2.334588723142072e-19 5.0607007748850626e-11 4.0634044687989646e-11 9.972963060860978e-12
8.197086301319933 2.310018083655943e-19 5.026252709886843e-11 3.990738726171864e-11 1.0355139837149799e-11
8.227884223110665 2.290829344059093e-19 5.003228554830765e-11 3.9273141428556505e-11 1.075914411975115e-11
8.258797858211198 2.2909464479530435e-19 5.0222832996291726e-11 3.8927771320130847e-11 1.1295061676160897e-11
8.289827641377162 2.3279368187619445e-19 5.1225490219306966e-11 3.885123643013745e-11 1.2374253789169508e-11
8.320974008997652 2.3844738753254413e-19 5.2666707277672553e-11 3.899645821520658e-11 1.3670249062465973e-11
8.35223739910135 2.4499633479217136e-19 5.431650910410684e-11 3.9232675113044774e-11 1.5083833991062063e-11
8.383618251362687 2.53421111442418e-19 5.63954048626052e-11 3.9894265145457117e-11 1.650113971714809e-11
8.415117007108037 2.635205107614972e-19 5.886321999028362e-11 4.0825546847917e-11 1.80376731423666e-11
8.446734109321913 2.7497804832363625e-19 6.165329353900595e-11 4.2051709839882227e-11 1.960158369912372e-11
8.478470002653195 2.8788769437086786e-19 6.479030472561331e-11 4.359399932578821e-11 2.1196305399825098e-11
8.542299949622933 3.149116371169325e-19 7.14057129398648e-11 4.688591310643249e-11 2.451979983343231e-11
8.558332380220154 3.2103374318874803e-19 7.293051239303449e-11 4.756396049744993e-11 2.5366551895584557e-11
8.574394900937412 3.2592545960336226e-19 7.418074678485724e-11 4.797384485596409e-11 2.6206901928893174e-11
8.606610438733982 3.315918109354618e-19 7.57539661507874e-11 4.7900402743226055e-11 2.7853563407561347e-11
8.622764948673899 3.328610205340115e-19 7.618665761898543e-11 4.75101744118571e-11 2.8676483207128317e-11
8.638949780445296 3.322252454107811e-19 7.618386703545952e-11 4.670886985873322e-11 2.947499717672629e-11
8.655163606183647 3.3162149108387866e-19 7.618814197039131e-11 4.5896004462618547e-11 3.0292137507772786e-11
8.671407862489573 3.304214469410871e-19 7.60549133042058e-11 4.4945296034494255e-11 3.110961726971156e-11
8.703987895363145 3.266178107664844e-19 7.546187205373311e-11 4.272151492970852e-11 3.274035712402459e-11
8.736690337257128 3.241897689527863e-19 7.518231266873739e-11 4.073518984616716e-11 3.4447122822570225e-11
8.802464289484785 3.2293825056573377e-19 7.545589820453945e-11 3.741842783803422e-11 3.803747036650525e-11
8.868733419248175 3.292952444205803e-19 7.752048706026551e-11 3.5239816714292466e-11 4.228067034597307e-11
8.935501454478851 3.447843004625038e-19 8.17778795115941e-11 3.3807049377687404e-11 4.797083013390669e-11
9.002772151174003 3.6332114191283063e-19 8.682331475503865e-11 3.285395061482647e-11 5.396936414021218e-11
9.07054929360775 3.833190169239574e-19 9.229185743607126e-11 3.220049941019991e-11 6.009135802587136e-11
9.13883669454403 4.043221623280599e-19 9.808168022231694e-11 3.172935497630619e-11 6.635232524601075e-11
9.207638195451068 4.251670882329108e-19 1.0391477885305142e-10 3.141006894191591e-11 7.25047099111355e-11
9.276957666717493 4.478538088919643e-19 1.1028368776038372e-10 3.1125571739106915e-11 7.915811602127679e-11
9.346799007870057 4.693252421609385e-19 1.1644108666194126e-10 3.093881930339499e-11 8.550226735854628e-11
9.417166147792997 4.915342907034663e-19 1.2286932899977126e-10 3.0767328333328425e-11 9.21020006664428e-11
9.488063044949055 5.055080172029986e-19 1.2731367149290876e-10 3.0652295820532903e-11 9.666137567237582e-11
9.559493687602165 5.202556624278197e-19 1.320143493423103e-10 3.0543698774141734e-11 1.0147065056816855e-10
9.631462094041797 5.337671896684682e-19 1.3646256408450009e-10 3.047236449582384e-11 1.0599019958867628e-10
9.703972312809022 5.469598796335701e-19 1.408881456713497e-10 3.040312039656366e-11 1.1048502527478607e-10
9.777099908821425 5.510879074572246e-19 1.4302118351565517e-10 3.0362350968580584e-11 1.1265883254707461e-10
9.924867353363874 5.544951636443608e-19 1.46080385639329e-10 3.030693720061305e-11 1.1577344843871596e-10
10.074868099996943 5.436838752790005e-19 1.4539693610524816e-10 3.030516698453392e-11 1.1509176912071427e-10
10.150790707826552 5.341738749283503e-19 1.4393020715962733e-10 3.031910399212057e-11 1.1361110316750676e-10
10.22721067892732 5.244998971239441e-19 1.4238755834833078e-10 3.03691728916821e-11 1.1201838545664869e-10
10.304205975847633 5.14822991279833e-19 1.408127234175364e-10 3.042315764656459e-11 1.1038956577097178e-10
10.381780929913377 5.020019557785318e-19 1.3833965956683345e-10 3.0530903995405976e-11 1.0780875557142744e-10
10.459939905058707 4.894241279341204e-19 1.3588890469776753e-10 3.0651120292527886e-11 1.0523778440523961e-10
10.538687298071551 4.758465704961614e-19 1.3311374288513924e-10 3.086325492230661e-11 1.0225048796283265e-10
10.618027538840941 4.624562887187523e-19 1.3034187676602183e-10 3.1104602895717756e-11 9.923727387030408e-11
10.697971937068667 4.467103565616094e-19 1.2685188018401877e-10 3.1488242126943647e-11 9.53636380570751e-11
10.778518246224262 4.3175502131086098e-19 1.2352813694059953e-10 3.204790210297868e-11 9.148023483762087e-11
10.859664048220797 4.181095784887102e-19 1.2052466699607262e-10 3.290729207735625e-11 8.761737491871637e-11
10.941420754335242 4.0641263897135825e-19 1.180348786378353e-10 3.423978312189205e-11 8.379509551594325e-11
10.961955922839442 4.0397780979757003e-19 1.175479324749256e-10 3.471226335159733e-11 8.283566912332832e-11
10.982529632329763 4.017830201387097e-19 1.1712871958439047e-10 3.5243075439532995e-11 8.188564414485748e-11
11.023792963743814 3.982926159416087e-19 1.1654743938129568e-10 3.654051764117122e-11 8.000692174012444e-11
11.065211328886559 3.9625291863161674e-19 1.1638623513082036e-10 3.824942164029611e-11 7.813681349052423e-11
11.08597883104876 3.9607617189300505e-19 1.1655266115277067e-10 3.934863835343559e-11 7.720402279933505e-11
11.106785310247485 3.9633994878686926e-19 1.1684917734916883e-10 4.057672735728638e-11 7.627244999188245e-11
11.14851549250461 3.9843004661787894e-19 1.1790671970572675e-10 4.349299363629573e-11 7.441372606943102e-11
11.169441129330048 3.9987307445768523e-19 1.1855586356505281e-10 4.505487468322066e-11 7.350098888183216e-11
11.190406043337886 4.0069576034538323e-19 1.190227623815534e-10 4.643632276840509e-11 7.258643961314831e-11
11.21140851448765 4.013341812002538e-19 1.1943614027014183e-10 4.777214268165417e-11 7.166399758848764e-11
11.22192452720434 4.0178017227366897e-19 1.196810187200347e-10 4.8473886677036025e-11 7.120713204299864e-11
11.232450403670388 4.0096065906128376e-19 1.1954893343579818e-10 4.8762884796747066e-11 7.078604863905115e-11
11.253533585369773 3.982284826334464e-19 1.1895718087525487e-10 4.898945123948173e-11 6.996772963577314e-11
11.274656339961506 3.9487839330306293e-19 1.181778588417196e-10 4.901547254955167e-11 6.916238629216793e-11
11.285231677511122 3.9322881560499003e-19 1.1779456358576078e-10 4.902840122210988e-11 6.87661623636509e-11
11.295816934455262 3.905341912464664e-19 1.1709710032169418e-10 4.872878342810043e-11 6.836831689359374e-11
11.317017243752359 3.8463323900791994e-19 1.155442193747085e-10 4.796842122520211e-11 6.75757981495064e-11
11.338257342390673 3.787841733948508e-19 1.1400071302229745e-10 4.7210863037958367e-11 6.678984998433908e-11
11.359537305047965 3.7276436168715516e-19 1.123995208579712e-10 4.640305040837025e-11 6.599647044960091e-11
11.402217121831576 3.601266227715757e-19 1.0899685524271273e-10 4.4619929269390955e-11 6.437692597332176e-11
11.423617126015266 3.5371708299921237e-19 1.0725785482946026e-10 4.369981707940007e-11 6.35580377500602e-11
11.445057294333186 3.472132228084717e-19 1.0548328834696465e-10 4.2767098406751064e-11 6.271618994021357e-11
11.488058425037956 3.3402566853945104e-19 1.0185817967188809e-10 4.0891449614282324e-11 6.096673005760577e-11
11.53122111869469 3.217736644730217e-19 9.849070124237852e-11 3.922644038586599e-11 5.926426085651254e-11
11.574545982324347 3.1036068947435267e-19 9.535426120657305e-11 3.774667742504466e-11 5.7607583781528427e-11
11.618033625228566 2.9963356672681535e-19 9.240437334312264e-11 3.6443719378744264e-11 5.5960653964378394e-11
11.661684658998247 2.8936149958173577e-19 8.957183534208706e-11 3.5362693195263116e-11 5.42091421468239e-11
11.705499697522141 2.7988127742239006e-19 8.696274473124794e-11 3.452590640146719e-11 5.2436838329780753e-11
11.749479356995494 2.7090594819949045e-19 8.449025024847658e-11 3.386591570103407e-11 5.0624334547442505e-11
11.793624255928705 2.6236008129392365e-19 8.213239306662353e-11 3.3296123200023964e-11 4.883626986659957e-11
11.83793501515603 2.542346750259064e-19 7.988774606165044e-11 3.292189925489088e-11 4.696584680675957e-11
11.882412257844306 2.464307589951228e-19 7.772647346815288e-11 3.259569665528889e-11 4.5130776812863996e-11
11.92705660950172 2.389030421666754e-19 7.563527558801724e-11 3.240593295465968e-11 4.322934263335758e-11
11.971868697986617 2.316437406096053e-19 7.361256443118906e-11 3.225265323590353e-11 4.135991119528555e-11
12.016849153516302 2.2454179706636774e-19 7.162377986553563e-11 3.223646824156575e-11 3.9387311623969876e-11
12.061998608675935 2.1772125357132843e-19 6.970910924382085e-11 3.22462286340927e-11 3.7462880609728136e-11
12.152807060118223 2.0466037641525471e-19 6.602065133997116e-11 3.2517450244765176e-11 3.350320109520598e-11
12.198467333490619 1.9836169814432328e-19 6.422920079869809e-11 3.278470591665646e-11 3.144449488204165e-11
12.244299160690385 1.924108832068216e-19 6.25364174735053e-11 3.308879664222831e-11 2.944762083127701e-11
12.290303186275983 1.864864597758869e-19 6.083861714551123e-11 3.3506892904728515e-11 2.7331724240782732e-11
12.3364800572276 1.8192695829763875e-19 5.957413599897757e-11 3.39648060613873e-11 2.5609329937590244e-11
12.382830422956244 1.8084544039724462e-19 5.944248023543147e-11 3.449896847983769e-11 2.49435117555938e-11
12.429354935312874 1.799005873547796e-19 5.935408363496932e-11 3.505792038509872e-11 2.4296163249870604e-11
12.476058240797144 1.789216965794075e-19 5.925293047312592e-11 3.558623248585784e-11 2.3666697987268073e-11
12.522937033967983 1.7840039470885715e-19 5.930228680683967e-11 3.6118408259684376e-11 2.3183878547155286e-11
12.569987951963114 1.7906010488986911e-19 5.974521509725308e-11 3.650863044539902e-11 2.323658465185405e-11
12.593579661530361 1.7914256089921453e-19 5.988491052721585e-11 3.66242772326506e-11 2.3260633294565255e-11
12.617215648686605 1.7907089140801535e-19 5.997330112716679e-11 3.669010098761637e-11 2.328320013955044e-11
12.664620788327802 1.783162707400811e-19 5.994494917492444e-11 3.662226455097416e-11 2.3322684623950267e-11
12.71220403757155 1.769308963139891e-19 5.970269909596974e-11 3.6346536629975216e-11 2.335616246599454e-11
12.736062662318053 1.7597949935273234e-19 5.949311353377982e-11 3.6122767506260554e-11 2.337034602751925e-11
12.759966065607527 1.7488418298066912e-19 5.92337850315112e-11 3.585072092565815e-11 2.3383064105853058e-11
12.807907544139693 1.722260105422748e-19 5.855262347889949e-11 3.5149411905253847e-11 2.3403211573645635e-11
12.856029147395699 1.6939664472059638e-19 5.780708703760873e-11 3.438727254416275e-11 2.3419814493446e-11
12.904331552136407 1.6648163276302875e-19 5.702578501777887e-11 3.359051582040379e-11 2.3435269197375083e-11
12.95281543766539 1.6355472410265598e-19 5.6233705639271934e-11 3.2786368723457154e-11 2.344733691581477e-11
13.00148148583848 1.6084481698059602e-19 5.550975951072512e-11 3.205074975971469e-11 2.3459009751010438e-11
13.050330381073369 1.5833007909197388e-19 5.4847188229290526e-11 3.137689822478101e-11 2.3470290004509517e-11
13.099362810359226 1.5600251938107225e-19 5.4243938639414346e-11 3.076300181865854e-11 2.348093682075582e-11
13.197981031955921 1.5190720659968392e-19 5.321760314155034e-11 2.971873851819486e-11 2.3498864623355503e-11
13.247568211189632 1.5012456308553875e-19 5.279069187121654e-11 2.928452093445712e-11 2.3506170936759423e-11
13.297341698339563 1.484561488988584e-19 5.24001405936244e-11 2.8887448654585565e-11 2.3512691939038835e-11
13.397450398986955 1.4549376217088196e-19 5.17411366272812e-11 2.822061358071497e-11 2.352052304656623e-11
13.447787020368724 1.4416237342158952e-19 5.146028405067886e-11 2.7939035447728287e-11 2.352124860295058e-11
13.498312765455129 1.4288732769186238e-19 5.1196778450921183e-11 2.7676205316029705e-11 2.3520573134891484e-11
13.59993447169816 1.4052137811078e-19 5.072810617808853e-11 2.721888692852225e-11 2.350921924956631e-11
13.702321234386334 1.3862435539760807e-19 5.042003206786054e-11 2.683045878751976e-11 2.3589573280340778e-11
13.805478813227746 1.392980852037014e-19 5.104650980516441e-11 2.649514128103925e-11 2.4551368524125152e-11
13.90941301129231 1.4026323179826152e-19 5.1787157859772986e-11 2.6182934635538924e-11 2.5604223224234055e-11
13.96167316792965 1.415358227326579e-19 5.2453355303141094e-11 2.6049269974167726e-11 2.6404085328973352e-11
14.014129675338197 1.4287334332409809e-19 5.3147981167069174e-11 2.5923779189620628e-11 2.7224201977448536e-11
14.119634696140762 1.4571614946219485e-19 5.461357173062273e-11 2.572425611530909e-11 2.888931561531362e-11
14.225934008823913 1.4859099263714032e-19 5.611031499264006e-11 2.5533441314658342e-11 3.05768736779817e-11
14.333033593193976 1.5163466728842913e-19 5.769073266673545e-11 2.5342428232389978e-11 3.234830443434547e-11
14.44093947407611 1.545004735849889e-19 5.922358536150363e-11 2.5145849124839956e-11 3.4077736236663674e-11
14.54965772165321 1.5755299992441345e-19 6.084836128145786e-11 2.4950183339998164e-11 3.58981779414597e-11
14.659194451807393 1.6079945269076223e-19 6.256970465365238e-11 2.4755365562816775e-11 3.781433909083559e-11
14.769555826464039 1.6419782612449666e-19 6.437307731478536e-11 2.4560379587692156e-11 3.981269772709321e-11
14.992777389284976 1.7060906948885838e-19 6.78974775333303e-11 2.4156421545850398e-11 4.374105598747991e-11
15.21937263962189 1.7770390501987667e-19 7.17898680666674e-11 2.3757044143856858e-11 4.803282392281055e-11
15.449392566130673 1.8519531484987203e-19 7.594703739746133e-11 2.3342848779637324e-11 5.2604188617824e-11
15.682888928090767 2.0046904147781006e-19 8.345316526636105e-11 2.2936479763243022e-11 6.051668550311804e-11
15.919914267052077 2.172183862426394e-19 9.179240328270375e-11 2.2520991190803574e-11 6.927141209190015e-11
16.03976693895051 2.251515027345258e-19 9.586108419657983e-11 2.2317469040868693e-11 7.354361515571114e-11
16.1605219186579 2.334906055378818e-19 1.0015997953343751e-10 2.2140332080581526e-11 7.8019647452856e-11
16.22123989475974 2.3706822341773055e-19 1.0207674790347708e-10 2.2054403466106303e-11 8.00223444373708e-11
16.282185999175777 2.4073614010806875e-19 1.040455325706349e-10 2.1968364579551493e-11 8.20771679910834e-11
16.312744867225646 2.426045897261305e-19 1.0504986284364709e-10 2.192530534572286e-11 8.312455749792421e-11
16.343361089024967 2.4449637489259235e-19 1.0606771998539335e-10 2.1882220411774824e-11 8.41854995736185e-11
16.404766024646595 2.4835099368811104e-19 1.0814473372224068e-10 2.1795975925596938e-11 8.634875779664372e-11
16.466401669612416 2.523021101729384e-19 1.1027803550032067e-10 2.1709636070789204e-11 8.856839942953143e-11
16.497306278852424 2.5431452889912926e-19 1.1136626187201544e-10 2.1666431919560107e-11 8.96998299524553e-11
16.528268890738765 2.563518868771896e-19 1.124691262038407e-10 2.16232057716481e-11 9.08459204321926e-11
16.590368558098763 2.605025363474666e-19 1.1471954695152384e-10 2.1536689935719723e-11 9.318285701580411e-11
16.65270154503456 2.645656184807983e-19 1.1694658290579244e-10 2.1449848487477924e-11 9.54967344183145e-11
16.715268728169598 2.6789364170189175e-19 1.1886259352128047e-10 2.1361897721084557e-11 9.750069580019595e-11
16.778070987420957 2.7128613159957772e-19 1.208200617586465e-10 2.1273898809765755e-11 9.954616294888078e-11
16.9043842704834 2.782687224027178e-19 1.248628327974823e-10 2.1097774267656496e-11 1.0376505852982579e-10
17.03164849990255 2.855219892554188e-19 1.290819980825545e-10 2.0921510130665036e-11 1.0816048795188951e-10
17.159870834853997 2.9286245881065817e-19 1.3339733453858665e-10 2.0744885366174666e-11 1.12652449172412e-10
17.289058488411015 2.985737160189714e-19 1.3702264603875698e-10 2.0565793637285956e-11 1.1645685240147105e-10
17.35401657858945 3.0148896116468446e-19 1.3888036729076686e-10 2.0476271045488862e-11 1.1840409624527799e-10
17.386587088641786 3.0296166398287897e-19 1.3982069313603776e-10 2.043151721581762e-11 1.193891759202201e-10
17.419218727950305 3.044444880736639e-19 1.4076873930167975e-10 2.0386768989480395e-11 1.2038197031219936e-10
17.48466585346766 3.074407049636416e-19 1.4268822560755512e-10 2.0297291221203603e-11 1.223909343863515e-10
17.550358875560836 3.1047802422932846e-19 1.4463929642743585e-10 2.0207841477261236e-11 1.244314549501746e-10
17.682486308455736 3.1580200086231055e-19 1.4822710986853982e-10 2.0028780509856356e-11 1.2819832935868345e-10
17.81560845938729 3.127746250430439e-19 1.4791138532482323e-10 1.9847435523516112e-11 1.280639498013071e-10
17.882544892141226 3.1126264289808767e-19 1.4774941081125435e-10 1.9756875546449407e-11 1.2799253526480495e-10
17.949732817065083 3.0968598948229914e-19 1.4755331784469698e-10 1.9666394536555503e-11 1.2788692330814148e-10
18.084866926577256 3.059779932892545e-19 1.4688415275769533e-10 1.9485681298863215e-11 1.2739847145883212e-10
18.221018389814958 3.0225888216898896e-19 1.4619117319968302e-10 1.9305522372350463e-11 1.2688565082733258e-10
18.496404071615608 2.941943323458285e-19 1.4444118384436313e-10 1.895071096646418e-11 1.2549047287789895e-10
18.635790038622734 2.902227074538134e-19 1.4356501845712858e-10 1.8779758487799385e-11 1.247852599693292e-10
18.776226396166493 2.862626196038639e-19 1.426731951844185e-10 1.860881709574277e-11 1.2406437808867574e-10
18.91772105982334 2.8212262620966534e-19 1.4166943716996234e-10 1.8436927779725222e-11 1.2323250939023715e-10
19.203636446149176 2.7397813526386547e-19 1.396589633431519e-10 1.8094212133143477e-11 1.2156475121000841e-10
19.4938730510763 2.6577562679790993e-19 1.3752533692498943e-10 1.775081981637508e-11 1.1977451710861435e-10
19.78849618389234 2.575767560256712e-19 1.3529722646517523e-10 1.7407470583179484e-11 1.1788975588199571e-10
20.08757214094514 2.4937593051477906e-19 1.3296931028459114e-10 1.7064147112335615e-11 1.1590516317225555e-10
20.391466406516905 2.4121831607891106e-19 1.3056542075844484e-10 1.672120694805587e-11 1.13844213810389e-10
20.699681925472166 2.3300722047377353e-19 1.280272698479019e-10 1.638026521126965e-11 1.1164700463663219e-10
21.012556099387844 2.24394131448614e-19 1.2515834555787305e-10 1.604141125015414e-11 1.091169343077189e-10
21.652507708764745 2.073915603094731e-19 1.1919793013389406e-10 1.53874141279885e-11 1.0381051600590554e-10
21.979755641372343 1.9925352816460558e-19 1.1625143247687589e-10 1.5065226062538987e-11 1.011862064143369e-10
22.311949477282987 1.9134213470820784e-19 1.1332287023189692e-10 1.4744841656312888e-11 9.857802857558402e-11
22.64916396703608 1.8365034542128162e-19 1.1041125806488936e-10 1.4426239279873415e-11 9.598501878501594e-11
22.991811201917592 1.7617716108327845e-19 1.075207351512372e-10 1.4109603801016293e-11 9.341113135022092e-11
23.339642165776596 1.689227622553066e-19 1.0465302854089256e-10 1.3795158365298964e-11 9.085787017559359e-11
23.69273528050995 1.618921138600502e-19 1.0181466318551442e-10 1.3483383777252659e-11 8.833127940826178e-11
24.414313559781952 1.485131657216185e-19 9.624516175418927e-11 1.2878395974959356e-11 8.336676577922989e-11
24.78366481022829 1.422204723004531e-19 9.356147856162538e-11 1.2583201393097105e-11 8.097827716852829e-11
25.15860378059443 1.3619720876867945e-19 9.095449686402314e-11 1.2292627519364957e-11 7.866186934465818e-11
25.924826076583233 1.2484447036224053e-19 8.591215161380083e-11 1.1721872503137785e-11 7.419027911066307e-11
26.714384190886577 1.1428392307491213e-19 8.104005753640372e-11 1.1166770662629368e-11 6.987328687377434e-11
27.527988831636016 1.0443485538123302e-19 7.631139384964409e-11 1.0628088397659578e-11 6.568330545198449e-11
28.366372352060132 9.529655581490617e-20 7.175471390328729e-11 1.010769455063223e-11 6.164701935265506e-11
29.2302894097004 8.681115050341872e-20 6.735627483455712e-11 9.6070745933062e-12 5.7749200241250946e-11
30.12051764570424 7.904081552771386e-20 6.31950813025018e-11 9.123823417748113e-12 5.4071257884753704e-11
30.575747924857424 7.544929115299843e-20 6.123527693338523e-11 8.88795007325565e-12 5.234732686012957e-11
31.037858384806153 7.204208916722253e-20 5.935365648627943e-11 8.655937501440187e-12 5.069771898483924e-11
31.983137356627505 6.566479682360836e-20 5.5747205394917644e-11 8.20612843190975e-12 4.7541076963007875e-11
32.95720543894392 5.99067020484552e-20 5.240771490985663e-11 7.777329181222217e-12 4.463038572863444e-11
33.960939423588975 5.462838494068012e-20 4.924560635249227e-11 7.366133242421643e-12 4.187947311007061e-11
34.99524280568484 4.9725563113489183e-20 4.619108398301336e-11 6.9688345054715595e-12 3.9222249477541805e-11
36.06104659690874 4.5213624333385224e-20 4.3278986469634967e-11 6.588002921920084e-12 3.6690983547714887e-11
37.159310163528254 4.1041626841574705e-20 4.0481970442142835e-11 6.227318820439054e-12 3.425465162170378e-11
38.29102208995955 3.7218611184613584e-20 3.78291475918694e-11 5.883521064239076e-12 3.194562652763031e-11
39.45720106862597 3.36867454377243e-20 3.5282127309322225e-11 5.553002540568726e-12 2.97291247687535e-11
40.65889681691763 3.045915081460032e-20 3.287326307038575e-11 5.237255344888422e-12 2.763600772549733e-11
41.897191022077855 2.752711937384584e-20 3.0613649538732785e-11 4.9380213011143855e-12 2.5675628237618402e-11
43.173198314866475 2.4863838503520006e-20 2.8493895824770476e-11 4.653671632855994e-12 2.3840224191914492e-11
44.48806727287728 2.2420263762267236e-20 2.647608028581469e-11 4.382543421211564e-12 2.2093536864603123e-11
45.8429814544115 2.019584167891836e-20 2.457560654026945e-11 4.12461614650967e-12 2.0450990393759783e-11
47.23916046383907 1.815856529017527e-20 2.2769481214649695e-11 3.880022370226957e-12 1.8889458844422746e-11
48.67786104940597 1.6307587031812826e-20 2.1071265762802313e-11 3.648106067440018e-12 1.74231596953623e-11
50.16037823447602 1.4617892211047102e-20 1.9463233408514398e-11 3.4283064261055535e-12 1.6034926982408844e-11
51.68804648322576 1.3086403869207032e-20 1.7954771021060362e-11 3.220084929032388e-12 1.4734686092027977e-11
53.26224090184056 1.1693037419714221e-20 1.653165019295041e-11 3.0227267263315153e-12 1.3508923466618898e-11
54.884378476295105 1.0433024958525958e-20 1.51994694882571e-11 2.835848274690129e-12 1.2363621213566965e-11
56.55591934783037 9.2912732043627e-21 1.3948346581298343e-11 2.6595013249301772e-12 1.1288845256368166e-11
58.27836812727644 8.261566893400593e-21 1.2780246757886059e-11 2.4931598228582595e-12 1.0287086935027801e-11
60.05327524940399 7.354116568753901e-21 1.1722942665838766e-11 2.335722030486221e-12 9.387220635352547e-12
61.88223836852342 6.555921646979342e-21 1.0768846880300408e-11 2.186744183734788e-12 8.582102696565619e-12
62.81758386220369 6.190887827031892e-21 1.032294459350789e-11 2.115562926951905e-12 8.207381666555983e-12
63.7670670344103 5.856090126339125e-21 9.912281499580185e-12 2.0465605097995954e-12 7.86572098978059e-12
65.70913619443517 5.255284161872727e-21 9.166243606993283e-12 1.9149160790878913e-12 7.251327527905392e-12
67.71035238438829 4.709587427666973e-21 8.464618134446335e-12 1.7906383120746272e-12 6.673979822371709e-12
69.77251696707448 4.211250627165226e-21 7.799466762748455e-12 1.673122160591146e-12 6.126344602157309e-12
71.89748616702131 3.761600520512429e-21 7.1788654038546534e-12 1.5627053201824991e-12 5.616160083672157e-12
74.08717274132995 3.357095604370269e-21 6.602009794876211e-12 1.459354761331337e-12 5.142655033544876e-12
76.34354770141287 2.9946327577894658e-21 6.06855569151627e-12 1.3621407640421685e-12 4.706414927474101e-12
78.66864208716851 2.6705709021697252e-21 5.57667325840282e-12 1.27043794774649e-12 4.3062353106563285e-12
81.06454879518883 2.3819616245884214e-21 5.125487316653369e-12 1.1843190956545016e-12 3.9411682209988664e-12
83.5334244626476 2.127799140286099e-21 4.718026195542983e-12 1.103736397547501e-12 3.614289797995483e-12
86.07749140856238 1.9002628902930238e-21 4.341829068921108e-12 1.0281643538148934e-12 3.313664715106215e-12
88.69903963417964 1.6936381606506155e-21 3.987576071516535e-12 9.571754853520016e-13 3.0304005861645327e-12
91.4004288842828 1.5080687100496685e-21 3.658801056355508e-12 8.906299713547778e-13 2.768171085000731e-12
94.18409077127889 1.3418493110996748e-21 3.354677147073128e-12 8.283688559358458e-13 2.5263082911372826e-12
97.05253096397554 1.1934166350843843e-21 3.0744567344513454e-12 7.701040947758196e-13 2.3043526396755253e-12
100.00833144301866 1.0630351911995895e-21 2.821975613275662e-12 7.156168865416116e-13 2.106358726734051e-12
103.05415282502196 9.469774462457047e-22 2.5904461356056226e-12 6.64672068257572e-13 1.925774067348049e-12
106.19273675747671 8.452782209845577e-22 2.3826701595370864e-12 6.170010235348058e-13 1.7656691360022798e-12
109.4269083866038 7.546866271688696e-22 2.192099267323312e-12 5.72461342446975e-13 1.6196379248763369e-12
112.75957890036308 6.724936209222742e-22 2.0128483108134863e-12 5.309849023158422e-13 1.4818634084976447e-12
116.1937481489129 5.9862258880897395e-22 1.846312861876417e-12 4.923175090596336e-13 1.3539953528167839e-12
119.73250734487735 5.316095072416715e-22 1.6895624523955154e-12 4.561568022601495e-13 1.2334056501353656e-12
123.37904184585196 4.7147769840986e-22 1.5440877625951662e-12 4.2241700507116834e-13 1.1216707575239973e-12
127.13663402165271 4.171957472431086e-22 1.4079266025939119e-12 3.911036689912862e-13 1.0168229336026252e-12
131.0086662088879 3.6865335309370003e-22 1.2819988823952396e-12 3.620055588984446e-13 9.19993323496795e-13
134.99862375551584 3.2504976268669754e-22 1.1647926659136262e-12 3.3484320165436854e-13 8.299494642592573e-13
139.11009815812417 2.8618592403749324e-22 1.0567599835145487e-12 3.095310013095243e-13 7.472289822050242e-13
143.3467902947586 2.5177617431696265e-22 9.580143984004795e-13 2.8607856671442893e-13 6.71935831686051e-13
147.71251375620898 2.213874688789521e-22 8.680400374936368e-13 2.6434632070219383e-13 6.036937167914428e-13
152.21119827875228 1.9556586361461059e-22 7.901491698309965e-13 2.441292962256029e-13 5.460198736053935e-13
156.84689328144228 1.7348891185725534e-22 7.222991055204739e-13 2.2532896075677557e-13 4.969701447636984e-13
159.21741877681018 1.6335774765902802e-22 6.903983563325146e-13 2.164513868019497e-13 4.739469695305647e-13
161.62377151112827 1.537259609495335e-22 6.595107614125479e-13 2.0790998456111625e-13 4.5160077685143176e-13
166.54613279848823 1.359046973952278e-22 6.008118001531838e-13 1.9178657113549233e-13 4.0902522901769136e-13
171.61840792845166 1.201685820138134e-22 5.474245100885143e-13 1.7683881557495013e-13 3.705856945135645e-13
176.84516262850022 1.063504450600616e-22 4.992314417026201e-13 1.6298029090921216e-13 3.3625115079340804e-13
179.5181642894721 1.0003849287124417e-22 4.766998023999888e-13 1.5644131035292594e-13 3.202584920470628e-13
182.2315681744764 9.397582672273361e-23 4.5457882368986576e-13 1.5015205403204494e-13 3.0442676965782067e-13
187.78155384880017 8.266482051929016e-23 4.1204352002111194e-13 1.3829052305475308e-13 2.737529969663588e-13
190.61961427604518 7.753703689129154e-23 3.923252134533982e-13 1.3269947838678856e-13 2.596257350666096e-13
193.5005680909718 7.274320143970293e-23 3.7363202005157697e-13 1.273237268705422e-13 2.4630829318103485e-13
199.3937587803602 6.412557281169946e-23 3.3940032272359025e-13 1.1718924757627258e-13 2.2221107514731765e-13
205.46643057848152 5.664682115154804e-23 3.0894833066857236e-13 1.0782207692404173e-13 2.0112625374453072e-13
211.72404970390772 5.027801558350923e-23 2.8256460099001245e-13 9.916269037494393e-14 1.834019106150685e-13
218.17224885259444 4.4631592512667077e-23 2.5847070332314274e-13 9.117051558436035e-14 1.6730018773878243e-13
224.8168322680627 3.948647406626578e-23 2.356386969617648e-13 8.380757591866159e-14 1.5183112104310322e-13
231.66378096599615 3.4881768795141684e-23 2.1449939537940154e-13 7.70148978435209e-14 1.374844975358806e-13
238.71925811795668 3.074849705849638e-23 1.948411939192489e-13 7.073625980248265e-14 1.241049341167662e-13
245.98961459906556 2.707007459223629e-23 1.7675660752974926e-13 6.494855748868741e-14 1.1180805004106184e-13
249.71106150874405 2.535696517279864e-23 1.6807552946180273e-13 6.223232235753241e-14 1.0584320710427036e-13
253.4888082224776 2.3722412208871426e-23 1.5961991334682931e-13 5.963076364476558e-14 9.998914970206376e-14
261.20898134247824 2.076719294202591e-23 1.4399099620847897e-13 5.4741423911348725e-14 8.924957229713025e-14
269.1642775569489 1.825432661023323e-23 1.304225452202856e-13 5.022331286882988e-14 8.019923235145571e-14
277.3618576987742 1.6061819996085184e-23 1.182526617303807e-13 4.606141611199732e-14 7.219124561838335e-14
285.8091006888481 1.4021023184433896e-23 1.0637147805434544e-13 4.2246327310886083e-14 6.412515074345932e-14
294.5136101780917 1.2209439255952103e-23 9.544881059552598e-14 3.874101551107086e-14 5.670779508445513e-14
303.4832213917586 1.0682622531632891e-23 8.605616758103328e-14 3.550925871161065e-14 5.054690886942262e-14
312.7260081821858 9.362907972496716e-24 7.772203962857338e-14 3.2536152499418447e-14 4.518588712915494e-14
322.25029029634635 8.222741552749392e-24 7.033627923531065e-14 2.981025033101164e-14 4.052602890429899e-14
332.0646408647343 7.226980391511128e-24 6.370139493664997e-14 2.730876467053631e-14 3.639263026611366e-14
342.17789411833206 6.342759366936099e-24 5.761023112619154e-14 2.5009874740198202e-14 3.2600356385993346e-14
352.59915334060224 5.5617145802628445e-24 5.205463383348798e-14 2.2898504226052387e-14 2.915612960743557e-14
363.337799061663 4.880447234468525e-24 4.706950551215248e-14 2.0961856188709346e-14 2.6107649323443128e-14
374.40349750202313 4.284822251425804e-24 4.258357715806982e-14 1.918567804339285e-14 2.3397899114676968e-14
380.062092440151 4.0151831346153525e-24 4.0506931593843464e-14 1.835377265419003e-14 2.2153158939653436e-14
385.80620927347337 3.762643278674792e-24 3.8532899751406474e-14 1.755728186151664e-14 2.0975617889889838e-14
397.5561983449763 3.3042668393175925e-24 3.486928755176415e-14 1.606447312050891e-14 1.880481443125524e-14
409.6640412816112 2.8992126672953986e-24 3.1526615602160623e-14 1.4694955837039335e-14 1.6831659765121282e-14
415.8555509384264 2.7147978713551975e-24 2.996742561289659e-14 1.4053307151476194e-14 1.5914118461420393e-14
422.1406367649012 2.5416697865513332e-24 2.8480376115254374e-14 1.343889644518801e-14 1.504147967006636e-14
434.9972154030873 2.22850274356472e-24 2.5731735762409365e-14 1.2288809699529866e-14 1.3442926062879495e-14
448.24534984018095 1.954573020318483e-24 2.325611282060381e-14 1.123620259485728e-14 1.2019910225746528e-14
461.89696517289525 1.7147628804149082e-24 2.1024158188299133e-14 1.027111879835046e-14 1.0753039389948672e-14
475.9643496848308 1.504772039804609e-24 1.9011420630535382e-14 9.38597861663127e-15 9.625442013904118e-15
490.4601659075747 1.319970059717287e-24 1.718451399711075e-14 8.576481859313886e-15 8.608032137796868e-15
505.39746201868155 1.1570086255664588e-24 1.5521692892768762e-14 7.837208160122253e-15 7.684484732646507e-15
520.7896835867783 1.0141944258192966e-24 1.4020161777385192e-14 7.161309530836808e-15 6.858852246548385e-15
536.6506856743796 8.894215073725144e-25 1.2669770515651265e-14 6.543455900397866e-15 6.126314615253399e-15
552.9947453093008 7.800675575214057e-25 1.1450452615074005e-14 5.978223719025875e-15 5.472228896048132e-15
569.8365743358964 6.841334778570029e-25 1.034809951522782e-14 5.461062487384117e-15 4.887037027843703e-15
587.1913326576936 5.999781538766162e-25 9.351569522054493e-15 4.987969090841067e-15 4.363600431213427e-15
605.0746418833327 5.261599908075746e-25 8.450768537465661e-15 4.555266572064463e-15 3.8955019654011996e-15
623.502599388115 4.614139856619702e-25 7.636572082842572e-15 4.159573223256702e-15 3.4769988595858686e-15
642.4917928037942 4.0462877333711802e-25 6.900710049385127e-15 3.797780913184543e-15 3.1029291362005846e-15
662.0593149496696 3.5482794593893224e-25 6.235684743674509e-15 3.467042082286651e-15 2.76864266138786e-15
682.2227792184137 3.1115421618596163e-25 5.634707018432032e-15 3.164737452308217e-15 2.469969566123815e-15
703.0003354304876 2.728553837244889e-25 5.0916376895642384e-15 2.888467726420071e-15 2.2031699631441663e-15
724.4106861714122 2.3927135315702447e-25 4.600923231499696e-15 2.6360363483527078e-15 1.9648868831469882e-15
746.4731036265977 2.0982235019982887e-25 4.157529547454032e-15 2.405414345453867e-15 1.7521152020001655e-15
769.2074469289008 1.8399965482122091e-25 3.756902475414757e-15 2.194740995788487e-15 1.5621614796262691e-15
792.6341800345017 1.6135717889422868e-25 3.394927634313821e-15 2.0023196601989805e-15 1.3926079741148404e-15
816.7743901432078 1.4150367025415765e-25 3.0678862264316707e-15 1.8265959284361386e-15 1.2412902979955305e-15
841.6498066797607 1.2409563241541533e-25 2.772409368189473e-15 1.6661397015067858e-15 1.1062696666826872e-15
867.2828208532309 1.088316468415407e-25 2.5054479105624772e-15 1.5196392551245717e-15 9.85808655437906e-16
893.6965058121084 9.544772274193023e-26 2.2642535854986893e-15 1.3858981413302755e-15 8.783554441684149e-16
920.9146374132232 8.371241427867007e-26 2.0463441588766653e-15 1.2638217831372878e-15 7.82522375739378e-16
948.9617156232121 7.342249067021136e-26 1.849469772461075e-15 1.152404734982136e-15 6.97065037478939e-16
977.8629865717667 6.43997439525669e-26 1.6715969940737076e-15 1.0507267298161826e-15 6.208702642575248e-16
1007.6444652765354 5.648797980338646e-26 1.5108898373613646e-15 9.57946157082212e-16 5.529436802791519e-16
1038.332959060126 4.955021969413266e-26 1.3656885150631513e-15 8.732923196533427e-16 4.923961954098083e-16
1069.95609168029 4.346641633933461e-26 1.2344946844980169e-15 7.960612392764007e-16 4.38433445221616e-16
1102.542328195006 3.813135611902287e-26 1.1159557022736528e-15 7.256099235655207e-16 3.9034577870813145e-16
1136.1210005848498 3.3452746610363034e-26 1.008848149277848e-15 6.613492274774924e-16 3.4749892180035554e-16
1170.7223341557005 2.9349635282051723e-26 9.120655359077938e-16 6.02739332117599e-16 3.0932620379019466e-16
1206.3774747455793 2.5751095066466863e-26 8.246095397197193e-16 5.49287848204943e-16 2.7532169151477643e-16
1243.1185167600695 2.2594991522841682e-26 7.455798310992989e-16 5.005459074247652e-16 2.4503392367453376e-16
1280.9785320615858 1.9826821713398885e-26 6.741621809112464e-16 4.561024891674395e-16 2.1805969174380688e-16
1319.9915997384837 1.739875959988907e-26 6.096195526897362e-16 4.155809189006958e-16 1.9403863378904067e-16
1360.1928367808064 1.526890500241095e-26 5.512870737404445e-16 3.786376057901347e-16 1.7264946795030971e-16
1401.618429690285 1.3400572896159143e-26 4.985659308132832e-16 3.449598980927279e-16 1.536060327205553e-16
1444.305667053031 1.176158374997662e-26 4.509146584864318e-16 3.14261832695846e-16 1.3665282579058587e-16
1488.2929731042755 1.0323693778714964e-26 4.0784296772287637e-16 2.8628111244459227e-16 1.215618552782841e-16
1533.6199423153234 9.062153206871e-27 3.689084308259266e-16 2.607785785426524e-16 1.0812985228327411e-16
1580.327375033885 7.955277634959434e-27 3.33712010244086e-16 2.37536586024281e-16 9.6175424219805e-17
1628.457314209858 6.984056269915129e-27 3.01893346757471e-16 2.1635640933885048e-16 8.553693741862058e-17
1678.0530832396191 6.131807130560621e-27 2.731263583946259e-16 1.9705605669215993e-16 7.60703017024658e-17
1729.1593249628888 5.3839059615875435e-27 2.471165941666942e-16 1.794694919285256e-16 6.764710223816863e-17
1781.8220418472597 4.727539766157642e-27 2.2359853343481816e-16 1.634456138620849e-16 6.015291957273325e-17
1836.0886373966016 4.151471720330176e-27 2.0233227276373818e-16 1.4884651054393543e-16 5.3485762219802776e-17
1892.007958820556 3.6458455212729936e-27 1.831009742617583e-16 1.355461431273138e-16 4.755483113444451e-17
1949.6303410035755 3.2020142647237925e-27 1.6570857028910822e-16 1.2342937142516655e-16 4.227919886394167e-17
2009.0076518130663 2.8124036376625732e-27 1.4997838576173853e-16 1.1239158471207408e-16 3.758680104966449e-17
2070.1933387874215 2.4703722894228315e-27 1.3575090920861466e-16 1.0233741827427105e-16 3.341349093434368e-17
2133.242477245972 2.1700871683055454e-27 1.2288159357862736e-16 9.317953812322362e-17 2.970205545540368e-17
2198.211819864143 1.9064331904749295e-27 1.1123989292432025e-16 8.483833777025993e-17 2.6401555154060287e-17
2265.1598477584885 1.6749266752907892e-27 1.0070802686265159e-16 7.724134574468624e-17 2.3466681117965332e-17
2334.1468231275226 1.4716337375185416e-27 9.117952791406469e-17 7.032247262994797e-17 2.0857055284116712e-17
2405.2348434957767 1.2931041112339054e-27 8.255823737749317e-17 6.402145049267798e-17 1.8536786884815205e-17
2478.487897609897 1.1363117931423737e-27 7.47573244461138e-17 5.828336716236441e-17 1.6473957283749386e-17
2553.971923037092 9.986000821201586e-28 6.769820428416958e-17 5.305811729326329e-17 1.4640086990906318e-17
2631.7548655177807 8.776377025592e-28 6.13098338874821e-17 4.830001092440284e-17 1.3009822963079254e-17
2711.906740125872 7.713801866213618e-28 5.552808076619787e-17 4.3967446390723486e-17 1.1560634375474389e-17
2794.4996942916955 6.780332576489727e-28 5.029496336009421e-17 4.0022491861524607e-17 1.0272471498569597e-17
2879.6080727443887 5.960226605581005e-28 4.555809828815012e-17 3.6430599019826875e-17 9.127499268323228e-18
2967.308484432098 5.23967250928531e-28 4.127017162378057e-17 3.3160307163249595e-17 8.109864460530964e-18
3057.6798714803062 4.606541649622204e-28 3.7388362910739943e-17 3.018291739809761e-17 7.20544551264233e-18
