# column 1: lambda (micron)
# column 2: total flux; lambda*F_lambda (W/m2)
# column 3: direct stellar flux; lambda*F_lambda (W/m2)
# column 4: scattered stellar flux; lambda*F_lambda (W/m2)
# column 5: total dust emission flux; lambda*F_lambda (W/m2)
# column 6: dust emission scattered flux; lambda*F_lambda (W/m2)
# column 7: transparent flux; lambda*F_lambda (W/m2)
1.00000000e-03 2.43604101e-19 2.12762460e-29 2.43604101e-19 0.00000000e+00 0.00000000e+00 8.37058880e-14
1.14815362e-03 2.39069204e-19 2.46299058e-34 2.39069204e-19 0.00000000e+00 0.00000000e+00 9.87997869e-14
1.31825674e-03 1.60972318e-19 7.43690614e-40 1.60972318e-19 0.00000000e+00 0.00000000e+00 1.16615427e-13
1.51356125e-03 2.02153569e-19 1.79981838e-44 2.02153569e-19 0.00000000e+00 0.00000000e+00 1.37643595e-13
1.73780083e-03 2.70434757e-19 1.01870098e-44 2.70434757e-19 0.00000000e+00 0.00000000e+00 1.62463576e-13
1.99526231e-03 2.71852850e-19 8.18995903e-55 2.71852850e-19 0.00000000e+00 0.00000000e+00 1.91759111e-13
2.29086765e-03 4.15648534e-19 3.05881769e-57 4.15648534e-19 0.00000000e+00 0.00000000e+00 2.26337236e-13
2.63026799e-03 5.73861014e-19 7.17531264e-66 5.73861014e-19 0.00000000e+00 0.00000000e+00 2.67150510e-13
3.01995172e-03 4.77510499e-19 3.01949128e-78 4.77510499e-19 0.00000000e+00 0.00000000e+00 3.15323260e-13
3.46736850e-03 5.37836734e-19 8.61015919e-90 5.37836734e-19 0.00000000e+00 0.00000000e+00 3.72182551e-13
3.98107171e-03 4.07614628e-19 8.33182698e-101 4.07614628e-19 0.00000000e+00 0.00000000e+00 4.39294745e-13
4.57088190e-03 5.19089762e-18 1.58523320e-71 5.19089762e-18 0.00000000e+00 0.00000000e+00 5.18508652e-13
5.24807460e-03 4.89264494e-18 1.12105357e-87 4.89264494e-18 0.00000000e+00 0.00000000e+00 6.12006462e-13
6.02559586e-03 4.09798646e-18 5.55362570e-103 4.09798646e-18 0.00000000e+00 0.00000000e+00 7.22363856e-13
6.91830971e-03 1.69466741e-17 8.45288878e-117 1.69466741e-17 0.00000000e+00 0.00000000e+00 8.52620966e-13
7.94328235e-03 4.33763301e-18 9.32766131e-129 4.33763301e-18 0.00000000e+00 0.00000000e+00 1.00636612e-12
9.12010839e-03 8.12506604e-18 2.05698420e-141 8.12506604e-18 0.00000000e+00 0.00000000e+00 1.18783470e-12
1.04712855e-02 3.92244606e-18 1.37536594e-149 3.92244606e-18 0.00000000e+00 0.00000000e+00 1.32664902e-12
1.20226443e-02 5.69309754e-18 1.13206160e-157 5.69309754e-18 4.23930409e-317 4.23930409e-317 1.32664902e-12
1.38038426e-02 4.23118891e-18 2.91543531e-167 4.23118891e-18 8.43139376e-278 8.43139376e-278 1.32664902e-12
1.58489319e-02 4.34533786e-18 4.79019790e-179 4.34533786e-18 2.74784689e-243 2.74784689e-243 1.32664902e-12
1.81970086e-02 9.89320227e-18 6.47738395e-190 9.89320227e-18 1.66190647e-213 1.66190647e-213 1.32664902e-12
2.08929613e-02 1.23373661e-17 5.98363278e-199 1.23373661e-17 1.77260952e-187 1.77260952e-187 1.32664902e-12
2.39883292e-02 1.00241865e-17 1.17862540e-210 1.00241865e-17 1.10827489e-164 1.10827489e-164 1.32664902e-12
2.75422870e-02 1.13012136e-17 2.85581381e-224 1.13012136e-17 9.77162374e-145 9.77162374e-145 1.32664902e-12
3.16227766e-02 3.43669839e-17 1.28662477e-237 3.43669839e-17 9.98072164e-128 9.98072164e-128 1.32664902e-12
3.63078055e-02 2.38242072e-17 4.37812100e-248 2.38242072e-17 5.00448850e-113 5.00448850e-113 1.32664902e-12
4.16869383e-02 6.67845698e-17 3.86470897e-257 6.67845698e-17 5.51203926e-100 5.51203926e-100 1.32664902e-12
4.78630092e-02 5.40897249e-17 4.26094298e-282 5.40897249e-17 1.50913451e-88 1.50913451e-88 1.32664902e-12
5.49540874e-02 6.68786095e-17 8.34084094e-317 6.68786095e-17 1.36742818e-78 1.36742818e-78 1.32664902e-12
6.30957344e-02 1.15941325e-16 0.00000000e+00 1.15941325e-16 4.10658315e-70 4.10658315e-70 1.32664902e-12
7.24435960e-02 7.50918538e-17 0.00000000e+00 7.50918538e-17 8.99147237e-63 8.99147237e-63 1.32664902e-12
8.31763771e-02 1.02916006e-16 0.00000000e+00 1.02916006e-16 1.95758994e-56 1.95758994e-56 1.32664902e-12
9.54992586e-02 8.53653715e-17 0.00000000e+00 8.53653715e-17 8.86863818e-51 8.86863818e-51 1.32664902e-12
1.09647820e-01 1.00136592e-16 0.00000000e+00 1.00136592e-16 1.07527331e-45 1.07527331e-45 1.26694048e-12
1.25892541e-01 1.17658494e-16 0.00000000e+00 1.17658494e-16 2.36047887e-41 2.36047887e-41 1.18237765e-12
1.44543977e-01 1.04054823e-16 2.04761993e-272 1.04054823e-16 1.58807446e-37 1.58807446e-37 1.10345902e-12
1.65958691e-01 1.07096028e-16 7.32161094e-240 1.07096028e-16 1.72378945e-34 1.72378945e-34 1.02980788e-12
1.90546072e-01 1.47363173e-16 4.46520794e-255 1.47363173e-16 1.30098805e-31 1.30098805e-31 9.61072633e-13
2.18776162e-01 1.49753375e-16 4.88704617e-297 1.49753375e-16 1.73029935e-29 1.73029935e-29 8.96925168e-13
2.51188643e-01 3.17887113e-16 3.85280480e-240 3.17887113e-16 3.95571020e-27 3.95571020e-27 8.37059271e-13
2.88403150e-01 3.19762434e-16 1.40796998e-201 3.19762434e-16 2.61212416e-25 2.61212416e-25 7.81189165e-13
3.31131121e-01 2.59269368e-16 2.13956783e-177 2.59269353e-16 1.50968076e-23 1.50968076e-23 7.29048148e-13
3.80189396e-01 2.92837376e-16 2.22910665e-157 2.92837044e-16 3.32041053e-22 3.32041053e-22 6.80387319e-13
4.36515832e-01 2.80728226e-16 1.13678449e-138 2.80722150e-16 6.07594478e-21 6.07594478e-21 6.34974392e-13
5.01187234e-01 4.26789802e-16 6.51473636e-121 4.26711592e-16 7.82100427e-20 7.82100416e-20 5.92592582e-13
5.75439937e-01 4.78394598e-16 1.02617224e-104 4.77738023e-16 6.56575203e-19 6.56575106e-19 5.53039576e-13
6.60693448e-01 4.45210419e-16 2.77477469e-90 4.41619684e-16 3.59073467e-18 3.59073128e-18 5.16126563e-13
7.58577575e-01 6.69962640e-16 2.43214531e-77 6.49248684e-16 2.07139558e-17 2.07136320e-17 4.81677334e-13
8.70963590e-01 7.25231114e-16 2.16702905e-65 6.48368249e-16 7.68628655e-17 7.68472603e-17 4.49527444e-13
1.00000000e+00 1.09696063e-15 5.50861318e-55 8.29794479e-16 2.67166146e-16 2.66731680e-16 4.19523420e-13
1.14815362e+00 1.78002903e-15 4.57491834e-46 1.02984177e-15 7.50187265e-16 7.43700636e-16 3.91522036e-13
1.31825674e+00 2.80697936e-15 1.30999575e-38 1.13537030e-15 1.67160906e-15 1.60097243e-15 3.65389624e-13
1.51356125e+00 5.79916283e-15 1.17649117e-32 1.49552627e-15 4.30363655e-15 3.76311357e-15 3.41001438e-13
1.73780083e+00 1.17881650e-14 7.22747663e-28 1.66501039e-15 1.01231546e-14 7.18516206e-15 3.18241059e-13
1.99526231e+00 2.78560410e-14 4.23923023e-24 1.94989440e-15 2.59061466e-14 1.31595551e-14 2.96999837e-13
2.29086765e+00 6.53845995e-14 2.72464147e-21 2.19661090e-15 6.31879859e-14 2.01330208e-14 2.77176375e-13
2.63026799e+00 1.51561465e-13 2.78777997e-19 2.39301415e-15 1.49168172e-13 3.22240420e-14 2.58676044e-13
3.01995172e+00 3.02956122e-13 7.55619003e-18 2.41681448e-15 3.00531752e-13 4.26884487e-14 2.41410531e-13
3.46736850e+00 5.38977850e-13 7.89156086e-17 2.41618012e-15 5.36482754e-13 5.13307303e-14 2.25297416e-13
3.98107171e+00 8.78650244e-13 4.34432278e-16 2.29609618e-15 8.75919716e-13 5.73586795e-14 2.10259782e-13
4.57088190e+00 1.29095308e-12 1.50761614e-15 2.12233433e-15 1.28732313e-12 5.66224695e-14 1.96225846e-13
5.24807460e+00 1.77493944e-12 3.24766416e-15 1.52631071e-15 1.77016546e-12 5.03626552e-14 1.62248699e-13
6.02559586e+00 2.24008811e-12 4.15572052e-15 8.20219239e-16 2.23511217e-12 4.10401940e-14 1.07196652e-13
6.70000000e+00 2.58567264e-12 4.39101476e-15 4.81837026e-16 2.58079979e-12 3.20239348e-14 7.79752569e-14
6.92422916e+00 2.67443534e-12 4.40015522e-15 4.03176010e-16 2.66963201e-12 2.92674597e-14 7.06426405e-14
7.15596261e+00 2.75805989e-12 4.18444368e-15 3.24952683e-16 2.75355049e-12 2.61619769e-14 6.39995667e-14
7.39545150e+00 2.70291214e-12 3.55193650e-15 2.43556623e-16 2.69911665e-12 2.19166885e-14 5.79811925e-14
7.64295536e+00 2.43858150e-12 2.18040960e-15 1.47805808e-16 2.43625328e-12 1.58919123e-14 5.25287725e-14
7.89874245e+00 1.99787554e-12 7.80032494e-16 6.85557502e-17 1.99702695e-12 9.34840306e-15 4.75890858e-14
8.16308998e+00 1.51002085e-12 1.67431208e-16 2.77732546e-17 1.50982564e-12 4.95846795e-15 4.31139160e-14
8.43628443e+00 1.06605665e-12 1.74736929e-17 9.96757935e-18 1.06602921e-12 2.44864566e-15 3.90595811e-14
8.71862190e+00 8.32663869e-13 2.71254636e-18 4.74198399e-18 8.32656414e-13 1.47843758e-15 3.53865066e-14
9.01040836e+00 6.94561939e-13 3.31455027e-19 2.24313533e-18 6.94559364e-13 9.20633085e-16 3.20588397e-14
9.31196005e+00 5.93679496e-13 4.79362392e-20 0.00000000e+00 5.93679448e-13 0.00000000e+00 2.90440991e-14
9.62360379e+00 6.04379583e-13 3.05801070e-20 0.00000000e+00 6.04379553e-13 0.00000000e+00 2.63128578e-14
9.94567731e+00 6.88022202e-13 6.43737876e-20 0.00000000e+00 6.88022138e-13 0.00000000e+00 2.38384563e-14
1.02785297e+01 8.50203395e-13 1.98046229e-19 0.00000000e+00 8.50203197e-13 0.00000000e+00 2.15967419e-14
1.06225216e+01 9.90915982e-13 6.06808173e-19 0.00000000e+00 9.90915375e-13 0.00000000e+00 1.95658333e-14
1.09780260e+01 1.22642508e-12 2.28683760e-18 0.00000000e+00 1.22642280e-12 0.00000000e+00 1.77259066e-14
1.13454280e+01 1.48123550e-12 6.87053630e-18 0.00000000e+00 1.48122863e-12 0.00000000e+00 1.60590026e-14
1.17251259e+01 1.74967904e-12 1.68368166e-17 0.00000000e+00 1.74966221e-12 0.00000000e+00 1.45488504e-14
1.21175312e+01 2.08067951e-12 3.74299716e-17 0.00000000e+00 2.08064208e-12 0.00000000e+00 1.31807094e-14
1.25230691e+01 2.41661959e-12 7.48956882e-17 0.00000000e+00 2.41654469e-12 0.00000000e+00 1.19412254e-14
1.29421791e+01 2.79188506e-12 1.30575282e-16 0.00000000e+00 2.79175449e-12 0.00000000e+00 1.08182996e-14
1.33753155e+01 3.15600082e-12 2.03529425e-16 0.00000000e+00 3.15579729e-12 0.00000000e+00 9.80097124e-15
1.38229477e+01 3.43122895e-12 2.53709719e-16 0.00000000e+00 3.43097524e-12 0.00000000e+00 8.87931012e-15
1.42855609e+01 3.69274030e-12 2.65599329e-16 0.00000000e+00 3.69247470e-12 0.00000000e+00 8.04431992e-15
1.47636563e+01 3.76438108e-12 2.04568638e-16 0.00000000e+00 3.76417651e-12 0.00000000e+00 7.28785031e-15
1.52577522e+01 3.83591426e-12 1.46123115e-16 0.00000000e+00 3.83576814e-12 0.00000000e+00 6.60251738e-15
1.57683840e+01 3.95340833e-12 9.75175122e-17 0.00000000e+00 3.95331081e-12 0.00000000e+00 5.98163161e-15
1.62961051e+01 3.98063219e-12 6.38453249e-17 0.00000000e+00 3.98056835e-12 0.00000000e+00 5.41913253e-15
1.68414875e+01 4.12715567e-12 4.11817148e-17 0.00000000e+00 4.12711448e-12 0.00000000e+00 4.90952959e-15
1.74051222e+01 4.23923904e-12 2.96306829e-17 0.00000000e+00 4.23920941e-12 0.00000000e+00 4.44784855e-15
1.79876201e+01 4.40648350e-12 2.30272607e-17 0.00000000e+00 4.40646047e-12 0.00000000e+00 4.02958296e-15
1.85896125e+01 4.68036233e-12 2.10006294e-17 0.00000000e+00 4.68034133e-12 0.00000000e+00 3.65065011e-15
1.92117518e+01 4.93850597e-12 2.22626157e-17 0.00000000e+00 4.93848371e-12 0.00000000e+00 3.30735125e-15
1.98547123e+01 5.23413712e-12 2.58191506e-17 0.00000000e+00 5.23411131e-12 0.00000000e+00 2.99633543e-15
2.05191907e+01 5.56342632e-12 3.09604685e-17 0.00000000e+00 5.56339536e-12 0.00000000e+00 2.71456684e-15
2.12059073e+01 5.86117537e-12 3.65402363e-17 0.00000000e+00 5.86113883e-12 0.00000000e+00 2.45929512e-15
2.19156062e+01 6.16946060e-12 4.16446140e-17 0.00000000e+00 6.16941895e-12 0.00000000e+00 2.22802858e-15
2.26490567e+01 6.40929673e-12 4.65914085e-17 0.00000000e+00 6.40925014e-12 0.00000000e+00 2.01850983e-15
2.34070535e+01 6.65872133e-12 5.12067780e-17 0.00000000e+00 6.65867013e-12 0.00000000e+00 1.82869374e-15
2.41904183e+01 6.79516714e-12 5.52479241e-17 0.00000000e+00 6.79511189e-12 0.00000000e+00 1.65672752e-15
2.50000000e+01 6.94180307e-12 5.86911052e-17 0.00000000e+00 6.94174438e-12 0.00000000e+00 1.50093262e-15
2.75422870e+01 7.26229540e-12 6.64605874e-17 0.00000000e+00 7.26222894e-12 0.00000000e+00 1.12248675e-15
3.16227766e+01 7.09518355e-12 7.06859295e-17 0.00000000e+00 7.09511287e-12 0.00000000e+00 7.41619640e-16
3.63078055e+01 6.41463531e-12 7.01040665e-17 0.00000000e+00 6.41456520e-12 0.00000000e+00 4.89983237e-16
4.16869383e+01 5.35379556e-12 6.76339411e-17 0.00000000e+00 5.35372793e-12 0.00000000e+00 3.23728714e-16
4.78630092e+01 4.09134448e-12 6.30340139e-17 0.00000000e+00 4.09128145e-12 0.00000000e+00 2.13885440e-16
5.49540874e+01 2.91906346e-12 5.55856990e-17 0.00000000e+00 2.91900788e-12 0.00000000e+00 1.41312709e-16
6.30957344e+01 1.94779878e-12 4.62022746e-17 0.00000000e+00 1.94775257e-12 0.00000000e+00 9.33643811e-17
7.24435960e+01 1.23454681e-12 3.64316515e-17 0.00000000e+00 1.23451038e-12 0.00000000e+00 6.16852348e-17
8.31763771e+01 7.47182293e-13 2.74951186e-17 0.00000000e+00 7.47154798e-13 0.00000000e+00 4.07550305e-17
9.54992586e+01 4.37834293e-13 2.00508177e-17 0.00000000e+00 4.37814242e-13 0.00000000e+00 2.69265816e-17
1.09647820e+02 2.49900485e-13 1.42533992e-17 0.00000000e+00 2.49886232e-13 0.00000000e+00 1.77902161e-17
1.25892541e+02 1.41497524e-13 9.92513091e-18 0.00000000e+00 1.41487599e-13 0.00000000e+00 1.17538792e-17
1.44543977e+02 7.91057409e-14 6.81916250e-18 0.00000000e+00 7.90989218e-14 0.00000000e+00 7.76571097e-18
1.65958691e+02 4.20835461e-14 4.65893604e-18 0.00000000e+00 4.20788872e-14 0.00000000e+00 5.13075436e-18
1.90546072e+02 2.23016232e-14 3.15342759e-18 0.00000000e+00 2.22984698e-14 0.00000000e+00 3.38985579e-18
2.18776162e+02 1.17619679e-14 2.12083086e-18 0.00000000e+00 1.17598471e-14 0.00000000e+00 2.23965551e-18
2.51188643e+02 6.16873666e-15 1.41994838e-18 0.00000000e+00 6.16731672e-15 0.00000000e+00 1.47972572e-18
2.88403150e+02 3.21501379e-15 9.47593058e-19 0.00000000e+00 3.21406620e-15 0.00000000e+00 9.77645088e-19
3.31131121e+02 1.66875769e-15 6.30802461e-19 0.00000000e+00 1.66812688e-15 0.00000000e+00 6.45923704e-19
3.80189396e+02 8.61954318e-16 4.19153926e-19 0.00000000e+00 8.61535164e-16 0.00000000e+00 4.26757559e-19
4.36515832e+02 4.43752251e-16 2.78131356e-19 0.00000000e+00 4.43474119e-16 0.00000000e+00 2.81955923e-19
5.01187234e+02 2.27708185e-16 1.84363226e-19 0.00000000e+00 2.27523822e-16 0.00000000e+00 1.86286431e-19
5.75439937e+02 1.16526543e-16 1.22111213e-19 0.00000000e+00 1.16404432e-16 0.00000000e+00 1.23078224e-19
6.60693448e+02 5.94962852e-17 8.08307690e-20 0.00000000e+00 5.94154544e-17 0.00000000e+00 8.13169765e-20
7.58577575e+02 3.03181414e-17 5.34811398e-20 0.00000000e+00 3.02646602e-17 0.00000000e+00 5.37255936e-20
8.70963590e+02 1.54209577e-17 3.53732747e-20 0.00000000e+00 1.53855844e-17 0.00000000e+00 3.54961477e-20
1.00000000e+03 7.80721107e-18 0.00000000e+00 0.00000000e+00 7.80721107e-18 0.00000000e+00 0.00000000e+00
