# column 1: lambda (micron)
# column 2: total flux; lambda*F_lambda (W/m2)
# column 3: direct stellar flux; lambda*F_lambda (W/m2)
# column 4: scattered stellar flux; lambda*F_lambda (W/m2)
# column 5: total dust emission flux; lambda*F_lambda (W/m2)
# column 6: dust emission scattered flux; lambda*F_lambda (W/m2)
# column 7: transparent flux; lambda*F_lambda (W/m2)
1.00000000e-03 1.04620282e-12 1.04620164e-12 1.18228456e-18 0.00000000e+00 0.00000000e+00 1.04634360e-12
1.14815362e-03 1.23480142e-12 1.23479957e-12 1.85301055e-18 0.00000000e+00 0.00000000e+00 1.23502095e-12
1.31825674e-03 1.45739138e-12 1.45738850e-12 2.87887067e-18 0.00000000e+00 0.00000000e+00 1.45772071e-12
1.51356125e-03 1.72012010e-12 1.72011555e-12 4.54985034e-18 0.00000000e+00 0.00000000e+00 1.72057784e-12
1.73780083e-03 2.03029081e-12 2.03028224e-12 8.57338933e-18 0.00000000e+00 0.00000000e+00 2.03083353e-12
1.99526231e-03 2.39618687e-12 2.39617205e-12 1.48208777e-17 0.00000000e+00 0.00000000e+00 2.39703472e-12
2.29086765e-03 2.82821265e-12 2.82818980e-12 2.28438547e-17 0.00000000e+00 0.00000000e+00 2.82926954e-12
2.63026799e-03 3.33796435e-12 3.33791805e-12 4.63015176e-17 0.00000000e+00 0.00000000e+00 3.33944522e-12
3.01995172e-03 3.93946649e-12 3.93938686e-12 7.96247716e-17 0.00000000e+00 0.00000000e+00 3.94161611e-12
3.46736850e-03 4.64940275e-12 4.64926964e-12 1.33108594e-16 0.00000000e+00 0.00000000e+00 4.65237083e-12
3.98107171e-03 5.48731867e-12 5.48709958e-12 2.19091530e-16 0.00000000e+00 0.00000000e+00 5.49128930e-12
4.57088190e-03 6.47865983e-12 6.47818297e-12 4.76861303e-16 0.00000000e+00 0.00000000e+00 6.48148207e-12
5.24807460e-03 7.64610628e-12 7.64525383e-12 8.52452387e-16 0.00000000e+00 0.00000000e+00 7.65022704e-12
6.02559586e-03 9.02418560e-12 9.02264359e-12 1.54201389e-15 0.00000000e+00 0.00000000e+00 9.02972084e-12
6.91830971e-03 1.06508197e-11 1.06483255e-11 2.49428024e-15 0.00000000e+00 0.00000000e+00 1.06579658e-11
7.94328235e-03 1.25713489e-11 1.25671229e-11 4.22600162e-15 3.25811808e-304 3.73787685e-307 1.25798170e-11
9.12010839e-03 1.48383893e-11 1.48315917e-11 6.79759089e-15 1.41421168e-265 3.61944807e-268 1.48482176e-11
1.04712855e-02 1.65736098e-11 1.65636758e-11 9.93393495e-15 5.91459116e-232 1.20897204e-234 1.65834298e-11
1.20226443e-02 1.65903984e-11 1.65625107e-11 2.78876262e-14 9.18882448e-203 2.74067772e-205 1.65834298e-11
1.38038426e-02 1.65809252e-11 1.65611289e-11 1.97962964e-14 2.49026837e-177 1.42958130e-179 1.65834298e-11
1.58489319e-02 1.65882507e-11 1.65594309e-11 2.88198472e-14 3.34863466e-155 2.35860416e-157 1.65834298e-11
1.81970086e-02 1.66117316e-11 1.65578649e-11 5.38666461e-14 5.94864447e-136 5.59966730e-138 1.65834298e-11
2.08929613e-02 1.66172748e-11 1.65565634e-11 6.07114490e-14 3.09895583e-119 3.99773456e-121 1.65834298e-11
2.39883292e-02 1.66310733e-11 1.65548772e-11 7.61961266e-14 1.08636857e-104 1.94403433e-106 1.65834298e-11
2.75422870e-02 1.66548600e-11 1.65529161e-11 1.01943984e-13 4.85604455e-92 1.07660419e-93 1.65834298e-11
3.16227766e-02 1.66781898e-11 1.65509940e-11 1.27195871e-13 4.73932497e-81 1.34607526e-82 1.65834298e-11
3.63078055e-02 1.66953824e-11 1.65494865e-11 1.45895924e-13 1.64269534e-71 5.34049034e-73 1.65834298e-11
4.16869383e-02 1.67515487e-11 1.65481828e-11 2.03365909e-13 3.14580650e-63 1.45256476e-64 1.65834298e-11
4.78630092e-02 1.68290863e-11 1.65445897e-11 2.84496640e-13 4.79412459e-56 2.95647267e-57 1.65834298e-11
5.49540874e-02 1.68850516e-11 1.65395940e-11 3.45457581e-13 8.04221091e-50 6.16582427e-51 1.65834298e-11
6.30957344e-02 1.69389503e-11 1.65270741e-11 4.11876234e-13 2.62749472e-44 2.42506984e-45 1.65834298e-11
7.24435960e-02 1.69016153e-11 1.65122563e-11 3.89358984e-13 1.52140731e-39 1.37357692e-40 1.65834298e-11
8.31763771e-02 1.68914830e-11 1.65135744e-11 3.77908672e-13 1.55471450e-35 1.39149010e-36 1.65834298e-11
9.54992586e-02 1.69178017e-11 1.65174407e-11 4.00361020e-13 4.38541190e-32 4.11022308e-33 1.65834298e-11
1.09647820e-01 1.61998826e-11 1.57846879e-11 4.15194731e-13 3.72486491e-29 3.75109085e-30 1.58370587e-11
1.25892541e-01 1.51139567e-11 1.47397595e-11 3.74197162e-13 1.19712631e-26 1.13631667e-27 1.47800032e-11
1.44543977e-01 1.41002665e-11 1.37623646e-11 3.37901897e-13 1.62395167e-24 1.49795102e-25 1.37935015e-11
1.65958691e-01 1.32013027e-11 1.28474277e-11 3.53874983e-13 8.25976346e-23 8.47297006e-24 1.28728446e-11
1.90546072e-01 1.23798201e-11 1.19883332e-11 3.91486925e-13 1.76123070e-21 2.17638471e-22 1.20136376e-11
2.18776162e-01 1.15734131e-11 1.11840824e-11 3.89330701e-13 2.10307873e-20 2.80771743e-21 1.12117790e-11
2.51188643e-01 1.08865990e-11 1.04427642e-11 4.43834552e-13 2.58676302e-19 4.17517834e-20 1.04634409e-11
2.88403150e-01 1.01504896e-11 9.74902770e-12 4.01459812e-13 2.13954999e-18 3.34396291e-19 9.76505125e-12
3.31131121e-01 9.46332327e-12 9.10023893e-12 3.63072130e-13 1.22128887e-17 1.84132823e-18 9.11327608e-12
3.80189396e-01 8.82808075e-12 8.49431870e-12 3.33710895e-13 5.11521608e-17 7.61385074e-18 8.50500410e-12
4.36515832e-01 8.23897223e-12 7.92865200e-12 3.10152941e-13 1.67286405e-16 2.57443535e-17 7.93733165e-12
5.01187234e-01 7.68149990e-12 7.40059391e-12 2.80427244e-13 4.78744600e-16 8.52242735e-17 7.40754890e-12
5.75439937e-01 7.16149118e-12 6.90761134e-12 2.52469433e-13 1.41041055e-15 3.16981612e-16 6.91312687e-12
6.60693448e-01 6.68482175e-12 6.44736923e-12 2.32885805e-13 4.56671383e-15 1.22224968e-15 6.45170538e-12
7.58577575e-01 6.24014512e-12 6.01771428e-12 2.07500293e-13 1.49305499e-14 4.23360115e-15 6.02108180e-12
8.70963590e-01 5.84385267e-12 5.61664316e-12 1.82211663e-13 4.49978421e-14 1.24697998e-14 5.61920048e-12
1.00000000e+00 5.51295089e-12 5.24223234e-12 1.53353839e-13 1.17364708e-13 3.03017665e-14 5.24414302e-12
1.14815362e+00 5.28594039e-12 4.89271685e-12 1.24802939e-13 2.68420601e-13 6.26958373e-14 4.89411902e-12
1.31825674e+00 5.21699088e-12 4.56644650e-12 9.83168317e-14 5.52227544e-13 1.11320544e-13 4.56745763e-12
1.51356125e+00 5.35025694e-12 4.26187771e-12 7.48146571e-14 1.01356458e-12 1.72863099e-13 4.26259947e-12
1.73780083e+00 5.69737126e-12 3.97758246e-12 5.74102612e-14 1.66237855e-12 2.31440899e-13 3.97808929e-12
1.99526231e+00 6.17838299e-12 3.71221862e-12 4.16923714e-14 2.42447200e-12 2.66969566e-13 3.71256894e-12
2.29086765e+00 6.75389209e-12 3.46452954e-12 2.96529576e-14 3.25970959e-12 2.73962216e-13 3.46477093e-12
2.63026799e+00 7.24775670e-12 3.23334448e-12 2.05034138e-14 3.99390880e-12 2.52804667e-13 3.23351237e-12
3.01995172e+00 7.63744836e-12 3.01757106e-12 1.41677478e-14 4.60570955e-12 2.17250706e-13 3.01768933e-12
3.46736850e+00 7.86978850e-12 2.81618687e-12 9.90478663e-15 5.04369684e-12 1.76548018e-13 2.81627154e-12
3.98107171e+00 7.90593648e-12 2.62823613e-12 6.87910748e-15 5.27082124e-12 1.35933652e-13 2.62829753e-12
4.57088190e+00 7.80020298e-12 2.45282485e-12 4.61622342e-15 5.34276191e-12 9.93227031e-14 2.45286997e-12
5.24807460e+00 7.31796092e-12 2.02811754e-12 2.66305703e-15 5.28718033e-12 6.87686702e-14 2.02814751e-12
6.02559586e+00 6.50410639e-12 1.33996731e-12 1.18704907e-15 5.16295203e-12 4.57803509e-14 1.33998377e-12
6.70000000e+00 6.03277901e-12 9.74698751e-13 6.27399491e-16 5.05745286e-12 3.21260456e-14 9.74709347e-13
6.92422916e+00 5.90186247e-12 8.83040626e-13 5.03566621e-16 5.01831828e-12 2.85363462e-14 8.83049889e-13
7.15596261e+00 5.80111217e-12 8.00001633e-13 4.02526949e-16 5.00070801e-12 2.49467327e-14 8.00009879e-13
7.39545150e+00 5.77018277e-12 7.24771114e-13 3.02611825e-16 5.04510904e-12 2.13898378e-14 7.24778763e-13
7.64295536e+00 5.94249344e-12 6.56614316e-13 2.10007651e-16 5.28566911e-12 1.74920763e-14 6.56622211e-13
7.89874245e+00 6.40485609e-12 5.94865705e-13 1.22845791e-16 5.80986754e-12 1.31715417e-14 5.94874946e-13
8.16308998e+00 7.06893240e-12 5.38922950e-13 7.00929159e-17 6.52993936e-12 9.74641453e-15 5.38934254e-13
8.43628443e+00 8.01206293e-12 4.88239870e-13 3.82873978e-17 7.52378477e-12 7.11907003e-15 4.88254098e-13
8.71862190e+00 8.68088756e-12 4.42323950e-13 2.45725879e-17 8.23853903e-12 5.57007867e-15 4.42339790e-13
9.01040836e+00 9.32012121e-12 4.00725775e-13 1.55009148e-17 8.91937993e-12 4.35109997e-15 4.00743158e-13
9.31196005e+00 9.88229460e-12 3.63039914e-13 0.00000000e+00 9.51925469e-12 0.00000000e+00 3.63058180e-13
9.62360379e+00 9.85886939e-12 3.28900027e-13 0.00000000e+00 9.52996936e-12 0.00000000e+00 3.28917012e-13
9.94567731e+00 9.44764709e-12 2.97971964e-13 0.00000000e+00 9.14967512e-12 0.00000000e+00 2.97986401e-13
1.02785297e+01 8.92306203e-12 2.69952603e-13 0.00000000e+00 8.65310943e-12 0.00000000e+00 2.69964435e-13
1.06225216e+01 8.34189521e-12 2.44567998e-13 0.00000000e+00 8.09732721e-12 0.00000000e+00 2.44577592e-13
1.09780260e+01 7.74204267e-12 2.21570571e-13 0.00000000e+00 7.52047210e-12 0.00000000e+00 2.21578069e-13
1.13454280e+01 7.26642264e-12 2.00735486e-13 0.00000000e+00 7.06568715e-12 0.00000000e+00 2.00741370e-13
1.17251259e+01 6.87744064e-12 1.81859460e-13 0.00000000e+00 6.69558118e-12 0.00000000e+00 1.81864106e-13
1.21175312e+01 6.49237418e-12 1.64758367e-13 0.00000000e+00 6.32761581e-12 0.00000000e+00 1.64762018e-13
1.25230691e+01 6.17872380e-12 1.49265311e-13 0.00000000e+00 6.02945849e-12 0.00000000e+00 1.49268171e-13
1.29421791e+01 5.91736444e-12 1.35229074e-13 0.00000000e+00 5.78213537e-12 0.00000000e+00 1.35231331e-13
1.33753155e+01 5.66601151e-12 1.22512689e-13 0.00000000e+00 5.54349882e-12 0.00000000e+00 1.22514483e-13
1.38229477e+01 5.56695618e-12 1.10992007e-13 0.00000000e+00 5.45596417e-12 0.00000000e+00 1.10993499e-13
1.42855609e+01 5.50599037e-12 1.00554626e-13 0.00000000e+00 5.40543575e-12 0.00000000e+00 1.00555922e-13
1.47636563e+01 5.64883441e-12 9.10986406e-14 0.00000000e+00 5.55773577e-12 0.00000000e+00 9.10998706e-14
1.52577522e+01 5.79754592e-12 8.25318567e-14 0.00000000e+00 5.71501406e-12 0.00000000e+00 8.25330452e-14
1.57683840e+01 5.95203047e-12 7.47706616e-14 0.00000000e+00 5.87725981e-12 0.00000000e+00 7.47718247e-14
1.62961051e+01 6.14084278e-12 6.77393149e-14 0.00000000e+00 6.07310347e-12 0.00000000e+00 6.77404517e-14
1.68414875e+01 6.30867061e-12 6.13691845e-14 0.00000000e+00 6.24730143e-12 0.00000000e+00 6.13702932e-14
1.74051222e+01 6.44876950e-12 5.55981170e-14 0.00000000e+00 6.39317139e-12 0.00000000e+00 5.55991699e-14
1.79876201e+01 6.50329193e-12 5.03697669e-14 0.00000000e+00 6.45292216e-12 0.00000000e+00 5.03707500e-14
1.85896125e+01 6.56012477e-12 4.56331094e-14 0.00000000e+00 6.51449166e-12 0.00000000e+00 4.56339988e-14
1.92117518e+01 6.55147406e-12 4.13418997e-14 0.00000000e+00 6.51013216e-12 0.00000000e+00 4.13426810e-14
1.98547123e+01 6.48119673e-12 3.74542361e-14 0.00000000e+00 6.44374249e-12 0.00000000e+00 3.74549090e-14
2.05191907e+01 6.38173376e-12 3.39321606e-14 0.00000000e+00 6.34780160e-12 0.00000000e+00 3.39327342e-14
2.12059073e+01 6.29109877e-12 3.07412878e-14 0.00000000e+00 6.26035748e-12 0.00000000e+00 3.07417768e-14
2.19156062e+01 6.20294906e-12 2.78504709e-14 0.00000000e+00 6.17509859e-12 0.00000000e+00 2.78508898e-14
2.26490567e+01 6.14487060e-12 2.52314959e-14 0.00000000e+00 6.11963910e-12 0.00000000e+00 2.52318552e-14
2.34070535e+01 6.01673618e-12 2.28587999e-14 0.00000000e+00 5.99387738e-12 0.00000000e+00 2.28591087e-14
2.41904183e+01 5.91350154e-12 2.07092238e-14 0.00000000e+00 5.89279231e-12 0.00000000e+00 2.07094900e-14
2.50000000e+01 5.76805234e-12 1.87617866e-14 0.00000000e+00 5.74929055e-12 0.00000000e+00 1.87620165e-14
2.75422870e+01 5.38608794e-12 1.40312027e-14 0.00000000e+00 5.37205673e-12 0.00000000e+00 1.40313526e-14
3.16227766e+01 4.66075596e-12 9.27034040e-15 0.00000000e+00 4.65148562e-12 0.00000000e+00 9.27042274e-15
3.63078055e+01 3.79460066e-12 6.12486256e-15 0.00000000e+00 3.78847580e-12 0.00000000e+00 6.12490756e-15
4.16869383e+01 2.89100277e-12 4.04666235e-15 0.00000000e+00 2.88695611e-12 0.00000000e+00 4.04668630e-15
4.78630092e+01 2.04727747e-12 2.67360678e-15 0.00000000e+00 2.04460386e-12 0.00000000e+00 2.67361912e-15
5.49540874e+01 1.36844183e-12 1.76643641e-15 0.00000000e+00 1.36667539e-12 0.00000000e+00 1.76644264e-15
6.30957344e+01 8.66092170e-13 1.16707397e-15 0.00000000e+00 8.64925097e-13 0.00000000e+00 1.16707708e-15
7.24435960e+01 5.24926826e-13 7.71078643e-16 0.00000000e+00 5.24155747e-13 0.00000000e+00 7.71080178e-16
8.31763771e+01 3.07666105e-13 5.09446864e-16 0.00000000e+00 3.07156658e-13 0.00000000e+00 5.09447621e-16
9.54992586e+01 1.75589604e-13 3.36588330e-16 0.00000000e+00 1.75253016e-13 0.00000000e+00 3.36588705e-16
1.09647820e+02 9.82463234e-14 2.22381766e-16 0.00000000e+00 9.80239417e-14 0.00000000e+00 2.22381952e-16
1.25892541e+02 5.47527921e-14 1.46926205e-16 0.00000000e+00 5.46058659e-14 0.00000000e+00 1.46926299e-16
1.44543977e+02 3.02571919e-14 9.70731953e-17 0.00000000e+00 3.01601187e-14 0.00000000e+00 9.70732430e-17
1.65958691e+02 1.59277872e-14 6.41356323e-17 0.00000000e+00 1.58636515e-14 0.00000000e+00 6.41356556e-17
1.90546072e+02 8.37840977e-15 4.23739959e-17 0.00000000e+00 8.33603578e-15 0.00000000e+00 4.23740075e-17
2.18776162e+02 4.39453352e-15 2.79962233e-17 0.00000000e+00 4.36653730e-15 0.00000000e+00 2.79962291e-17
2.51188643e+02 2.29583293e-15 1.84969223e-17 0.00000000e+00 2.27733601e-15 0.00000000e+00 1.84969251e-17
2.88403150e+02 1.19362553e-15 1.22207958e-17 0.00000000e+00 1.18140474e-15 0.00000000e+00 1.22207972e-17
3.31131121e+02 6.18964491e-16 8.07419995e-18 0.00000000e+00 6.10890291e-16 0.00000000e+00 8.07420067e-18
3.80189396e+02 3.19872827e-16 5.33457112e-18 0.00000000e+00 3.14538256e-16 0.00000000e+00 5.33457148e-18
4.36515832e+02 1.65033633e-16 3.52451624e-18 0.00000000e+00 1.61509117e-16 0.00000000e+00 3.52451642e-18
5.01187234e+02 8.50151445e-17 2.32862482e-18 0.00000000e+00 8.26865196e-17 0.00000000e+00 2.32862491e-18
5.75439937e+02 4.37686235e-17 1.53850717e-18 0.00000000e+00 4.22301163e-17 0.00000000e+00 1.53850722e-18
6.60693448e+02 2.25397977e-17 1.01648162e-18 0.00000000e+00 2.15233161e-17 0.00000000e+00 1.01648164e-18
7.58577575e+02 1.16216916e-17 6.71582748e-19 0.00000000e+00 1.09501089e-17 0.00000000e+00 6.71582760e-19
8.70963590e+02 6.00469605e-18 4.43710323e-19 0.00000000e+00 5.56098572e-18 0.00000000e+00 4.43710329e-19
1.00000000e+03 2.81937774e-18 0.00000000e+00 0.00000000e+00 2.81937774e-18 0.00000000e+00 0.00000000e+00
