# column 1: lambda (micron)
# column 2: total flux; lambda*F_lambda (W/m2)
# column 3: direct stellar flux; lambda*F_lambda (W/m2)
# column 4: scattered stellar flux; lambda*F_lambda (W/m2)
# column 5: total dust emission flux; lambda*F_lambda (W/m2)
# column 6: dust emission scattered flux; lambda*F_lambda (W/m2)
# column 7: transparent flux; lambda*F_lambda (W/m2)
1.00000000e-03 1.78754429e-18 4.86527226e-24 1.78753942e-18 0.00000000e+00 0.00000000e+00 2.06075710e-13
1.14815362e-03 1.21923709e-18 2.21908889e-27 1.21923709e-18 0.00000000e+00 0.00000000e+00 2.43235413e-13
1.31825674e-03 1.82708040e-18 4.05069389e-31 1.82708040e-18 0.00000000e+00 0.00000000e+00 2.87095777e-13
1.51356125e-03 1.85727811e-18 3.05379559e-34 1.85727811e-18 0.00000000e+00 0.00000000e+00 3.38865070e-13
1.73780083e-03 3.16279977e-18 2.18442671e-34 3.16279977e-18 0.00000000e+00 0.00000000e+00 3.99969435e-13
1.99526231e-03 2.85306005e-18 3.04316009e-41 2.85306005e-18 0.00000000e+00 0.00000000e+00 4.72092178e-13
2.29086765e-03 3.88135167e-18 7.11077372e-43 3.88135167e-18 0.00000000e+00 0.00000000e+00 5.57220139e-13
2.63026799e-03 6.07155471e-18 9.86836913e-49 6.07155471e-18 0.00000000e+00 0.00000000e+00 6.57698429e-13
3.01995172e-03 2.90291759e-18 3.83510688e-57 2.90291759e-18 0.00000000e+00 0.00000000e+00 7.76295028e-13
3.46736850e-03 2.01386852e-18 5.49001259e-65 2.01386852e-18 0.00000000e+00 0.00000000e+00 9.16277040e-13
3.98107171e-03 2.25235597e-18 1.80707024e-72 2.25235597e-18 0.00000000e+00 0.00000000e+00 1.08150070e-12
4.57088190e-03 2.20334807e-17 1.70590226e-52 2.20334807e-17 0.00000000e+00 0.00000000e+00 1.27651759e-12
5.24807460e-03 7.53362868e-17 1.77566284e-63 7.53362868e-17 0.00000000e+00 0.00000000e+00 1.50670006e-12
6.02559586e-03 2.75964320e-17 6.96410888e-74 2.75964320e-17 0.00000000e+00 0.00000000e+00 1.77838917e-12
6.91830971e-03 1.64646617e-17 2.81834250e-83 1.64646617e-17 0.00000000e+00 0.00000000e+00 2.09906943e-12
7.94328235e-03 2.23763988e-17 2.11264428e-91 2.23763988e-17 9.23090605e-310 9.23090605e-310 2.47757497e-12
9.12010839e-03 1.36321353e-17 5.28595515e-100 1.36321353e-17 5.69992770e-271 5.69992770e-271 2.92433286e-12
1.04712855e-02 3.31271840e-17 1.47160880e-105 3.31271840e-17 1.83619758e-237 1.83619758e-237 3.26608014e-12
1.20226443e-02 2.25540328e-17 4.55700852e-111 2.25540328e-17 3.29413350e-207 3.29413350e-207 3.26608014e-12
1.38038426e-02 1.50039754e-16 1.33126405e-117 1.50039754e-16 9.76516466e-183 9.76516466e-183 3.26608014e-12
1.58489319e-02 1.24640336e-17 1.24156321e-125 1.24640336e-17 8.93877133e-161 8.93877133e-161 3.26608014e-12
1.81970086e-02 2.12841290e-17 4.86921011e-133 2.12841290e-17 2.31243181e-141 2.31243181e-141 3.26608014e-12
2.08929613e-02 2.10040319e-17 3.39670559e-139 2.10040319e-17 1.13919914e-124 1.13919914e-124 3.26608014e-12
2.39883292e-02 2.39740246e-17 3.58453719e-147 2.39740246e-17 5.10057640e-110 5.10057640e-110 3.26608014e-12
2.75422870e-02 2.82438480e-17 1.88896707e-156 2.82438480e-17 2.95025733e-97 2.95025733e-97 3.26608014e-12
3.16227766e-02 4.60998203e-17 1.51905335e-165 4.60998203e-17 3.18025097e-86 3.18025097e-86 3.26608014e-12
3.63078055e-02 5.00534908e-17 1.11731526e-172 5.00534908e-17 1.64381151e-76 1.64381151e-76 3.26608014e-12
4.16869383e-02 9.12803502e-17 7.55659419e-179 9.12803502e-17 3.49501190e-68 3.49501190e-68 3.26608014e-12
4.78630092e-02 1.22013474e-16 7.43497493e-196 1.22013474e-16 7.53968337e-61 7.53968337e-61 3.26608014e-12
5.49540874e-02 1.31911150e-16 1.65864252e-219 1.31911150e-16 1.74755301e-54 1.74755301e-54 3.26608014e-12
6.30957344e-02 1.87423480e-16 8.19518607e-279 1.87423480e-16 5.15386704e-49 5.15386704e-49 3.26608014e-12
7.24435960e-02 2.41611898e-16 0.00000000e+00 2.41611898e-16 4.09437475e-44 4.09437475e-44 3.26608014e-12
8.31763771e-02 2.30822095e-16 0.00000000e+00 2.30822095e-16 3.63290395e-40 3.63290395e-40 3.26608014e-12
9.54992586e-02 2.76995847e-16 0.00000000e+00 2.76995847e-16 1.04505219e-36 1.04505219e-36 3.26608014e-12
1.09647820e-01 2.44689802e-16 1.20423714e-271 2.44689802e-16 1.40145510e-33 1.40145510e-33 3.11908354e-12
1.25892541e-01 3.05421398e-16 8.45431863e-226 3.05421398e-16 3.93462340e-31 3.93462340e-31 2.91089813e-12
1.44543977e-01 1.84616950e-16 2.77520828e-189 1.84616950e-16 4.45572297e-29 4.45572297e-29 2.71660820e-12
1.65958691e-01 3.32613005e-16 4.13818532e-167 3.32613005e-16 3.01293686e-27 3.01293686e-27 2.53528629e-12
1.90546072e-01 3.19453835e-16 1.73518192e-177 3.19453834e-16 8.53164136e-26 8.53164136e-26 2.36606683e-12
2.18776162e-01 3.34940253e-16 4.32651262e-206 3.34940252e-16 9.83897699e-25 9.83897699e-25 2.20814205e-12
2.51188643e-01 5.65070722e-16 2.50111913e-167 5.65070701e-16 2.17418960e-23 2.17418960e-23 2.06075806e-12
2.88403150e-01 5.02915911e-16 4.64213947e-141 5.02915718e-16 1.93361146e-22 1.93361146e-22 1.92321132e-12
3.31131121e-01 4.69391375e-16 1.36614068e-124 4.69390465e-16 9.09684251e-22 9.09684251e-22 1.79484524e-12
3.80189396e-01 5.29715836e-16 5.84543690e-111 5.29711211e-16 4.62455429e-21 4.62455215e-21 1.67504704e-12
4.36515832e-01 5.39859334e-16 3.20095984e-98 5.39839594e-16 1.97404967e-20 1.97389833e-20 1.56324485e-12
5.01187234e-01 7.15784896e-16 3.95216974e-86 7.15678394e-16 1.06501869e-19 1.06462394e-19 1.45890498e-12
5.75439937e-01 9.26631570e-16 4.21442871e-75 9.25971971e-16 6.59599081e-19 6.57568714e-19 1.36152935e-12
6.60693448e-01 9.38221474e-16 2.81637014e-65 9.34133963e-16 4.08751108e-18 4.05601993e-18 1.27065312e-12
7.58577575e-01 1.26971974e-15 1.81891848e-56 1.24672323e-15 2.29965066e-17 2.24254581e-17 1.18584249e-12
8.70963590e-01 1.97936711e-15 2.47369875e-48 1.86576215e-15 1.13604967e-16 1.08852157e-16 1.10669260e-12
1.00000000e+00 2.80983495e-15 2.98033996e-41 2.38907743e-15 4.20757517e-16 3.84009603e-16 1.03282563e-12
1.14815362e+00 4.34424467e-15 3.48883505e-35 2.98905761e-15 1.35518705e-15 1.13553574e-15 9.63888963e-13
1.31825674e+00 7.75206683e-15 4.11646126e-30 3.46761031e-15 4.28445652e-15 3.09945396e-15 8.99553520e-13
1.51356125e+00 1.61919492e-14 4.58965992e-26 3.99245112e-15 1.21994981e-14 7.26900010e-15 8.39512191e-13
1.73780083e+00 3.57770184e-14 8.22652739e-23 4.54147496e-15 3.12355434e-14 1.47542172e-14 7.83478363e-13
1.99526231e+00 8.42497729e-14 2.97522610e-20 4.86999178e-15 7.93797514e-14 2.91019191e-14 7.31184552e-13
2.29086765e+00 1.73374016e-13 2.38481235e-18 4.96355899e-15 1.68408073e-13 4.36870023e-14 6.82381128e-13
2.63026799e+00 3.38722063e-13 5.46451468e-17 4.89456328e-15 3.33772855e-13 6.09316225e-14 6.36835122e-13
3.01995172e+00 6.12341777e-13 5.06436009e-16 4.64655364e-15 6.07188787e-13 7.71524353e-14 5.94329117e-13
3.46736850e+00 1.03229855e-12 2.45051243e-15 4.27367712e-15 1.02557436e-12 8.91249136e-14 5.54660204e-13
3.98107171e+00 1.63439726e-12 7.66444912e-15 3.79492017e-15 1.62293789e-12 9.82291032e-14 5.17639021e-13
4.57088190e+00 2.46960815e-12 1.75045695e-14 3.27411546e-15 2.44882946e-12 9.89972115e-14 4.83088843e-13
5.24807460e+00 3.44675031e-12 2.77943017e-14 2.30625099e-15 3.41664976e-12 9.22778683e-14 3.99440428e-13
6.02559586e+00 4.53441770e-12 2.88124058e-14 1.21331369e-15 4.50439198e-12 7.96333420e-14 2.63907674e-13
6.70000000e+00 5.48941421e-12 2.70299587e-14 6.97275969e-16 5.46168697e-12 6.68775226e-14 1.91967457e-13
6.92422916e+00 5.75098530e-12 2.62299623e-14 5.82887658e-16 5.72417245e-12 6.29469778e-14 1.73915272e-13
7.15596261e+00 6.01255258e-12 2.45617093e-14 4.71479323e-16 5.98751939e-12 5.69690909e-14 1.57560674e-13
7.39545150e+00 6.08873398e-12 2.12860878e-14 3.54262819e-16 6.06709363e-12 4.93608201e-14 1.42744025e-13
7.64295536e+00 5.71454345e-12 1.47916866e-14 2.17602323e-16 5.69953416e-12 3.63681330e-14 1.29320701e-13
7.89874245e+00 4.95532766e-12 7.11448837e-15 1.02328185e-16 4.94811084e-12 2.21462019e-14 1.17159675e-13
8.16308998e+00 4.12764218e-12 2.41597358e-15 4.36869794e-17 4.12518252e-12 1.29197960e-14 1.06142245e-13
8.43628443e+00 3.37865057e-12 5.01916273e-16 1.70885255e-17 3.37813157e-12 7.00870970e-15 9.61608686e-14
8.71862190e+00 3.12402234e-12 1.36672225e-16 8.53153075e-18 3.12387714e-12 4.81588480e-15 8.71181185e-14
9.01040836e+00 2.91515569e-12 3.16152949e-17 4.20036699e-18 2.91511988e-12 3.28869412e-15 7.89257281e-14
9.31196005e+00 2.80658417e-12 8.20332473e-18 0.00000000e+00 2.80657597e-12 0.00000000e+00 7.15037315e-14
9.62360379e+00 3.03952096e-12 5.85185046e-18 0.00000000e+00 3.03951511e-12 0.00000000e+00 6.47796826e-14
9.94567731e+00 3.46155270e-12 9.41712577e-18 0.00000000e+00 3.46154328e-12 0.00000000e+00 5.86879481e-14
1.02785297e+01 4.07388482e-12 1.96261826e-17 0.00000000e+00 4.07386520e-12 0.00000000e+00 5.31690665e-14
1.06225216e+01 4.60411578e-12 4.07892140e-17 0.00000000e+00 4.60407499e-12 0.00000000e+00 4.81691679e-14
1.09780260e+01 5.50070883e-12 9.76147413e-17 0.00000000e+00 5.50061122e-12 0.00000000e+00 4.36394486e-14
1.13454280e+01 6.36640495e-12 2.00176259e-16 0.00000000e+00 6.36620477e-12 0.00000000e+00 3.95356937e-14
1.17251259e+01 7.17942768e-12 3.57282784e-16 0.00000000e+00 7.17907040e-12 0.00000000e+00 3.58178467e-14
1.21175312e+01 8.14278507e-12 5.96733087e-16 0.00000000e+00 8.14218834e-12 0.00000000e+00 3.24496176e-14
1.25230691e+01 9.29960930e-12 9.27665355e-16 0.00000000e+00 9.29868163e-12 0.00000000e+00 2.93981291e-14
1.29421791e+01 1.02004884e-11 1.31289504e-15 0.00000000e+00 1.01991755e-11 0.00000000e+00 2.66335956e-14
1.33753155e+01 1.12913693e-11 1.72157119e-15 0.00000000e+00 1.12896477e-11 0.00000000e+00 2.41290327e-14
1.38229477e+01 1.21488702e-11 1.93857300e-15 0.00000000e+00 1.21469317e-11 0.00000000e+00 2.18599931e-14
1.42855609e+01 1.27388117e-11 1.93808463e-15 0.00000000e+00 1.27368737e-11 0.00000000e+00 1.98043289e-14
1.47636563e+01 1.31405858e-11 1.57196496e-15 0.00000000e+00 1.31390139e-11 0.00000000e+00 1.79419747e-14
1.52577522e+01 1.33357671e-11 1.21117818e-15 0.00000000e+00 1.33345559e-11 0.00000000e+00 1.62547521e-14
1.57683840e+01 1.36664073e-11 8.90963244e-16 0.00000000e+00 1.36655163e-11 0.00000000e+00 1.47261920e-14
1.62961051e+01 1.39700113e-11 6.46910033e-16 0.00000000e+00 1.39693644e-11 0.00000000e+00 1.33413743e-14
1.68414875e+01 1.41353573e-11 4.64962892e-16 0.00000000e+00 1.41348923e-11 0.00000000e+00 1.20867817e-14
1.74051222e+01 1.43081439e-11 3.60026954e-16 0.00000000e+00 1.43077839e-11 0.00000000e+00 1.09501681e-14
1.79876201e+01 1.46444784e-11 2.93802126e-16 0.00000000e+00 1.46441846e-11 0.00000000e+00 9.92043915e-15
1.85896125e+01 1.50009693e-11 2.67379145e-16 0.00000000e+00 1.50007020e-11 0.00000000e+00 8.98754353e-15
1.92117518e+01 1.54923020e-11 2.69609179e-16 0.00000000e+00 1.54920324e-11 0.00000000e+00 8.14237531e-15
1.98547123e+01 1.57538196e-11 2.89023252e-16 0.00000000e+00 1.57535306e-11 0.00000000e+00 7.37668479e-15
2.05191907e+01 1.61444431e-11 3.16965216e-16 0.00000000e+00 1.61441261e-11 0.00000000e+00 6.68299807e-15
2.12059073e+01 1.64951682e-11 3.43864482e-16 0.00000000e+00 1.64948244e-11 0.00000000e+00 6.05454408e-15
2.19156062e+01 1.67289059e-11 3.64268244e-16 0.00000000e+00 1.67285416e-11 0.00000000e+00 5.48518847e-15
2.26490567e+01 1.66847946e-11 3.81044953e-16 0.00000000e+00 1.66844135e-11 0.00000000e+00 4.96937378e-15
2.34070535e+01 1.68149739e-11 3.93791873e-16 0.00000000e+00 1.68145801e-11 0.00000000e+00 4.50206513e-15
2.41904183e+01 1.67383949e-11 4.01867820e-16 0.00000000e+00 1.67379930e-11 0.00000000e+00 4.07870113e-15
2.50000000e+01 1.65967812e-11 4.05800099e-16 0.00000000e+00 1.65963754e-11 0.00000000e+00 3.69514932e-15
2.75422870e+01 1.58075512e-11 4.02631731e-16 0.00000000e+00 1.58071486e-11 0.00000000e+00 2.76345259e-15
3.16227766e+01 1.41203301e-11 3.67966232e-16 0.00000000e+00 1.41199621e-11 0.00000000e+00 1.82579502e-15
3.63078055e+01 1.17093685e-11 3.20642051e-16 0.00000000e+00 1.17090479e-11 0.00000000e+00 1.20629081e-15
4.16869383e+01 9.05637095e-12 2.74197447e-16 0.00000000e+00 9.05609675e-12 0.00000000e+00 7.96988434e-16
4.78630092e+01 6.62691255e-12 2.29021963e-16 0.00000000e+00 6.62668353e-12 0.00000000e+00 5.26565037e-16
5.49540874e+01 4.54900109e-12 1.84213420e-16 0.00000000e+00 4.54881687e-12 0.00000000e+00 3.47898070e-16
6.30957344e+01 2.94883218e-12 1.42318303e-16 0.00000000e+00 2.94868986e-12 0.00000000e+00 2.29853975e-16
7.24435960e+01 1.81841859e-12 1.06073208e-16 0.00000000e+00 1.81831252e-12 0.00000000e+00 1.51863015e-16
8.31763771e+01 1.07732905e-12 7.67320721e-17 0.00000000e+00 1.07725232e-12 0.00000000e+00 1.00334899e-16
9.54992586e+01 6.20036807e-13 5.42243764e-17 0.00000000e+00 6.19982582e-13 0.00000000e+00 6.62906105e-17
1.09647820e+02 3.47886409e-13 3.76578027e-17 0.00000000e+00 3.47848752e-13 0.00000000e+00 4.37977720e-17
1.25892541e+02 1.93785391e-13 2.57871812e-17 0.00000000e+00 1.93759604e-13 0.00000000e+00 2.89369010e-17
1.44543977e+02 1.06787617e-13 1.74978529e-17 0.00000000e+00 1.06770119e-13 0.00000000e+00 1.91184209e-17
1.65958691e+02 5.61175276e-14 1.18277888e-17 0.00000000e+00 5.61056998e-14 0.00000000e+00 1.26314154e-17
1.90546072e+02 2.94163256e-14 7.94430677e-18 0.00000000e+00 2.94083813e-14 0.00000000e+00 8.34549342e-18
2.18776162e+02 1.53564534e-14 5.31274367e-18 0.00000000e+00 1.53511406e-14 0.00000000e+00 5.51381282e-18
2.51188643e+02 7.98243052e-15 3.54199861e-18 0.00000000e+00 7.97888852e-15 0.00000000e+00 3.64294000e-18
2.88403150e+02 4.12647658e-15 2.35620010e-18 0.00000000e+00 4.12412038e-15 0.00000000e+00 2.40686659e-18
3.31131121e+02 2.12637339e-15 1.56473753e-18 0.00000000e+00 2.12480866e-15 0.00000000e+00 1.59020099e-18
3.80189396e+02 1.09145704e-15 1.03784279e-18 0.00000000e+00 1.09041920e-15 0.00000000e+00 1.05063537e-18
4.36515832e+02 5.58818791e-16 6.87717745e-19 0.00000000e+00 5.58131073e-16 0.00000000e+00 6.94147908e-19
5.01187234e+02 2.85368225e-16 4.55387214e-19 0.00000000e+00 2.84912838e-16 0.00000000e+00 4.58618975e-19
5.75439937e+02 1.45426720e-16 3.01382225e-19 0.00000000e+00 1.45125338e-16 0.00000000e+00 3.03006552e-19
6.60693448e+02 7.39912315e-17 1.99377987e-19 0.00000000e+00 7.37918535e-17 0.00000000e+00 2.00194443e-19
7.58577575e+02 3.75924400e-17 1.31856756e-19 0.00000000e+00 3.74605832e-17 0.00000000e+00 1.32267157e-19
8.70963590e+02 1.90744906e-17 8.71817947e-20 0.00000000e+00 1.89873088e-17 0.00000000e+00 8.73880441e-20
1.00000000e+03 9.60988212e-18 0.00000000e+00 0.00000000e+00 9.60988212e-18 0.00000000e+00 0.00000000e+00
