# column 1: lambda (micron)
# column 2: total flux; lambda*F_lambda (W/m2)
# column 3: direct stellar flux; lambda*F_lambda (W/m2)
# column 4: scattered stellar flux; lambda*F_lambda (W/m2)
# column 5: total dust emission flux; lambda*F_lambda (W/m2)
# column 6: dust emission scattered flux; lambda*F_lambda (W/m2)
# column 7: transparent flux; lambda*F_lambda (W/m2)
1.00000000e-03 3.92252232e-20 1.39024920e-27 3.92252218e-20 0.00000000e+00 0.00000000e+00 8.37058880e-14
1.14815362e-03 1.78557829e-20 6.16066693e-32 1.78557829e-20 0.00000000e+00 0.00000000e+00 9.87997869e-14
1.31825674e-03 1.09687946e-20 8.32642244e-37 1.09687946e-20 0.00000000e+00 0.00000000e+00 1.16615427e-13
1.51356125e-03 9.95342107e-21 7.07919360e-41 9.95342107e-21 0.00000000e+00 0.00000000e+00 1.37643595e-13
1.73780083e-03 1.55451764e-20 4.36469304e-41 1.55451764e-20 0.00000000e+00 0.00000000e+00 1.62463576e-13
1.99526231e-03 1.34561987e-20 5.35268100e-50 1.34561987e-20 0.00000000e+00 0.00000000e+00 1.91759111e-13
2.29086765e-03 1.72474049e-20 3.90664996e-52 1.72474049e-20 0.00000000e+00 0.00000000e+00 2.26337236e-13
2.63026799e-03 2.80586794e-20 9.43944488e-60 2.80586794e-20 0.00000000e+00 0.00000000e+00 2.67150510e-13
3.01995172e-03 2.04235763e-20 1.11671032e-70 2.04235763e-20 0.00000000e+00 0.00000000e+00 3.15323260e-13
3.46736850e-03 1.90576764e-20 7.16464733e-81 1.90576764e-20 0.00000000e+00 0.00000000e+00 3.72182551e-13
3.98107171e-03 2.43747394e-20 1.35311409e-90 2.43747394e-20 0.00000000e+00 0.00000000e+00 4.39294745e-13
4.57088190e-03 1.48019941e-19 1.02573265e-64 1.48019941e-19 0.00000000e+00 0.00000000e+00 5.18508652e-13
5.24807460e-03 2.06880940e-19 5.60811064e-79 2.06880940e-19 0.00000000e+00 0.00000000e+00 6.12006462e-13
6.02559586e-03 2.83011960e-19 1.71242615e-92 2.83011960e-19 0.00000000e+00 0.00000000e+00 7.22363856e-13
6.91830971e-03 3.62514125e-19 1.07831880e-104 3.62514125e-19 0.00000000e+00 0.00000000e+00 8.52620966e-13
7.94328235e-03 4.18290017e-19 2.99008386e-115 4.18290017e-19 0.00000000e+00 0.00000000e+00 1.00636612e-12
9.12010839e-03 5.83290461e-19 1.99851665e-126 5.83290461e-19 0.00000000e+00 0.00000000e+00 1.18783470e-12
1.04712855e-02 3.92856737e-19 1.21061818e-133 3.92856737e-19 0.00000000e+00 0.00000000e+00 1.32664902e-12
1.20226443e-02 8.20978588e-19 8.69916360e-141 8.20978588e-19 0.00000000e+00 0.00000000e+00 1.32664902e-12
1.38038426e-02 1.14497839e-18 2.92726935e-149 1.14497839e-18 0.00000000e+00 0.00000000e+00 1.32664902e-12
1.58489319e-02 9.35363592e-19 1.13182085e-159 9.35363592e-19 1.01003561e-296 1.01003561e-296 1.32664902e-12
1.81970086e-02 1.82245379e-18 2.81798913e-169 1.82245379e-18 1.59077143e-259 1.59077143e-259 1.32664902e-12
2.08929613e-02 4.37431067e-18 2.93148189e-177 4.37431067e-18 3.55672131e-227 3.55672131e-227 1.32664902e-12
2.39883292e-02 7.13717408e-18 1.33044063e-187 7.13717408e-18 2.34724239e-199 2.34724239e-199 1.32664902e-12
2.75422870e-02 1.07573716e-17 1.23928791e-199 1.07573716e-17 1.33325372e-174 1.33325372e-174 1.32664902e-12
3.16227766e-02 1.38600256e-17 1.99693159e-211 1.38600256e-17 2.39122637e-153 2.39122637e-153 1.32664902e-12
3.63078055e-02 1.86309285e-17 1.12373445e-220 1.86309285e-17 6.67370086e-135 6.67370086e-135 1.32664902e-12
4.16869383e-02 6.95465580e-17 1.12298146e-228 6.95465580e-17 1.57810018e-118 1.57810018e-118 1.32664902e-12
4.78630092e-02 5.03759188e-17 9.94848050e-251 5.03759188e-17 2.20937837e-104 2.20937837e-104 1.32664902e-12
5.49540874e-02 5.68039619e-17 2.13505080e-281 5.68039619e-17 4.52046256e-92 4.52046256e-92 1.32664902e-12
6.30957344e-02 7.63885909e-17 0.00000000e+00 7.63885909e-17 1.28957634e-81 1.28957634e-81 1.32664902e-12
7.24435960e-02 4.65820222e-17 0.00000000e+00 4.65820222e-17 3.79874987e-72 3.79874987e-72 1.32664902e-12
8.31763771e-02 6.09402575e-17 0.00000000e+00 6.09402575e-17 4.78816416e-64 4.78816416e-64 1.32664902e-12
9.54992586e-02 6.06906731e-17 0.00000000e+00 6.06906731e-17 4.29381559e-57 4.29381559e-57 1.32664902e-12
1.09647820e-01 8.81418951e-17 0.00000000e+00 8.81418951e-17 1.26807809e-50 1.26807809e-50 1.26694048e-12
1.25892541e-01 1.03817374e-16 1.52998531e-289 1.03817374e-16 3.09113660e-45 3.09113660e-45 1.18237765e-12
1.44543977e-01 9.14387059e-17 3.49350276e-242 9.14387059e-17 8.30028931e-41 8.30028931e-41 1.10345902e-12
1.65958691e-01 1.15407482e-16 2.01376082e-213 1.15407482e-16 7.74362909e-37 7.74362909e-37 1.02980788e-12
1.90546072e-01 1.68122328e-16 7.18963033e-227 1.68122328e-16 1.56412811e-33 1.56412811e-33 9.61072633e-13
2.18776162e-01 1.51161212e-16 5.97774132e-264 1.51161212e-16 6.54262532e-31 6.54262532e-31 8.96925168e-13
2.51188643e-01 2.48124147e-16 1.11469867e-213 2.48124147e-16 4.78596652e-28 4.78596652e-28 8.37059271e-13
2.88403150e-01 3.35126202e-16 1.31183542e-179 3.35126202e-16 7.03180966e-26 7.03180966e-26 7.81189165e-13
3.31131121e-01 3.00567347e-16 3.02994616e-158 3.00567343e-16 3.65130764e-24 3.65130764e-24 7.29048148e-13
3.80189396e-01 2.79274459e-16 1.46464376e-140 2.79274318e-16 1.40986325e-22 1.40986325e-22 6.80387319e-13
4.36515832e-01 3.04893976e-16 4.92358979e-124 3.04890405e-16 3.57100456e-21 3.57100456e-21 6.34974392e-13
5.01187234e-01 2.82193923e-16 2.39884560e-108 2.82139779e-16 5.41434850e-20 5.41434840e-20 5.92592582e-13
5.75439937e-01 3.23170012e-16 4.88102723e-94 3.22545512e-16 6.24500202e-19 6.24500051e-19 5.53039576e-13
6.60693448e-01 3.64105061e-16 2.73641513e-81 3.59147287e-16 4.95777335e-18 4.95776408e-18 5.16126563e-13
7.58577575e-01 3.61137759e-16 7.41226689e-70 3.37096646e-16 2.40411121e-17 2.40404227e-17 4.81677334e-13
8.70963590e-01 5.63172237e-16 2.66319349e-59 4.61481949e-16 1.01690288e-16 1.01672365e-16 4.49527444e-13
1.00000000e+00 7.25336364e-16 4.13004852e-50 3.79831690e-16 3.45504674e-16 3.45071346e-16 4.19523420e-13
1.14815362e+00 1.24782499e-15 3.11614940e-42 3.71954791e-16 8.75870194e-16 8.70269036e-16 3.91522036e-13
1.31825674e+00 2.84849147e-15 1.19964411e-35 4.25217688e-16 2.42327378e-15 2.36801078e-15 3.65389624e-13
1.51356125e+00 5.99598802e-15 2.16735399e-30 5.59191034e-16 5.43679699e-15 5.02650334e-15 3.41001438e-13
1.73780083e+00 1.46394311e-14 3.65999078e-26 7.40649011e-16 1.38987821e-14 1.12588948e-14 3.18241059e-13
1.99526231e+00 3.28083999e-14 7.75655543e-23 1.00470094e-15 3.18036988e-14 1.92146146e-14 2.96999837e-13
2.29086765e+00 8.75750835e-14 2.32998699e-20 1.48191415e-15 8.60931461e-14 3.77173101e-14 2.77176375e-13
2.63026799e+00 2.26896086e-13 1.37993403e-18 1.85144218e-15 2.25043264e-13 6.19841028e-14 2.58676044e-13
3.01995172e+00 5.74867543e-13 2.52701885e-17 2.33482110e-15 5.72507451e-13 1.04502276e-13 2.41410531e-13
3.46736850e+00 1.31050479e-12 1.99243509e-16 2.77258431e-15 1.30753296e-12 1.59405640e-13 2.25297416e-13
3.98107171e+00 2.69556121e-12 8.92132115e-16 2.96735025e-15 2.69170173e-12 2.19676828e-13 2.10259782e-13
4.57088190e+00 4.85768065e-12 2.65710407e-15 2.96012848e-15 4.85206341e-12 2.58190902e-13 1.96225846e-13
5.24807460e+00 7.79087951e-12 5.12017162e-15 2.28394917e-15 7.78347539e-12 2.50926972e-13 1.62248699e-13
6.02559586e+00 1.07483240e-11 6.06659490e-15 1.27048085e-15 1.07409869e-11 2.16627007e-13 1.07196652e-13
6.70000000e+00 1.28108544e-11 6.13748689e-15 7.55702059e-16 1.28039613e-11 1.72331665e-13 7.79752569e-14
6.92422916e+00 1.32958449e-11 6.07849826e-15 6.36334004e-16 1.32891301e-11 1.56944670e-13 7.06426405e-14
7.15596261e+00 1.36582300e-11 5.74797336e-15 5.12998070e-16 1.36519691e-11 1.39207621e-13 6.39995667e-14
7.39545150e+00 1.37309675e-11 4.91625309e-15 3.81052581e-16 1.37256702e-11 1.18174289e-13 5.79811925e-14
7.64295536e+00 1.30695767e-11 3.15778515e-15 2.30458381e-16 1.30661884e-11 8.83571812e-14 5.25287725e-14
7.89874245e+00 1.13670557e-11 1.25871549e-15 1.00987380e-16 1.13656960e-11 5.42400564e-14 4.75890858e-14
8.16308998e+00 9.32120007e-12 3.19480605e-16 3.67572759e-17 9.32084383e-12 3.09769717e-14 4.31139160e-14
8.43628443e+00 7.61564152e-12 4.28784151e-17 1.16449922e-17 7.61558700e-12 1.65504045e-14 3.90595811e-14
8.71862190e+00 7.02765700e-12 8.17344448e-18 4.89875634e-18 7.02764393e-12 1.09451332e-14 3.53865066e-14
9.01040836e+00 6.56943626e-12 1.26102991e-18 2.09625698e-18 6.56943290e-12 6.95973226e-15 3.20588397e-14
9.31196005e+00 6.26935897e-12 2.25797036e-19 0.00000000e+00 6.26935874e-12 0.00000000e+00 2.90440991e-14
9.62360379e+00 6.67141206e-12 1.50046079e-19 0.00000000e+00 6.67141191e-12 0.00000000e+00 2.63128578e-14
9.94567731e+00 7.24634862e-12 2.86335193e-19 0.00000000e+00 7.24634833e-12 0.00000000e+00 2.38384563e-14
1.02785297e+01 8.11413173e-12 7.64067049e-19 0.00000000e+00 8.11413097e-12 0.00000000e+00 2.15967419e-14
1.06225216e+01 8.93068104e-12 2.03152361e-18 0.00000000e+00 8.93067901e-12 0.00000000e+00 1.95658333e-14
1.09780260e+01 1.00365489e-11 6.48555790e-18 0.00000000e+00 1.00365424e-11 0.00000000e+00 1.77259066e-14
1.13454280e+01 1.09126604e-11 1.69473199e-17 0.00000000e+00 1.09126435e-11 0.00000000e+00 1.60590026e-14
1.17251259e+01 1.17959469e-11 3.69886312e-17 0.00000000e+00 1.17959099e-11 0.00000000e+00 1.45488504e-14
1.21175312e+01 1.27382093e-11 7.40713754e-17 0.00000000e+00 1.27381352e-11 0.00000000e+00 1.31807094e-14
1.25230691e+01 1.34657334e-11 1.35155056e-16 0.00000000e+00 1.34655983e-11 0.00000000e+00 1.19412254e-14
1.29421791e+01 1.41577439e-11 2.18346095e-16 0.00000000e+00 1.41575255e-11 0.00000000e+00 1.08182996e-14
1.33753155e+01 1.46281664e-11 3.19508163e-16 0.00000000e+00 1.46278469e-11 0.00000000e+00 9.80097124e-15
1.38229477e+01 1.47891095e-11 3.83759583e-16 0.00000000e+00 1.47887257e-11 0.00000000e+00 8.87931012e-15
1.42855609e+01 1.48144872e-11 3.95040586e-16 0.00000000e+00 1.48140922e-11 0.00000000e+00 8.04431992e-15
1.47636563e+01 1.46564793e-11 3.10069871e-16 0.00000000e+00 1.46561692e-11 0.00000000e+00 7.28785031e-15
1.52577522e+01 1.44247010e-11 2.27695866e-16 0.00000000e+00 1.44244733e-11 0.00000000e+00 6.60251738e-15
1.57683840e+01 1.40990416e-11 1.57459962e-16 0.00000000e+00 1.40988842e-11 0.00000000e+00 5.98163161e-15
1.62961051e+01 1.38992608e-11 1.07062169e-16 0.00000000e+00 1.38991537e-11 0.00000000e+00 5.41913253e-15
1.68414875e+01 1.34701688e-11 7.18429228e-17 0.00000000e+00 1.34700970e-11 0.00000000e+00 4.90952959e-15
1.74051222e+01 1.33197096e-11 5.30969317e-17 0.00000000e+00 1.33196565e-11 0.00000000e+00 4.44784855e-15
1.79876201e+01 1.30200308e-11 4.20071482e-17 0.00000000e+00 1.30199888e-11 0.00000000e+00 4.02958296e-15
1.85896125e+01 1.29545405e-11 3.82805366e-17 0.00000000e+00 1.29545022e-11 0.00000000e+00 3.65065011e-15
1.92117518e+01 1.27501827e-11 3.98455365e-17 0.00000000e+00 1.27501429e-11 0.00000000e+00 3.30735125e-15
1.98547123e+01 1.23969349e-11 4.49015348e-17 0.00000000e+00 1.23968900e-11 0.00000000e+00 2.99633543e-15
2.05191907e+01 1.21830123e-11 5.21140431e-17 0.00000000e+00 1.21829602e-11 0.00000000e+00 2.71456684e-15
2.12059073e+01 1.16922044e-11 5.96416910e-17 0.00000000e+00 1.16921447e-11 0.00000000e+00 2.45929512e-15
2.19156062e+01 1.14819015e-11 6.61812968e-17 0.00000000e+00 1.14818353e-11 0.00000000e+00 2.22802858e-15
2.26490567e+01 1.10388167e-11 7.22463644e-17 0.00000000e+00 1.10387445e-11 0.00000000e+00 2.01850983e-15
2.34070535e+01 1.06447004e-11 7.76373221e-17 0.00000000e+00 1.06446227e-11 0.00000000e+00 1.82869374e-15
2.41904183e+01 1.01945021e-11 8.20780498e-17 0.00000000e+00 1.01944201e-11 0.00000000e+00 1.65672752e-15
2.50000000e+01 9.81121838e-12 8.55923459e-17 0.00000000e+00 9.81113279e-12 0.00000000e+00 1.50093262e-15
2.75422870e+01 8.44192074e-12 9.23539176e-17 0.00000000e+00 8.44182839e-12 0.00000000e+00 1.12248675e-15
3.16227766e+01 6.53747670e-12 9.29301885e-17 0.00000000e+00 6.53738377e-12 0.00000000e+00 7.41619640e-16
3.63078055e+01 4.77973185e-12 8.79090129e-17 0.00000000e+00 4.77964394e-12 0.00000000e+00 4.89983237e-16
4.16869383e+01 3.31215626e-12 8.11552636e-17 0.00000000e+00 3.31207511e-12 0.00000000e+00 3.23728714e-16
4.78630092e+01 2.17042031e-12 7.26667988e-17 0.00000000e+00 2.17034764e-12 0.00000000e+00 2.13885440e-16
5.49540874e+01 1.35183332e-12 6.19625549e-17 0.00000000e+00 1.35177135e-12 0.00000000e+00 1.41312709e-16
6.30957344e+01 8.03723415e-13 5.01446692e-17 0.00000000e+00 8.03673271e-13 0.00000000e+00 9.33643811e-17
7.24435960e+01 4.60414688e-13 3.87346081e-17 0.00000000e+00 4.60375953e-13 0.00000000e+00 6.16852348e-17
8.31763771e+01 2.56748998e-13 2.87839808e-17 0.00000000e+00 2.56720214e-13 0.00000000e+00 4.07550305e-17
9.54992586e+01 1.40004925e-13 2.07508861e-17 0.00000000e+00 1.39984174e-13 0.00000000e+00 2.69265816e-17
1.09647820e+02 7.52810597e-14 1.46259190e-17 0.00000000e+00 7.52664338e-14 0.00000000e+00 1.77902161e-17
1.25892541e+02 4.04966738e-14 1.01224358e-17 0.00000000e+00 4.04865513e-14 0.00000000e+00 1.17538792e-17
1.44543977e+02 2.16926396e-14 6.92311716e-18 0.00000000e+00 2.16857164e-14 0.00000000e+00 7.76571097e-18
1.65958691e+02 1.11162049e-14 4.71154286e-18 0.00000000e+00 1.11114933e-14 0.00000000e+00 5.13075436e-18
1.90546072e+02 5.70698486e-15 3.18007632e-18 0.00000000e+00 5.70380478e-15 0.00000000e+00 3.38985579e-18
2.18776162e+02 2.92978047e-15 2.13433093e-18 0.00000000e+00 2.92764614e-15 0.00000000e+00 2.23965551e-18
2.51188643e+02 1.50153884e-15 1.42678021e-18 0.00000000e+00 1.50011206e-15 0.00000000e+00 1.47972572e-18
2.88403150e+02 7.67136861e-16 9.51042972e-19 0.00000000e+00 7.66185818e-16 0.00000000e+00 9.77645088e-19
3.31131121e+02 3.91537363e-16 6.32544166e-19 0.00000000e+00 3.90904819e-16 0.00000000e+00 6.45923704e-19
3.80189396e+02 1.99354699e-16 4.20031954e-19 0.00000000e+00 1.98934667e-16 0.00000000e+00 4.26757559e-19
4.36515832e+02 1.01393747e-16 2.78573843e-19 0.00000000e+00 1.01115173e-16 0.00000000e+00 2.81955923e-19
5.01187234e+02 5.14950694e-17 1.84586057e-19 0.00000000e+00 5.13104833e-17 0.00000000e+00 1.86286431e-19
5.75439937e+02 2.61272976e-17 1.22223378e-19 0.00000000e+00 2.60050742e-17 0.00000000e+00 1.23078224e-19
6.60693448e+02 1.32464841e-17 8.08872123e-20 0.00000000e+00 1.31655968e-17 0.00000000e+00 8.13169765e-20
7.58577575e+02 6.71275135e-18 5.35095362e-20 0.00000000e+00 6.65924182e-18 0.00000000e+00 5.37255936e-20
8.70963590e+02 3.40013568e-18 3.53875549e-20 0.00000000e+00 3.36474813e-18 0.00000000e+00 3.54961477e-20
1.00000000e+03 1.69841026e-18 0.00000000e+00 0.00000000e+00 1.69841026e-18 0.00000000e+00 0.00000000e+00
