# column 1: lambda (micron)
# column 2: total flux; lambda*F_lambda (W/m2)
# column 3: direct stellar flux; lambda*F_lambda (W/m2)
# column 4: scattered stellar flux; lambda*F_lambda (W/m2)
# column 5: total dust emission flux; lambda*F_lambda (W/m2)
# column 6: dust emission scattered flux; lambda*F_lambda (W/m2)
# column 7: transparent flux; lambda*F_lambda (W/m2)
1.00000000e-03 1.03130992e-12 1.03125130e-12 5.86223911e-17 0.00000000e+00 0.00000000e+00 1.04634360e-12
1.14815362e-03 1.21158431e-12 1.21154083e-12 4.34862898e-17 0.00000000e+00 0.00000000e+00 1.23502095e-12
1.31825674e-03 1.42266755e-12 1.42257592e-12 9.16247324e-17 0.00000000e+00 0.00000000e+00 1.45772071e-12
1.51356125e-03 1.67204499e-12 1.67177791e-12 2.67076652e-16 0.00000000e+00 0.00000000e+00 1.72057784e-12
1.73780083e-03 1.97485581e-12 1.97264728e-12 2.20853132e-15 0.00000000e+00 0.00000000e+00 2.03083353e-12
1.99526231e-03 2.33772961e-12 2.30640663e-12 3.13229783e-14 0.00000000e+00 0.00000000e+00 2.39703472e-12
2.29086765e-03 2.71801844e-12 2.71596686e-12 2.05157835e-15 0.00000000e+00 0.00000000e+00 2.82926954e-12
2.63026799e-03 3.18370930e-12 3.17982836e-12 3.88094903e-15 0.00000000e+00 0.00000000e+00 3.33944522e-12
3.01995172e-03 3.71440669e-12 3.70994223e-12 4.46445527e-15 0.00000000e+00 0.00000000e+00 3.94161611e-12
3.46736850e-03 4.34062298e-12 4.33178447e-12 8.83851446e-15 0.00000000e+00 0.00000000e+00 4.65237083e-12
3.98107171e-03 5.07512853e-12 5.06035796e-12 1.47705743e-14 0.00000000e+00 0.00000000e+00 5.49128930e-12
4.57088190e-03 6.20958839e-12 6.13760290e-12 7.19854961e-14 0.00000000e+00 0.00000000e+00 6.48148207e-12
5.24807460e-03 7.18144923e-12 7.13567458e-12 4.57746506e-14 0.00000000e+00 0.00000000e+00 7.65022704e-12
6.02559586e-03 8.40647579e-12 8.30258535e-12 1.03890438e-13 0.00000000e+00 0.00000000e+00 9.02972084e-12
6.91830971e-03 1.00131954e-11 9.67371990e-12 3.39475510e-13 0.00000000e+00 0.00000000e+00 1.06579658e-11
7.94328235e-03 1.15989551e-11 1.12908432e-11 3.08111908e-13 1.67957176e-305 7.81734786e-307 1.25798170e-11
9.12010839e-03 1.34108630e-11 1.31697126e-11 2.41150337e-13 1.94439763e-266 7.53779174e-268 1.48482176e-11
1.04712855e-02 1.51179690e-11 1.45965194e-11 5.21449591e-13 1.97620662e-232 1.14844258e-233 1.65834298e-11
1.20226443e-02 1.51604692e-11 1.44869924e-11 6.73476802e-13 6.40724481e-203 2.79720213e-204 1.65834298e-11
1.38038426e-02 1.49923692e-11 1.43581462e-11 6.34222960e-13 3.37541665e-177 1.79186298e-178 1.65834298e-11
1.58489319e-02 1.48653683e-11 1.42013726e-11 6.63995640e-13 7.95538288e-155 3.81274207e-156 1.65834298e-11
1.81970086e-02 1.48386545e-11 1.40582949e-11 7.80359531e-13 2.34640005e-135 1.41211608e-136 1.65834298e-11
2.08929613e-02 1.46337978e-11 1.39404643e-11 6.93333505e-13 1.87793068e-118 1.18106568e-119 1.65834298e-11
2.39883292e-02 1.45777252e-11 1.37892631e-11 7.88462161e-13 9.49209084e-104 5.53973947e-105 1.65834298e-11
2.75422870e-02 1.44235879e-11 1.36154516e-11 8.08136329e-13 5.88702526e-91 3.89099469e-92 1.65834298e-11
3.16227766e-02 1.42732722e-11 1.34472051e-11 8.26067071e-13 7.59560254e-80 5.04931263e-81 1.65834298e-11
3.63078055e-02 1.41487767e-11 1.33166971e-11 8.32079685e-13 3.34552630e-70 2.23331261e-71 1.65834298e-11
4.16869383e-02 1.40443820e-11 1.32048394e-11 8.39542583e-13 7.89646847e-62 5.75415828e-63 1.65834298e-11
4.78630092e-02 1.37294934e-11 1.29013471e-11 8.28146325e-13 1.42179400e-54 1.10511855e-55 1.65834298e-11
5.49540874e-02 1.32629326e-11 1.24908440e-11 7.72088676e-13 2.74823255e-48 2.27535898e-49 1.65834298e-11
6.30957344e-02 1.22345758e-11 1.15180318e-11 7.16544030e-13 9.95476174e-43 9.13519924e-44 1.65834298e-11
7.24435960e-02 1.10871687e-11 1.04632699e-11 6.23898819e-13 6.29002790e-38 5.74926121e-39 1.65834298e-11
8.31763771e-02 1.11352524e-11 1.05530764e-11 5.82175977e-13 7.18130595e-34 6.38040088e-35 1.65834298e-11
9.54992586e-02 1.13986419e-11 1.08209443e-11 5.77697630e-13 2.24631026e-30 1.98312516e-31 1.65834298e-11
1.09647820e-01 1.17003095e-11 1.11082558e-11 5.92053672e-13 2.11439447e-27 1.90872830e-28 1.58370587e-11
1.25892541e-01 1.16311831e-11 1.10378711e-11 5.93312020e-13 7.54212058e-25 6.41080084e-26 1.47800032e-11
1.44543977e-01 1.13617298e-11 1.08289143e-11 5.32815495e-13 1.10691831e-22 8.87387937e-24 1.37935015e-11
1.65958691e-01 1.09247553e-11 1.04176179e-11 5.07137425e-13 5.99165430e-21 4.95699211e-22 1.28728446e-11
1.90546072e-01 1.00790491e-11 9.58571553e-12 4.93333397e-13 1.31825850e-19 1.26006713e-20 1.20136376e-11
2.18776162e-01 9.01541233e-12 8.60317931e-12 4.12231426e-13 1.59177803e-18 1.52370416e-19 1.12117790e-11
2.51188643e-01 8.87777802e-12 8.46626819e-12 4.11489347e-13 2.04888304e-17 2.25255469e-18 1.04634409e-11
2.88403150e-01 8.57287454e-12 8.19043576e-12 3.82260789e-13 1.77993537e-16 1.87189857e-17 9.76505125e-12
3.31131121e-01 8.18030164e-12 7.81813715e-12 3.61108002e-13 1.05648527e-15 1.07406072e-16 9.11327608e-12
3.80189396e-01 7.75957436e-12 7.43386722e-12 3.21170780e-13 4.53635598e-15 4.40398556e-16 8.50500410e-12
4.36515832e-01 7.36294663e-12 7.05986137e-12 2.88342437e-13 1.47428285e-14 1.39317896e-15 7.93733165e-12
5.01187234e-01 6.99092699e-12 6.69874491e-12 2.54526367e-13 3.76557128e-14 3.46190042e-15 7.40754890e-12
5.75439937e-01 6.64747453e-12 6.34686346e-12 2.21687372e-13 7.89236996e-14 7.15761055e-15 6.91312687e-12
6.60693448e-01 6.34284483e-12 6.00358423e-12 1.97803389e-13 1.41457211e-13 1.29055802e-14 6.45170538e-12
7.58577575e-01 6.06638153e-12 5.67099808e-12 1.68365054e-13 2.27018396e-13 2.22404594e-14 6.02108180e-12
8.70963590e-01 5.83352436e-12 5.35188362e-12 1.43010081e-13 3.38630661e-13 3.79242728e-14 5.61920048e-12
1.00000000e+00 5.65363950e-12 5.04346282e-12 1.20602397e-13 4.89574283e-13 6.71421860e-14 5.24414302e-12
1.14815362e+00 5.58683012e-12 4.74624120e-12 1.02026199e-13 7.38562720e-13 1.22177492e-13 4.89411902e-12
1.31825674e+00 5.70882935e-12 4.46045399e-12 8.22786394e-14 1.16609672e-12 2.09918202e-13 4.56745763e-12
1.51356125e+00 6.15197426e-12 4.18600715e-12 6.66451052e-14 1.89932200e-12 3.29324371e-13 4.26259947e-12
1.73780083e+00 7.00598260e-12 3.92418552e-12 5.39021185e-14 3.02789495e-12 4.70759124e-13 3.97808929e-12
1.99526231e+00 8.28410474e-12 3.67524552e-12 4.48439899e-14 4.56401523e-12 6.00722999e-13 3.71256894e-12
2.29086765e+00 9.84952374e-12 3.43901955e-12 3.57186630e-14 6.37478552e-12 6.76406679e-13 3.46477093e-12
2.63026799e+00 1.17166411e-11 3.21558524e-12 2.78755860e-14 8.47318027e-12 7.21952645e-13 3.23351237e-12
3.01995172e+00 1.37331269e-11 3.00505196e-12 2.15283939e-14 1.07065465e-11 7.36806974e-13 3.01768933e-12
3.46736850e+00 1.58193956e-11 2.80721945e-12 1.62516192e-14 1.29959245e-11 7.04174155e-13 2.81627154e-12
3.98107171e+00 1.79935930e-11 2.62173155e-12 1.19227758e-14 1.53599386e-11 6.39009537e-13 2.62829753e-12
4.57088190e+00 2.00214257e-11 2.44804274e-12 8.46712340e-15 1.75649158e-11 5.37192960e-13 2.45286997e-12
5.24807460e+00 2.14159017e-11 2.02494050e-12 5.06547136e-15 1.93858957e-11 4.04132804e-13 2.02814751e-12
6.02559586e+00 2.18414224e-11 1.33822278e-12 2.31113611e-15 2.05008885e-11 2.78985692e-13 1.33998377e-12
6.70000000e+00 2.17491088e-11 9.73575454e-13 1.22039387e-15 2.07743130e-11 1.95798556e-13 9.74709347e-13
6.92422916e+00 2.16097065e-11 8.82058612e-13 9.89599997e-16 2.07266583e-11 1.72248635e-13 8.83049889e-13
7.15596261e+00 2.15464641e-11 7.99127498e-13 7.88932906e-16 2.07465477e-11 1.50289640e-13 8.00009879e-13
7.39545150e+00 2.14053396e-11 7.23960283e-13 6.02517915e-16 2.06807768e-11 1.27036242e-13 7.24778763e-13
7.64295536e+00 2.15608757e-11 6.55777417e-13 4.06818507e-16 2.09046915e-11 1.01426976e-13 6.56622211e-13
7.89874245e+00 2.16626857e-11 5.93886280e-13 2.36222277e-16 2.10685632e-11 7.27962409e-14 5.94874946e-13
8.16308998e+00 2.16384712e-11 5.37725169e-13 1.26582333e-16 2.11006194e-11 5.01620854e-14 5.38934254e-13
8.43628443e+00 2.14626476e-11 4.86732924e-13 6.32380647e-17 2.09758514e-11 3.27996535e-14 4.88254098e-13
8.71862190e+00 2.13618397e-11 4.40647039e-13 3.69183975e-17 2.09211557e-11 2.36528844e-14 4.42339790e-13
9.01040836e+00 2.13593138e-11 3.98886126e-13 2.09415138e-17 2.09604067e-11 1.68577621e-14 4.00743158e-13
9.31196005e+00 2.09618771e-11 3.61107592e-13 0.00000000e+00 2.06007695e-11 0.00000000e+00 3.63058180e-13
9.62360379e+00 2.06706073e-11 3.27103426e-13 0.00000000e+00 2.03435039e-11 0.00000000e+00 3.28917012e-13
9.94567731e+00 2.08279236e-11 2.96444471e-13 0.00000000e+00 2.05314792e-11 0.00000000e+00 2.97986401e-13
1.02785297e+01 2.04650967e-11 2.68700386e-13 0.00000000e+00 2.01963963e-11 0.00000000e+00 2.69964435e-13
1.06225216e+01 2.04255008e-11 2.43552453e-13 0.00000000e+00 2.01819483e-11 0.00000000e+00 2.44577592e-13
1.09780260e+01 2.02254662e-11 2.20776630e-13 0.00000000e+00 2.00046896e-11 0.00000000e+00 2.21578069e-13
1.13454280e+01 2.02050036e-11 2.00112338e-13 0.00000000e+00 2.00048912e-11 0.00000000e+00 2.00741370e-13
1.17251259e+01 1.97828905e-11 1.81367235e-13 0.00000000e+00 1.96015232e-11 0.00000000e+00 1.81864106e-13
1.21175312e+01 1.94813283e-11 1.64371560e-13 0.00000000e+00 1.93169567e-11 0.00000000e+00 1.64762018e-13
1.25230691e+01 1.90891285e-11 1.48962182e-13 0.00000000e+00 1.89401663e-11 0.00000000e+00 1.49268171e-13
1.29421791e+01 1.84392186e-11 1.34989865e-13 0.00000000e+00 1.83042287e-11 0.00000000e+00 1.35231331e-13
1.33753155e+01 1.77607816e-11 1.22322576e-13 0.00000000e+00 1.76384590e-11 0.00000000e+00 1.22514483e-13
1.38229477e+01 1.71529405e-11 1.10833949e-13 0.00000000e+00 1.70421065e-11 0.00000000e+00 1.10993499e-13
1.42855609e+01 1.66917382e-11 1.00417249e-13 0.00000000e+00 1.65913210e-11 0.00000000e+00 1.00555922e-13
1.47636563e+01 1.64731078e-11 9.09682634e-14 0.00000000e+00 1.63821396e-11 0.00000000e+00 9.10998706e-14
1.52577522e+01 1.63076341e-11 8.24058884e-14 0.00000000e+00 1.62252282e-11 0.00000000e+00 8.25330452e-14
1.57683840e+01 1.61762490e-11 7.46473930e-14 0.00000000e+00 1.61016016e-11 0.00000000e+00 7.47718247e-14
1.62961051e+01 1.61075213e-11 6.76188342e-14 0.00000000e+00 1.60399025e-11 0.00000000e+00 6.77404517e-14
1.68414875e+01 1.58110491e-11 6.12516927e-14 0.00000000e+00 1.57497974e-11 0.00000000e+00 6.13702932e-14
1.74051222e+01 1.55336197e-11 5.54865489e-14 0.00000000e+00 1.54781332e-11 0.00000000e+00 5.55991699e-14
1.79876201e+01 1.51786328e-11 5.02656002e-14 0.00000000e+00 1.51283672e-11 0.00000000e+00 5.03707500e-14
1.85896125e+01 1.46516077e-11 4.55388593e-14 0.00000000e+00 1.46060688e-11 0.00000000e+00 4.56339988e-14
1.92117518e+01 1.42074163e-11 4.12591109e-14 0.00000000e+00 1.41661572e-11 0.00000000e+00 4.13426810e-14
1.98547123e+01 1.35448054e-11 3.73829329e-14 0.00000000e+00 1.35074225e-11 0.00000000e+00 3.74549090e-14
2.05191907e+01 1.30456934e-11 3.38713685e-14 0.00000000e+00 1.30118220e-11 0.00000000e+00 3.39327342e-14
2.12059073e+01 1.23718521e-11 3.06894655e-14 0.00000000e+00 1.23411626e-11 0.00000000e+00 3.07417768e-14
2.19156062e+01 1.17610486e-11 2.78060798e-14 0.00000000e+00 1.17332426e-11 0.00000000e+00 2.78508898e-14
2.26490567e+01 1.11545418e-11 2.51934098e-14 0.00000000e+00 1.11293484e-11 0.00000000e+00 2.52318552e-14
2.34070535e+01 1.05163920e-11 2.28260630e-14 0.00000000e+00 1.04935660e-11 0.00000000e+00 2.28591087e-14
2.41904183e+01 9.92030492e-12 2.06810137e-14 0.00000000e+00 9.89962390e-12 0.00000000e+00 2.07094900e-14
2.50000000e+01 9.34924264e-12 1.87374251e-14 0.00000000e+00 9.33050521e-12 0.00000000e+00 1.87620165e-14
2.75422870e+01 7.73257175e-12 1.40153141e-14 0.00000000e+00 7.71855644e-12 0.00000000e+00 1.40313526e-14
3.16227766e+01 5.68672027e-12 9.26161012e-15 0.00000000e+00 5.67745866e-12 0.00000000e+00 9.27042274e-15
3.63078055e+01 3.98290656e-12 6.12009089e-15 0.00000000e+00 3.97678647e-12 0.00000000e+00 6.12490756e-15
4.16869383e+01 2.63226843e-12 4.04412339e-15 0.00000000e+00 2.62822431e-12 0.00000000e+00 4.04668630e-15
4.78630092e+01 1.64210914e-12 2.67229778e-15 0.00000000e+00 1.63943684e-12 0.00000000e+00 2.67361912e-15
5.49540874e+01 9.75726018e-13 1.76577590e-15 0.00000000e+00 9.73960242e-13 0.00000000e+00 1.76644264e-15
6.30957344e+01 5.57083575e-13 1.16674493e-15 0.00000000e+00 5.55916830e-13 0.00000000e+00 1.16707708e-15
7.24435960e+01 3.08237401e-13 7.70915901e-16 0.00000000e+00 3.07466486e-13 0.00000000e+00 7.71080178e-16
8.31763771e+01 1.67100082e-13 5.09366502e-16 0.00000000e+00 1.66590715e-13 0.00000000e+00 5.09447621e-16
9.54992586e+01 8.92788753e-14 3.36548554e-16 0.00000000e+00 8.89423267e-14 0.00000000e+00 3.36588705e-16
1.09647820e+02 4.72605773e-14 2.22362009e-16 0.00000000e+00 4.70382153e-14 0.00000000e+00 2.22381952e-16
1.25892541e+02 2.51456239e-14 1.46916246e-16 0.00000000e+00 2.49987077e-14 0.00000000e+00 1.46926299e-16
1.44543977e+02 1.33692054e-14 9.70681379e-17 0.00000000e+00 1.32721372e-14 0.00000000e+00 9.70732430e-17
1.65958691e+02 6.80378059e-15 6.41331524e-17 0.00000000e+00 6.73964744e-15 0.00000000e+00 6.41356556e-17
1.90546072e+02 3.48041417e-15 4.23727680e-17 0.00000000e+00 3.43804141e-15 0.00000000e+00 4.23740075e-17
2.18776162e+02 1.78469848e-15 2.79956116e-17 0.00000000e+00 1.75670287e-15 0.00000000e+00 2.79962291e-17
2.51188643e+02 9.15548671e-16 1.84966165e-17 0.00000000e+00 8.97052054e-16 0.00000000e+00 1.84969251e-17
2.88403150e+02 4.69291708e-16 1.22206429e-17 0.00000000e+00 4.57071066e-16 0.00000000e+00 1.22207972e-17
3.31131121e+02 2.40808767e-16 8.07412328e-18 0.00000000e+00 2.32734643e-16 0.00000000e+00 8.07420067e-18
3.80189396e+02 1.23610574e-16 5.33453268e-18 0.00000000e+00 1.18276041e-16 0.00000000e+00 5.33457148e-18
4.36515832e+02 6.35779710e-17 3.52449695e-18 0.00000000e+00 6.00534741e-17 0.00000000e+00 3.52451642e-18
5.01187234e+02 3.27781268e-17 2.32861513e-18 0.00000000e+00 3.04495117e-17 0.00000000e+00 2.32862491e-18
5.75439937e+02 1.69617992e-17 1.53850231e-18 0.00000000e+00 1.54232969e-17 0.00000000e+00 1.53850722e-18
6.60693448e+02 8.82158165e-18 1.01647917e-18 0.00000000e+00 7.80510247e-18 0.00000000e+00 1.01648164e-18
7.58577575e+02 4.61817403e-18 6.71581520e-19 0.00000000e+00 3.94659251e-18 0.00000000e+00 6.71582760e-19
8.70963590e+02 2.43739646e-18 4.43709707e-19 0.00000000e+00 1.99368675e-18 0.00000000e+00 4.43710329e-19
1.00000000e+03 1.00618978e-18 0.00000000e+00 0.00000000e+00 1.00618978e-18 0.00000000e+00 0.00000000e+00
