# column 1: lambda (micron)
# column 2: total flux; lambda*F_lambda (W/m2)
# column 3: direct stellar flux; lambda*F_lambda (W/m2)
# column 4: scattered stellar flux; lambda*F_lambda (W/m2)
# column 5: total dust emission flux; lambda*F_lambda (W/m2)
# column 6: dust emission scattered flux; lambda*F_lambda (W/m2)
# column 7: transparent flux; lambda*F_lambda (W/m2)
1.00000000e-03 1.96462029e-19 2.21126977e-52 1.96462029e-19 0.00000000e+00 0.00000000e+00 2.19080387e-29
1.14815362e-03 2.27077855e-19 1.07467778e-59 2.27077855e-19 0.00000000e+00 0.00000000e+00 2.58585101e-29
1.31825674e-03 2.18601070e-19 7.19929826e-68 2.18601070e-19 0.00000000e+00 0.00000000e+00 3.05213331e-29
1.51356125e-03 2.59471743e-19 1.03798317e-74 2.59471743e-19 0.00000000e+00 0.00000000e+00 3.60249593e-29
1.73780083e-03 5.27674287e-19 4.14504360e-75 5.27674287e-19 0.00000000e+00 0.00000000e+00 4.25210029e-29
1.99526231e-03 5.43401455e-19 4.98610065e-90 5.43401455e-19 0.00000000e+00 0.00000000e+00 5.01884171e-29
2.29086765e-03 7.10490467e-19 1.21254325e-93 7.10490467e-19 0.00000000e+00 0.00000000e+00 5.92384244e-29
2.63026799e-03 1.39630323e-18 2.10996135e-106 1.39630323e-18 0.00000000e+00 0.00000000e+00 6.99203348e-29
3.01995172e-03 1.21826571e-18 1.09841532e-124 1.21826571e-18 0.00000000e+00 0.00000000e+00 8.25284140e-29
3.46736850e-03 1.28000859e-18 9.60763731e-142 1.28000859e-18 0.00000000e+00 0.00000000e+00 9.74099901e-29
3.98107171e-03 1.01328734e-18 5.09281687e-158 1.01328734e-18 0.00000000e+00 0.00000000e+00 1.14975021e-28
4.57088190e-03 1.08212389e-17 7.04219650e-115 1.08212389e-17 0.00000000e+00 0.00000000e+00 1.35707390e-28
5.24807460e-03 1.71576545e-17 9.96065128e-139 1.71576545e-17 0.00000000e+00 0.00000000e+00 1.60178233e-28
6.02559586e-03 1.25679217e-17 2.48603563e-161 1.25679217e-17 0.00000000e+00 0.00000000e+00 1.89061674e-28
6.91830971e-03 1.33551487e-17 9.68593313e-182 1.33551487e-17 0.00000000e+00 0.00000000e+00 2.23153395e-28
7.94328235e-03 1.34592230e-17 2.08932159e-199 1.34592230e-17 0.00000000e+00 0.00000000e+00 2.63392557e-28
9.12010839e-03 2.35445916e-17 4.19447216e-218 2.35445916e-17 0.00000000e+00 0.00000000e+00 3.10887671e-28
1.04712855e-02 1.79235495e-17 3.51102443e-230 1.79235495e-17 0.00000000e+00 0.00000000e+00 3.47219039e-28
1.20226443e-02 2.16525315e-17 4.20797601e-242 2.16525315e-17 0.00000000e+00 0.00000000e+00 3.47219039e-28
1.38038426e-02 5.78021804e-17 3.04806028e-256 5.78021804e-17 2.02774300e-295 2.02774300e-295 3.47219039e-28
1.58489319e-02 1.94326394e-17 1.27934465e-273 1.94326394e-17 1.52061605e-258 1.52061605e-258 3.47219039e-28
1.81970086e-02 4.02123876e-17 1.20166047e-289 4.02123876e-17 1.18398294e-226 1.18398294e-226 3.47219039e-28
2.08929613e-02 3.88731237e-17 5.72442618e-303 3.88731237e-17 1.73104776e-198 1.73104776e-198 3.47219039e-28
2.39883292e-02 1.23691768e-16 3.13929311e-320 1.23691768e-16 1.06553743e-173 1.06553743e-173 3.47219039e-28
2.75422870e-02 1.75669479e-17 0.00000000e+00 1.75669479e-17 8.98439342e-153 8.98439342e-153 3.47219039e-28
3.16227766e-02 2.02136493e-17 0.00000000e+00 2.02136493e-17 1.57824075e-134 1.57824075e-134 3.47219039e-28
3.63078055e-02 4.11693979e-17 0.00000000e+00 4.11693979e-17 3.61638615e-118 3.61638615e-118 3.47219039e-28
4.16869383e-02 4.83388781e-17 0.00000000e+00 4.83388781e-17 2.51921584e-104 2.51921584e-104 3.47219039e-28
4.78630092e-02 2.20360127e-17 0.00000000e+00 2.20360127e-17 4.75707350e-92 4.75707350e-92 3.47219039e-28
5.49540874e-02 3.45063911e-17 0.00000000e+00 3.45063911e-17 1.83980111e-81 1.83980111e-81 3.47219039e-28
6.30957344e-02 3.84636440e-17 0.00000000e+00 3.84636440e-17 1.09478549e-72 1.09478549e-72 3.47219039e-28
7.24435960e-02 4.87943985e-17 0.00000000e+00 4.87943985e-17 1.12063933e-64 1.12063933e-64 3.47219039e-28
8.31763771e-02 2.08219071e-17 0.00000000e+00 2.08219071e-17 1.32336045e-57 1.32336045e-57 3.47219039e-28
9.54992586e-02 2.27226401e-17 0.00000000e+00 2.27226401e-17 6.00543055e-52 6.00543055e-52 3.47219039e-28
1.09647820e-01 1.27417594e-17 0.00000000e+00 1.27417594e-17 2.67693225e-46 2.67693225e-46 3.31591739e-28
1.25892541e-01 1.04307546e-16 0.00000000e+00 1.04307546e-16 1.10813730e-41 1.10813730e-41 3.09459416e-28
1.44543977e-01 8.52300419e-17 0.00000000e+00 8.52300419e-17 7.62294285e-38 7.62294285e-38 2.88804331e-28
1.65958691e-01 5.28251655e-17 0.00000000e+00 5.28251655e-17 1.34450878e-34 1.34450878e-34 2.69527884e-28
1.90546072e-01 7.36510490e-17 0.00000000e+00 7.36510490e-17 6.38331733e-32 6.38331733e-32 2.51538057e-28
2.18776162e-01 8.87301808e-17 0.00000000e+00 8.87301808e-17 7.61854583e-30 7.61854583e-30 2.34748974e-28
2.51188643e-01 1.42256666e-16 0.00000000e+00 1.42256666e-16 1.67836666e-27 1.67836666e-27 2.19080489e-28
2.88403150e-01 1.31893579e-16 9.79776647e-307 1.31893579e-16 1.46532582e-25 1.46532582e-25 2.04457809e-28
3.31131121e-01 1.97691353e-16 4.60687151e-271 1.97691346e-16 7.19040073e-24 7.19040073e-24 1.90811129e-28
3.80189396e-01 2.36873889e-16 1.56897448e-241 2.36873704e-16 1.85689841e-22 1.85689841e-22 1.78075307e-28
4.36515832e-01 1.61625353e-16 6.24796315e-214 1.61622587e-16 2.76563091e-21 2.76563091e-21 1.66189546e-28
5.01187234e-01 3.11766962e-16 9.90819443e-188 3.11739793e-16 2.71688716e-20 2.71688716e-20 1.55097109e-28
5.75439937e-01 2.89894020e-16 7.84470171e-164 2.89684445e-16 2.09575259e-19 2.09575259e-19 1.44745044e-28
6.60693448e-01 4.13520288e-16 1.54898913e-142 4.11936871e-16 1.58341774e-18 1.58341767e-18 1.35083935e-28
7.58577575e-01 4.83519761e-16 1.94759962e-123 4.77006191e-16 6.51357016e-18 6.51356596e-18 1.26067663e-28
8.70963590e-01 8.39530935e-16 8.41113235e-106 8.14779175e-16 2.47517605e-17 2.47513325e-17 1.17653189e-28
1.00000000e+00 9.52009938e-16 1.91610755e-90 8.72803237e-16 7.92067009e-17 7.91899572e-17 1.09800344e-28
1.14815362e+00 1.44024765e-15 2.81184788e-77 1.22683741e-15 2.13410236e-16 2.12914807e-16 1.02471644e-28
1.31825674e+00 1.73097769e-15 2.87772287e-66 1.22689384e-15 5.04083853e-16 4.95846996e-16 9.56321020e-29
1.51356125e+00 2.43160255e-15 1.78634911e-57 1.32353611e-15 1.10806643e-15 1.03909294e-15 8.92490705e-29
1.73780083e+00 3.73154520e-15 2.12377257e-50 1.25094666e-15 2.48059854e-15 1.99949455e-15 8.32920789e-29
1.99526231e+00 6.67338171e-15 7.90729592e-45 1.36114871e-15 5.31223300e-15 3.06289846e-15 7.77326909e-29
2.29086765e+00 1.45778519e-14 1.12962860e-40 1.36744073e-15 1.32104112e-14 4.88573762e-15 7.25443681e-29
2.63026799e+00 3.13654829e-14 1.07402862e-37 1.31476952e-15 3.00507134e-14 6.32211745e-15 6.77023435e-29
3.01995172e+00 6.25647718e-14 1.44012579e-35 1.17255849e-15 6.13922133e-14 7.67108980e-15 6.31835032e-29
3.46736850e+00 1.09772007e-13 4.73188987e-34 1.06143898e-15 1.08710568e-13 8.54191998e-15 5.89662761e-29
3.98107171e+00 1.80845471e-13 6.04763014e-33 9.58877116e-16 1.79886594e-13 8.94492841e-15 5.50305308e-29
4.57088190e+00 2.72531151e-13 3.91419843e-32 8.02316918e-16 2.71728834e-13 8.42446808e-15 5.13574796e-29
5.24807460e+00 3.77475752e-13 1.32825738e-31 5.58406006e-16 3.76917346e-13 7.28831179e-15 4.24647639e-29
6.02559586e+00 4.74625757e-13 2.32594425e-31 2.88864353e-16 4.74336892e-13 5.70750942e-15 2.80561913e-29
6.70000000e+00 5.43010155e-13 2.93405757e-31 1.68424148e-16 5.42841730e-13 4.45648124e-15 2.04081814e-29
6.92422916e+00 5.63800450e-13 3.08429042e-31 1.38817880e-16 5.63661632e-13 4.06625716e-15 1.84890423e-29
7.15596261e+00 5.75970918e-13 3.00137039e-31 1.11075624e-16 5.75859843e-13 3.63687478e-15 1.67503746e-29
7.39545150e+00 5.66973053e-13 2.47015677e-31 8.50330060e-17 5.66888020e-13 3.04129040e-15 1.51752074e-29
7.64295536e+00 5.20988642e-13 1.26059254e-31 5.26967701e-17 5.20935946e-13 2.23288076e-15 1.37481653e-29
7.89874245e+00 4.25978938e-13 2.90159700e-32 2.51262605e-17 4.25953811e-13 1.33832158e-15 1.24553190e-29
8.16308998e+00 3.30435991e-13 3.14456997e-33 1.09791829e-17 3.30425011e-13 7.38538299e-16 1.12840490e-29
8.43628443e+00 2.42432899e-13 1.17674230e-34 4.34131838e-18 2.42428558e-13 3.84956532e-16 1.02229226e-29
8.71862190e+00 1.95637840e-13 7.90833803e-36 2.13889422e-18 1.95635701e-13 2.43349882e-16 9.26158212e-30
9.01040836e+00 1.65144496e-13 3.73433446e-37 1.07327002e-18 1.65143423e-13 1.53236950e-16 8.39064393e-30
9.31196005e+00 1.40205094e-13 2.26083544e-38 0.00000000e+00 1.40205094e-13 0.00000000e+00 7.60160679e-30
9.62360379e+00 1.46604172e-13 1.22109070e-38 0.00000000e+00 1.46604172e-13 0.00000000e+00 6.88676892e-30
9.94567731e+00 1.63328570e-13 3.83523807e-38 0.00000000e+00 1.63328570e-13 0.00000000e+00 6.23915278e-30
1.02785297e+01 1.85295932e-13 2.10780282e-37 0.00000000e+00 1.85295932e-13 0.00000000e+00 5.65243699e-30
1.06225216e+01 2.11954420e-13 1.15147279e-36 0.00000000e+00 2.11954420e-13 0.00000000e+00 5.12089462e-30
1.09780260e+01 2.51529855e-13 8.53574164e-36 0.00000000e+00 2.51529855e-13 0.00000000e+00 4.63933730e-30
1.13454280e+01 2.93514375e-13 4.52988770e-35 0.00000000e+00 2.93514375e-13 0.00000000e+00 4.20306453e-30
1.17251259e+01 3.44924183e-13 1.78013708e-34 0.00000000e+00 3.44924183e-13 0.00000000e+00 3.80781787e-30
1.21175312e+01 3.92548061e-13 6.05940505e-34 0.00000000e+00 3.92548061e-13 0.00000000e+00 3.44973931e-30
1.25230691e+01 4.48974463e-13 1.76597770e-33 0.00000000e+00 4.48974463e-13 0.00000000e+00 3.12533364e-30
1.29421791e+01 5.08299550e-13 4.20059983e-33 0.00000000e+00 5.08299550e-13 0.00000000e+00 2.83143435e-30
1.33753155e+01 5.75515667e-13 8.47064757e-33 0.00000000e+00 5.75515667e-13 0.00000000e+00 2.56517268e-30
1.38229477e+01 6.22310972e-13 1.22858162e-32 0.00000000e+00 6.22310972e-13 0.00000000e+00 2.32394966e-30
1.42855609e+01 6.57494770e-13 1.37748942e-32 0.00000000e+00 6.57494770e-13 0.00000000e+00 2.10541070e-30
1.47636563e+01 6.61362217e-13 9.82297371e-33 0.00000000e+00 6.61362217e-13 0.00000000e+00 1.90742265e-30
1.52577522e+01 6.70291379e-13 6.26803246e-33 0.00000000e+00 6.70291379e-13 0.00000000e+00 1.72805294e-30
1.57683840e+01 6.78675251e-13 3.61822318e-33 0.00000000e+00 6.78675251e-13 0.00000000e+00 1.56555076e-30
1.62961051e+01 6.80214277e-13 2.03046280e-33 0.00000000e+00 6.80214277e-13 0.00000000e+00 1.41832992e-30
1.68414875e+01 6.95117068e-13 1.11468572e-33 0.00000000e+00 6.95117068e-13 0.00000000e+00 1.28495339e-30
1.74051222e+01 7.13881403e-13 7.18946374e-34 0.00000000e+00 7.13881403e-13 0.00000000e+00 1.16411928e-30
1.79876201e+01 7.43097368e-13 5.19499568e-34 0.00000000e+00 7.43097368e-13 0.00000000e+00 1.05464814e-30
1.85896125e+01 7.88709673e-13 4.75271744e-34 0.00000000e+00 7.88709673e-13 0.00000000e+00 9.55471421e-31
1.92117518e+01 8.44627215e-13 5.42836018e-34 0.00000000e+00 8.44627215e-13 0.00000000e+00 8.65621054e-31
1.98547123e+01 9.06683635e-13 7.07842175e-34 0.00000000e+00 9.06683635e-13 0.00000000e+00 7.84220012e-31
2.05191907e+01 9.83409374e-13 9.69583980e-34 0.00000000e+00 9.83409374e-13 0.00000000e+00 7.10473740e-31
2.12059073e+01 1.04043583e-12 1.29735017e-33 0.00000000e+00 1.04043583e-12 0.00000000e+00 6.43662399e-31
2.19156062e+01 1.10073323e-12 1.64873242e-33 0.00000000e+00 1.10073323e-12 0.00000000e+00 5.83133846e-31
2.26490567e+01 1.16652467e-12 2.03885692e-33 0.00000000e+00 1.16652467e-12 0.00000000e+00 5.28297261e-31
2.34070535e+01 1.23008051e-12 2.45601816e-33 0.00000000e+00 1.23008051e-12 0.00000000e+00 4.78617384e-31
2.41904183e+01 1.28957365e-12 2.87892868e-33 0.00000000e+00 1.28957365e-12 0.00000000e+00 4.33609290e-31
2.50000000e+01 1.34415667e-12 3.29839791e-33 0.00000000e+00 1.34415667e-12 0.00000000e+00 3.92833655e-31
2.75422870e+01 1.48637839e-12 4.54780626e-33 0.00000000e+00 1.48637839e-12 0.00000000e+00 2.93784388e-31
3.16227766e+01 1.58796190e-12 6.06317780e-33 0.00000000e+00 1.58796190e-12 0.00000000e+00 1.94101420e-31
3.63078055e+01 1.57059706e-12 7.29175971e-33 0.00000000e+00 1.57059706e-12 0.00000000e+00 1.28241537e-31
4.16869383e+01 1.41962182e-12 8.41949313e-33 0.00000000e+00 1.41962182e-12 0.00000000e+00 8.47283431e-32
4.78630092e+01 1.17556889e-12 9.23855860e-33 0.00000000e+00 1.17556889e-12 0.00000000e+00 5.59794611e-32
5.49540874e+01 9.02777305e-13 9.34328834e-33 0.00000000e+00 9.02777305e-13 0.00000000e+00 3.69852632e-32
6.30957344e+01 6.43241726e-13 8.65996992e-33 0.00000000e+00 6.43241726e-13 0.00000000e+00 2.44359211e-32
7.24435960e+01 4.32016263e-13 7.42655563e-33 0.00000000e+00 4.32016263e-13 0.00000000e+00 1.61446529e-32
8.31763771e+01 2.75205676e-13 5.97013568e-33 0.00000000e+00 2.75205676e-13 0.00000000e+00 1.06666664e-32
9.54992586e+01 1.68695654e-13 4.56256716e-33 0.00000000e+00 1.68695654e-13 0.00000000e+00 7.04739662e-33
1.09647820e+02 1.00057176e-13 3.35800228e-33 0.00000000e+00 1.00057176e-13 0.00000000e+00 4.65616877e-33
1.25892541e+02 5.85285600e-14 2.39732981e-33 0.00000000e+00 5.85285600e-14 0.00000000e+00 3.07630020e-33
1.44543977e+02 3.36361009e-14 1.67798499e-33 0.00000000e+00 3.36361009e-14 0.00000000e+00 2.03249139e-33
1.65958691e+02 1.83235131e-14 1.16480094e-33 0.00000000e+00 1.83235131e-14 0.00000000e+00 1.34285374e-33
1.90546072e+02 9.90825985e-15 7.97497144e-34 0.00000000e+00 9.90825985e-15 0.00000000e+00 8.87214669e-34
2.18776162e+02 5.31726853e-15 5.40900789e-34 0.00000000e+00 5.31726853e-15 0.00000000e+00 5.86176919e-34
2.51188643e+02 2.82919725e-15 3.64435646e-34 0.00000000e+00 2.82919725e-15 0.00000000e+00 3.87283249e-34
2.88403150e+02 1.49275293e-15 2.44362345e-34 0.00000000e+00 1.49275293e-15 0.00000000e+00 2.55875505e-34
3.31131121e+02 7.82847445e-16 1.63251960e-34 0.00000000e+00 7.82847445e-16 0.00000000e+00 1.69055270e-34
3.80189396e+02 4.07953726e-16 1.08771624e-34 0.00000000e+00 4.07953726e-16 0.00000000e+00 1.11693709e-34
4.36515832e+02 2.11634181e-16 7.23240182e-35 0.00000000e+00 2.11634181e-16 0.00000000e+00 7.37953019e-35
5.01187234e+02 1.09291424e-16 4.80156561e-35 0.00000000e+00 1.09291424e-16 0.00000000e+00 4.87560724e-35
5.75439937e+02 5.62307854e-17 3.18403078e-35 0.00000000e+00 5.62307854e-17 0.00000000e+00 3.22128176e-35
6.60693448e+02 2.88406771e-17 2.10954181e-35 0.00000000e+00 2.88406771e-17 0.00000000e+00 2.12827975e-35
7.58577575e+02 1.47526731e-17 1.39671628e-35 0.00000000e+00 1.47526731e-17 0.00000000e+00 1.40614049e-35
8.70963590e+02 7.52666995e-18 9.24289572e-36 0.00000000e+00 7.52666995e-18 0.00000000e+00 9.29027808e-36
1.00000000e+03 3.83118971e-18 0.00000000e+00 0.00000000e+00 3.83118971e-18 0.00000000e+00 0.00000000e+00
