# column 1: lambda (micron)
# column 2: total flux; lambda*F_lambda (W/m2)
# column 3: direct stellar flux; lambda*F_lambda (W/m2)
# column 4: scattered stellar flux; lambda*F_lambda (W/m2)
# column 5: total dust emission flux; lambda*F_lambda (W/m2)
# column 6: dust emission scattered flux; lambda*F_lambda (W/m2)
# column 7: transparent flux; lambda*F_lambda (W/m2)
1.00000000e-03 6.93967556e-13 6.93962161e-13 5.39477073e-18 0.00000000e+00 0.00000000e+00 6.93993746e-13
1.14815362e-03 8.19094225e-13 8.19085887e-13 8.33816794e-18 0.00000000e+00 0.00000000e+00 8.19135139e-13
1.31825674e-03 9.66780698e-13 9.66768197e-13 1.25017860e-17 0.00000000e+00 0.00000000e+00 9.66842108e-13
1.51356125e-03 1.14109886e-12 1.14108084e-12 1.80186961e-17 0.00000000e+00 0.00000000e+00 1.14118369e-12
1.73780083e-03 1.34687371e-12 1.34684001e-12 3.36998366e-17 0.00000000e+00 0.00000000e+00 1.34696266e-12
1.99526231e-03 1.58971626e-12 1.58965589e-12 6.03722989e-17 0.00000000e+00 0.00000000e+00 1.58984782e-12
2.29086765e-03 1.87638021e-12 1.87628996e-12 9.02562134e-17 0.00000000e+00 0.00000000e+00 1.87653019e-12
2.63026799e-03 2.21474314e-12 2.21456752e-12 1.75621627e-16 0.00000000e+00 0.00000000e+00 2.21490731e-12
3.01995172e-03 2.61409652e-12 2.61380478e-12 2.91739171e-16 0.00000000e+00 0.00000000e+00 2.61430080e-12
3.46736850e-03 3.08549101e-12 3.08502313e-12 4.67881433e-16 0.00000000e+00 0.00000000e+00 3.08571319e-12
3.98107171e-03 3.64203301e-12 3.64119865e-12 8.34362175e-16 0.00000000e+00 0.00000000e+00 3.64213095e-12
4.57088190e-03 4.29989090e-12 4.29814826e-12 1.74263563e-15 0.00000000e+00 0.00000000e+00 4.29888232e-12
5.24807460e-03 5.07630936e-12 5.07295291e-12 3.35645437e-15 0.00000000e+00 0.00000000e+00 5.07405951e-12
6.02559586e-03 5.99328637e-12 5.98744230e-12 5.84407640e-15 0.00000000e+00 0.00000000e+00 5.98901715e-12
6.91830971e-03 7.07536221e-12 7.06681523e-12 8.54697362e-15 0.00000000e+00 0.00000000e+00 7.06896053e-12
7.94328235e-03 8.35638485e-12 8.34081503e-12 1.55698252e-14 1.14232684e-303 1.21923481e-305 8.34363998e-12
9.12010839e-03 9.87023228e-12 9.84447040e-12 2.57618879e-14 6.98477471e-265 1.41918653e-266 9.84817045e-12
1.04712855e-02 1.10292493e-11 1.09946641e-11 3.45851699e-14 3.88401874e-231 5.12284563e-233 1.09990604e-11
1.20226443e-02 1.10560241e-11 1.09944047e-11 6.16193156e-14 7.78676445e-202 1.18282830e-203 1.09990604e-11
1.38038426e-02 1.10831937e-11 1.09940971e-11 8.90966158e-14 2.64937555e-176 6.47489026e-178 1.09990604e-11
1.58489319e-02 1.11145353e-11 1.09937190e-11 1.20816357e-13 4.32278212e-154 1.17524779e-155 1.09990604e-11
1.81970086e-02 1.11380779e-11 1.09933702e-11 1.44707696e-13 9.10139812e-135 2.94407341e-136 1.09990604e-11
2.08929613e-02 1.11650699e-11 1.09930804e-11 1.71989503e-13 5.51062993e-118 2.19710547e-119 1.09990604e-11
2.39883292e-02 1.12051378e-11 1.09927049e-11 2.12432938e-13 2.18749258e-103 9.41464400e-105 1.09990604e-11
2.75422870e-02 1.12422595e-11 1.09922681e-11 2.49991428e-13 1.09576019e-90 5.60038286e-92 1.09990604e-11
3.16227766e-02 1.12573531e-11 1.09918399e-11 2.65513218e-13 1.17000532e-79 6.05376713e-81 1.09990604e-11
3.63078055e-02 1.12776422e-11 1.09915041e-11 2.86138093e-13 4.40630516e-70 2.45805785e-71 1.09990604e-11
4.16869383e-02 1.12933335e-11 1.09912137e-11 3.02119808e-13 9.02529354e-62 5.78590150e-63 1.09990604e-11
4.78630092e-02 1.13263946e-11 1.09904131e-11 3.35981473e-13 1.44993702e-54 1.03572312e-55 1.09990604e-11
5.49540874e-02 1.13011911e-11 1.09892999e-11 3.11891201e-13 2.54017467e-48 1.98569761e-49 1.09990604e-11
6.30957344e-02 1.12998285e-11 1.09865091e-11 3.13319455e-13 8.50969935e-43 6.87625393e-44 1.09990604e-11
7.24435960e-02 1.12685468e-11 1.09832042e-11 2.85342578e-13 5.06862389e-38 3.81241984e-39 1.09990604e-11
8.31763771e-02 1.12649538e-11 1.09834983e-11 2.81455562e-13 5.37542259e-34 3.98012585e-35 1.09990604e-11
9.54992586e-02 1.12684042e-11 1.09843607e-11 2.84043480e-13 1.56455152e-30 1.18153684e-31 1.09990604e-11
1.09647820e-01 1.07886215e-11 1.04923618e-11 2.96259670e-13 1.37643529e-27 1.12349698e-28 1.05040253e-11
1.25892541e-01 1.00746493e-11 9.79396589e-12 2.80683408e-13 4.59555432e-25 3.76534985e-26 9.80292679e-12
1.44543977e-01 9.40605312e-12 9.14169151e-12 2.64361612e-13 6.41362458e-23 5.16633495e-24 9.14862359e-12
1.65958691e-01 8.80570163e-12 8.53233424e-12 2.73367394e-13 3.32731992e-21 2.97298264e-22 8.53799231e-12
1.90546072e-01 8.24620200e-12 7.96248475e-12 2.83717175e-13 7.13956950e-20 7.36485976e-21 7.96811805e-12
2.18776162e-01 7.69192465e-12 7.43011385e-12 2.61809950e-13 8.51775226e-19 8.86490541e-20 7.43628044e-12
2.51188643e-01 7.24481523e-12 6.93533782e-12 3.09466796e-13 1.06150473e-17 1.36546566e-18 6.93994070e-12
2.88403150e-01 6.76465949e-12 6.47316288e-12 2.91406819e-13 8.97908190e-17 1.16780516e-17 6.47672950e-12
3.31131121e-01 6.31402986e-12 6.04153398e-12 2.71975414e-13 5.20464092e-16 6.68956412e-17 6.04443567e-12
3.80189396e-01 5.89210563e-12 5.63861746e-12 2.51296516e-13 2.19165349e-15 2.79507530e-16 5.64099558e-12
4.36515832e-01 5.49686210e-12 5.26255177e-12 2.27303282e-13 7.00704767e-15 8.96538560e-16 5.26448339e-12
5.01187234e-01 5.14396352e-12 4.91155404e-12 2.14690512e-13 1.77189691e-14 2.29410943e-15 4.91310176e-12
5.75439937e-01 4.81885565e-12 4.58394601e-12 1.97603005e-13 3.73066302e-14 4.97559278e-15 4.58517335e-12
6.60693448e-01 4.52932230e-12 4.27816789e-12 1.82425646e-13 6.87287655e-14 9.77872236e-15 4.27913275e-12
7.58577575e-01 4.28052609e-12 3.99276975e-12 1.69624486e-13 1.18131853e-13 1.83683925e-14 3.99351904e-12
8.70963590e-01 4.07802004e-12 3.72639982e-12 1.50312232e-13 2.01307991e-13 3.58123565e-14 3.72696882e-12
1.00000000e+00 3.95366287e-12 3.47778457e-12 1.30435016e-13 3.45443280e-13 6.74914722e-14 3.47820968e-12
1.14815362e+00 3.96524280e-12 3.24574218e-12 1.11266071e-13 6.08234547e-13 1.23041116e-13 3.24605414e-12
1.31825674e+00 4.17853681e-12 3.02916903e-12 9.01329144e-14 1.05923486e-12 2.06448551e-13 3.02939399e-12
1.51356125e+00 4.66557217e-12 2.82703439e-12 7.12551870e-14 1.76728259e-12 3.09001420e-13 2.82719497e-12
1.73780083e+00 5.38145359e-12 2.63837911e-12 5.58938512e-14 2.68718063e-12 3.98501647e-13 2.63849186e-12
1.99526231e+00 6.25835944e-12 2.46230594e-12 4.19616407e-14 3.75409185e-12 4.50513484e-13 2.46238388e-12
2.29086765e+00 7.12992511e-12 2.29797664e-12 3.00817821e-14 4.80186669e-12 4.48582886e-13 2.29803035e-12
2.63026799e+00 7.86482557e-12 2.14460935e-12 2.15359143e-14 5.69868030e-12 4.10777826e-13 2.14464670e-12
3.01995172e+00 8.37964183e-12 2.00147445e-12 1.55714686e-14 6.36259591e-12 3.54140804e-13 2.00150076e-12
3.46736850e+00 8.72760479e-12 1.86789036e-12 1.10508199e-14 6.84866362e-12 2.95457155e-13 1.86790919e-12
3.98107171e+00 8.84680529e-12 1.74322063e-12 7.58602470e-15 7.09599864e-12 2.34597329e-13 1.74323429e-12
4.57088190e+00 8.83048790e-12 1.62687086e-12 5.16457719e-15 7.19845246e-12 1.74473532e-13 1.62688090e-12
5.24807460e+00 8.48603688e-12 1.34517448e-12 2.96493616e-15 7.13789747e-12 1.20420454e-13 1.34518114e-12
6.02559586e+00 7.85167005e-12 8.88748707e-13 1.29542952e-15 6.96162591e-12 7.73317253e-14 8.88752369e-13
6.70000000e+00 7.37143228e-12 6.46479532e-13 6.75680081e-16 6.72427707e-12 5.22841894e-14 6.46481889e-13
6.92422916e+00 7.21424050e-12 5.85686137e-13 5.43574304e-16 6.62801079e-12 4.55685810e-14 5.85688198e-13
7.15596261e+00 7.08546371e-12 5.30609573e-13 4.31267644e-16 6.55442287e-12 3.94350267e-14 5.30611407e-13
7.39545150e+00 7.02978938e-12 4.80712211e-13 3.29173410e-16 6.54874800e-12 3.34220444e-14 4.80713913e-13
7.64295536e+00 7.20805998e-12 4.35506910e-13 2.31758484e-16 6.77232132e-12 2.73019985e-14 4.35508666e-13
7.89874245e+00 7.65641024e-12 3.94552362e-13 1.39911146e-16 7.26171797e-12 2.08965542e-14 3.94554418e-13
8.16308998e+00 8.21443214e-12 3.57448900e-13 7.98272773e-17 7.85690341e-12 1.53254484e-14 3.57451415e-13
8.43628443e+00 8.88942982e-12 3.23834328e-13 4.33913607e-17 8.56555210e-12 1.07080159e-14 3.23837494e-13
8.71862190e+00 9.32266109e-12 2.93381026e-13 2.72591321e-17 9.02925281e-12 8.08944695e-15 2.93384550e-13
9.01040836e+00 9.73294098e-12 2.65791464e-13 1.68299125e-17 9.46713268e-12 5.99180032e-15 2.65795332e-13
9.31196005e+00 9.89370257e-12 2.40796478e-13 0.00000000e+00 9.65290609e-12 0.00000000e+00 2.40800541e-13
9.62360379e+00 9.78115517e-12 2.18152426e-13 0.00000000e+00 9.56300274e-12 0.00000000e+00 2.18156204e-13
9.94567731e+00 9.36006810e-12 1.97638077e-13 0.00000000e+00 9.16243002e-12 0.00000000e+00 1.97641289e-13
1.02785297e+01 8.92658112e-12 1.79052918e-13 0.00000000e+00 8.74752821e-12 0.00000000e+00 1.79055550e-13
1.06225216e+01 8.46486749e-12 1.62215438e-13 0.00000000e+00 8.30265205e-12 0.00000000e+00 1.62217572e-13
1.09780260e+01 7.98202140e-12 1.46961331e-13 0.00000000e+00 7.83506007e-12 0.00000000e+00 1.46962999e-13
1.13454280e+01 7.51294196e-12 1.33141623e-13 0.00000000e+00 7.37980034e-12 0.00000000e+00 1.33142932e-13
1.17251259e+01 7.18606700e-12 1.20621439e-13 0.00000000e+00 7.06544556e-12 0.00000000e+00 1.20622472e-13
1.21175312e+01 6.80151575e-12 1.09278596e-13 0.00000000e+00 6.69223715e-12 0.00000000e+00 1.09279408e-13
1.25230691e+01 6.45791059e-12 9.90023840e-14 0.00000000e+00 6.35890820e-12 0.00000000e+00 9.90030204e-14
1.29421791e+01 6.10050059e-12 8.96924986e-14 0.00000000e+00 6.01080809e-12 0.00000000e+00 8.96930008e-14
1.33753155e+01 5.79641359e-12 8.12580752e-14 0.00000000e+00 5.71515552e-12 0.00000000e+00 8.12584743e-14
1.38229477e+01 5.53916157e-12 7.36167798e-14 0.00000000e+00 5.46554479e-12 0.00000000e+00 7.36171115e-14
1.42855609e+01 5.38969070e-12 6.66940369e-14 0.00000000e+00 5.32299666e-12 0.00000000e+00 6.66943252e-14
1.47636563e+01 5.40346485e-12 6.04222684e-14 0.00000000e+00 5.34304259e-12 0.00000000e+00 6.04225420e-14
1.52577522e+01 5.45843130e-12 5.47402787e-14 0.00000000e+00 5.40369102e-12 0.00000000e+00 5.47405431e-14
1.57683840e+01 5.51671079e-12 4.95926077e-14 0.00000000e+00 5.46711818e-12 0.00000000e+00 4.95928665e-14
1.62961051e+01 5.55937042e-12 4.49290128e-14 0.00000000e+00 5.51444141e-12 0.00000000e+00 4.49292657e-14
1.68414875e+01 5.64058457e-12 4.07039727e-14 0.00000000e+00 5.59988059e-12 0.00000000e+00 4.07042194e-14
1.74051222e+01 5.64897977e-12 3.68762526e-14 0.00000000e+00 5.61210352e-12 0.00000000e+00 3.68764869e-14
1.79876201e+01 5.63403106e-12 3.34084869e-14 0.00000000e+00 5.60062258e-12 0.00000000e+00 3.34087056e-14
1.85896125e+01 5.53877455e-12 3.02668288e-14 0.00000000e+00 5.50850772e-12 0.00000000e+00 3.02670267e-14
1.92117518e+01 5.43331596e-12 2.74206103e-14 0.00000000e+00 5.40589535e-12 0.00000000e+00 2.74207841e-14
1.98547123e+01 5.27833089e-12 2.48420460e-14 0.00000000e+00 5.25348885e-12 0.00000000e+00 2.48421957e-14
2.05191907e+01 5.08054735e-12 2.25059643e-14 0.00000000e+00 5.05804138e-12 0.00000000e+00 2.25060919e-14
2.12059073e+01 4.89903804e-12 2.03895612e-14 0.00000000e+00 4.87864848e-12 0.00000000e+00 2.03896700e-14
2.19156062e+01 4.72041777e-12 1.84721785e-14 0.00000000e+00 4.70194559e-12 0.00000000e+00 1.84722717e-14
2.26490567e+01 4.54574912e-12 1.67351012e-14 0.00000000e+00 4.52901402e-12 0.00000000e+00 1.67351811e-14
2.34070535e+01 4.37309856e-12 1.51613739e-14 0.00000000e+00 4.35793718e-12 0.00000000e+00 1.51614426e-14
2.41904183e+01 4.19677085e-12 1.37356357e-14 0.00000000e+00 4.18303522e-12 0.00000000e+00 1.37356949e-14
2.50000000e+01 4.01412596e-12 1.24439702e-14 0.00000000e+00 4.00168199e-12 0.00000000e+00 1.24440213e-14
2.75422870e+01 3.49433373e-12 9.30634643e-15 0.00000000e+00 3.48502738e-12 0.00000000e+00 9.30637977e-15
3.16227766e+01 2.76633006e-12 6.14864582e-15 0.00000000e+00 2.76018141e-12 0.00000000e+00 6.14866414e-15
3.63078055e+01 2.06491176e-12 4.06237210e-15 0.00000000e+00 2.06084939e-12 0.00000000e+00 4.06238211e-15
4.16869383e+01 1.44054122e-12 2.68398392e-15 0.00000000e+00 1.43785724e-12 0.00000000e+00 2.68398924e-15
4.78630092e+01 9.39910658e-13 1.77329136e-15 0.00000000e+00 9.38137367e-13 0.00000000e+00 1.77329411e-15
5.49540874e+01 5.79091932e-13 1.17160241e-15 0.00000000e+00 5.77920330e-13 0.00000000e+00 1.17160380e-15
6.30957344e+01 3.42152897e-13 7.74070263e-16 0.00000000e+00 3.41378826e-13 0.00000000e+00 7.74070953e-16
7.24435960e+01 1.95499970e-13 5.11423266e-16 0.00000000e+00 1.94988546e-13 0.00000000e+00 5.11423607e-16
8.31763771e+01 1.09109081e-13 3.37894058e-16 0.00000000e+00 1.08771187e-13 0.00000000e+00 3.37894226e-16
9.54992586e+01 5.99026976e-14 2.23244418e-16 0.00000000e+00 5.96794532e-14 0.00000000e+00 2.23244502e-16
1.09647820e+02 3.25047523e-14 1.47496138e-16 0.00000000e+00 3.23572562e-14 0.00000000e+00 1.47496179e-16
1.25892541e+02 1.76871538e-14 9.74497385e-17 0.00000000e+00 1.75897041e-14 0.00000000e+00 9.74497594e-17
1.44543977e+02 9.59628538e-15 6.43844069e-17 0.00000000e+00 9.53190097e-15 0.00000000e+00 6.43844175e-17
1.65958691e+02 4.96926384e-15 4.25383576e-17 0.00000000e+00 4.92672548e-15 0.00000000e+00 4.25383628e-17
1.90546072e+02 2.58154680e-15 2.81048150e-17 0.00000000e+00 2.55344199e-15 0.00000000e+00 2.81048176e-17
2.18776162e+02 1.34187345e-15 1.85686676e-17 0.00000000e+00 1.32330479e-15 0.00000000e+00 1.85686688e-17
2.51188643e+02 6.96535554e-16 1.22681972e-17 0.00000000e+00 6.84267357e-16 0.00000000e+00 1.22681978e-17
2.88403150e+02 3.60613594e-16 8.10551762e-18 0.00000000e+00 3.52508077e-16 0.00000000e+00 8.10551794e-18
3.31131121e+02 1.86606667e-16 5.35526243e-18 0.00000000e+00 1.81251404e-16 0.00000000e+00 5.35526259e-18
3.80189396e+02 9.64363614e-17 3.53818683e-18 0.00000000e+00 9.28981746e-17 0.00000000e+00 3.53818691e-18
4.36515832e+02 4.98591777e-17 2.33765687e-18 0.00000000e+00 4.75215208e-17 0.00000000e+00 2.33765691e-18
5.01187234e+02 2.57979841e-17 1.54447458e-18 0.00000000e+00 2.42535095e-17 0.00000000e+00 1.54447460e-18
5.75439937e+02 1.33756987e-17 1.02042424e-18 0.00000000e+00 1.23552745e-17 0.00000000e+00 1.02042425e-18
6.60693448e+02 6.95789889e-18 6.74187611e-19 0.00000000e+00 6.28371128e-18 0.00000000e+00 6.74187617e-19
7.58577575e+02 3.63664715e-18 4.45431338e-19 0.00000000e+00 3.19121581e-18 0.00000000e+00 4.45431341e-19
8.70963590e+02 1.91253532e-18 2.94293567e-19 0.00000000e+00 1.61824175e-18 0.00000000e+00 2.94293569e-19
1.00000000e+03 8.19418281e-19 0.00000000e+00 0.00000000e+00 8.19418281e-19 0.00000000e+00 0.00000000e+00
