# column 1: lambda (micron)
# column 2: total flux; lambda*F_lambda (W/m2)
# column 3: direct stellar flux; lambda*F_lambda (W/m2)
# column 4: scattered stellar flux; lambda*F_lambda (W/m2)
# column 5: total dust emission flux; lambda*F_lambda (W/m2)
# column 6: dust emission scattered flux; lambda*F_lambda (W/m2)
# column 7: transparent flux; lambda*F_lambda (W/m2)
1.00000000e-03 5.11066426e-14 5.10831154e-14 2.35272430e-17 0.00000000e+00 0.00000000e+00 8.37058880e-14
1.14815362e-03 5.15267244e-14 5.14512109e-14 7.55134772e-17 0.00000000e+00 0.00000000e+00 9.87997869e-14
1.31825674e-03 5.08776651e-14 5.08729540e-14 4.71110585e-18 0.00000000e+00 0.00000000e+00 1.16615427e-13
1.51356125e-03 5.33314837e-14 5.17618616e-14 1.56962204e-15 0.00000000e+00 0.00000000e+00 1.37643595e-13
1.73780083e-03 6.05044957e-14 6.04811620e-14 2.33336782e-17 0.00000000e+00 0.00000000e+00 1.62463576e-13
1.99526231e-03 5.19342174e-14 5.17362530e-14 1.97964364e-16 0.00000000e+00 0.00000000e+00 1.91759111e-13
2.29086765e-03 5.92324862e-14 5.64177560e-14 2.81473017e-15 0.00000000e+00 0.00000000e+00 2.26337236e-13
2.63026799e-03 5.08869319e-14 5.05521642e-14 3.34767698e-16 0.00000000e+00 0.00000000e+00 2.67150510e-13
3.01995172e-03 4.16630897e-14 4.02292267e-14 1.43386305e-15 0.00000000e+00 0.00000000e+00 3.15323260e-13
3.46736850e-03 3.38484672e-14 3.28679243e-14 9.80542889e-16 0.00000000e+00 0.00000000e+00 3.72182551e-13
3.98107171e-03 2.53621684e-13 2.73086990e-14 2.26312985e-13 0.00000000e+00 0.00000000e+00 4.39294745e-13
4.57088190e-03 1.12776056e-13 8.12820100e-14 3.14940457e-14 0.00000000e+00 0.00000000e+00 5.18508652e-13
5.24807460e-03 6.06935816e-14 5.73963452e-14 3.29723648e-15 0.00000000e+00 0.00000000e+00 6.12006462e-13
6.02559586e-03 4.50482206e-14 4.16295004e-14 3.41872021e-15 0.00000000e+00 0.00000000e+00 7.22363856e-13
6.91830971e-03 3.48050885e-14 3.16501438e-14 3.15494463e-15 0.00000000e+00 0.00000000e+00 8.52620966e-13
7.94328235e-03 5.50772631e-14 2.55232350e-14 2.95540280e-14 2.24068393e-305 5.05191350e-306 1.00636612e-12
9.12010839e-03 5.29144917e-14 2.01315881e-14 3.27829036e-14 1.50066160e-266 7.16241088e-267 1.18783470e-12
1.04712855e-02 3.14735459e-14 1.73295945e-14 1.41439513e-14 3.72541556e-233 5.47999906e-234 1.32664902e-12
1.20226443e-02 3.73114387e-14 1.34152975e-14 2.38961411e-14 2.46265070e-203 1.96394384e-203 1.32664902e-12
1.38038426e-02 2.72873570e-14 9.90190961e-15 1.73854473e-14 1.38438821e-178 1.06871878e-179 1.32664902e-12
1.58489319e-02 1.84425142e-14 6.81784143e-15 1.16246728e-14 1.88552212e-156 1.20551189e-157 1.32664902e-12
1.81970086e-02 1.27037956e-14 4.83241725e-15 7.87137836e-15 3.38589564e-137 3.10836520e-138 1.32664902e-12
2.08929613e-02 6.33961322e-15 3.63004820e-15 2.70956502e-15 1.86832720e-120 2.26246700e-121 1.32664902e-12
2.39883292e-02 7.16677080e-15 2.50566808e-15 4.66110272e-15 6.48711820e-106 9.64067090e-107 1.32664902e-12
2.75422870e-02 7.53818721e-15 1.62804113e-15 5.91014608e-15 2.84109395e-93 5.27545521e-94 1.32664902e-12
3.16227766e-02 4.72260578e-15 1.06687088e-15 3.65573489e-15 2.87920994e-82 6.15508258e-83 1.32664902e-12
3.63078055e-02 5.11541209e-15 7.65846121e-16 4.34956597e-15 1.01105845e-72 2.23097349e-73 1.32664902e-12
4.16869383e-02 4.73428996e-15 5.74934073e-16 4.15935589e-15 2.04708885e-64 5.92500248e-65 1.32664902e-12
4.78630092e-02 5.61561229e-15 2.60838688e-16 5.35477360e-15 3.21872373e-57 1.14410167e-57 1.32664902e-12
5.49540874e-02 5.24865010e-15 8.69006907e-17 5.16174941e-15 5.76419256e-51 2.23482446e-51 1.32664902e-12
6.30957344e-02 6.29647286e-15 5.52168154e-18 6.29095118e-15 1.82696063e-45 8.63070202e-46 1.32664902e-12
7.24435960e-02 5.87245179e-15 2.10992404e-19 5.87224080e-15 1.01327934e-40 4.86590724e-41 1.32664902e-12
8.31763771e-02 5.65758636e-15 2.82117891e-19 5.65730424e-15 1.06334494e-36 5.07446854e-37 1.32664902e-12
9.54992586e-02 6.09527380e-15 6.61397055e-19 6.09461241e-15 3.02024284e-33 1.49241016e-33 1.32664902e-12
1.09647820e-01 6.14968340e-15 7.36422079e-18 6.14231918e-15 2.88277104e-30 1.40930022e-30 1.26694048e-12
1.25892541e-01 5.47928095e-15 5.79468908e-17 5.42133406e-15 9.20927594e-28 4.37254124e-28 1.18237765e-12
1.44543977e-01 5.08288170e-15 2.95547306e-16 4.78733440e-15 1.34158822e-25 5.93119307e-26 1.10345902e-12
1.65958691e-01 6.59601087e-15 7.74018180e-16 5.82199268e-15 7.32653084e-24 3.45796436e-24 1.02980788e-12
1.90546072e-01 6.15709210e-15 4.46593755e-16 5.71049818e-15 1.70346486e-22 9.00434361e-23 9.61072633e-13
2.18776162e-01 6.27322274e-15 1.10466774e-16 6.16275397e-15 2.00244697e-21 1.14823461e-21 8.96925168e-13
2.51188643e-01 6.91265091e-15 6.25394643e-16 6.28722507e-15 3.11963890e-20 1.90074278e-20 8.37059271e-13
2.88403150e-01 8.28409813e-15 1.98119567e-15 6.30264413e-15 2.58330656e-19 1.52696052e-19 7.81189165e-13
3.31131121e-01 9.63764240e-15 3.98029467e-15 5.65585622e-15 1.49151055e-18 8.58204173e-19 7.29048148e-13
3.80189396e-01 1.26275520e-14 7.00867482e-15 5.61242731e-15 6.44989076e-18 3.53866197e-18 6.80387319e-13
4.36515832e-01 1.66162933e-14 1.18395832e-14 4.75569785e-15 2.10122806e-17 1.12122976e-17 6.34974392e-13
5.01187234e-01 2.41072002e-14 1.94079939e-14 4.64418085e-15 5.50254604e-17 2.91152620e-17 5.92592582e-13
5.75439937e-01 3.49924004e-14 3.02801232e-14 4.58550352e-15 1.26773750e-16 6.29650280e-17 5.53039576e-13
6.60693448e-01 4.89447603e-14 4.46741145e-14 4.02483945e-15 2.45806344e-16 1.16111531e-16 5.16126563e-13
7.58577575e-01 6.76988622e-14 6.28741943e-14 4.37877251e-15 4.45895374e-16 1.84272805e-16 4.81677334e-13
8.70963590e-01 9.05657197e-14 8.57498925e-14 4.00904697e-15 8.06780185e-16 2.72156432e-16 4.49527444e-13
1.00000000e+00 1.16513379e-13 1.11365395e-13 3.64386755e-15 1.50411637e-15 3.57968615e-16 4.19523420e-13
1.14815362e+00 1.44241472e-13 1.37985035e-13 3.33639946e-15 2.92003723e-15 4.74141732e-16 3.91522036e-13
1.31825674e+00 1.72118030e-13 1.63230136e-13 2.98258508e-15 5.90530861e-15 6.35656802e-16 3.65389624e-13
1.51356125e+00 1.98032428e-13 1.84115304e-13 2.49851035e-15 1.14186134e-14 8.82462130e-16 3.41001438e-13
1.73780083e+00 2.23103139e-13 2.00151151e-13 1.98475696e-15 2.09672312e-14 1.23238993e-15 3.18241059e-13
1.99526231e+00 2.46884865e-13 2.10667105e-13 1.53582497e-15 3.46819349e-14 1.57065720e-15 2.96999837e-13
2.29086765e+00 2.69164717e-13 2.15094104e-13 1.15236779e-15 5.29182450e-14 1.80162144e-15 2.77176375e-13
2.63026799e+00 2.88053985e-13 2.14133322e-13 7.61150853e-16 7.31595119e-14 1.90971997e-15 2.58676044e-13
3.01995172e+00 3.03234434e-13 2.09317596e-13 5.38414043e-16 9.33784231e-14 1.84241661e-15 2.41410531e-13
3.46736850e+00 3.13215686e-13 2.01943966e-13 3.64367249e-16 1.10907354e-13 1.65536731e-15 2.25297416e-13
3.98107171e+00 3.16855908e-13 1.93121780e-13 2.43199029e-16 1.23490929e-13 1.38365379e-15 2.10259782e-13
4.57088190e+00 3.15440306e-13 1.83516715e-13 1.86016296e-16 1.31737575e-13 1.09404971e-15 1.96225846e-13
5.24807460e+00 2.88058943e-13 1.53751713e-13 1.04038525e-16 1.34203191e-13 8.04119321e-16 1.62248699e-13
6.02559586e+00 2.34511344e-13 1.02510454e-13 4.96213326e-17 1.31951268e-13 5.45767561e-16 1.07196652e-13
6.70000000e+00 2.03910804e-13 7.49503605e-14 2.70513734e-17 1.28933392e-13 3.94929112e-16 7.79752569e-14
6.92422916e+00 1.94476583e-13 6.79964325e-14 2.10331822e-17 1.26459117e-13 3.47374366e-16 7.06426405e-14
7.15596261e+00 1.87827680e-13 6.16432991e-14 1.73543443e-17 1.26167027e-13 3.02321001e-16 6.39995667e-14
7.39545150e+00 1.81727820e-13 5.57965065e-14 1.33008073e-17 1.25918013e-13 2.54656214e-16 5.79811925e-14
7.64295536e+00 1.81243424e-13 5.02796587e-14 8.99591611e-18 1.30954770e-13 2.04731360e-16 5.25287725e-14
7.89874245e+00 1.88326732e-13 4.49730707e-14 4.69731221e-18 1.43348964e-13 1.50034746e-16 4.75890858e-14
8.16308998e+00 2.04482058e-13 3.99449252e-14 2.59922648e-18 1.64534533e-13 1.10178722e-16 4.31139160e-14
8.43628443e+00 2.27726749e-13 3.51288174e-14 1.48119388e-18 1.92596451e-13 7.75630323e-17 3.90595811e-14
8.71862190e+00 2.46106542e-13 3.10625496e-14 8.85836765e-19 2.15043106e-13 5.79000656e-17 3.53865066e-14
9.01040836e+00 2.65331521e-13 2.73767001e-14 5.46145541e-19 2.37954275e-13 4.44315413e-17 3.20588397e-14
9.31196005e+00 2.81255219e-13 2.41841994e-14 0.00000000e+00 2.57071019e-13 0.00000000e+00 2.90440991e-14
9.62360379e+00 2.78534138e-13 2.18045303e-14 0.00000000e+00 2.56729608e-13 0.00000000e+00 2.63128578e-14
9.94567731e+00 2.61264755e-13 1.99844731e-14 0.00000000e+00 2.41280282e-13 0.00000000e+00 2.38384563e-14
1.02785297e+01 2.41880493e-13 1.84121717e-14 0.00000000e+00 2.23468321e-13 0.00000000e+00 2.15967419e-14
1.06225216e+01 2.21379646e-13 1.69626207e-14 0.00000000e+00 2.04417026e-13 0.00000000e+00 1.95658333e-14
1.09780260e+01 2.00150070e-13 1.56717424e-14 0.00000000e+00 1.84478327e-13 0.00000000e+00 1.77259066e-14
1.13454280e+01 1.81434153e-13 1.44340402e-14 0.00000000e+00 1.67000113e-13 0.00000000e+00 1.60590026e-14
1.17251259e+01 1.64889969e-13 1.32568876e-14 0.00000000e+00 1.51633081e-13 0.00000000e+00 1.45488504e-14
1.21175312e+01 1.51424748e-13 1.21594336e-14 0.00000000e+00 1.39265314e-13 0.00000000e+00 1.31807094e-14
1.25230691e+01 1.40126417e-13 1.11366941e-14 0.00000000e+00 1.28989723e-13 0.00000000e+00 1.19412254e-14
1.29421791e+01 1.29577348e-13 1.01806696e-14 0.00000000e+00 1.19396678e-13 0.00000000e+00 1.08182996e-14
1.33753155e+01 1.21092837e-13 9.29239088e-15 0.00000000e+00 1.11800446e-13 0.00000000e+00 9.80097124e-15
1.38229477e+01 1.14732033e-13 8.45558705e-15 0.00000000e+00 1.06276446e-13 0.00000000e+00 8.87931012e-15
1.42855609e+01 1.10643620e-13 7.67568767e-15 0.00000000e+00 1.02967933e-13 0.00000000e+00 8.04431992e-15
1.47636563e+01 1.09793477e-13 6.93837603e-15 0.00000000e+00 1.02855101e-13 0.00000000e+00 7.28785031e-15
1.52577522e+01 1.11382812e-13 6.26539132e-15 0.00000000e+00 1.05117421e-13 0.00000000e+00 6.60251738e-15
1.57683840e+01 1.12435560e-13 5.65239661e-15 0.00000000e+00 1.06783163e-13 0.00000000e+00 5.98163161e-15
1.62961051e+01 1.12795678e-13 5.09803328e-15 0.00000000e+00 1.07697645e-13 0.00000000e+00 5.41913253e-15
1.68414875e+01 1.15528251e-13 4.59709741e-15 0.00000000e+00 1.10931153e-13 0.00000000e+00 4.90952959e-15
1.74051222e+01 1.14764797e-13 4.15161906e-15 0.00000000e+00 1.10613178e-13 0.00000000e+00 4.44784855e-15
1.79876201e+01 1.13855959e-13 3.75328476e-15 0.00000000e+00 1.10102675e-13 0.00000000e+00 4.02958296e-15
1.85896125e+01 1.13119425e-13 3.40064450e-15 0.00000000e+00 1.09718781e-13 0.00000000e+00 3.65065011e-15
1.92117518e+01 1.10336549e-13 3.08751995e-15 0.00000000e+00 1.07249029e-13 0.00000000e+00 3.30735125e-15
1.98547123e+01 1.07307750e-13 2.80669349e-15 0.00000000e+00 1.04501056e-13 0.00000000e+00 2.99633543e-15
2.05191907e+01 1.03854291e-13 2.55258151e-15 0.00000000e+00 1.01301709e-13 0.00000000e+00 2.71456684e-15
2.12059073e+01 1.01095673e-13 2.32096895e-15 0.00000000e+00 9.87747042e-14 0.00000000e+00 2.45929512e-15
2.19156062e+01 9.85952904e-14 2.10935812e-15 0.00000000e+00 9.64859323e-14 0.00000000e+00 2.22802858e-15
2.26490567e+01 9.63743081e-14 1.91655252e-15 0.00000000e+00 9.44577555e-14 0.00000000e+00 2.01850983e-15
2.34070535e+01 9.42741927e-14 1.74094433e-15 0.00000000e+00 9.25332483e-14 0.00000000e+00 1.82869374e-15
2.41904183e+01 9.20602738e-14 1.58102436e-15 0.00000000e+00 9.04792494e-14 0.00000000e+00 1.65672752e-15
2.50000000e+01 9.06936946e-14 1.43548827e-15 0.00000000e+00 8.92582063e-14 0.00000000e+00 1.50093262e-15
2.75422870e+01 8.52421991e-14 1.07968634e-15 0.00000000e+00 8.41625127e-14 0.00000000e+00 1.12248675e-15
3.16227766e+01 7.73082088e-14 7.18027921e-16 0.00000000e+00 7.65901809e-14 0.00000000e+00 7.41619640e-16
3.63078055e+01 6.76149912e-14 4.77053988e-16 0.00000000e+00 6.71379372e-14 0.00000000e+00 4.89983237e-16
4.16869383e+01 5.60391210e-14 3.16831859e-16 0.00000000e+00 5.57222892e-14 0.00000000e+00 3.23728714e-16
4.78630092e+01 4.35762656e-14 2.10321519e-16 0.00000000e+00 4.33659441e-14 0.00000000e+00 2.13885440e-16
5.49540874e+01 3.19262336e-14 1.39510917e-16 0.00000000e+00 3.17867227e-14 0.00000000e+00 1.41312709e-16
6.30957344e+01 2.22282336e-14 9.24654284e-17 0.00000000e+00 2.21357681e-14 0.00000000e+00 9.33643811e-17
7.24435960e+01 1.46619811e-14 6.12400931e-17 0.00000000e+00 1.46007410e-14 0.00000000e+00 6.16852348e-17
8.31763771e+01 9.27685114e-15 4.05350259e-17 0.00000000e+00 9.23631612e-15 0.00000000e+00 4.07550305e-17
9.54992586e+01 5.66332296e-15 2.68176144e-17 0.00000000e+00 5.63650535e-15 0.00000000e+00 2.69265816e-17
1.09647820e+02 3.36295125e-15 1.77360664e-17 0.00000000e+00 3.34521518e-15 0.00000000e+00 1.77902161e-17
1.25892541e+02 1.97112523e-15 1.17265733e-17 0.00000000e+00 1.95939866e-15 0.00000000e+00 1.17538792e-17
1.44543977e+02 1.13680852e-15 7.75184096e-18 0.00000000e+00 1.12905668e-15 0.00000000e+00 7.76571097e-18
1.65958691e+02 6.21900958e-16 5.12395186e-18 0.00000000e+00 6.16777006e-16 0.00000000e+00 5.13075436e-18
1.90546072e+02 3.38009261e-16 3.38648687e-18 0.00000000e+00 3.34622774e-16 0.00000000e+00 3.38985579e-18
2.18776162e+02 1.82322796e-16 2.23797697e-18 0.00000000e+00 1.80084819e-16 0.00000000e+00 2.23965551e-18
2.51188643e+02 9.76101527e-17 1.47888676e-18 0.00000000e+00 9.61312659e-17 0.00000000e+00 1.47972572e-18
2.88403150e+02 5.18427752e-17 9.77225382e-19 0.00000000e+00 5.08655498e-17 0.00000000e+00 9.77645088e-19
3.31131121e+02 2.73956483e-17 6.45713300e-19 0.00000000e+00 2.67499350e-17 0.00000000e+00 6.45923704e-19
3.80189396e+02 1.44012632e-17 4.26652055e-19 0.00000000e+00 1.39746111e-17 0.00000000e+00 4.26757559e-19
4.36515832e+02 7.54717529e-18 2.81902968e-19 0.00000000e+00 7.26527232e-18 0.00000000e+00 2.81955923e-19
5.01187234e+02 3.94555843e-18 1.86259845e-19 0.00000000e+00 3.75929859e-18 0.00000000e+00 1.86286431e-19
5.75439937e+02 2.06066497e-18 1.23064873e-19 0.00000000e+00 1.93760010e-18 0.00000000e+00 1.23078224e-19
6.60693448e+02 1.07666855e-18 8.13102698e-20 0.00000000e+00 9.95358279e-19 0.00000000e+00 8.13169765e-20
7.58577575e+02 5.63558777e-19 5.37222240e-20 0.00000000e+00 5.09836553e-19 0.00000000e+00 5.37255936e-20
8.70963590e+02 2.95929201e-19 3.54944549e-20 0.00000000e+00 2.60434746e-19 0.00000000e+00 3.54961477e-20
1.00000000e+03 1.32706896e-19 0.00000000e+00 0.00000000e+00 1.32706896e-19 0.00000000e+00 0.00000000e+00
