# column 1: lambda (micron)
# column 2: total flux; lambda*F_lambda (W/m2)
# column 3: direct stellar flux; lambda*F_lambda (W/m2)
# column 4: scattered stellar flux; lambda*F_lambda (W/m2)
# column 5: total dust emission flux; lambda*F_lambda (W/m2)
# column 6: dust emission scattered flux; lambda*F_lambda (W/m2)
# column 7: transparent flux; lambda*F_lambda (W/m2)
1.00000000e-03 3.88367186e-17 3.40476937e-17 4.78902484e-18 0.00000000e+00 0.00000000e+00 8.37058880e-14
1.14815362e-03 1.11015015e-17 3.27448918e-18 7.82701237e-18 0.00000000e+00 0.00000000e+00 9.87997869e-14
1.31825674e-03 2.86051419e-18 2.35127563e-19 2.62538663e-18 0.00000000e+00 0.00000000e+00 1.16615427e-13
1.51356125e-03 2.22647891e-18 2.65456217e-20 2.19993328e-18 0.00000000e+00 0.00000000e+00 1.37643595e-13
1.73780083e-03 2.02591882e-17 2.67051899e-20 2.02324830e-17 0.00000000e+00 0.00000000e+00 1.62463576e-13
1.99526231e-03 3.74676963e-18 1.94140302e-22 3.74657549e-18 0.00000000e+00 0.00000000e+00 1.91759111e-13
2.29086765e-03 8.27037924e-18 6.55570526e-23 8.27031368e-18 0.00000000e+00 0.00000000e+00 2.26337236e-13
2.63026799e-03 1.08659846e-17 9.92371462e-25 1.08659836e-17 0.00000000e+00 0.00000000e+00 2.67150510e-13
3.01995172e-03 1.30244991e-17 2.30262637e-27 1.30244991e-17 0.00000000e+00 0.00000000e+00 3.15323260e-13
3.46736850e-03 1.73899980e-17 8.09929303e-30 1.73899980e-17 0.00000000e+00 0.00000000e+00 3.72182551e-13
3.98107171e-03 2.17918118e-17 3.71574736e-32 2.17918118e-17 0.00000000e+00 0.00000000e+00 4.39294745e-13
4.57088190e-03 1.35957332e-16 9.82588850e-26 1.35957332e-16 0.00000000e+00 0.00000000e+00 5.18508652e-13
5.24807460e-03 1.15191378e-16 3.44546720e-29 1.15191378e-16 0.00000000e+00 0.00000000e+00 6.12006462e-13
6.02559586e-03 2.20489179e-16 1.84474695e-32 2.20489179e-16 0.00000000e+00 0.00000000e+00 7.22363856e-13
6.91830971e-03 2.72506872e-16 2.07987017e-35 2.72506872e-16 0.00000000e+00 0.00000000e+00 8.52620966e-13
7.94328235e-03 5.36715511e-16 5.95133751e-38 5.36715511e-16 0.00000000e+00 0.00000000e+00 1.00636612e-12
9.12010839e-03 5.16839926e-16 1.19990696e-40 5.16839926e-16 0.00000000e+00 0.00000000e+00 1.18783470e-12
1.04712855e-02 7.56658779e-16 2.18436863e-42 7.56658779e-16 0.00000000e+00 0.00000000e+00 1.32664902e-12
1.20226443e-02 8.96490154e-16 3.81562799e-44 8.96490154e-16 0.00000000e+00 0.00000000e+00 1.32664902e-12
1.38038426e-02 1.86673263e-15 3.13811414e-46 1.86673263e-15 4.14376655e-290 2.16316365e-291 1.32664902e-12
1.58489319e-02 1.71959148e-15 8.59983179e-49 1.71959148e-15 2.74284064e-253 1.87448420e-254 1.32664902e-12
1.81970086e-02 3.22770719e-15 3.72682140e-51 3.22770719e-15 2.96281893e-221 1.38287808e-222 1.32664902e-12
2.08929613e-02 3.05415148e-15 4.04624620e-53 3.05415148e-15 2.17224386e-193 1.45485278e-194 1.32664902e-12
2.39883292e-02 3.35289311e-15 1.15344761e-55 3.35289311e-15 3.81836481e-169 2.98388401e-170 1.32664902e-12
2.75422870e-02 4.09561794e-15 1.26373141e-58 4.09561794e-15 4.77395237e-148 3.06006981e-149 1.32664902e-12
3.16227766e-02 4.39472232e-15 1.58444891e-61 4.39472232e-15 1.06055013e-129 6.23206701e-131 1.32664902e-12
3.63078055e-02 5.09111368e-15 8.39203755e-64 5.09111368e-15 9.34834173e-114 6.57545488e-115 1.32664902e-12
4.16869383e-02 5.04972110e-15 9.02173452e-66 5.04972110e-15 6.72942071e-100 4.25142067e-101 1.32664902e-12
4.78630092e-02 6.49751040e-15 3.38027805e-71 6.49751040e-15 7.34548776e-88 5.26714069e-89 1.32664902e-12
5.49540874e-02 7.01302229e-15 9.60726771e-79 7.01302229e-15 2.09140057e-77 1.63361692e-78 1.32664902e-12
6.30957344e-02 7.49325913e-15 1.14848115e-97 7.49325913e-15 3.17524789e-68 2.91603774e-69 1.32664902e-12
7.24435960e-02 7.32262539e-15 4.42805752e-120 7.32262539e-15 2.77903118e-60 2.61101219e-61 1.32664902e-12
8.31763771e-02 7.03447682e-15 4.37242659e-118 7.03447682e-15 1.77111427e-53 1.60551790e-54 1.32664902e-12
9.54992586e-02 7.54476507e-15 3.09392987e-112 7.54476507e-15 1.40602850e-47 1.30765367e-48 1.32664902e-12
1.09647820e-01 7.84518070e-15 2.15420181e-95 7.84518070e-15 1.68395680e-42 1.66530034e-43 1.26694048e-12
1.25892541e-01 6.96885540e-15 8.72543193e-81 6.96885540e-15 3.95009991e-38 3.56138706e-39 1.18237765e-12
1.44543977e-01 6.88954358e-15 3.72710741e-69 6.88954358e-15 2.27347797e-34 2.03777707e-35 1.10345902e-12
1.65958691e-01 7.19569084e-15 4.22392029e-62 7.19569084e-15 2.96988911e-31 2.90447817e-32 1.02980788e-12
1.90546072e-01 8.02304712e-15 1.96884430e-65 8.02304712e-15 1.06108969e-28 1.26767361e-29 9.61072633e-13
2.18776162e-01 8.38177543e-15 1.40451846e-74 8.38177543e-15 1.39380606e-26 1.72010725e-27 8.96925168e-13
2.51188643e-01 1.02291499e-14 3.12363274e-62 1.02291499e-14 1.53998090e-24 2.35253211e-25 8.37059271e-13
2.88403150e-01 9.53102955e-15 7.17122463e-54 9.53102946e-15 8.47048745e-23 1.27322879e-23 7.81189165e-13
3.31131121e-01 8.56027495e-15 1.22959037e-48 8.56027239e-15 2.56475667e-21 3.67807134e-22 7.29048148e-13
3.80189396e-01 7.83024667e-15 2.62178697e-44 7.83020193e-15 4.47369603e-20 6.60948497e-21 6.80387319e-13
4.36515832e-01 7.42523344e-15 2.90105082e-40 7.42470334e-15 5.30098748e-19 7.75408721e-20 6.34974392e-13
5.01187234e-01 7.15647173e-15 1.99575951e-36 7.15223857e-15 4.23315803e-18 6.53003093e-19 5.92592582e-13
5.75439937e-01 7.31160290e-15 6.28474783e-33 7.28626714e-15 2.53357614e-17 4.19504609e-18 5.53039576e-13
6.60693448e-01 7.29883664e-15 8.17803010e-30 7.17821401e-15 1.20622622e-16 2.15821231e-17 5.16126563e-13
7.58577575e-01 7.31581387e-15 5.04910669e-27 6.84365470e-15 4.72159170e-16 8.53631362e-17 4.81677334e-13
8.70963590e-01 8.25344045e-15 1.89629042e-24 6.68012303e-15 1.57331742e-15 2.89936322e-16 4.49527444e-13
1.00000000e+00 1.04602959e-14 3.28657581e-22 5.99714310e-15 4.46315252e-15 7.74328715e-16 4.19523420e-13
1.14815362e+00 1.66135917e-14 2.70725203e-20 5.48046932e-15 1.11330953e-14 1.77988625e-15 3.91522036e-13
1.31825674e+00 2.94793287e-14 1.07236765e-18 4.95154024e-15 2.45267161e-14 3.46524082e-15 3.65389624e-13
1.51356125e+00 5.24003984e-14 2.00101238e-17 4.29470181e-15 4.80856865e-14 5.77228314e-15 3.41001438e-13
1.73780083e+00 8.76805043e-14 2.08389708e-16 3.59966474e-15 8.38724499e-14 7.98642470e-15 3.18241059e-13
1.99526231e+00 1.33236730e-13 1.30229960e-15 2.59743876e-15 1.29336992e-13 9.39073398e-15 2.96999837e-13
2.29086765e+00 1.86099944e-13 5.03222267e-15 1.84822829e-15 1.79219493e-13 9.30069248e-15 2.77176375e-13
2.63026799e+00 2.42204527e-13 1.30403722e-14 1.27466315e-15 2.27889492e-13 8.45394117e-15 2.58676044e-13
3.01995172e+00 2.95188595e-13 2.53156016e-14 8.84006596e-16 2.68988987e-13 6.93835933e-15 2.41410531e-13
3.46736850e+00 3.38798229e-13 3.99423547e-14 6.27812470e-16 2.98228062e-13 5.18525567e-15 2.25297416e-13
3.98107171e+00 3.65387533e-13 5.48294369e-14 4.35094693e-16 3.10123002e-13 3.82152683e-15 2.10259782e-13
4.57088190e+00 3.78236414e-13 6.80807884e-14 3.03090754e-16 3.09852535e-13 2.64558039e-15 1.96225846e-13
5.24807460e+00 3.68584999e-13 6.93211485e-14 1.67501056e-16 2.99096349e-13 1.72425774e-15 1.62248699e-13
6.02559586e+00 3.32561416e-13 5.28788818e-14 7.69355225e-17 2.79605598e-13 1.05508944e-15 1.07196652e-13
6.70000000e+00 3.02060586e-13 4.17168329e-14 3.99381134e-17 2.60303815e-13 6.92401129e-16 7.79752569e-14
6.92422916e+00 2.92342520e-13 3.86316276e-14 3.30922075e-17 2.53677800e-13 6.00477691e-16 7.06426405e-14
7.15596261e+00 2.85245630e-13 3.53697462e-14 2.66138699e-17 2.49849270e-13 5.15995908e-16 6.39995667e-14
7.39545150e+00 2.80386986e-13 3.15931391e-14 1.98987820e-17 2.48773948e-13 4.36399907e-16 5.79811925e-14
7.64295536e+00 2.82852864e-13 2.62996793e-14 1.29228130e-17 2.56540262e-13 3.47832508e-16 5.25287725e-14
7.89874245e+00 2.98136350e-13 1.94680747e-14 7.55687154e-18 2.78660718e-13 2.60774796e-16 4.75890858e-14
8.16308998e+00 3.18068477e-13 1.28961553e-14 4.20193415e-18 3.05168120e-13 1.87563401e-16 4.31139160e-14
8.43628443e+00 3.50547337e-13 7.30308288e-15 2.12335867e-18 3.43242131e-13 1.32429233e-16 3.90595811e-14
8.71862190e+00 3.71125421e-13 4.50863823e-15 1.19673114e-18 3.66615586e-13 9.85799115e-17 3.53865066e-14
9.01040836e+00 3.95267974e-13 2.64231505e-15 7.59054585e-19 3.92624900e-13 7.02650134e-17 3.20588397e-14
9.31196005e+00 4.11204118e-13 1.60633953e-15 0.00000000e+00 4.09597778e-13 0.00000000e+00 2.90440991e-14
9.62360379e+00 4.00986209e-13 1.34842389e-15 0.00000000e+00 3.99637785e-13 0.00000000e+00 2.63128578e-14
9.94567731e+00 3.79077828e-13 1.46739770e-15 0.00000000e+00 3.77610430e-13 0.00000000e+00 2.38384563e-14
1.02785297e+01 3.48224451e-13 1.73419398e-15 0.00000000e+00 3.46490257e-13 0.00000000e+00 2.15967419e-14
1.06225216e+01 3.23137189e-13 2.04768003e-15 0.00000000e+00 3.21089509e-13 0.00000000e+00 1.95658333e-14
1.09780260e+01 2.91152885e-13 2.52913822e-15 0.00000000e+00 2.88623747e-13 0.00000000e+00 1.77259066e-14
1.13454280e+01 2.67715029e-13 2.97359951e-15 0.00000000e+00 2.64741429e-13 0.00000000e+00 1.60590026e-14
1.17251259e+01 2.46906800e-13 3.34467234e-15 0.00000000e+00 2.43562127e-13 0.00000000e+00 1.45488504e-14
1.21175312e+01 2.27290447e-13 3.68320242e-15 0.00000000e+00 2.23607245e-13 0.00000000e+00 1.31807094e-14
1.25230691e+01 2.11567074e-13 3.96420930e-15 0.00000000e+00 2.07602865e-13 0.00000000e+00 1.19412254e-14
1.29421791e+01 1.96743385e-13 4.14074523e-15 0.00000000e+00 1.92602640e-13 0.00000000e+00 1.08182996e-14
1.33753155e+01 1.84142278e-13 4.22109846e-15 0.00000000e+00 1.79921179e-13 0.00000000e+00 9.80097124e-15
1.38229477e+01 1.75078124e-13 4.09892769e-15 0.00000000e+00 1.70979197e-13 0.00000000e+00 8.87931012e-15
1.42855609e+01 1.68971001e-13 3.83204039e-15 0.00000000e+00 1.65138961e-13 0.00000000e+00 8.04431992e-15
1.47636563e+01 1.66716347e-13 3.35129265e-15 0.00000000e+00 1.63365054e-13 0.00000000e+00 7.28785031e-15
1.52577522e+01 1.66794982e-13 2.88322093e-15 0.00000000e+00 1.63911761e-13 0.00000000e+00 6.60251738e-15
1.57683840e+01 1.65722605e-13 2.44413966e-15 0.00000000e+00 1.63278465e-13 0.00000000e+00 5.98163161e-15
1.62961051e+01 1.65852367e-13 2.06331612e-15 0.00000000e+00 1.63789051e-13 0.00000000e+00 5.41913253e-15
1.68414875e+01 1.65552890e-13 1.73619519e-15 0.00000000e+00 1.63816695e-13 0.00000000e+00 4.90952959e-15
1.74051222e+01 1.64955272e-13 1.49606547e-15 0.00000000e+00 1.63459207e-13 0.00000000e+00 4.44784855e-15
1.79876201e+01 1.62471320e-13 1.31092646e-15 0.00000000e+00 1.61160393e-13 0.00000000e+00 4.02958296e-15
1.85896125e+01 1.59250560e-13 1.18936348e-15 0.00000000e+00 1.58061196e-13 0.00000000e+00 3.65065011e-15
1.92117518e+01 1.54925998e-13 1.11496245e-15 0.00000000e+00 1.53811036e-13 0.00000000e+00 3.30735125e-15
1.98547123e+01 1.50701941e-13 1.06583531e-15 0.00000000e+00 1.49636105e-13 0.00000000e+00 2.99633543e-15
2.05191907e+01 1.46037324e-13 1.02629580e-15 0.00000000e+00 1.45011028e-13 0.00000000e+00 2.71456684e-15
2.12059073e+01 1.41896374e-13 9.84814428e-16 0.00000000e+00 1.40911560e-13 0.00000000e+00 2.45929512e-15
2.19156062e+01 1.37986221e-13 9.37856911e-16 0.00000000e+00 1.37048364e-13 0.00000000e+00 2.22802858e-15
2.26490567e+01 1.34751580e-13 8.89550448e-16 0.00000000e+00 1.33862029e-13 0.00000000e+00 2.01850983e-15
2.34070535e+01 1.31063524e-13 8.40475217e-16 0.00000000e+00 1.30223049e-13 0.00000000e+00 1.82869374e-15
2.41904183e+01 1.28231910e-13 7.90920200e-16 0.00000000e+00 1.27440989e-13 0.00000000e+00 1.65672752e-15
2.50000000e+01 1.25382814e-13 7.41782693e-16 0.00000000e+00 1.24641031e-13 0.00000000e+00 1.50093262e-15
2.75422870e+01 1.16811888e-13 6.07113761e-16 0.00000000e+00 1.16204774e-13 0.00000000e+00 1.12248675e-15
3.16227766e+01 1.03727668e-13 4.44862906e-16 0.00000000e+00 1.03282805e-13 0.00000000e+00 7.41619640e-16
3.63078055e+01 8.87074943e-14 3.21056664e-16 0.00000000e+00 8.83864376e-14 0.00000000e+00 4.89983237e-16
4.16869383e+01 7.15904648e-14 2.30319422e-16 0.00000000e+00 7.13601454e-14 0.00000000e+00 3.23728714e-16
4.78630092e+01 5.44408870e-14 1.63989358e-16 0.00000000e+00 5.42768976e-14 0.00000000e+00 2.13885440e-16
5.49540874e+01 3.90954488e-14 1.15365996e-16 0.00000000e+00 3.89800828e-14 0.00000000e+00 1.41312709e-16
6.30957344e+01 2.67581059e-14 8.01225696e-17 0.00000000e+00 2.66779833e-14 0.00000000e+00 9.33643811e-17
7.24435960e+01 1.75666511e-14 5.50118514e-17 0.00000000e+00 1.75116392e-14 0.00000000e+00 6.16852348e-17
8.31763771e+01 1.11605917e-14 3.74126270e-17 0.00000000e+00 1.11231791e-14 0.00000000e+00 4.07550305e-17
9.54992586e+01 6.89516381e-15 2.52546006e-17 0.00000000e+00 6.86990921e-15 0.00000000e+00 2.69265816e-17
1.09647820e+02 4.16199481e-15 1.69531952e-17 0.00000000e+00 4.14504162e-15 0.00000000e+00 1.77902161e-17
1.25892541e+02 2.48713555e-15 1.13295499e-17 0.00000000e+00 2.47580600e-15 0.00000000e+00 1.17538792e-17
1.44543977e+02 1.46576635e-15 7.54931770e-18 0.00000000e+00 1.45821703e-15 0.00000000e+00 7.76571097e-18
1.65958691e+02 8.17080498e-16 5.02426382e-18 0.00000000e+00 8.12056235e-16 0.00000000e+00 5.13075436e-18
1.90546072e+02 4.52457916e-16 3.33698707e-18 0.00000000e+00 4.49120929e-16 0.00000000e+00 3.38985579e-18
2.18776162e+02 2.48382579e-16 2.21326651e-18 0.00000000e+00 2.46169312e-16 0.00000000e+00 2.23965551e-18
2.51188643e+02 1.35087884e-16 1.46651828e-18 0.00000000e+00 1.33621366e-16 0.00000000e+00 1.47972572e-18
2.88403150e+02 7.27561823e-17 9.71031054e-19 0.00000000e+00 7.17851512e-17 0.00000000e+00 9.77645088e-19
3.31131121e+02 3.89123947e-17 6.42605469e-19 0.00000000e+00 3.82697893e-17 0.00000000e+00 6.45923704e-19
3.80189396e+02 2.06621120e-17 4.25092712e-19 0.00000000e+00 2.02370193e-17 0.00000000e+00 4.26757559e-19
4.36515832e+02 1.09157401e-17 2.81119928e-19 0.00000000e+00 1.06346202e-17 0.00000000e+00 2.81955923e-19
5.01187234e+02 5.74109120e-18 1.85866584e-19 0.00000000e+00 5.55522462e-18 0.00000000e+00 1.86286431e-19
5.75439937e+02 3.01009063e-18 1.22867325e-19 0.00000000e+00 2.88722330e-18 0.00000000e+00 1.23078224e-19
6.60693448e+02 1.57527721e-18 8.12110160e-20 0.00000000e+00 1.49406619e-18 0.00000000e+00 8.13169765e-20
7.58577575e+02 8.23877451e-19 5.36723490e-20 0.00000000e+00 7.70205102e-19 0.00000000e+00 5.37255936e-20
8.70963590e+02 4.31122118e-19 3.54693961e-20 0.00000000e+00 3.95652722e-19 0.00000000e+00 3.54961477e-20
1.00000000e+03 2.02599092e-19 0.00000000e+00 0.00000000e+00 2.02599092e-19 0.00000000e+00 0.00000000e+00
