# column 1: lambda (micron)
# column 2: total flux; lambda*F_lambda (W/m2)
# column 3: direct stellar flux; lambda*F_lambda (W/m2)
# column 4: scattered stellar flux; lambda*F_lambda (W/m2)
# column 5: total dust emission flux; lambda*F_lambda (W/m2)
# column 6: dust emission scattered flux; lambda*F_lambda (W/m2)
# column 7: transparent flux; lambda*F_lambda (W/m2)
1.00000000e-03 3.02749551e-19 1.32850359e-48 3.02749551e-19 0.00000000e+00 0.00000000e+00 2.19080387e-29
1.14815362e-03 3.17343805e-19 1.05577187e-54 3.17343805e-19 0.00000000e+00 0.00000000e+00 2.58585101e-29
1.31825674e-03 1.95812133e-19 1.60166454e-61 1.95812133e-19 0.00000000e+00 0.00000000e+00 3.05213331e-29
1.51356125e-03 3.00912279e-19 3.15820022e-67 3.00912279e-19 0.00000000e+00 0.00000000e+00 3.60249593e-29
1.73780083e-03 5.24641499e-19 1.50701649e-67 5.24641499e-19 0.00000000e+00 0.00000000e+00 4.25210029e-29
1.99526231e-03 5.83190947e-19 5.27003240e-80 5.83190947e-19 0.00000000e+00 0.00000000e+00 5.01884171e-29
2.29086765e-03 7.94638163e-19 5.16948672e-83 7.94638163e-19 0.00000000e+00 0.00000000e+00 5.92384244e-29
2.63026799e-03 1.32419360e-18 1.15477608e-93 1.32419360e-18 0.00000000e+00 0.00000000e+00 6.99203348e-29
3.01995172e-03 1.15536347e-18 6.24002792e-109 1.15536347e-18 0.00000000e+00 0.00000000e+00 8.25284140e-29
3.46736850e-03 2.19850141e-18 3.56353555e-123 2.19850141e-18 0.00000000e+00 0.00000000e+00 9.74099901e-29
3.98107171e-03 1.36850581e-18 9.17249053e-137 1.36850581e-18 0.00000000e+00 0.00000000e+00 1.14975021e-28
4.57088190e-03 9.44537152e-18 1.06202399e-100 9.44537152e-18 0.00000000e+00 0.00000000e+00 1.35707390e-28
5.24807460e-03 9.85342835e-18 1.28087656e-120 9.85342835e-18 0.00000000e+00 0.00000000e+00 1.60178233e-28
6.02559586e-03 1.07636815e-17 1.70086964e-139 1.07636815e-17 0.00000000e+00 0.00000000e+00 1.89061674e-28
6.91830971e-03 1.20355913e-17 1.53753521e-156 1.20355913e-17 0.00000000e+00 0.00000000e+00 2.23153395e-28
7.94328235e-03 2.23689781e-17 2.72545103e-171 2.23689781e-17 2.81505854e-308 2.81505854e-308 2.63392557e-28
9.12010839e-03 1.96603027e-17 6.64211564e-187 1.96603027e-17 1.48319047e-269 1.48319047e-269 3.10887671e-28
1.04712855e-02 1.95907391e-17 5.46381433e-197 1.95907391e-17 6.42555154e-236 6.42555154e-236 3.47219039e-28
1.20226443e-02 1.95649261e-17 5.95752736e-207 1.95649261e-17 1.97109687e-206 1.97109687e-206 3.47219039e-28
1.38038426e-02 2.84614817e-17 9.08917396e-219 2.84614817e-17 4.59289594e-181 4.59289594e-181 3.47219039e-28
1.58489319e-02 4.83170850e-17 2.73464867e-233 4.83170850e-17 7.29153605e-159 7.29153605e-159 3.47219039e-28
1.81970086e-02 1.98802081e-17 1.10485004e-246 1.98802081e-17 4.59070781e-139 4.59070781e-139 3.47219039e-28
2.08929613e-02 4.91371642e-17 8.13480183e-258 4.91371642e-17 1.19897397e-122 1.19897397e-122 3.47219039e-28
2.39883292e-02 1.47258338e-16 3.06040927e-272 1.47258338e-16 5.29476467e-108 5.29476467e-108 3.47219039e-28
2.75422870e-02 3.37818550e-17 5.09901881e-289 3.37818550e-17 3.62092366e-95 3.62092366e-95 3.47219039e-28
3.16227766e-02 2.02758423e-17 1.82444394e-305 2.02758423e-17 3.50239870e-84 3.50239870e-84 3.47219039e-28
3.63078055e-02 2.76806967e-17 2.29835880e-318 2.76806967e-17 1.54453690e-74 1.54453690e-74 3.47219039e-28
4.16869383e-02 1.41538034e-16 0.00000000e+00 1.41538034e-16 3.06667990e-66 3.06667990e-66 3.47219039e-28
4.78630092e-02 5.26172706e-17 0.00000000e+00 5.26172706e-17 5.77781614e-59 5.77781614e-59 3.47219039e-28
5.49540874e-02 1.05561955e-16 0.00000000e+00 1.05561955e-16 6.45599048e-53 6.45599048e-53 3.47219039e-28
6.30957344e-02 5.01508479e-17 0.00000000e+00 5.01508479e-17 2.35259527e-47 2.35259527e-47 3.47219039e-28
7.24435960e-02 7.87460250e-17 0.00000000e+00 7.87460250e-17 7.89301485e-43 7.89301485e-43 3.47219039e-28
8.31763771e-02 1.00035321e-16 0.00000000e+00 1.00035321e-16 8.52362222e-39 8.52362222e-39 3.47219039e-28
9.54992586e-02 7.03067252e-17 0.00000000e+00 7.03067252e-17 2.09978669e-35 2.09978669e-35 3.47219039e-28
1.09647820e-01 5.70834008e-17 0.00000000e+00 5.70834008e-17 2.97633285e-32 2.97633285e-32 3.31591739e-28
1.25892541e-01 1.22913231e-16 0.00000000e+00 1.22913231e-16 1.02283534e-29 1.02283534e-29 3.09459416e-28
1.44543977e-01 1.35534766e-16 0.00000000e+00 1.35534766e-16 1.41600073e-27 1.41600073e-27 2.88804331e-28
1.65958691e-01 1.20653248e-16 3.31438243e-308 1.20653248e-16 1.03159887e-25 1.03159887e-25 2.69527884e-28
1.90546072e-01 1.85466662e-16 0.00000000e+00 1.85466660e-16 2.11491156e-24 2.11491156e-24 2.51538057e-28
2.18776162e-01 1.60970738e-16 0.00000000e+00 1.60970717e-16 2.07730704e-23 2.07730704e-23 2.34748974e-28
2.51188643e-01 3.27041105e-16 1.57656385e-308 3.27040728e-16 3.76444767e-22 3.76444767e-22 2.19080489e-28
2.88403150e-01 3.92250417e-16 5.30738780e-261 3.92246110e-16 4.30725407e-21 4.30725407e-21 2.04457809e-28
3.31131121e-01 3.00529053e-16 3.39252618e-231 3.00505747e-16 2.33054334e-20 2.33054334e-20 1.90811129e-28
3.80189396e-01 3.19117513e-16 1.60338971e-206 3.18992025e-16 1.25488058e-19 1.25488058e-19 1.78075307e-28
4.36515832e-01 3.72005856e-16 1.84056184e-183 3.71574940e-16 4.30916562e-19 4.30916562e-19 1.66189546e-28
5.01187234e-01 3.56284010e-16 1.42896889e-161 3.55022025e-16 1.26198483e-18 1.26198442e-18 1.55097109e-28
5.75439937e-01 4.92214468e-16 1.32322758e-141 4.89217147e-16 2.99732065e-18 2.99732064e-18 1.44745044e-28
6.60693448e-01 5.02631033e-16 8.18242719e-124 4.94665680e-16 7.96535325e-18 7.96426016e-18 1.35083935e-28
7.58577575e-01 6.73070877e-16 7.39539855e-108 6.52131922e-16 2.09389548e-17 2.09380215e-17 1.26067663e-28
8.70963590e-01 9.62811210e-16 3.99508845e-93 8.87314996e-16 7.54962142e-17 7.53768970e-17 1.17653189e-28
1.00000000e+00 1.18770567e-15 2.69519770e-80 1.00789283e-15 1.79812841e-16 1.78787680e-16 1.09800344e-28
1.14815362e+00 1.58982252e-15 2.68341452e-69 1.15460158e-15 4.35220935e-16 4.26457782e-16 1.02471644e-28
1.31825674e+00 2.18930404e-15 4.21338290e-60 1.26036272e-15 9.28941318e-16 8.84384028e-16 9.56321020e-29
1.51356125e+00 3.25146015e-15 9.28446940e-53 1.28195575e-15 1.96950440e-15 1.71209808e-15 8.92490705e-29
1.73780083e+00 5.66890959e-15 7.50540772e-47 1.43632929e-15 4.23258029e-15 3.29200583e-15 8.32920789e-29
1.99526231e+00 9.96885754e-15 3.35695190e-42 1.45297952e-15 8.51587801e-15 5.00721257e-15 7.77326909e-29
2.29086765e+00 1.94681329e-14 9.84428783e-39 1.49466136e-15 1.79734715e-14 6.90292552e-15 7.25443681e-29
2.63026799e+00 4.09409032e-14 2.99897973e-36 1.48735334e-15 3.94535498e-14 9.38990208e-15 6.77023435e-29
3.01995172e+00 8.28863862e-14 1.77768320e-34 1.34653253e-15 8.15398537e-14 1.12748275e-14 6.31835032e-29
3.46736850e+00 1.57987964e-13 3.25344884e-33 1.22766508e-15 1.56760299e-13 1.30541561e-14 5.89662761e-29
3.98107171e+00 2.69165835e-13 2.70480131e-32 1.08551374e-15 2.68080321e-13 1.38289470e-14 5.50305308e-29
4.57088190e+00 4.12528616e-13 1.27347229e-31 8.88622453e-16 4.11639994e-13 1.34346238e-14 5.13574796e-29
5.24807460e+00 5.73856030e-13 3.42661139e-31 6.23691686e-16 5.73232338e-13 1.17447654e-14 4.24647639e-29
6.02559586e+00 7.26531278e-13 5.11236680e-31 3.17680221e-16 7.26213597e-13 9.28529146e-15 2.80561913e-29
6.70000000e+00 8.29061818e-13 5.89119227e-31 1.83037835e-16 8.28878780e-13 7.19605291e-15 2.04081814e-29
6.92422916e+00 8.52212731e-13 6.04336114e-31 1.49029084e-16 8.52063702e-13 6.53055445e-15 1.84890423e-29
7.15596261e+00 8.68690529e-13 5.81219282e-31 1.17177455e-16 8.68573351e-13 5.81060829e-15 1.67503746e-29
7.39545150e+00 8.69043855e-13 4.85957151e-31 8.85012340e-17 8.68955353e-13 4.90141649e-15 1.51752074e-29
7.64295536e+00 8.05759957e-13 2.72525312e-31 5.76036055e-17 8.05702353e-13 3.61842733e-15 1.37481653e-29
7.89874245e+00 6.71444797e-13 7.85684325e-32 2.72624519e-17 6.71417535e-13 2.23510127e-15 1.24553190e-29
8.16308998e+00 5.34420299e-13 1.20699879e-32 1.19771282e-17 5.34408322e-13 1.28840623e-15 1.12840490e-29
8.43628443e+00 4.00018397e-13 7.62510197e-34 4.72432233e-18 4.00013673e-13 6.81838655e-16 1.02229226e-29
8.71862190e+00 3.44409847e-13 7.85749390e-35 2.30859591e-18 3.44407538e-13 4.29772245e-16 9.26158212e-30
9.01040836e+00 3.03283424e-13 6.02882994e-36 1.11135893e-18 3.03282313e-13 2.69817233e-16 8.39064393e-30
9.31196005e+00 2.82882688e-13 5.69344281e-37 0.00000000e+00 2.82882688e-13 0.00000000e+00 7.60160679e-30
9.62360379e+00 2.86535502e-13 3.34784670e-37 0.00000000e+00 2.86535502e-13 0.00000000e+00 6.88676892e-30
9.94567731e+00 3.17304747e-13 8.57210311e-37 0.00000000e+00 3.17304747e-13 0.00000000e+00 6.23915278e-30
1.02785297e+01 3.56270999e-13 3.50326952e-36 0.00000000e+00 3.56270999e-13 0.00000000e+00 5.65243699e-30
1.06225216e+01 3.98211061e-13 1.42454209e-35 0.00000000e+00 3.98211061e-13 0.00000000e+00 5.12089462e-30
1.09780260e+01 4.68355423e-13 7.47580330e-35 0.00000000e+00 4.68355423e-13 0.00000000e+00 4.63933730e-30
1.13454280e+01 5.26200520e-13 2.96721373e-34 0.00000000e+00 5.26200520e-13 0.00000000e+00 4.20306453e-30
1.17251259e+01 5.99314069e-13 9.16221059e-34 0.00000000e+00 5.99314069e-13 0.00000000e+00 3.80781787e-30
1.21175312e+01 6.72444098e-13 2.50907788e-33 0.00000000e+00 6.72444098e-13 0.00000000e+00 3.44973931e-30
1.25230691e+01 7.45802703e-13 6.03511360e-33 0.00000000e+00 7.45802703e-13 0.00000000e+00 3.12533364e-30
1.29421791e+01 8.22162693e-13 1.22497020e-32 0.00000000e+00 8.22162693e-13 0.00000000e+00 2.83143435e-30
1.33753155e+01 8.87037818e-13 2.16585833e-32 0.00000000e+00 8.87037818e-13 0.00000000e+00 2.56517268e-30
1.38229477e+01 9.35214395e-13 2.90759525e-32 0.00000000e+00 9.35214395e-13 0.00000000e+00 2.32394966e-30
1.42855609e+01 9.60456625e-13 3.14779417e-32 0.00000000e+00 9.60456625e-13 0.00000000e+00 2.10541070e-30
1.47636563e+01 9.65939393e-13 2.33476460e-32 0.00000000e+00 9.65939393e-13 0.00000000e+00 1.90742265e-30
1.52577522e+01 9.71677954e-13 1.57813667e-32 0.00000000e+00 9.71677954e-13 0.00000000e+00 1.72805294e-30
1.57683840e+01 9.75514124e-13 9.81011093e-33 0.00000000e+00 9.75514124e-13 0.00000000e+00 1.56555076e-30
1.62961051e+01 9.76607472e-13 5.95599190e-33 0.00000000e+00 9.76607472e-13 0.00000000e+00 1.41832992e-30
1.68414875e+01 9.64818449e-13 3.55025864e-33 0.00000000e+00 9.64818449e-13 0.00000000e+00 1.28495339e-30
1.74051222e+01 9.83218079e-13 2.42132042e-33 0.00000000e+00 9.83218079e-13 0.00000000e+00 1.16411928e-30
1.79876201e+01 1.00241899e-12 1.81585349e-33 0.00000000e+00 1.00241899e-12 0.00000000e+00 1.05464814e-30
1.85896125e+01 1.01759094e-12 1.65859285e-33 0.00000000e+00 1.01759094e-12 0.00000000e+00 9.55471421e-31
1.92117518e+01 1.04373042e-12 1.82361447e-33 0.00000000e+00 1.04373042e-12 0.00000000e+00 8.65621054e-31
1.98547123e+01 1.07670656e-12 2.23981512e-33 0.00000000e+00 1.07670656e-12 0.00000000e+00 7.84220012e-31
2.05191907e+01 1.09315756e-12 2.86654752e-33 0.00000000e+00 1.09315756e-12 0.00000000e+00 7.10473740e-31
2.12059073e+01 1.12214334e-12 3.59750359e-33 0.00000000e+00 1.12214334e-12 0.00000000e+00 6.43662399e-31
2.19156062e+01 1.13230230e-12 4.32455896e-33 0.00000000e+00 1.13230230e-12 0.00000000e+00 5.83133846e-31
2.26490567e+01 1.14196369e-12 5.08129337e-33 0.00000000e+00 1.14196369e-12 0.00000000e+00 5.28297261e-31
2.34070535e+01 1.14456233e-12 5.84099552e-33 0.00000000e+00 1.14456233e-12 0.00000000e+00 4.78617384e-31
2.41904183e+01 1.14578115e-12 6.56297045e-33 0.00000000e+00 1.14578115e-12 0.00000000e+00 4.33609290e-31
2.50000000e+01 1.13229257e-12 7.23465923e-33 0.00000000e+00 1.13229257e-12 0.00000000e+00 3.92833655e-31
2.75422870e+01 1.09807477e-12 9.02111772e-33 0.00000000e+00 1.09807477e-12 0.00000000e+00 2.93784388e-31
3.16227766e+01 9.72314725e-13 1.07166112e-32 0.00000000e+00 9.72314725e-13 0.00000000e+00 1.94101420e-31
3.63078055e+01 8.06196730e-13 1.16800404e-32 0.00000000e+00 8.06196730e-13 0.00000000e+00 1.28241537e-31
4.16869383e+01 6.17731850e-13 1.23043226e-32 0.00000000e+00 6.17731850e-13 0.00000000e+00 8.47283431e-32
4.78630092e+01 4.42026251e-13 1.24214715e-32 0.00000000e+00 4.42026251e-13 0.00000000e+00 5.59794611e-32
5.49540874e+01 2.95627670e-13 1.17134910e-32 0.00000000e+00 2.95627670e-13 0.00000000e+00 3.69852632e-32
6.30957344e+01 1.87084952e-13 1.02693995e-32 0.00000000e+00 1.87084952e-13 0.00000000e+00 2.44359211e-32
7.24435960e+01 1.13332899e-13 8.43729600e-33 0.00000000e+00 1.13332899e-13 0.00000000e+00 1.61446529e-32
8.31763771e+01 6.61124294e-14 6.56750519e-33 0.00000000e+00 6.61124294e-14 0.00000000e+00 1.06666664e-32
9.54992586e+01 3.75864357e-14 4.90045362e-33 0.00000000e+00 3.75864357e-14 0.00000000e+00 7.04739662e-33
1.09647820e+02 2.09192883e-14 3.54328421e-33 0.00000000e+00 2.09192883e-14 0.00000000e+00 4.65616877e-33
1.25892541e+02 1.15876605e-14 2.49760589e-33 0.00000000e+00 1.15876605e-14 0.00000000e+00 3.07630020e-33
1.44543977e+02 6.36694065e-15 1.73167450e-33 0.00000000e+00 6.36694065e-15 0.00000000e+00 2.03249139e-33
1.65958691e+02 3.33171055e-15 1.19234786e-33 0.00000000e+00 3.33171055e-15 0.00000000e+00 1.34285374e-33
1.90546072e+02 1.74234372e-15 8.11590832e-34 0.00000000e+00 1.74234372e-15 0.00000000e+00 8.87214669e-34
2.18776162e+02 9.08634310e-16 5.48092985e-34 0.00000000e+00 9.08634310e-16 0.00000000e+00 5.86176919e-34
2.51188643e+02 4.71987360e-16 3.68095254e-34 0.00000000e+00 4.71987360e-16 0.00000000e+00 3.87283249e-34
2.88403150e+02 2.43945859e-16 2.46217995e-34 0.00000000e+00 2.43945859e-16 0.00000000e+00 2.55875505e-34
3.31131121e+02 1.25732405e-16 1.64191702e-34 0.00000000e+00 1.25732405e-16 0.00000000e+00 1.69055270e-34
3.80189396e+02 6.45562182e-17 1.09246481e-34 0.00000000e+00 6.45562182e-17 0.00000000e+00 1.11693709e-34
4.36515832e+02 3.30655828e-17 7.25637513e-35 0.00000000e+00 3.30655828e-17 0.00000000e+00 7.37953019e-35
5.01187234e+02 1.68902113e-17 4.81365455e-35 0.00000000e+00 1.68902113e-17 0.00000000e+00 4.87560724e-35
5.75439937e+02 8.60918745e-18 3.19012219e-35 0.00000000e+00 8.60918745e-18 0.00000000e+00 3.22128176e-35
6.60693448e+02 4.38029003e-18 2.11260948e-35 0.00000000e+00 4.38029003e-18 0.00000000e+00 2.12827975e-35
7.58577575e+02 2.22513871e-18 1.39826053e-35 0.00000000e+00 2.22513871e-18 0.00000000e+00 1.40614049e-35
8.70963590e+02 1.12854039e-18 9.25066501e-36 0.00000000e+00 1.12854039e-18 0.00000000e+00 9.29027808e-36
1.00000000e+03 5.71495202e-19 0.00000000e+00 0.00000000e+00 5.71495202e-19 0.00000000e+00 0.00000000e+00
