# column 1: lambda (micron)
# column 2: total flux; lambda*F_lambda (W/m2)
# column 3: direct stellar flux; lambda*F_lambda (W/m2)
# column 4: scattered stellar flux; lambda*F_lambda (W/m2)
# column 5: total dust emission flux; lambda*F_lambda (W/m2)
# column 6: dust emission scattered flux; lambda*F_lambda (W/m2)
# column 7: transparent flux; lambda*F_lambda (W/m2)
1.00000000e-03 2.27177103e-19 4.77982184e-25 2.27176625e-19 0.00000000e+00 0.00000000e+00 2.06075710e-13
1.14815362e-03 1.77626249e-19 1.03478150e-28 1.77626249e-19 0.00000000e+00 0.00000000e+00 2.43235413e-13
1.31825674e-03 1.80248099e-19 8.21977134e-33 1.80248099e-19 0.00000000e+00 0.00000000e+00 2.87095777e-13
1.51356125e-03 1.19926210e-19 3.08485328e-36 1.19926210e-19 0.00000000e+00 0.00000000e+00 3.38865070e-13
1.73780083e-03 2.33603260e-19 2.10429876e-36 2.33603260e-19 0.00000000e+00 0.00000000e+00 3.99969435e-13
1.99526231e-03 1.79436418e-19 6.45873350e-44 1.79436418e-19 0.00000000e+00 0.00000000e+00 4.72092178e-13
2.29086765e-03 1.87934767e-19 1.04043301e-45 1.87934767e-19 0.00000000e+00 0.00000000e+00 5.57220139e-13
2.63026799e-03 2.95866249e-19 3.95605927e-52 2.95866249e-19 0.00000000e+00 0.00000000e+00 6.57698429e-13
3.01995172e-03 2.95954076e-19 2.41238503e-61 2.95954076e-19 0.00000000e+00 0.00000000e+00 7.76295028e-13
3.46736850e-03 2.26090574e-19 6.13182977e-70 2.26090574e-19 0.00000000e+00 0.00000000e+00 9.16277040e-13
3.98107171e-03 2.92684701e-19 3.87818546e-78 2.92684701e-19 0.00000000e+00 0.00000000e+00 1.08150070e-12
4.57088190e-03 3.08918051e-18 2.82425253e-56 3.08918051e-18 0.00000000e+00 0.00000000e+00 1.27651759e-12
5.24807460e-03 2.43638895e-18 2.63063355e-68 2.43638895e-18 0.00000000e+00 0.00000000e+00 1.50670006e-12
6.02559586e-03 3.17583684e-18 1.04699426e-79 3.17583684e-18 0.00000000e+00 0.00000000e+00 1.77838917e-12
6.91830971e-03 6.77288240e-18 5.36497902e-90 6.77288240e-18 0.00000000e+00 0.00000000e+00 2.09906943e-12
7.94328235e-03 5.25412236e-18 6.71592673e-99 5.25412236e-18 0.00000000e+00 0.00000000e+00 2.47757497e-12
9.12010839e-03 1.26120089e-17 2.52883781e-108 1.26120089e-17 0.00000000e+00 0.00000000e+00 2.92433286e-12
1.04712855e-02 5.57562846e-18 2.07135804e-114 5.57562846e-18 0.00000000e+00 0.00000000e+00 3.26608014e-12
1.20226443e-02 6.45613410e-18 1.92638103e-120 6.45613410e-18 0.00000000e+00 0.00000000e+00 3.26608014e-12
1.38038426e-02 1.88898544e-17 1.35114500e-127 1.88898544e-17 1.50521623e-295 1.50521623e-295 3.26608014e-12
1.58489319e-02 9.08827384e-18 2.18240578e-136 9.08827384e-18 2.09262012e-258 2.09262012e-258 3.26608014e-12
1.81970086e-02 1.54710435e-17 1.69865190e-144 1.54710435e-17 4.15000344e-226 4.15000344e-226 3.26608014e-12
2.08929613e-02 1.33219704e-17 3.08975738e-151 1.33219704e-17 8.85211784e-198 8.85211784e-198 3.26608014e-12
2.39883292e-02 1.00392529e-16 5.71370454e-160 1.00392529e-16 2.47012192e-173 2.47012192e-173 3.26608014e-12
2.75422870e-02 8.32340408e-17 3.97104556e-170 8.32340408e-17 8.85460425e-152 8.85460425e-152 3.26608014e-12
3.16227766e-02 8.47687956e-17 4.38384404e-180 8.47687956e-17 1.62191878e-133 1.62191878e-133 3.26608014e-12
3.63078055e-02 9.05366634e-17 6.79258194e-188 9.05366634e-17 1.09931631e-117 1.09931631e-117 3.26608014e-12
4.16869383e-02 7.79569757e-17 1.19434708e-194 7.79569757e-17 3.15710700e-103 3.15710700e-103 3.26608014e-12
4.78630092e-02 1.91987734e-16 2.86677968e-213 1.91987734e-16 2.85944594e-91 2.85944594e-91 3.26608014e-12
5.49540874e-02 1.20854165e-16 3.65692892e-239 1.20854165e-16 1.39315969e-80 1.39315969e-80 3.26608014e-12
6.30957344e-02 1.44237787e-16 4.29759095e-304 1.44237787e-16 2.47490575e-71 2.47490575e-71 3.26608014e-12
7.24435960e-02 2.01148932e-16 0.00000000e+00 2.01148932e-16 2.25570263e-63 2.25570263e-63 3.26608014e-12
8.31763771e-02 1.30011216e-16 0.00000000e+00 1.30011216e-16 1.72151891e-56 1.72151891e-56 3.26608014e-12
9.54992586e-02 1.65104204e-16 0.00000000e+00 1.65104204e-16 2.21167034e-50 2.21167034e-50 3.26608014e-12
1.09647820e-01 2.05520322e-16 3.03318263e-296 2.05520322e-16 2.63179649e-45 2.63179649e-45 3.11908354e-12
1.25892541e-01 1.64379024e-16 4.76960093e-246 1.64379024e-16 7.34533711e-41 7.34533711e-41 2.91089813e-12
1.44543977e-01 3.43361580e-16 4.57284427e-206 3.43361580e-16 5.45747236e-37 5.45747236e-37 2.71660820e-12
1.65958691e-01 1.58818003e-16 8.69249360e-182 1.58818003e-16 1.10360107e-33 1.10360107e-33 2.53528629e-12
1.90546072e-01 2.63968450e-16 3.80612682e-193 2.63968450e-16 6.19357300e-31 6.19357300e-31 2.36606683e-12
2.18776162e-01 2.94156862e-16 1.85279693e-224 2.94156862e-16 9.74401189e-29 9.74401189e-29 2.20814205e-12
2.51188643e-01 5.46795932e-16 5.10819173e-182 5.46795931e-16 1.91758541e-26 1.91758541e-26 2.06075806e-12
2.88403150e-01 4.59287977e-16 2.95534861e-153 4.59287976e-16 1.49510243e-24 1.49510243e-24 1.92321132e-12
3.31131121e-01 4.66158113e-16 3.19064925e-135 4.66158055e-16 5.87500628e-23 5.87500628e-23 1.79484524e-12
3.80189396e-01 3.89839979e-16 2.69545808e-120 3.89838600e-16 1.37820058e-21 1.37820058e-21 1.67504704e-12
4.36515832e-01 3.76406419e-16 2.39807463e-106 3.76383699e-16 2.27200727e-20 2.27200727e-20 1.56324485e-12
5.01187234e-01 4.88068274e-16 4.17678398e-93 4.87838527e-16 2.29747967e-19 2.29747967e-19 1.45890498e-12
5.75439937e-01 4.96096080e-16 4.98090770e-81 4.94321721e-16 1.77435929e-18 1.77435929e-18 1.36152935e-12
6.60693448e-01 6.35244967e-16 2.86255070e-70 6.25980563e-16 9.26440399e-18 9.26440399e-18 1.27065312e-12
7.58577575e-01 6.98931533e-16 1.27391238e-60 6.60270795e-16 3.86607386e-17 3.86607386e-17 1.18584249e-12
8.70963590e-01 8.58565621e-16 1.02986073e-51 7.25451814e-16 1.33113807e-16 1.33113795e-16 1.10669260e-12
1.00000000e+00 1.30456084e-15 5.86123191e-44 9.07975550e-16 3.96585292e-16 3.96584962e-16 1.03282563e-12
1.14815362e+00 1.90504401e-15 2.59827091e-37 9.90819626e-16 9.14224386e-16 9.14104764e-16 9.63888963e-13
1.31825674e+00 2.97055448e-15 9.33919153e-32 1.01721375e-15 1.95334073e-15 1.95249904e-15 8.99553520e-13
1.51356125e+00 4.55789534e-15 2.53624235e-27 8.97563705e-16 3.66033163e-15 3.64441570e-15 8.39512191e-13
1.73780083e+00 7.17337957e-15 9.31060557e-24 1.19228611e-15 5.98109345e-15 5.73920619e-15 7.83478363e-13
1.99526231e+00 1.11290861e-14 5.92538657e-21 1.18194921e-15 9.94713096e-15 8.46836319e-15 7.31184552e-13
2.29086765e+00 1.96512956e-14 7.24495739e-19 1.29799878e-15 1.83525724e-14 1.13693762e-14 6.82381128e-13
2.63026799e+00 4.30771860e-14 2.24879007e-17 1.41234677e-15 4.16423514e-14 1.49811205e-14 6.36835122e-13
3.01995172e+00 9.58674861e-14 2.59095369e-16 1.48728931e-15 9.41211014e-14 1.86233044e-14 5.94329117e-13
3.46736850e+00 1.88420567e-13 1.46543421e-15 1.44666388e-15 1.85508468e-13 2.13722415e-14 5.54660204e-13
3.98107171e+00 3.33368722e-13 5.14037286e-15 1.37119578e-15 3.26857153e-13 2.24998161e-14 5.17639021e-13
4.57088190e+00 5.23932086e-13 1.27797015e-14 1.17085427e-15 5.09981530e-13 2.13439296e-14 4.83088843e-13
5.24807460e+00 7.26920001e-13 2.15872055e-14 8.39482898e-16 7.04493313e-13 1.77582022e-14 3.99440428e-13
6.02559586e+00 8.90917533e-13 2.33544780e-14 4.27199838e-16 8.67135855e-13 1.32509722e-14 2.63907674e-13
6.70000000e+00 9.96427463e-13 2.24446708e-14 2.40946387e-16 9.73741845e-13 9.76344029e-15 1.91967457e-13
6.92422916e+00 1.02269436e-12 2.19227637e-14 1.99360664e-16 1.00057224e-12 8.77394013e-15 1.73915272e-13
7.15596261e+00 1.03001083e-12 2.05928775e-14 1.59461760e-16 1.00925849e-12 7.70529052e-15 1.57560674e-13
7.39545150e+00 1.01520324e-12 1.77716092e-14 1.21581676e-16 9.97310046e-13 6.45927881e-15 1.42744025e-13
7.64295536e+00 9.32704566e-13 1.20427563e-14 7.46715330e-17 9.20587138e-13 4.86365102e-15 1.29320701e-13
7.89874245e+00 7.67120530e-13 5.45477150e-15 3.74556366e-17 7.61628303e-13 3.05029327e-15 1.17159675e-13
8.16308998e+00 5.75392551e-13 1.68777436e-15 1.58683623e-17 5.73688908e-13 1.72363101e-15 1.06142245e-13
8.43628443e+00 4.11563848e-13 3.04934310e-16 5.77715452e-18 4.11253137e-13 8.72811249e-16 9.61608686e-14
8.71862190e+00 3.29050995e-13 7.40885243e-17 2.72558628e-18 3.28974181e-13 5.39115266e-16 8.71181185e-14
9.01040836e+00 2.70875164e-13 1.50572946e-17 1.31980112e-18 2.70858787e-13 3.32039564e-16 7.89257281e-14
9.31196005e+00 2.33512429e-13 3.47014881e-18 0.00000000e+00 2.33508959e-13 0.00000000e+00 7.15037315e-14
9.62360379e+00 2.41236581e-13 2.41995872e-18 0.00000000e+00 2.41234161e-13 0.00000000e+00 6.47796826e-14
9.94567731e+00 2.74209027e-13 4.11238078e-18 0.00000000e+00 2.74204915e-13 0.00000000e+00 5.86879481e-14
1.02785297e+01 3.09243918e-13 9.27511050e-18 0.00000000e+00 3.09234643e-13 0.00000000e+00 5.31690665e-14
1.06225216e+01 3.51162617e-13 2.08555840e-17 0.00000000e+00 3.51141761e-13 0.00000000e+00 4.81691679e-14
1.09780260e+01 4.24460619e-13 5.47261894e-17 0.00000000e+00 4.24405892e-13 0.00000000e+00 4.36394486e-14
1.13454280e+01 4.93957193e-13 1.21264862e-16 0.00000000e+00 4.93835928e-13 0.00000000e+00 3.95356937e-14
1.17251259e+01 5.65076509e-13 2.30812538e-16 0.00000000e+00 5.64845697e-13 0.00000000e+00 3.58178467e-14
1.21175312e+01 6.48746961e-13 4.08524759e-16 0.00000000e+00 6.48338437e-13 0.00000000e+00 3.24496176e-14
1.25230691e+01 7.32799482e-13 6.68445678e-16 0.00000000e+00 7.32131036e-13 0.00000000e+00 2.93981291e-14
1.29421791e+01 8.16099627e-13 9.86904345e-16 0.00000000e+00 8.15112723e-13 0.00000000e+00 2.66335956e-14
1.33753155e+01 8.88570266e-13 1.34028595e-15 0.00000000e+00 8.87229980e-13 0.00000000e+00 2.41290327e-14
1.38229477e+01 9.38160282e-13 1.54067332e-15 0.00000000e+00 9.36619609e-13 0.00000000e+00 2.18599931e-14
1.42855609e+01 9.72635709e-13 1.55474006e-15 0.00000000e+00 9.71080969e-13 0.00000000e+00 1.98043289e-14
1.47636563e+01 9.70299671e-13 1.24787916e-15 0.00000000e+00 9.69051792e-13 0.00000000e+00 1.79419747e-14
1.52577522e+01 9.73160479e-13 9.46819651e-16 0.00000000e+00 9.72213659e-13 0.00000000e+00 1.62547521e-14
1.57683840e+01 9.67086934e-13 6.82875165e-16 0.00000000e+00 9.66404059e-13 0.00000000e+00 1.47261920e-14
1.62961051e+01 9.67756375e-13 4.85523538e-16 0.00000000e+00 9.67270851e-13 0.00000000e+00 1.33413743e-14
1.68414875e+01 9.69845584e-13 3.41390490e-16 0.00000000e+00 9.69504194e-13 0.00000000e+00 1.20867817e-14
1.74051222e+01 9.88224650e-13 2.60436420e-16 0.00000000e+00 9.87964214e-13 0.00000000e+00 1.09501681e-14
1.79876201e+01 1.01145581e-12 2.10434780e-16 0.00000000e+00 1.01124538e-12 0.00000000e+00 9.92043915e-15
1.85896125e+01 1.05445934e-12 1.91591487e-16 0.00000000e+00 1.05426775e-12 0.00000000e+00 8.98754353e-15
1.92117518e+01 1.10034394e-12 1.95160726e-16 0.00000000e+00 1.10014878e-12 0.00000000e+00 8.14237531e-15
1.98547123e+01 1.14757262e-12 2.12579356e-16 0.00000000e+00 1.14736004e-12 0.00000000e+00 7.37668479e-15
2.05191907e+01 1.20198064e-12 2.37392722e-16 0.00000000e+00 1.20174324e-12 0.00000000e+00 6.68299807e-15
2.12059073e+01 1.25232992e-12 2.61977887e-16 0.00000000e+00 1.25206794e-12 0.00000000e+00 6.05454408e-15
2.19156062e+01 1.29601457e-12 2.81669287e-16 0.00000000e+00 1.29573290e-12 0.00000000e+00 5.48518847e-15
2.26490567e+01 1.33668916e-12 2.98686581e-16 0.00000000e+00 1.33639047e-12 0.00000000e+00 4.96937378e-15
2.34070535e+01 1.37201460e-12 3.12556379e-16 0.00000000e+00 1.37170205e-12 0.00000000e+00 4.50206513e-15
2.41904183e+01 1.40953881e-12 3.22587768e-16 0.00000000e+00 1.40921623e-12 0.00000000e+00 4.07870113e-15
2.50000000e+01 1.43363222e-12 3.29112854e-16 0.00000000e+00 1.43330311e-12 0.00000000e+00 3.69514932e-15
2.75422870e+01 1.47875031e-12 3.35415313e-16 0.00000000e+00 1.47841489e-12 0.00000000e+00 2.76345259e-15
3.16227766e+01 1.45600652e-12 3.16113951e-16 0.00000000e+00 1.45569040e-12 0.00000000e+00 1.82579502e-15
3.63078055e+01 1.31990218e-12 2.82784305e-16 0.00000000e+00 1.31961939e-12 0.00000000e+00 1.20629081e-15
4.16869383e+01 1.09952177e-12 2.47812197e-16 0.00000000e+00 1.09927396e-12 0.00000000e+00 7.96988434e-16
4.78630092e+01 8.47130940e-13 2.11636646e-16 0.00000000e+00 8.46919304e-13 0.00000000e+00 5.26565037e-16
5.49540874e+01 6.03646019e-13 1.73435191e-16 0.00000000e+00 6.03472584e-13 0.00000000e+00 3.47898070e-16
6.30957344e+01 4.04614602e-13 1.35993785e-16 0.00000000e+00 4.04478608e-13 0.00000000e+00 2.29853975e-16
7.24435960e+01 2.57529252e-13 1.02524488e-16 0.00000000e+00 2.57426727e-13 0.00000000e+00 1.51863015e-16
8.31763771e+01 1.57361777e-13 7.48052709e-17 0.00000000e+00 1.57286972e-13 0.00000000e+00 1.00334899e-16
9.54992586e+01 9.31613178e-14 5.32010736e-17 0.00000000e+00 9.31081168e-14 0.00000000e+00 6.62906105e-17
1.09647820e+02 5.38474208e-14 3.71222892e-17 0.00000000e+00 5.38102985e-14 0.00000000e+00 4.37977720e-17
1.25892541e+02 3.08739210e-14 2.55069228e-17 0.00000000e+00 3.08484141e-14 0.00000000e+00 2.89369010e-17
1.44543977e+02 1.74874138e-14 1.73515034e-17 0.00000000e+00 1.74700623e-14 0.00000000e+00 1.91184209e-17
1.65958691e+02 9.40280541e-15 1.17542916e-17 0.00000000e+00 9.39105112e-15 0.00000000e+00 1.26314154e-17
1.90546072e+02 5.03570330e-15 7.90728030e-18 0.00000000e+00 5.02779602e-15 0.00000000e+00 8.34549342e-18
2.18776162e+02 2.68282583e-15 5.29406220e-18 0.00000000e+00 2.67753177e-15 0.00000000e+00 5.51381282e-18
2.51188643e+02 1.42029211e-15 3.53257328e-18 0.00000000e+00 1.41675954e-15 0.00000000e+00 3.64294000e-18
2.88403150e+02 7.46543751e-16 2.35145138e-18 0.00000000e+00 7.44192300e-16 0.00000000e+00 2.40686659e-18
3.31131121e+02 3.90564601e-16 1.56234423e-18 0.00000000e+00 3.89002256e-16 0.00000000e+00 1.59020099e-18
3.80189396e+02 2.03234362e-16 1.03663785e-18 0.00000000e+00 2.02197725e-16 0.00000000e+00 1.05063537e-18
4.36515832e+02 1.05362834e-16 6.87111107e-19 0.00000000e+00 1.04675723e-16 0.00000000e+00 6.94147908e-19
5.01187234e+02 5.44250437e-17 4.55081948e-19 0.00000000e+00 5.39699618e-17 0.00000000e+00 4.58618975e-19
5.75439937e+02 2.80354105e-17 3.01228651e-19 0.00000000e+00 2.77341818e-17 0.00000000e+00 3.03006552e-19
6.60693448e+02 1.44104927e-17 1.99300740e-19 0.00000000e+00 1.42111920e-17 0.00000000e+00 2.00194443e-19
7.58577575e+02 7.39549450e-18 1.31817906e-19 0.00000000e+00 7.26367660e-18 0.00000000e+00 1.32267157e-19
8.70963590e+02 3.79086814e-18 8.71622624e-20 0.00000000e+00 3.70370588e-18 0.00000000e+00 8.73880441e-20
1.00000000e+03 1.88435525e-18 0.00000000e+00 0.00000000e+00 1.88435525e-18 0.00000000e+00 0.00000000e+00
