# column 1: lambda (micron)
# column 2: total flux; lambda*F_lambda (W/m2)
# column 3: direct stellar flux; lambda*F_lambda (W/m2)
# column 4: scattered stellar flux; lambda*F_lambda (W/m2)
# column 5: total dust emission flux; lambda*F_lambda (W/m2)
# column 6: dust emission scattered flux; lambda*F_lambda (W/m2)
# column 7: transparent flux; lambda*F_lambda (W/m2)
1.00000000e-03 1.78077024e-15 1.72682785e-15 5.39423956e-17 0.00000000e+00 0.00000000e+00 3.57785423e-13
1.14815362e-03 4.18370038e-16 3.67556811e-16 5.08132265e-17 0.00000000e+00 0.00000000e+00 4.22301518e-13
1.31825674e-03 1.48816211e-16 6.40780884e-17 8.47381231e-17 0.00000000e+00 0.00000000e+00 4.98451197e-13
1.51356125e-03 2.81910833e-16 1.52179409e-17 2.66692892e-16 0.00000000e+00 0.00000000e+00 5.88332233e-13
1.73780083e-03 8.56163231e-17 1.61044682e-17 6.95118550e-17 0.00000000e+00 0.00000000e+00 6.94420676e-13
1.99526231e-03 2.82247093e-17 5.87261958e-19 2.76374473e-17 0.00000000e+00 0.00000000e+00 8.19639053e-13
2.29086765e-03 8.87437445e-17 2.94805923e-19 8.84489386e-17 0.00000000e+00 0.00000000e+00 9.67436888e-13
2.63026799e-03 7.03685599e-17 1.77432171e-20 7.03508167e-17 0.00000000e+00 0.00000000e+00 1.14188572e-12
3.01995172e-03 2.37212875e-17 2.96544409e-22 2.37209909e-17 0.00000000e+00 0.00000000e+00 1.34779128e-12
3.46736850e-03 2.55027443e-17 6.58532035e-24 2.55027377e-17 0.00000000e+00 0.00000000e+00 1.59082586e-12
3.98107171e-03 1.46742599e-17 1.75341254e-25 1.46742597e-17 0.00000000e+00 0.00000000e+00 1.87768459e-12
4.57088190e-03 8.05018776e-16 4.51004907e-21 8.05014266e-16 0.00000000e+00 0.00000000e+00 2.21626987e-12
5.24807460e-03 3.03901394e-16 2.07293941e-23 3.03901374e-16 0.00000000e+00 0.00000000e+00 2.61590907e-12
6.02559586e-03 9.54371579e-16 1.27222954e-25 9.54371579e-16 0.00000000e+00 0.00000000e+00 3.08761145e-12
6.91830971e-03 2.11616947e-16 1.29863190e-27 2.11616947e-16 0.00000000e+00 0.00000000e+00 3.64437151e-12
7.94328235e-03 2.85371105e-16 2.50455768e-29 2.85371105e-16 1.43878097e-307 1.43698379e-307 4.30152690e-12
9.12010839e-03 4.61615164e-15 3.80280881e-31 4.61615164e-15 2.66380715e-268 2.66346435e-268 5.07718096e-12
1.04712855e-02 6.52689325e-16 2.55113725e-32 6.52689325e-16 6.34572814e-235 6.34502093e-235 5.67051724e-12
1.20226443e-02 3.83374137e-16 1.60657189e-33 3.83374137e-16 4.86639988e-206 4.86577418e-206 5.67051724e-12
1.38038426e-02 1.18551139e-15 6.04754178e-35 1.18551139e-15 1.62388600e-180 1.62379742e-180 5.67051724e-12
1.58489319e-02 6.40939710e-16 1.07447748e-36 6.40939710e-16 2.34248663e-158 2.34242494e-158 5.67051724e-12
1.81970086e-02 6.96440634e-16 2.61086005e-38 6.96440634e-16 2.00310709e-138 2.00310222e-138 5.67051724e-12
2.08929613e-02 8.10448614e-16 1.18811668e-39 8.10448614e-16 5.26379575e-122 5.26378770e-122 5.67051724e-12
2.39883292e-02 1.64811062e-15 2.16858389e-41 1.64811062e-15 7.52569485e-107 7.52569380e-107 5.67051724e-12
2.75422870e-02 2.88641361e-15 2.05960620e-43 2.88641361e-15 1.07698435e-94 1.07698409e-94 5.67051724e-12
3.16227766e-02 9.94231249e-16 2.14487783e-45 9.94231249e-16 9.28193831e-84 9.28193764e-84 5.67051724e-12
3.63078055e-02 8.15301427e-16 5.97750425e-47 8.15301427e-16 3.93014445e-74 3.93014429e-74 5.67051724e-12
4.16869383e-02 1.20185757e-15 2.70186647e-48 1.20185757e-15 1.04650871e-65 1.04650870e-65 5.67051724e-12
4.78630092e-02 9.71062422e-16 5.30395282e-52 9.71062422e-16 1.76449294e-58 1.76449293e-58 5.67051724e-12
5.49540874e-02 1.04024461e-15 3.70871221e-57 1.04024461e-15 2.88012717e-52 2.88012717e-52 5.67051724e-12
6.30957344e-02 6.40228201e-16 4.38650402e-70 6.40228201e-16 5.68372199e-47 5.68372199e-47 5.67051724e-12
7.24435960e-02 3.11525722e-16 2.13698118e-85 3.11525722e-16 3.54971110e-42 3.54971110e-42 5.67051724e-12
8.31763771e-02 3.27805077e-16 4.92461610e-84 3.27805077e-16 3.22778690e-38 3.22778690e-38 5.67051724e-12
9.54992586e-02 3.47658835e-16 4.88339113e-80 3.47658835e-16 1.32811444e-34 1.32811444e-34 5.67051724e-12
1.09647820e-01 5.09947891e-16 1.54425362e-68 5.09947891e-16 1.48340038e-31 1.48340038e-31 5.41530405e-12
1.25892541e-01 7.78839460e-16 1.44043453e-58 7.78839460e-16 4.96439088e-29 4.96439088e-29 5.05385580e-12
1.44543977e-01 1.17375218e-15 1.24323922e-50 1.17375218e-15 9.04414765e-27 9.04414763e-27 4.71653266e-12
1.65958691e-01 1.48648023e-15 8.02240731e-46 1.48648023e-15 5.70601945e-25 5.70601929e-25 4.40172439e-12
1.90546072e-01 1.59415123e-15 4.15761706e-48 1.59415122e-15 1.45917141e-23 1.45917139e-23 4.10792822e-12
2.18776162e-01 9.09967505e-16 2.29444805e-54 9.09967355e-16 1.49971027e-22 1.49971027e-22 3.83374167e-12
2.51188643e-01 1.92388835e-15 6.11303676e-46 1.92388536e-15 2.99023058e-21 2.99023055e-21 3.57785591e-12
2.88403150e-01 2.83856042e-15 3.08048089e-40 2.83851472e-15 4.56954985e-20 4.56954897e-20 3.33904941e-12
3.31131121e-01 3.74616901e-15 1.13473417e-36 3.74589091e-15 2.78094474e-19 2.78094182e-19 3.11618222e-12
3.80189396e-01 4.15453165e-15 1.00619729e-33 4.15313449e-15 1.39716187e-18 1.39715425e-18 2.90819046e-12
4.36515832e-01 4.92894450e-15 5.69972393e-31 4.92333326e-15 5.61124548e-18 5.59800273e-18 2.71408126e-12
5.01187234e-01 6.32981656e-15 2.33354688e-28 6.31213572e-15 1.76808386e-17 1.75145648e-17 2.53292801e-12
5.75439937e-01 8.10966046e-15 5.60186405e-26 8.05467331e-15 5.49871506e-17 5.36106714e-17 2.36386595e-12
6.60693448e-01 9.51089695e-15 7.35255738e-24 9.34818744e-15 1.62709504e-16 1.48441721e-16 2.20608807e-12
7.58577575e-01 1.28280328e-14 5.79882553e-22 1.23108441e-14 5.17188171e-16 4.48958459e-16 2.05884118e-12
8.70963590e-01 1.67569952e-14 3.25659560e-20 1.48653258e-14 1.89163679e-15 1.46809499e-15 1.92142238e-12
1.00000000e+00 2.39719966e-14 1.07831799e-18 1.77558381e-14 6.21508020e-15 4.43763931e-15 1.79317570e-12
1.14815362e+00 4.33744705e-14 2.14798882e-17 2.15869385e-14 2.17660521e-14 1.39267746e-14 1.67348894e-12
1.31825674e+00 9.09838431e-14 2.59473106e-16 2.60626442e-14 6.46617257e-14 3.71586537e-14 1.56179075e-12
1.51356125e+00 2.13884116e-13 1.87422239e-15 2.96399165e-14 1.82369977e-13 8.81723415e-14 1.45754793e-12
1.73780083e+00 5.01305121e-13 9.08906203e-15 3.40410904e-14 4.58174969e-13 1.88757534e-13 1.36026288e-12
1.99526231e+00 1.12731292e-12 3.10954891e-14 3.68671255e-14 1.05935031e-12 3.40968061e-13 1.26947118e-12
2.29086765e+00 2.34233396e-12 7.66022261e-14 3.67252256e-14 2.22900651e-12 5.19711193e-13 1.18473944e-12
2.63026799e+00 4.24701375e-12 1.43629632e-13 3.27389663e-14 4.07064515e-12 6.49420189e-13 1.10566318e-12
3.01995172e+00 6.71956955e-12 2.21083582e-13 2.65451663e-14 6.47194080e-12 6.83345648e-13 1.03186491e-12
3.46736850e+00 9.61900003e-12 2.95357706e-13 1.97446613e-14 9.30389766e-12 6.20358095e-13 9.62992369e-13
3.98107171e+00 1.23441911e-11 3.58783591e-13 1.37295186e-14 1.19716780e-11 4.91056531e-13 8.98716770e-13
4.57088190e+00 1.44544794e-11 4.06960215e-13 9.00100159e-15 1.40385182e-11 3.45383644e-13 8.38731291e-13
5.24807460e+00 1.56125430e-11 3.87923236e-13 5.04852866e-15 1.52195713e-11 2.21928010e-13 6.93502223e-13
6.02559586e+00 1.57749712e-11 2.82739408e-13 2.12299109e-15 1.54901088e-11 1.30062194e-13 4.58192375e-13
6.70000000e+00 1.53771830e-11 2.17393096e-13 1.05634852e-15 1.51587335e-11 8.09692124e-14 3.33290895e-13
6.92422916e+00 1.51492804e-11 1.99922017e-13 8.43003220e-16 1.49485154e-11 6.92133387e-14 3.01948975e-13
7.15596261e+00 1.49635918e-11 1.82431073e-13 6.62742876e-16 1.47804980e-11 5.89492590e-14 2.73554377e-13
7.39545150e+00 1.48871618e-11 1.63684658e-13 5.07684499e-16 1.47229694e-11 4.97338375e-14 2.47829944e-13
7.64295536e+00 1.51653641e-11 1.39962033e-13 3.60954702e-16 1.50250411e-11 4.18639792e-14 2.24524577e-13
7.89874245e+00 1.56775846e-11 1.10453998e-13 2.29139809e-16 1.55669015e-11 3.46867599e-14 2.03410795e-13
8.16308998e+00 1.60671517e-11 8.07979135e-14 1.32799933e-16 1.59862210e-11 2.74363404e-14 1.84282505e-13
8.43628443e+00 1.59072776e-11 5.31008559e-14 6.56728086e-17 1.58541110e-11 1.96280609e-14 1.66952996e-13
8.71862190e+00 1.54748920e-11 3.70183275e-14 3.20371614e-17 1.54378417e-11 1.34091559e-14 1.51253114e-13
9.01040836e+00 1.47229884e-11 2.49053501e-14 1.04098793e-17 1.46980727e-11 7.03663798e-15 1.37029614e-13
9.31196005e+00 1.43496908e-11 1.71806672e-14 0.00000000e+00 1.43325102e-11 0.00000000e+00 1.24143660e-13
9.62360379e+00 1.44120208e-11 1.47748519e-14 0.00000000e+00 1.43972459e-11 0.00000000e+00 1.12469472e-13
9.94567731e+00 1.47490394e-11 1.51712233e-14 0.00000000e+00 1.47338682e-11 0.00000000e+00 1.01893097e-13
1.02785297e+01 1.50123071e-11 1.64814218e-14 0.00000000e+00 1.49958256e-11 0.00000000e+00 9.23113014e-14
1.06225216e+01 1.52099884e-11 1.78939180e-14 0.00000000e+00 1.51920945e-11 0.00000000e+00 8.36305558e-14
1.09780260e+01 1.53166483e-11 2.00340761e-14 0.00000000e+00 1.52966142e-11 0.00000000e+00 7.57661279e-14
1.13454280e+01 1.51303161e-11 2.16876832e-14 0.00000000e+00 1.51086284e-11 0.00000000e+00 6.86412529e-14
1.17251259e+01 1.47550918e-11 2.27779057e-14 0.00000000e+00 1.47323139e-11 0.00000000e+00 6.21863851e-14
1.21175312e+01 1.41719076e-11 2.35792482e-14 0.00000000e+00 1.41483284e-11 0.00000000e+00 5.63385184e-14
1.25230691e+01 1.34996996e-11 2.40300569e-14 0.00000000e+00 1.34756695e-11 0.00000000e+00 5.10405718e-14
1.29421791e+01 1.26978439e-11 2.39934312e-14 0.00000000e+00 1.26738505e-11 0.00000000e+00 4.62408321e-14
1.33753155e+01 1.18723840e-11 2.35616399e-14 0.00000000e+00 1.18488224e-11 0.00000000e+00 4.18924490e-14
1.38229477e+01 1.12374796e-11 2.23821840e-14 0.00000000e+00 1.12150974e-11 0.00000000e+00 3.79529781e-14
1.42855609e+01 1.07629616e-11 2.07175086e-14 0.00000000e+00 1.07422440e-11 0.00000000e+00 3.43839660e-14
1.47636563e+01 1.06985532e-11 1.83221423e-14 0.00000000e+00 1.06802310e-11 0.00000000e+00 3.11505758e-14
1.52577522e+01 1.06920380e-11 1.60233426e-14 0.00000000e+00 1.06760146e-11 0.00000000e+00 2.82212462e-14
1.57683840e+01 1.07309629e-11 1.38722152e-14 0.00000000e+00 1.07170907e-11 0.00000000e+00 2.55673842e-14
1.62961051e+01 1.07502862e-11 1.19757611e-14 0.00000000e+00 1.07383104e-11 0.00000000e+00 2.31630853e-14
1.68414875e+01 1.07575701e-11 1.03157127e-14 0.00000000e+00 1.07472544e-11 0.00000000e+00 2.09848813e-14
1.74051222e+01 1.06029219e-11 9.03119214e-15 0.00000000e+00 1.05938907e-11 0.00000000e+00 1.90115106e-14
1.79876201e+01 1.04292426e-11 7.99763150e-15 0.00000000e+00 1.04212450e-11 0.00000000e+00 1.72237112e-14
1.85896125e+01 1.00783762e-11 7.25269254e-15 0.00000000e+00 1.00711235e-11 0.00000000e+00 1.56040325e-14
1.92117518e+01 9.63920671e-12 6.72580760e-15 0.00000000e+00 9.63248091e-12 0.00000000e+00 1.41366646e-14
1.98547123e+01 9.10074485e-12 6.32099876e-15 0.00000000e+00 9.09442385e-12 0.00000000e+00 1.28072847e-14
2.05191907e+01 8.54064567e-12 5.97008743e-15 0.00000000e+00 8.53467559e-12 0.00000000e+00 1.16029167e-14
2.12059073e+01 7.99976230e-12 5.62536273e-15 0.00000000e+00 7.99413694e-12 0.00000000e+00 1.05118047e-14
2.19156062e+01 7.48904803e-12 5.27310188e-15 0.00000000e+00 7.48377493e-12 0.00000000e+00 9.52329842e-15
2.26490567e+01 7.00440959e-12 4.92932558e-15 0.00000000e+00 6.99948027e-12 0.00000000e+00 8.62774902e-15
2.34070535e+01 6.52970120e-12 4.59580252e-15 0.00000000e+00 6.52510540e-12 0.00000000e+00 7.81641505e-15
2.41904183e+01 6.07587232e-12 4.27308984e-15 0.00000000e+00 6.07159923e-12 0.00000000e+00 7.08137710e-15
2.50000000e+01 5.65093885e-12 3.96390033e-15 0.00000000e+00 5.64697495e-12 0.00000000e+00 6.41546044e-15
2.75422870e+01 4.51043879e-12 3.15285846e-15 0.00000000e+00 4.50728593e-12 0.00000000e+00 4.79786316e-15
3.16227766e+01 3.16791731e-12 2.23571663e-15 0.00000000e+00 3.16568159e-12 0.00000000e+00 3.16991676e-15
3.63078055e+01 2.11797009e-12 1.56898846e-15 0.00000000e+00 2.11640110e-12 0.00000000e+00 2.09434323e-15
4.16869383e+01 1.33600436e-12 1.09658424e-15 0.00000000e+00 1.33490778e-12 0.00000000e+00 1.38371885e-15
4.78630092e+01 7.94096924e-13 7.62490726e-16 0.00000000e+00 7.93334433e-13 0.00000000e+00 9.14213979e-16
5.49540874e+01 4.52053515e-13 5.25846534e-16 0.00000000e+00 4.51527668e-13 0.00000000e+00 6.04015186e-16
6.30957344e+01 2.48764986e-13 3.59474377e-16 0.00000000e+00 2.48405512e-13 0.00000000e+00 3.99068876e-16
7.24435960e+01 1.33640133e-13 2.43824692e-16 0.00000000e+00 1.33396308e-13 0.00000000e+00 2.63662192e-16
8.31763771e+01 7.07391563e-14 1.64308306e-16 0.00000000e+00 7.05748480e-14 0.00000000e+00 1.74199882e-16
9.54992586e+01 3.70896157e-14 1.10161072e-16 0.00000000e+00 3.69794546e-14 0.00000000e+00 1.15092721e-16
1.09647820e+02 1.93521994e-14 7.35782615e-17 0.00000000e+00 1.92786211e-14 0.00000000e+00 7.60410067e-17
1.25892541e+02 1.01876702e-14 4.89935321e-17 0.00000000e+00 1.01386767e-14 0.00000000e+00 5.02397949e-17
1.44543977e+02 5.37315219e-15 3.25584006e-17 0.00000000e+00 5.34059379e-15 0.00000000e+00 3.31931033e-17
1.65958691e+02 2.71287796e-15 2.16184766e-17 0.00000000e+00 2.69125949e-15 0.00000000e+00 2.19304659e-17
1.90546072e+02 1.37926816e-15 1.43345519e-17 0.00000000e+00 1.36493361e-15 0.00000000e+00 1.44893151e-17
2.18776162e+02 7.03858144e-16 9.49579384e-18 0.00000000e+00 6.94362350e-16 0.00000000e+00 9.57299556e-18
2.51188643e+02 3.59656213e-16 6.28619436e-18 0.00000000e+00 3.53370018e-16 0.00000000e+00 6.32481544e-18
2.88403150e+02 1.83729937e-16 4.15943007e-18 0.00000000e+00 1.79570507e-16 0.00000000e+00 4.17876412e-18
3.31131121e+02 9.39999481e-17 2.75118477e-18 0.00000000e+00 9.12487633e-17 0.00000000e+00 2.76088208e-18
3.80189396e+02 4.81136633e-17 1.81923226e-18 0.00000000e+00 4.62944311e-17 0.00000000e+00 1.82409670e-18
4.36515832e+02 2.46774289e-17 1.20272644e-18 0.00000000e+00 2.34747025e-17 0.00000000e+00 1.20516874e-18
5.01187234e+02 1.26853365e-17 7.95020677e-19 0.00000000e+00 1.18903158e-17 0.00000000e+00 7.96247089e-19
5.75439937e+02 6.54309118e-18 5.25459232e-19 0.00000000e+00 6.01763195e-18 0.00000000e+00 5.26075235e-19
6.60693448e+02 3.39043706e-18 3.47264987e-19 0.00000000e+00 3.04317208e-18 0.00000000e+00 3.47574461e-19
7.58577575e+02 1.76744114e-18 2.29484668e-19 0.00000000e+00 1.53795647e-18 0.00000000e+00 2.29640169e-19
8.70963590e+02 9.28232317e-19 1.51643630e-19 0.00000000e+00 7.76588688e-19 0.00000000e+00 1.51721755e-19
1.00000000e+03 3.91793709e-19 0.00000000e+00 0.00000000e+00 3.91793709e-19 0.00000000e+00 0.00000000e+00
