# column 1: lambda (micron)
# column 2: total flux; lambda*F_lambda (W/m2)
# column 3: direct stellar flux; lambda*F_lambda (W/m2)
# column 4: scattered stellar flux; lambda*F_lambda (W/m2)
# column 5: total dust emission flux; lambda*F_lambda (W/m2)
# column 6: dust emission scattered flux; lambda*F_lambda (W/m2)
# column 7: transparent flux; lambda*F_lambda (W/m2)
1.00000000e-03 8.84329957e-13 8.83807136e-13 5.22821910e-16 0.00000000e+00 0.00000000e+00 1.04634360e-12
1.14815362e-03 9.93426799e-13 9.88123291e-13 5.30350785e-15 0.00000000e+00 0.00000000e+00 1.23502095e-12
1.31825674e-03 1.10271986e-12 1.09779408e-12 4.92577963e-15 0.00000000e+00 0.00000000e+00 1.45772071e-12
1.51356125e-03 1.23443202e-12 1.23162986e-12 2.80215691e-15 0.00000000e+00 0.00000000e+00 1.72057784e-12
1.73780083e-03 1.46129617e-12 1.44870389e-12 1.25922876e-14 0.00000000e+00 0.00000000e+00 2.03083353e-12
1.99526231e-03 1.53667854e-12 1.53172978e-12 4.94876207e-15 0.00000000e+00 0.00000000e+00 2.39703472e-12
2.29086765e-03 1.78406017e-12 1.75966531e-12 2.43948652e-14 0.00000000e+00 0.00000000e+00 2.82926954e-12
2.63026799e-03 1.90397732e-12 1.89025467e-12 1.37226488e-14 0.00000000e+00 0.00000000e+00 3.33944522e-12
3.01995172e-03 3.18234570e-12 1.94983748e-12 1.23250822e-12 0.00000000e+00 0.00000000e+00 3.94161611e-12
3.46736850e-03 2.08490996e-12 2.02947289e-12 5.54370745e-14 0.00000000e+00 0.00000000e+00 4.65237083e-12
3.98107171e-03 2.21370641e-12 2.12453001e-12 8.91763950e-14 0.00000000e+00 0.00000000e+00 5.49128930e-12
4.57088190e-03 4.83691014e-12 3.44014471e-12 1.39676543e-12 0.00000000e+00 0.00000000e+00 6.48148207e-12
5.24807460e-03 7.85671698e-12 3.40650711e-12 4.45020987e-12 0.00000000e+00 0.00000000e+00 7.65022704e-12
6.02559586e-03 4.36649439e-12 3.40421111e-12 9.62283281e-13 0.00000000e+00 0.00000000e+00 9.02972084e-12
6.91830971e-03 5.23645101e-12 3.45713882e-12 1.77931219e-12 0.00000000e+00 0.00000000e+00 1.06579658e-11
7.94328235e-03 4.28785062e-12 3.58231068e-12 7.05539937e-13 0.00000000e+00 0.00000000e+00 1.25798170e-11
9.12010839e-03 5.68373877e-12 3.68402003e-12 1.99971874e-12 0.00000000e+00 0.00000000e+00 1.48482176e-11
1.04712855e-02 5.13375204e-12 3.76412239e-12 1.36962965e-12 0.00000000e+00 0.00000000e+00 1.65834298e-11
1.20226443e-02 4.43628185e-12 3.44870055e-12 9.87581299e-13 1.66761354e-311 3.80586781e-312 1.65834298e-11
1.38038426e-02 3.93166152e-12 3.10866201e-12 8.22999505e-13 2.56147752e-272 4.37990405e-273 1.65834298e-11
1.58489319e-02 3.38039346e-12 2.73634727e-12 6.44046192e-13 3.39341488e-238 5.10615831e-239 1.65834298e-11
1.81970086e-02 3.04370577e-12 2.43261013e-12 6.11095636e-13 1.68616567e-208 2.24731898e-209 1.65834298e-11
2.08929613e-02 2.82255051e-12 2.20596449e-12 6.16586022e-13 1.09858666e-182 1.32992530e-183 1.65834298e-11
2.39883292e-02 2.52634906e-12 1.94341927e-12 5.82929785e-13 3.23129829e-160 3.68817438e-161 1.65834298e-11
2.75422870e-02 2.22362354e-12 1.67708339e-12 5.46540153e-13 1.13523682e-140 1.17747148e-141 1.65834298e-11
3.16227766e-02 1.96690763e-12 1.45147380e-12 5.15433829e-13 1.13692252e-123 1.26062180e-124 1.65834298e-11
3.63078055e-02 1.83633738e-12 1.29596941e-12 5.40367965e-13 6.77834338e-109 7.41093355e-110 1.65834298e-11
4.16869383e-02 1.73975574e-12 1.17497323e-12 5.64782519e-13 4.72423209e-96 5.63686589e-97 1.65834298e-11
4.78630092e-02 1.49962101e-12 8.96795938e-13 6.02825069e-13 6.46930915e-85 7.94634601e-86 1.65834298e-11
5.49540874e-02 1.18850571e-12 6.15911002e-13 5.72594707e-13 2.93308623e-75 3.61467224e-76 1.65834298e-11
6.30957344e-02 7.56558518e-13 2.40079475e-13 5.16479043e-13 8.54599800e-67 1.08370450e-67 1.65834298e-11
7.24435960e-02 4.77148249e-13 7.86495786e-14 3.98498670e-13 1.77602987e-59 2.12023138e-60 1.65834298e-11
8.31763771e-02 4.71372519e-13 8.68608168e-14 3.84511702e-13 3.58075594e-53 4.14542349e-54 1.65834298e-11
9.54992586e-02 4.96303151e-13 1.16229017e-13 3.80074134e-13 1.05612774e-47 1.25737976e-48 1.65834298e-11
1.09647820e-01 6.80944691e-13 2.57004379e-13 4.23940313e-13 5.87718530e-43 7.88534881e-44 1.58370587e-11
1.25892541e-01 9.44931325e-13 4.97105906e-13 4.47825419e-13 8.95417378e-39 1.57390037e-39 1.47800032e-11
1.44543977e-01 1.25885279e-12 8.29062222e-13 4.29790572e-13 4.78170608e-35 1.08523208e-35 1.37935015e-11
1.65958691e-01 1.52055986e-12 1.10096301e-12 4.19596849e-13 8.84211120e-32 2.57707798e-32 1.28728446e-11
1.90546072e-01 1.27672853e-12 8.71733849e-13 4.04994679e-13 4.87365938e-29 1.66531452e-29 1.20136376e-11
2.18776162e-01 8.48542101e-13 5.16717034e-13 3.31825067e-13 9.99094958e-27 3.47454549e-27 1.12117790e-11
2.51188643e-01 1.24544066e-12 8.93068917e-13 3.52371743e-13 2.14979969e-24 8.52580826e-25 1.04634409e-11
2.88403150e-01 1.60934727e-12 1.26567766e-12 3.43669609e-13 2.18503371e-22 8.65306191e-23 9.76505125e-12
3.31131121e-01 1.85518970e-12 1.53515002e-12 3.20039672e-13 1.10536815e-20 4.34526754e-21 9.11327608e-12
3.80189396e-01 2.07988093e-12 1.77992813e-12 2.99952483e-13 3.19274479e-19 1.21230401e-19 8.50500410e-12
4.36515832e-01 2.30354456e-12 2.03467074e-12 2.68868259e-13 5.55616464e-18 2.07353949e-18 7.93733165e-12
5.01187234e-01 2.54588652e-12 2.30209209e-12 2.43732532e-13 6.18983946e-17 2.22559906e-17 7.40754890e-12
5.75439937e-01 2.77501700e-12 2.56101980e-12 2.13522752e-13 4.74441745e-16 1.62104573e-16 6.91312687e-12
6.60693448e-01 2.99013408e-12 2.79514165e-12 1.92348334e-13 2.64409421e-15 8.77434331e-16 6.45170538e-12
7.58577575e-01 3.18610254e-12 3.00187946e-12 1.73199748e-13 1.10233292e-14 3.44078124e-15 6.02108180e-12
8.70963590e-01 3.37697438e-12 3.18944249e-12 1.50705063e-13 3.68268348e-14 1.07715167e-14 5.61920048e-12
1.00000000e+00 3.56399312e-12 3.33253059e-12 1.29929707e-13 1.01532829e-13 2.73020571e-14 5.24414302e-12
1.14815362e+00 3.77048649e-12 3.42647907e-12 1.06860282e-13 2.37147139e-13 5.69759938e-14 4.89411902e-12
1.31825674e+00 4.05514103e-12 3.46773993e-12 8.87231740e-14 4.98677930e-13 1.03851082e-13 4.56745763e-12
1.51356125e+00 4.46208361e-12 3.45283770e-12 7.35510216e-14 9.35694890e-13 1.68142048e-13 4.26259947e-12
1.73780083e+00 5.02523509e-12 3.39491665e-12 6.16323241e-14 1.56868612e-12 2.41307693e-13 3.97808929e-12
1.99526231e+00 5.75987864e-12 3.30130945e-12 5.23093620e-14 2.40625983e-12 3.04287048e-13 3.71256894e-12
2.29086765e+00 6.64302118e-12 3.17708444e-12 4.28276103e-14 3.42310913e-12 3.48861731e-13 3.46477093e-12
2.63026799e+00 7.67366895e-12 3.03123259e-12 3.49127943e-14 4.60752356e-12 3.65431691e-13 3.23351237e-12
3.01995172e+00 8.69384572e-12 2.87407130e-12 2.68305796e-14 5.79294384e-12 3.53825388e-13 3.01768933e-12
3.46736850e+00 9.75012884e-12 2.71286755e-12 2.01772721e-14 7.01708402e-12 3.14508631e-13 2.81627154e-12
3.98107171e+00 1.06422872e-11 2.55300812e-12 1.44447681e-14 8.07483432e-12 2.57127640e-13 2.62829753e-12
4.57088190e+00 1.13372930e-11 2.39736243e-12 9.79231492e-15 8.93013823e-12 1.91456645e-13 2.45286997e-12
5.24807460e+00 1.15331042e-11 1.99119497e-12 5.67887365e-15 9.53623031e-12 1.34298501e-13 2.02814751e-12
6.02559586e+00 1.12384357e-11 1.31966417e-12 2.49202962e-15 9.91627946e-12 8.72581547e-14 1.33998377e-12
6.70000000e+00 1.10011005e-11 9.61615175e-13 1.27160463e-15 1.00382137e-11 6.02800341e-14 9.74709347e-13
6.92422916e+00 1.09323812e-11 8.71600165e-13 1.02138552e-15 1.00597596e-11 5.31829284e-14 8.83049889e-13
7.15596261e+00 1.09206836e-11 7.89816899e-13 8.07635552e-16 1.01300591e-11 4.66796708e-14 8.00009879e-13
7.39545150e+00 1.09429823e-11 7.15325266e-13 6.15724019e-16 1.02270413e-11 4.01056232e-14 7.24778763e-13
7.64295536e+00 1.11482599e-11 6.46872922e-13 4.30702894e-16 1.05009563e-11 3.34933335e-14 6.56622211e-13
7.89874245e+00 1.15533742e-11 5.83487991e-13 2.61529788e-16 1.09696247e-11 2.62319459e-14 5.94874946e-13
8.16308998e+00 1.20495919e-11 5.25051465e-13 1.48053745e-16 1.15243924e-11 2.00059680e-14 5.38934254e-13
8.43628443e+00 1.24079311e-11 4.70868330e-13 7.50809386e-17 1.19369877e-11 1.41461811e-14 4.88254098e-13
8.71862190e+00 1.27009685e-11 4.23065691e-13 4.29366778e-17 1.22778599e-11 1.04906589e-14 4.42339790e-13
9.01040836e+00 1.29079469e-11 3.79688508e-13 2.22393367e-17 1.25282362e-11 7.17304701e-15 4.00743158e-13
9.31196005e+00 1.31274113e-11 3.41028911e-13 0.00000000e+00 1.27863824e-11 0.00000000e+00 3.63058180e-13
9.62360379e+00 1.31775810e-11 3.08450251e-13 0.00000000e+00 1.28691307e-11 0.00000000e+00 3.28917012e-13
9.94567731e+00 1.31639096e-11 2.80554140e-13 0.00000000e+00 1.28833554e-11 0.00000000e+00 2.97986401e-13
1.02785297e+01 1.30733128e-11 2.55636556e-13 0.00000000e+00 1.28176763e-11 0.00000000e+00 2.69964435e-13
1.06225216e+01 1.31879983e-11 2.32927572e-13 0.00000000e+00 1.29550707e-11 0.00000000e+00 2.44577592e-13
1.09780260e+01 1.32394536e-11 2.12442542e-13 0.00000000e+00 1.30270111e-11 0.00000000e+00 2.21578069e-13
1.13454280e+01 1.33337640e-11 1.93552743e-13 0.00000000e+00 1.31402113e-11 0.00000000e+00 2.00741370e-13
1.17251259e+01 1.34748702e-11 1.76173739e-13 0.00000000e+00 1.32986964e-11 0.00000000e+00 1.81864106e-13
1.21175312e+01 1.34400131e-11 1.60281758e-13 0.00000000e+00 1.32797313e-11 0.00000000e+00 1.64762018e-13
1.25230691e+01 1.34572878e-11 1.45751176e-13 0.00000000e+00 1.33115366e-11 0.00000000e+00 1.49268171e-13
1.29421791e+01 1.34566726e-11 1.32452067e-13 0.00000000e+00 1.33242205e-11 0.00000000e+00 1.35231331e-13
1.33753155e+01 1.34389319e-11 1.20303081e-13 0.00000000e+00 1.33186289e-11 0.00000000e+00 1.22514483e-13
1.38229477e+01 1.34885254e-11 1.09153701e-13 0.00000000e+00 1.33793717e-11 0.00000000e+00 1.10993499e-13
1.42855609e+01 1.36549402e-11 9.89563630e-14 0.00000000e+00 1.35559838e-11 0.00000000e+00 1.00555922e-13
1.47636563e+01 1.41768476e-11 8.95823393e-14 0.00000000e+00 1.40872653e-11 0.00000000e+00 9.10998706e-14
1.52577522e+01 1.47524149e-11 8.10675760e-14 0.00000000e+00 1.46713473e-11 0.00000000e+00 8.25330452e-14
1.57683840e+01 1.53559358e-11 7.33387005e-14 0.00000000e+00 1.52825971e-11 0.00000000e+00 7.47718247e-14
1.62961051e+01 1.59599704e-11 6.63407125e-14 0.00000000e+00 1.58936297e-11 0.00000000e+00 6.77404517e-14
1.68414875e+01 1.66217392e-11 6.00062696e-14 0.00000000e+00 1.65617329e-11 0.00000000e+00 6.13702932e-14
1.74051222e+01 1.71672877e-11 5.43045553e-14 0.00000000e+00 1.71129831e-11 0.00000000e+00 5.55991699e-14
1.79876201e+01 1.75997848e-11 4.91624159e-14 0.00000000e+00 1.75506223e-11 0.00000000e+00 5.03707500e-14
1.85896125e+01 1.80534332e-11 4.45406823e-14 0.00000000e+00 1.80088925e-11 0.00000000e+00 4.56339988e-14
1.92117518e+01 1.82607515e-11 4.03819946e-14 0.00000000e+00 1.82203695e-11 0.00000000e+00 4.13426810e-14
1.98547123e+01 1.83003447e-11 3.66270652e-14 0.00000000e+00 1.82637176e-11 0.00000000e+00 3.74549090e-14
2.05191907e+01 1.82348915e-11 3.32265038e-14 0.00000000e+00 1.82016650e-11 0.00000000e+00 3.39327342e-14
2.12059073e+01 1.81673649e-11 3.01394083e-14 0.00000000e+00 1.81372255e-11 0.00000000e+00 3.07417768e-14
2.19156062e+01 1.80161961e-11 2.73346457e-14 0.00000000e+00 1.79888614e-11 0.00000000e+00 2.78508898e-14
2.26490567e+01 1.78630078e-11 2.47887356e-14 0.00000000e+00 1.78382191e-11 0.00000000e+00 2.52318552e-14
2.34070535e+01 1.75743590e-11 2.24780680e-14 0.00000000e+00 1.75518809e-11 0.00000000e+00 2.28591087e-14
2.41904183e+01 1.73031703e-11 2.03810156e-14 0.00000000e+00 1.72827893e-11 0.00000000e+00 2.07094900e-14
2.50000000e+01 1.69242021e-11 1.84782574e-14 0.00000000e+00 1.69057238e-11 0.00000000e+00 1.87620165e-14
2.75422870e+01 1.55858071e-11 1.38461199e-14 0.00000000e+00 1.55719609e-11 0.00000000e+00 1.40313526e-14
3.16227766e+01 1.31802762e-11 9.16853989e-15 0.00000000e+00 1.31711076e-11 0.00000000e+00 9.27042274e-15
3.63078055e+01 1.03799687e-11 6.06917338e-15 0.00000000e+00 1.03738996e-11 0.00000000e+00 6.12490756e-15
4.16869383e+01 7.57407084e-12 4.01700661e-15 0.00000000e+00 7.57005384e-12 0.00000000e+00 4.04668630e-15
4.78630092e+01 5.11967494e-12 2.65830603e-15 0.00000000e+00 5.11701663e-12 0.00000000e+00 2.67361912e-15
5.49540874e+01 3.26015034e-12 1.75871095e-15 0.00000000e+00 3.25839163e-12 0.00000000e+00 1.76644264e-15
6.30957344e+01 1.97277535e-12 1.16322357e-15 0.00000000e+00 1.97161212e-12 0.00000000e+00 1.16707708e-15
7.24435960e+01 1.14895953e-12 7.69173530e-16 0.00000000e+00 1.14819036e-12 0.00000000e+00 7.71080178e-16
8.31763771e+01 6.50264978e-13 5.08505856e-16 0.00000000e+00 6.49756472e-13 0.00000000e+00 5.09447621e-16
9.54992586e+01 3.60703685e-13 3.36122462e-16 0.00000000e+00 3.60367562e-13 0.00000000e+00 3.36588705e-16
1.09647820e+02 1.97202727e-13 2.22150336e-16 0.00000000e+00 1.96980577e-13 0.00000000e+00 2.22381952e-16
1.25892541e+02 1.07824250e-13 1.46809530e-16 0.00000000e+00 1.07677440e-13 0.00000000e+00 1.46926299e-16
1.44543977e+02 5.86713377e-14 9.70139409e-17 0.00000000e+00 5.85743237e-14 0.00000000e+00 9.70732430e-17
1.65958691e+02 3.04602746e-14 6.41065756e-17 0.00000000e+00 3.03961680e-14 0.00000000e+00 6.41356556e-17
1.90546072e+02 1.58396270e-14 4.23596072e-17 0.00000000e+00 1.57972674e-14 0.00000000e+00 4.23740075e-17
2.18776162e+02 8.23128898e-15 2.79890549e-17 0.00000000e+00 8.20329992e-15 0.00000000e+00 2.79962291e-17
2.51188643e+02 4.26634806e-15 1.84933396e-17 0.00000000e+00 4.24785472e-15 0.00000000e+00 1.84969251e-17
2.88403150e+02 2.20271644e-15 1.22190036e-17 0.00000000e+00 2.19049744e-15 0.00000000e+00 1.22207972e-17
3.31131121e+02 1.13521957e-15 8.07330151e-18 0.00000000e+00 1.12714626e-15 0.00000000e+00 8.07420067e-18
3.80189396e+02 5.83332256e-16 5.33412062e-18 0.00000000e+00 5.77998136e-16 0.00000000e+00 5.33457148e-18
4.36515832e+02 2.99304613e-16 3.52429013e-18 0.00000000e+00 2.95780323e-16 0.00000000e+00 3.52451642e-18
5.01187234e+02 1.53323714e-16 2.32851130e-18 0.00000000e+00 1.50995202e-16 0.00000000e+00 2.32862491e-18
5.75439937e+02 7.84708056e-17 1.53845017e-18 0.00000000e+00 7.69323555e-17 0.00000000e+00 1.53850722e-18
6.60693448e+02 4.01468640e-17 1.01645298e-18 0.00000000e+00 3.91304111e-17 0.00000000e+00 1.01648164e-18
7.58577575e+02 2.05454566e-17 6.71568361e-19 0.00000000e+00 1.98738882e-17 0.00000000e+00 6.71582760e-19
8.70963590e+02 1.05218798e-17 4.43703096e-19 0.00000000e+00 1.00781767e-17 0.00000000e+00 4.43710329e-19
1.00000000e+03 5.10324153e-18 0.00000000e+00 0.00000000e+00 5.10324153e-18 0.00000000e+00 0.00000000e+00
