# column 1: lambda (micron)
# column 2: total flux; lambda*F_lambda (W/m2)
# column 3: direct stellar flux; lambda*F_lambda (W/m2)
# column 4: scattered stellar flux; lambda*F_lambda (W/m2)
# column 5: total dust emission flux; lambda*F_lambda (W/m2)
# column 6: dust emission scattered flux; lambda*F_lambda (W/m2)
# column 7: transparent flux; lambda*F_lambda (W/m2)
1.00000000e-03 2.62009744e-15 2.61358912e-15 6.50832765e-18 0.00000000e+00 0.00000000e+00 8.37058880e-14
1.14815362e-03 1.02723295e-15 1.01327240e-15 1.39605523e-17 0.00000000e+00 0.00000000e+00 9.87997869e-14
1.31825674e-03 3.52152287e-16 3.45041256e-16 7.11103090e-18 0.00000000e+00 0.00000000e+00 1.16615427e-13
1.51356125e-03 1.52155515e-16 1.43641017e-16 8.51449757e-18 0.00000000e+00 0.00000000e+00 1.37643595e-13
1.73780083e-03 1.66790258e-16 1.57930072e-16 8.86018542e-18 0.00000000e+00 0.00000000e+00 1.62463576e-13
1.99526231e-03 6.26500268e-17 1.94523167e-17 4.31977101e-17 0.00000000e+00 0.00000000e+00 1.91759111e-13
2.29086765e-03 5.58134901e-17 1.31719189e-17 4.26415712e-17 0.00000000e+00 0.00000000e+00 2.26337236e-13
2.63026799e-03 2.19543032e-17 2.24693663e-18 1.97073665e-17 0.00000000e+00 0.00000000e+00 2.67150510e-13
3.01995172e-03 2.10493081e-17 1.66677589e-19 2.08826305e-17 0.00000000e+00 0.00000000e+00 3.15323260e-13
3.46736850e-03 2.06285501e-17 1.48725811e-20 2.06136775e-17 0.00000000e+00 0.00000000e+00 3.72182551e-13
3.98107171e-03 2.40140468e-17 1.49322166e-21 2.40125536e-17 0.00000000e+00 0.00000000e+00 4.39294745e-13
4.57088190e-03 1.80812699e-16 1.16354967e-18 1.79649150e-16 0.00000000e+00 0.00000000e+00 5.18508652e-13
5.24807460e-03 1.80274766e-16 3.72973124e-20 1.80237469e-16 0.00000000e+00 0.00000000e+00 6.12006462e-13
6.02559586e-03 3.47931393e-16 1.44273382e-21 3.47929951e-16 0.00000000e+00 0.00000000e+00 7.22363856e-13
6.91830971e-03 2.48044687e-16 7.76774868e-23 2.48044610e-16 0.00000000e+00 0.00000000e+00 8.52620966e-13
7.94328235e-03 2.06330361e-15 6.32412081e-24 2.06330361e-15 7.36677651e-307 7.36677575e-307 1.00636612e-12
9.12010839e-03 6.40098142e-16 4.40751936e-25 6.40098141e-16 1.49238313e-267 1.49238313e-267 1.18783470e-12
1.04712855e-02 3.32048716e-15 7.91350288e-26 3.32048716e-15 1.48457165e-234 1.48457164e-234 1.32664902e-12
1.20226443e-02 7.45726842e-16 1.31187134e-26 7.45726842e-16 2.68922064e-205 2.68922063e-205 1.32664902e-12
1.38038426e-02 1.15825587e-15 1.55653447e-27 1.15825587e-15 6.37887761e-180 6.37887761e-180 1.32664902e-12
1.58489319e-02 1.28173776e-15 1.13371669e-28 1.28173776e-15 9.67481501e-158 9.67481501e-158 1.32664902e-12
1.81970086e-02 2.07312615e-15 1.01209701e-29 2.07312615e-15 2.56558113e-138 2.56558113e-138 1.32664902e-12
2.08929613e-02 1.95432110e-15 1.35844837e-30 1.95432110e-15 2.29592544e-121 2.29592544e-121 1.32664902e-12
2.39883292e-02 1.88440050e-15 1.00691418e-31 1.88440050e-15 5.50634132e-107 5.50634132e-107 1.32664902e-12
2.75422870e-02 1.99047739e-15 4.88141827e-33 1.99047739e-15 2.06516162e-94 2.06516162e-94 1.32664902e-12
3.16227766e-02 1.95717735e-15 2.51248922e-34 1.95717735e-15 1.94550759e-83 1.94550759e-83 1.32664902e-12
3.63078055e-02 2.45312321e-15 2.45196241e-35 2.45312321e-15 4.51633994e-74 4.51633994e-74 1.32664902e-12
4.16869383e-02 2.19708151e-15 3.27664564e-36 2.19708151e-15 1.19098557e-65 1.19098557e-65 1.32664902e-12
4.78630092e-02 2.01201307e-15 1.27654581e-38 2.01201307e-15 1.95466425e-58 1.95466425e-58 1.32664902e-12
5.49540874e-02 2.02337028e-15 5.69269566e-42 2.02337028e-15 2.87813691e-52 2.87813691e-52 1.32664902e-12
6.30957344e-02 1.00171772e-15 2.25627897e-50 1.00171772e-15 7.73001767e-47 7.73001767e-47 1.32664902e-12
7.24435960e-02 4.98610900e-16 2.51887639e-60 4.98610900e-16 3.80182856e-42 3.80182856e-42 1.32664902e-12
8.31763771e-02 7.11970363e-16 1.93555459e-59 7.11970363e-16 3.98323914e-38 3.98323914e-38 1.32664902e-12
9.54992586e-02 8.70246920e-16 7.65981317e-57 8.70246920e-16 1.07883631e-34 1.07883631e-34 1.32664902e-12
1.09647820e-01 1.13504115e-15 2.24697870e-49 1.13504115e-15 1.41046215e-31 1.41046215e-31 1.26694048e-12
1.25892541e-01 1.85593740e-15 6.62089510e-43 1.85593740e-15 4.61659417e-29 4.61659417e-29 1.18237765e-12
1.44543977e-01 2.12499680e-15 9.29885634e-38 2.12499680e-15 7.83578549e-27 7.83578549e-27 1.10345902e-12
1.65958691e-01 2.97041059e-15 1.21341025e-34 2.97041059e-15 5.19244027e-25 5.19244027e-25 1.02980788e-12
1.90546072e-01 2.42843001e-15 3.87328446e-36 2.42843000e-15 1.14100704e-23 1.14100704e-23 9.61072633e-13
2.18776162e-01 1.88356137e-15 3.23671992e-40 1.88356126e-15 1.17379703e-22 1.17379703e-22 8.96925168e-13
2.51188643e-01 2.85737085e-15 9.45753932e-35 2.85736834e-15 2.50968708e-21 2.50968708e-21 8.37059271e-13
2.88403150e-01 3.70136366e-15 4.69359828e-31 3.70133872e-15 2.49426682e-20 2.49426682e-20 7.81189165e-13
3.31131121e-01 4.64880450e-15 9.52559966e-29 4.64865301e-15 1.51492195e-19 1.51491992e-19 7.29048148e-13
3.80189396e-01 4.91164911e-15 7.66117865e-27 4.91088750e-15 7.61615817e-19 7.61605907e-19 6.80387319e-13
4.36515832e-01 5.27839965e-15 4.60476390e-25 5.27557544e-15 2.82421113e-18 2.81985489e-18 6.34974392e-13
5.01187234e-01 5.85103165e-15 2.24115309e-23 5.84235253e-15 8.67909679e-18 8.62043008e-18 5.92592582e-13
5.75439937e-01 6.70063924e-15 7.70988263e-22 6.67706139e-15 2.35770796e-17 2.29942953e-17 5.53039576e-13
6.60693448e-01 7.90175061e-15 1.79143662e-20 7.83099520e-15 7.07374961e-17 6.51755309e-17 5.16126563e-13
7.58577575e-01 8.44669707e-15 2.98940137e-19 8.22413956e-15 2.22258573e-16 1.85607062e-16 4.81677334e-13
8.70963590e-01 9.79278063e-15 4.00050047e-18 9.03675232e-15 7.52027811e-16 5.68844155e-16 4.49527444e-13
1.00000000e+00 1.22714661e-14 3.79769619e-17 9.76619878e-15 2.46729034e-15 1.67805560e-15 4.19523420e-13
1.14815362e+00 1.85719332e-14 2.59110095e-16 1.10204344e-14 7.29238872e-15 4.34097208e-15 3.91522036e-13
1.31825674e+00 3.34417659e-14 1.27721482e-15 1.22753220e-14 1.98892292e-14 1.01459280e-14 3.65389624e-13
1.51356125e+00 6.81160508e-14 4.50702556e-15 1.29755982e-14 5.06334271e-14 2.16034792e-14 3.41001438e-13
1.73780083e+00 1.50797599e-13 1.22759561e-14 1.34595082e-14 1.25062134e-13 4.20896111e-14 3.18241059e-13
1.99526231e+00 3.23809257e-13 2.66526872e-14 1.38581022e-14 2.83298468e-13 7.20206462e-14 2.96999837e-13
2.29086765e+00 6.45040526e-13 4.67435841e-14 1.33012223e-14 5.84995720e-13 1.04170046e-13 2.77176375e-13
2.63026799e+00 1.15052009e-12 6.86526801e-14 1.16511626e-14 1.07021625e-12 1.27534289e-13 2.58676044e-13
3.01995172e+00 1.80003283e-12 8.86949593e-14 9.21340717e-15 1.70212446e-12 1.30541391e-13 2.41410531e-13
3.46736850e+00 2.48751710e-12 1.04509379e-13 6.78126890e-15 2.37622645e-12 1.15545034e-13 2.25297416e-13
3.98107171e+00 3.10469716e-12 1.15761436e-13 4.73848578e-15 2.98419724e-12 8.89300907e-14 2.10259782e-13
4.57088190e+00 3.53668285e-12 1.22638538e-13 3.11219889e-15 3.41093211e-12 6.13989626e-14 1.96225846e-13
5.24807460e+00 3.71890624e-12 1.11223973e-13 1.73705657e-15 3.60594521e-12 3.88892185e-14 1.62248699e-13
6.02559586e+00 3.68023561e-12 7.83271772e-14 7.26903107e-16 3.60118153e-12 2.25394342e-14 1.07196652e-13
6.70000000e+00 3.55314503e-12 5.90665023e-14 3.59683792e-16 3.49371884e-12 1.41054797e-14 7.79752569e-14
6.92422916e+00 3.50312713e-12 5.40354924e-14 2.86479061e-16 3.44880516e-12 1.20002111e-14 7.06426405e-14
7.15596261e+00 3.46078891e-12 4.91838257e-14 2.25551415e-16 3.41137953e-12 1.01984297e-14 6.39995667e-14
7.39545150e+00 3.44816876e-12 4.42794305e-14 1.70855105e-16 3.40371848e-12 8.62896896e-15 5.79811925e-14
7.64295536e+00 3.53702424e-12 3.86361090e-14 1.23347090e-16 3.49826478e-12 7.32001475e-15 5.25287725e-14
7.89874245e+00 3.69165494e-12 3.19997373e-14 7.70046362e-17 3.65957820e-12 6.07202348e-15 4.75890858e-14
8.16308998e+00 3.80422735e-12 2.52279574e-14 4.55211340e-17 3.77895387e-12 4.79850922e-15 4.31139160e-14
8.43628443e+00 3.75673437e-12 1.85517119e-14 2.25722250e-17 3.73816009e-12 3.39716210e-15 3.90595811e-14
8.71862190e+00 3.62018356e-12 1.41753423e-14 1.13801404e-17 3.60599683e-12 2.25799622e-15 3.53865066e-14
9.01040836e+00 3.45545191e-12 1.05839634e-14 4.13850591e-18 3.44486381e-12 1.16478735e-15 3.20588397e-14
9.31196005e+00 3.26871935e-12 8.03209810e-15 0.00000000e+00 3.26068725e-12 0.00000000e+00 2.90440991e-14
9.62360379e+00 3.26741808e-12 7.03449258e-15 0.00000000e+00 3.26038359e-12 0.00000000e+00 2.63128578e-14
9.94567731e+00 3.31730842e-12 6.91340106e-15 0.00000000e+00 3.31039502e-12 0.00000000e+00 2.38384563e-14
1.02785297e+01 3.38387550e-12 7.04789152e-15 0.00000000e+00 3.37682761e-12 0.00000000e+00 2.15967419e-14
1.06225216e+01 3.43895431e-12 7.18216764e-15 0.00000000e+00 3.43177214e-12 0.00000000e+00 1.95658333e-14
1.09780260e+01 3.48934262e-12 7.46673377e-15 0.00000000e+00 3.48187589e-12 0.00000000e+00 1.77259066e-14
1.13454280e+01 3.46787280e-12 7.59457644e-15 0.00000000e+00 3.46027822e-12 0.00000000e+00 1.60590026e-14
1.17251259e+01 3.39407574e-12 7.57415284e-15 0.00000000e+00 3.38650159e-12 0.00000000e+00 1.45488504e-14
1.21175312e+01 3.28844436e-12 7.48307342e-15 0.00000000e+00 3.28096129e-12 0.00000000e+00 1.31807094e-14
1.25230691e+01 3.16799701e-12 7.31832941e-15 0.00000000e+00 3.16067868e-12 0.00000000e+00 1.19412254e-14
1.29421791e+01 3.01767890e-12 7.06264933e-15 0.00000000e+00 3.01061625e-12 0.00000000e+00 1.08182996e-14
1.33753155e+01 2.85331275e-12 6.74260714e-15 0.00000000e+00 2.84657014e-12 0.00000000e+00 9.80097124e-15
1.38229477e+01 2.72057236e-12 6.29967736e-15 0.00000000e+00 2.71427268e-12 0.00000000e+00 8.87931012e-15
1.42855609e+01 2.63661424e-12 5.78747514e-15 0.00000000e+00 2.63082677e-12 0.00000000e+00 8.04431992e-15
1.47636563e+01 2.63447805e-12 5.16170773e-15 0.00000000e+00 2.62931635e-12 0.00000000e+00 7.28785031e-15
1.52577522e+01 2.66335705e-12 4.57022659e-15 0.00000000e+00 2.65878682e-12 0.00000000e+00 6.60251738e-15
1.57683840e+01 2.69168492e-12 4.02006043e-15 0.00000000e+00 2.68766486e-12 0.00000000e+00 5.98163161e-15
1.62961051e+01 2.71664476e-12 3.52959188e-15 0.00000000e+00 2.71311517e-12 0.00000000e+00 5.41913253e-15
1.68414875e+01 2.74234716e-12 3.09450850e-15 0.00000000e+00 2.73925265e-12 0.00000000e+00 4.90952959e-15
1.74051222e+01 2.73928715e-12 2.74183183e-15 0.00000000e+00 2.73654532e-12 0.00000000e+00 4.44784855e-15
1.79876201e+01 2.71948203e-12 2.44748750e-15 0.00000000e+00 2.71703454e-12 0.00000000e+00 4.02958296e-15
1.85896125e+01 2.66836066e-12 2.21875126e-15 0.00000000e+00 2.66614191e-12 0.00000000e+00 3.65065011e-15
1.92117518e+01 2.59134280e-12 2.04082598e-15 0.00000000e+00 2.58930198e-12 0.00000000e+00 3.30735125e-15
1.98547123e+01 2.49432831e-12 1.89352255e-15 0.00000000e+00 2.49243479e-12 0.00000000e+00 2.99633543e-15
2.05191907e+01 2.37817900e-12 1.76252300e-15 0.00000000e+00 2.37641647e-12 0.00000000e+00 2.71456684e-15
2.12059073e+01 2.26743586e-12 1.63807134e-15 0.00000000e+00 2.26579778e-12 0.00000000e+00 2.45929512e-15
2.19156062e+01 2.15338320e-12 1.51727994e-15 0.00000000e+00 2.15186592e-12 0.00000000e+00 2.22802858e-15
2.26490567e+01 2.04044943e-12 1.40288605e-15 0.00000000e+00 2.03904655e-12 0.00000000e+00 2.01850983e-15
2.34070535e+01 1.93619298e-12 1.29489118e-15 0.00000000e+00 1.93489809e-12 0.00000000e+00 1.82869374e-15
2.41904183e+01 1.83523839e-12 1.19307746e-15 0.00000000e+00 1.83404531e-12 0.00000000e+00 1.65672752e-15
2.50000000e+01 1.73480216e-12 1.09762524e-15 0.00000000e+00 1.73370453e-12 0.00000000e+00 1.50093262e-15
2.75422870e+01 1.44545632e-12 8.54412898e-16 0.00000000e+00 1.44460190e-12 0.00000000e+00 1.12248675e-15
3.16227766e+01 1.07508636e-12 5.91056685e-16 0.00000000e+00 1.07449530e-12 0.00000000e+00 7.41619640e-16
3.63078055e+01 7.55257356e-13 4.06124953e-16 0.00000000e+00 7.54851231e-13 0.00000000e+00 4.89983237e-16
4.16869383e+01 4.96268265e-13 2.78312574e-16 0.00000000e+00 4.95989953e-13 0.00000000e+00 3.23728714e-16
4.78630092e+01 3.06004185e-13 1.90088922e-16 0.00000000e+00 3.05814096e-13 0.00000000e+00 2.13885440e-16
5.49540874e+01 1.79348291e-13 1.29140273e-16 0.00000000e+00 1.79219151e-13 0.00000000e+00 1.41312709e-16
6.30957344e+01 1.01359148e-13 8.72341849e-17 0.00000000e+00 1.01271914e-13 0.00000000e+00 9.33643811e-17
7.24435960e+01 5.56906112e-14 5.86276425e-17 0.00000000e+00 5.56319835e-14 0.00000000e+00 6.16852348e-17
8.31763771e+01 3.00201303e-14 3.92355878e-17 0.00000000e+00 2.99808947e-14 0.00000000e+00 4.07550305e-17
9.54992586e+01 1.60063693e-14 2.61709468e-17 0.00000000e+00 1.59801984e-14 0.00000000e+00 2.69265816e-17
1.09647820e+02 8.46955614e-15 1.74135802e-17 0.00000000e+00 8.45214256e-15 0.00000000e+00 1.77902161e-17
1.25892541e+02 4.51200290e-15 1.15635421e-17 0.00000000e+00 4.50043936e-15 0.00000000e+00 1.17538792e-17
1.44543977e+02 2.40416527e-15 7.66887317e-18 0.00000000e+00 2.39649639e-15 0.00000000e+00 7.76571097e-18
1.65958691e+02 1.22346162e-15 5.08319482e-18 0.00000000e+00 1.21837843e-15 0.00000000e+00 5.13075436e-18
1.90546072e+02 6.26145894e-16 3.36627850e-18 0.00000000e+00 6.22779616e-16 0.00000000e+00 3.38985579e-18
2.18776162e+02 3.21199402e-16 2.22789969e-18 0.00000000e+00 3.18971502e-16 0.00000000e+00 2.23965551e-18
2.51188643e+02 1.64761404e-16 1.47384676e-18 0.00000000e+00 1.63287557e-16 0.00000000e+00 1.47972572e-18
2.88403150e+02 8.43759412e-17 9.74702793e-19 0.00000000e+00 8.34012384e-17 0.00000000e+00 9.77645088e-19
3.31131121e+02 4.32113365e-17 6.44448237e-19 0.00000000e+00 4.25668883e-17 0.00000000e+00 6.45923704e-19
3.80189396e+02 2.21045441e-17 4.26017533e-19 0.00000000e+00 2.16785266e-17 0.00000000e+00 4.26757559e-19
4.36515832e+02 1.13106317e-17 2.81584420e-19 0.00000000e+00 1.10290473e-17 0.00000000e+00 2.81955923e-19
5.01187234e+02 5.78851614e-18 1.86099894e-19 0.00000000e+00 5.60241624e-18 0.00000000e+00 1.86286431e-19
5.75439937e+02 2.96539012e-18 1.22984537e-19 0.00000000e+00 2.84240558e-18 0.00000000e+00 1.23078224e-19
6.60693448e+02 1.52182159e-18 8.12699111e-20 0.00000000e+00 1.44055168e-18 0.00000000e+00 8.13169765e-20
7.58577575e+02 7.83083717e-19 5.37019455e-20 0.00000000e+00 7.29381772e-19 0.00000000e+00 5.37255936e-20
8.70963590e+02 4.04383557e-19 3.54842670e-20 0.00000000e+00 3.68899290e-19 0.00000000e+00 3.54961477e-20
1.00000000e+03 1.86375989e-19 0.00000000e+00 0.00000000e+00 1.86375989e-19 0.00000000e+00 0.00000000e+00
