# column 1: lambda (micron)
# column 2: total flux; lambda*F_lambda (W/m2)
# column 3: direct stellar flux; lambda*F_lambda (W/m2)
# column 4: scattered stellar flux; lambda*F_lambda (W/m2)
# column 5: total dust emission flux; lambda*F_lambda (W/m2)
# column 6: dust emission scattered flux; lambda*F_lambda (W/m2)
# column 7: transparent flux; lambda*F_lambda (W/m2)
1.00000000e-03 4.28444108e-19 8.32467824e-34 4.28444108e-19 0.00000000e+00 0.00000000e+00 2.19080387e-29
1.14815362e-03 3.12292636e-19 3.73910982e-35 3.12292636e-19 0.00000000e+00 0.00000000e+00 2.58585101e-29
1.31825674e-03 1.64370485e-19 1.14747043e-36 1.64370485e-19 0.00000000e+00 0.00000000e+00 3.05213331e-29
1.51356125e-03 1.67948668e-19 6.35213614e-38 1.67948668e-19 0.00000000e+00 0.00000000e+00 3.60249593e-29
1.73780083e-03 3.41038188e-19 6.08765842e-38 3.41038188e-19 0.00000000e+00 0.00000000e+00 4.25210029e-29
1.99526231e-03 3.42231767e-19 9.43547429e-41 3.42231767e-19 0.00000000e+00 0.00000000e+00 5.01884171e-29
2.29086765e-03 2.66044674e-19 2.17889450e-41 2.66044674e-19 0.00000000e+00 0.00000000e+00 5.92384244e-29
2.63026799e-03 2.27716834e-19 8.78631472e-44 2.27716834e-19 0.00000000e+00 0.00000000e+00 6.99203348e-29
3.01995172e-03 3.91407089e-19 3.07290491e-47 3.91407089e-19 0.00000000e+00 0.00000000e+00 8.25284140e-29
3.46736850e-03 1.31724728e-19 1.84853316e-50 1.31724728e-19 0.00000000e+00 0.00000000e+00 9.74099901e-29
3.98107171e-03 1.99177721e-19 1.57222338e-53 1.99177721e-19 0.00000000e+00 0.00000000e+00 1.14975021e-28
4.57088190e-03 4.24266296e-18 3.52452017e-45 4.24266296e-18 0.00000000e+00 0.00000000e+00 1.35707390e-28
5.24807460e-03 3.57385012e-18 1.04948013e-49 3.57385012e-18 0.00000000e+00 0.00000000e+00 1.60178233e-28
6.02559586e-03 3.25022392e-18 5.42594012e-54 3.25022392e-18 0.00000000e+00 0.00000000e+00 1.89061674e-28
6.91830971e-03 9.67340026e-18 7.40609633e-58 9.67340026e-18 0.00000000e+00 0.00000000e+00 2.23153395e-28
7.94328235e-03 4.25021144e-18 3.40409473e-61 4.25021144e-18 0.00000000e+00 0.00000000e+00 2.63392557e-28
9.12010839e-03 2.97995650e-18 9.91289191e-65 2.97995650e-18 0.00000000e+00 0.00000000e+00 3.10887671e-28
1.04712855e-02 5.70382575e-18 5.17024668e-67 5.70382575e-18 0.00000000e+00 0.00000000e+00 3.47219039e-28
1.20226443e-02 5.05306867e-18 2.64248222e-69 5.05306867e-18 0.00000000e+00 0.00000000e+00 3.47219039e-28
1.38038426e-02 3.47825919e-17 5.05872496e-72 3.47825919e-17 1.91375111e-293 1.91375111e-293 3.47219039e-28
1.58489319e-02 2.03900486e-17 2.31133702e-75 2.03900486e-17 7.18451140e-257 7.18451140e-257 3.47219039e-28
1.81970086e-02 1.03560324e-17 1.91931848e-78 1.03560324e-17 2.35232555e-224 2.35232555e-224 3.47219039e-28
2.08929613e-02 3.16319859e-18 5.27728173e-81 3.16319859e-18 7.91758079e-197 7.91758079e-197 3.47219039e-28
2.39883292e-02 6.30929559e-18 2.53837977e-84 6.30929559e-18 6.76147416e-173 6.76147416e-173 3.47219039e-28
2.75422870e-02 3.89961950e-18 3.51004689e-88 3.89961950e-18 9.17230491e-152 9.17230491e-152 3.47219039e-28
3.16227766e-02 6.81928837e-18 5.78654556e-92 6.81928837e-18 2.58564031e-133 2.58564031e-133 3.47219039e-28
3.63078055e-02 1.01410617e-17 6.24171171e-95 1.01410617e-17 3.07279859e-117 3.07279859e-117 3.47219039e-28
4.16869383e-02 1.27027277e-17 1.69423192e-97 1.27027277e-17 1.75226846e-103 1.75226846e-103 3.47219039e-28
4.78630092e-02 6.23733023e-18 1.42870230e-104 6.23733023e-18 1.50506089e-91 1.50506089e-91 3.47219039e-28
5.49540874e-02 1.03421521e-17 2.07567149e-114 1.03421521e-17 6.40655583e-81 6.40655583e-81 3.47219039e-28
6.30957344e-02 2.48018215e-18 4.45575487e-139 2.48018215e-18 7.48094019e-72 7.48094019e-72 3.47219039e-28
7.24435960e-02 8.83863578e-18 2.68586517e-168 8.83863578e-18 5.19595566e-64 5.19595566e-64 3.47219039e-28
8.31763771e-02 1.03667170e-17 1.06959929e-165 1.03667170e-17 2.90385424e-57 2.90385424e-57 3.47219039e-28
9.54992586e-02 7.75760174e-18 4.52149595e-158 7.75760174e-18 1.23607366e-51 1.23607366e-51 3.47219039e-28
1.09647820e-01 6.48410468e-18 4.15333221e-136 6.48410468e-18 1.77574562e-46 1.77574562e-46 3.31591739e-28
1.25892541e-01 1.80513603e-18 4.68313540e-117 1.80513603e-18 6.74329071e-42 6.74329071e-42 3.09459416e-28
1.44543977e-01 3.73166497e-17 6.94749761e-102 3.73166497e-17 2.28269411e-38 2.28269411e-38 2.88804331e-28
1.65958691e-01 3.93679800e-18 1.11510314e-92 3.93679800e-18 4.83051255e-35 4.83051255e-35 2.69527884e-28
1.90546072e-01 2.34473563e-17 5.16793891e-97 2.34473563e-17 2.58289214e-32 2.58289214e-32 2.51538057e-28
2.18776162e-01 3.14958994e-17 6.28602004e-109 3.14958994e-17 1.79282657e-30 1.79282657e-30 2.34748974e-28
2.51188643e-01 4.81628467e-18 8.01295710e-93 4.81628467e-18 4.19703591e-28 4.19703591e-28 2.19080489e-28
2.88403150e-01 1.25433847e-17 6.49548478e-82 1.25433847e-17 2.21135507e-26 2.21135507e-26 2.04457809e-28
3.31131121e-01 2.74529626e-18 4.41803895e-75 2.74529562e-18 6.40364034e-25 6.40364034e-25 1.90811129e-28
3.80189396e-01 9.36077992e-18 1.98434027e-69 9.36076267e-18 1.72436425e-23 1.72436425e-23 1.78075307e-28
4.36515832e-01 5.08214333e-17 3.78984075e-64 5.08212528e-17 1.80572142e-22 1.80572142e-22 1.66189546e-28
5.01187234e-01 2.81867302e-17 3.89534869e-59 2.81846418e-17 2.08843808e-21 2.08843808e-21 1.55097109e-28
5.75439937e-01 3.56991411e-17 1.44560183e-54 3.56802283e-17 1.89127895e-20 1.89127895e-20 1.44745044e-28
6.60693448e-01 4.47144529e-17 1.69506612e-50 4.45806636e-17 1.33789258e-19 1.33789258e-19 1.35083935e-28
7.58577575e-01 6.99233092e-17 7.51986547e-47 6.93331040e-17 5.90205133e-19 5.90205132e-19 1.26067663e-28
8.70963590e-01 6.92667193e-17 1.74505011e-43 6.67567586e-17 2.50996078e-18 2.50996061e-18 1.17653189e-28
1.00000000e+00 1.08255835e-16 1.47765752e-40 9.83075233e-17 9.94831163e-18 9.94828090e-18 1.09800344e-28
1.14815362e+00 1.99909235e-16 4.74451100e-38 1.71467213e-16 2.84420220e-17 2.84386459e-17 1.02471644e-28
1.31825674e+00 2.71419797e-16 5.86527431e-36 1.90955415e-16 8.04643819e-17 8.02590658e-17 9.56321020e-29
1.51356125e+00 4.92295061e-16 2.71776057e-34 2.82189187e-16 2.10105874e-16 2.03722420e-16 8.92490705e-29
1.73780083e+00 9.42238949e-16 5.88771498e-33 3.68034431e-16 5.74204518e-16 4.68519786e-16 8.32920789e-29
1.99526231e+00 2.47562237e-15 6.55456677e-32 4.50393930e-16 2.02522844e-15 9.97461344e-16 7.77326909e-29
2.29086765e+00 7.92835034e-15 3.89904513e-31 5.57282878e-16 7.37106746e-15 1.62924031e-15 7.25443681e-29
2.63026799e+00 2.23555145e-14 1.37773341e-30 5.46540191e-16 2.18089743e-14 2.18737682e-15 6.77023435e-29
3.01995172e+00 4.93955642e-14 3.34082075e-30 4.92778936e-16 4.89027853e-14 2.33931798e-15 6.31835032e-29
3.46736850e+00 8.60754625e-14 6.18221338e-30 3.89752697e-16 8.56857098e-14 2.12580397e-15 5.89662761e-29
3.98107171e+00 1.23112047e-13 9.54134033e-30 2.78537750e-16 1.22833510e-13 1.65322796e-15 5.50305308e-29
4.57088190e+00 1.52650177e-13 1.29203934e-29 1.75217137e-16 1.52474960e-13 1.13962608e-15 5.13574796e-29
5.24807460e+00 1.68071031e-13 1.40143043e-29 9.89856747e-17 1.67972045e-13 6.98333980e-16 4.24647639e-29
6.02559586e+00 1.70630951e-13 1.11671069e-29 4.22292865e-17 1.70588722e-13 3.93224564e-16 2.80561913e-29
6.70000000e+00 1.65181288e-13 9.02972171e-30 2.03097328e-17 1.65160978e-13 2.34176518e-16 2.04081814e-29
6.92422916e+00 1.62364563e-13 8.41777360e-30 1.64398357e-17 1.62348123e-13 1.97382392e-16 1.84890423e-29
7.15596261e+00 1.60218178e-13 7.73172730e-30 1.26817043e-17 1.60205496e-13 1.66561350e-16 1.67503746e-29
7.39545150e+00 1.58922898e-13 6.87654284e-30 9.47088170e-18 1.58913427e-13 1.36919692e-16 1.51752074e-29
7.64295536e+00 1.60213358e-13 5.57915007e-30 6.89862253e-18 1.60206459e-13 1.15339506e-16 1.37481653e-29
7.89874245e+00 1.60063563e-13 3.88417966e-30 4.32621040e-18 1.60059237e-13 9.45765873e-17 1.24553190e-29
8.16308998e+00 1.50534390e-13 2.33963846e-30 2.44329821e-18 1.50531946e-13 7.47409867e-17 1.12840490e-29
8.43628443e+00 1.26935017e-13 1.14876495e-30 1.25863976e-18 1.26933758e-13 5.10002242e-17 1.02229226e-29
8.71862190e+00 1.06074784e-13 6.31235614e-31 6.06609943e-19 1.06074178e-13 3.29340637e-17 9.26158212e-30
9.01040836e+00 8.51473885e-14 3.24107770e-31 1.93186576e-19 8.51471953e-14 1.42040624e-17 8.39064393e-30
9.31196005e+00 6.91053532e-14 1.74555300e-31 0.00000000e+00 6.91053532e-14 0.00000000e+00 7.60160679e-30
9.62360379e+00 6.63918070e-14 1.43174284e-31 0.00000000e+00 6.63918070e-14 0.00000000e+00 6.88676892e-30
9.94567731e+00 7.23180833e-14 1.64725251e-31 0.00000000e+00 7.23180833e-14 0.00000000e+00 6.23915278e-30
1.02785297e+01 8.05282809e-14 2.11039133e-31 0.00000000e+00 8.05282809e-14 0.00000000e+00 5.65243699e-30
1.06225216e+01 8.96749081e-14 2.70061927e-31 0.00000000e+00 8.96749081e-14 0.00000000e+00 5.12089462e-30
1.09780260e+01 9.98149366e-14 3.66475449e-31 0.00000000e+00 9.98149366e-14 0.00000000e+00 4.63933730e-30
1.13454280e+01 1.08109059e-13 4.66366802e-31 0.00000000e+00 1.08109059e-13 0.00000000e+00 4.20306453e-30
1.17251259e+01 1.12577560e-13 5.60182766e-31 0.00000000e+00 1.12577560e-13 0.00000000e+00 3.80781787e-30
1.21175312e+01 1.15691310e-13 6.54544963e-31 0.00000000e+00 1.15691310e-13 0.00000000e+00 3.44973931e-30
1.25230691e+01 1.15911540e-13 7.42317404e-31 0.00000000e+00 1.15911540e-13 0.00000000e+00 3.12533364e-30
1.29421791e+01 1.13934187e-13 8.09618790e-31 0.00000000e+00 1.13934187e-13 0.00000000e+00 2.83143435e-30
1.33753155e+01 1.10560917e-13 8.55432002e-31 0.00000000e+00 1.10560917e-13 0.00000000e+00 2.56517268e-30
1.38229477e+01 1.07031918e-13 8.48360777e-31 0.00000000e+00 1.07031918e-13 0.00000000e+00 2.32394966e-30
1.42855609e+01 1.03961379e-13 8.00728159e-31 0.00000000e+00 1.03961379e-13 0.00000000e+00 2.10541070e-30
1.47636563e+01 1.02836477e-13 6.92808361e-31 0.00000000e+00 1.02836477e-13 0.00000000e+00 1.90742265e-30
1.52577522e+01 1.02098779e-13 5.86764000e-31 0.00000000e+00 1.02098779e-13 0.00000000e+00 1.72805294e-30
1.57683840e+01 1.01410452e-13 4.87469762e-31 0.00000000e+00 1.01410452e-13 0.00000000e+00 1.56555076e-30
1.62961051e+01 1.00894281e-13 4.02786085e-31 0.00000000e+00 1.00894281e-13 0.00000000e+00 1.41832992e-30
1.68414875e+01 9.99449941e-14 3.31411091e-31 0.00000000e+00 9.99449941e-14 0.00000000e+00 1.28495339e-30
1.74051222e+01 9.93631533e-14 2.81262808e-31 0.00000000e+00 9.93631533e-14 0.00000000e+00 1.16411928e-30
1.79876201e+01 9.88730539e-14 2.43973413e-31 0.00000000e+00 9.88730539e-14 0.00000000e+00 1.05464814e-30
1.85896125e+01 9.79879809e-14 2.21446541e-31 0.00000000e+00 9.79879809e-14 0.00000000e+00 9.55471421e-31
1.92117518e+01 9.74564237e-14 2.09758378e-31 0.00000000e+00 9.74564237e-14 0.00000000e+00 8.65621054e-31
1.98547123e+01 9.64135048e-14 2.03812194e-31 0.00000000e+00 9.64135048e-14 0.00000000e+00 7.84220012e-31
2.05191907e+01 9.48846589e-14 1.99917525e-31 0.00000000e+00 9.48846589e-14 0.00000000e+00 7.10473740e-31
2.12059073e+01 9.32886583e-14 1.95215962e-31 0.00000000e+00 9.32886583e-14 0.00000000e+00 6.43662399e-31
2.19156062e+01 9.17228019e-14 1.88746181e-31 0.00000000e+00 9.17228019e-14 0.00000000e+00 5.83133846e-31
2.26490567e+01 9.02063497e-14 1.81535686e-31 0.00000000e+00 9.02063497e-14 0.00000000e+00 5.28297261e-31
2.34070535e+01 8.84195813e-14 1.73722532e-31 0.00000000e+00 8.84195813e-14 0.00000000e+00 4.78617384e-31
2.41904183e+01 8.63756048e-14 1.65376339e-31 0.00000000e+00 8.63756048e-14 0.00000000e+00 4.33609290e-31
2.50000000e+01 8.47483306e-14 1.56740928e-31 0.00000000e+00 8.47483306e-14 0.00000000e+00 3.92833655e-31
2.75422870e+01 7.86760995e-14 1.31847131e-31 0.00000000e+00 7.86760995e-14 0.00000000e+00 2.93784388e-31
3.16227766e+01 6.89175780e-14 9.96959718e-32 0.00000000e+00 6.89175780e-14 0.00000000e+00 1.94101420e-31
3.63078055e+01 5.72125474e-14 7.39059924e-32 0.00000000e+00 5.72125474e-14 0.00000000e+00 1.28241537e-31
4.16869383e+01 4.44483182e-14 5.43605172e-32 0.00000000e+00 4.44483182e-14 0.00000000e+00 8.47283431e-32
4.78630092e+01 3.22109688e-14 3.95943029e-32 0.00000000e+00 3.22109688e-14 0.00000000e+00 5.59794611e-32
5.49540874e+01 2.19974488e-14 2.83904932e-32 0.00000000e+00 2.19974488e-14 0.00000000e+00 3.69852632e-32
6.30957344e+01 1.43034173e-14 2.00185293e-32 0.00000000e+00 1.43034173e-14 0.00000000e+00 2.44359211e-32
7.24435960e+01 8.95075068e-15 1.39060855e-32 0.00000000e+00 8.95075068e-15 0.00000000e+00 1.61446529e-32
8.31763771e+01 5.42578745e-15 9.54072198e-33 0.00000000e+00 5.42578745e-15 0.00000000e+00 1.06666664e-32
9.54992586e+01 3.21096530e-15 6.48237621e-33 0.00000000e+00 3.21096530e-15 0.00000000e+00 7.04739662e-33
1.09647820e+02 1.86267179e-15 4.37264093e-33 0.00000000e+00 1.86267179e-15 0.00000000e+00 4.65616877e-33
1.25892541e+02 1.07476475e-15 2.93231981e-33 0.00000000e+00 1.07476475e-15 0.00000000e+00 3.07630020e-33
1.44543977e+02 6.13636343e-16 1.95897264e-33 0.00000000e+00 6.13636343e-16 0.00000000e+00 2.03249139e-33
1.65958691e+02 3.32058711e-16 1.30663434e-33 0.00000000e+00 3.32058711e-16 0.00000000e+00 1.34285374e-33
1.90546072e+02 1.79096307e-16 8.69218788e-34 0.00000000e+00 1.79096307e-16 0.00000000e+00 8.87214669e-34
2.18776162e+02 9.60785844e-17 5.77189171e-34 0.00000000e+00 9.60785844e-17 0.00000000e+00 5.86176919e-34
2.51188643e+02 5.11851497e-17 3.82783006e-34 0.00000000e+00 5.11851497e-17 0.00000000e+00 3.87283249e-34
2.88403150e+02 2.70589816e-17 2.53621126e-34 0.00000000e+00 2.70589816e-17 0.00000000e+00 2.55875505e-34
3.31131121e+02 1.42263652e-17 1.67923976e-34 0.00000000e+00 1.42263652e-17 0.00000000e+00 1.69055270e-34
3.80189396e+02 7.43324526e-18 1.11126002e-34 0.00000000e+00 7.43324526e-18 0.00000000e+00 1.11693709e-34
4.36515832e+02 3.86619669e-18 7.35101897e-35 0.00000000e+00 3.86619669e-18 0.00000000e+00 7.37953019e-35
5.01187234e+02 2.00173285e-18 4.86128701e-35 0.00000000e+00 2.00173285e-18 0.00000000e+00 4.87560724e-35
5.75439937e+02 1.03245733e-18 3.21408778e-35 0.00000000e+00 1.03245733e-18 0.00000000e+00 3.22128176e-35
6.60693448e+02 5.30765267e-19 2.12466511e-35 0.00000000e+00 5.30765267e-19 0.00000000e+00 2.12827975e-35
7.58577575e+02 2.72068951e-19 1.40432406e-35 0.00000000e+00 2.72068951e-19 0.00000000e+00 1.40614049e-35
8.70963590e+02 1.39078556e-19 9.28115152e-36 0.00000000e+00 1.39078556e-19 0.00000000e+00 9.29027808e-36
1.00000000e+03 7.09170936e-20 0.00000000e+00 0.00000000e+00 7.09170936e-20 0.00000000e+00 0.00000000e+00
