# column 1: lambda (micron)
# column 2: total flux; lambda*F_lambda (W/m2)
# column 3: direct stellar flux; lambda*F_lambda (W/m2)
# column 4: scattered stellar flux; lambda*F_lambda (W/m2)
# column 5: total dust emission flux; lambda*F_lambda (W/m2)
# column 6: dust emission scattered flux; lambda*F_lambda (W/m2)
# column 7: transparent flux; lambda*F_lambda (W/m2)
1.00000000e-03 6.31134698e-15 5.85375603e-15 4.57590950e-16 0.00000000e+00 0.00000000e+00 8.46529401e-13
1.14815362e-03 1.89089048e-15 1.39850571e-15 4.92384773e-16 0.00000000e+00 0.00000000e+00 9.99176121e-13
1.31825674e-03 5.74269149e-16 2.77362686e-16 2.96906463e-16 0.00000000e+00 0.00000000e+00 1.17934819e-12
1.51356125e-03 1.55041027e-16 7.33907659e-17 8.16502611e-17 0.00000000e+00 0.00000000e+00 1.39200901e-12
1.73780083e-03 1.61197099e-16 7.82398819e-17 8.29572172e-17 0.00000000e+00 0.00000000e+00 1.64301696e-12
1.99526231e-03 5.68664258e-17 3.60680906e-18 5.32596168e-17 0.00000000e+00 0.00000000e+00 1.93928682e-12
2.29086765e-03 1.34071609e-16 1.91804876e-18 1.32153560e-16 0.00000000e+00 0.00000000e+00 2.28898025e-12
2.63026799e-03 7.86461140e-17 1.41089381e-19 7.85050247e-17 0.00000000e+00 0.00000000e+00 2.70173063e-12
3.01995172e-03 6.39172067e-17 3.14198734e-21 6.39140647e-17 0.00000000e+00 0.00000000e+00 3.18890841e-12
3.46736850e-03 6.41514137e-17 9.12058905e-23 6.41513225e-17 0.00000000e+00 0.00000000e+00 3.76393440e-12
3.98107171e-03 6.04389911e-17 3.13579354e-24 6.04389880e-17 0.00000000e+00 0.00000000e+00 4.44264945e-12
4.57088190e-03 1.83682567e-15 4.11304656e-20 1.83678454e-15 0.00000000e+00 0.00000000e+00 5.24375082e-12
5.24807460e-03 6.67771102e-16 2.74802039e-22 6.67770827e-16 0.00000000e+00 0.00000000e+00 6.18930730e-12
6.02559586e-03 8.41345619e-16 2.40427332e-24 8.41345617e-16 0.00000000e+00 0.00000000e+00 7.30536713e-12
6.91830971e-03 7.75338749e-16 3.38060099e-26 7.75338749e-16 0.00000000e+00 0.00000000e+00 8.62267558e-12
7.94328235e-03 2.99191510e-15 8.60397276e-28 2.99191510e-15 5.66480044e-307 5.66480043e-307 1.01775219e-11
9.12010839e-03 9.81683599e-16 1.75200552e-29 9.81683599e-16 2.29009486e-268 2.29009486e-268 1.20127391e-11
1.04712855e-02 8.95909879e-15 1.42071722e-30 8.95909879e-15 1.11552597e-234 1.11552597e-234 1.34165878e-11
1.20226443e-02 3.96741530e-15 1.07803349e-31 3.96741530e-15 1.49872381e-205 1.49872381e-205 1.34165878e-11
1.38038426e-02 1.28078236e-15 5.06216633e-33 1.28078236e-15 3.26612596e-180 3.26612596e-180 1.34165878e-11
1.58489319e-02 3.99326270e-15 1.18021941e-34 3.99326270e-15 6.02216304e-158 6.02216304e-158 1.34165878e-11
1.81970086e-02 1.61088845e-15 3.68459871e-36 1.61088845e-15 6.01758457e-139 6.01758457e-139 1.34165878e-11
2.08929613e-02 2.03197510e-15 2.06507620e-37 2.03197510e-15 4.29524647e-122 4.29524647e-122 1.34165878e-11
2.39883292e-02 1.04440611e-15 4.93710550e-39 1.04440611e-15 1.08668328e-107 1.08668328e-107 1.34165878e-11
2.75422870e-02 1.03897131e-15 6.41840000e-41 1.03897131e-15 1.01857217e-94 1.01857217e-94 1.34165878e-11
3.16227766e-02 1.05472154e-15 9.09272635e-43 1.05472154e-15 7.23498406e-84 7.23498406e-84 1.34165878e-11
3.63078055e-02 1.35122906e-15 3.22581261e-44 1.35122906e-15 3.57229328e-74 3.57229328e-74 1.34165878e-11
4.16869383e-02 1.26809305e-15 1.79659897e-45 1.26809305e-15 5.94492352e-66 5.94492352e-66 1.34165878e-11
4.78630092e-02 7.05293529e-16 6.27063043e-49 7.05293529e-16 1.41518829e-58 1.41518829e-58 1.34165878e-11
5.49540874e-02 5.80615468e-16 9.76116951e-54 5.80615468e-16 1.44572258e-52 1.44572258e-52 1.34165878e-11
6.30957344e-02 4.94007378e-16 8.58858837e-66 4.94007378e-16 6.39352736e-47 6.39352736e-47 1.34165878e-11
7.24435960e-02 2.50517324e-16 4.50749981e-80 2.50517324e-16 3.10924471e-42 3.10924471e-42 1.34165878e-11
8.31763771e-02 3.34029145e-16 8.40707683e-79 3.34029145e-16 2.66144782e-38 2.66144782e-38 1.34165878e-11
9.54992586e-02 2.93719239e-16 4.48297932e-75 2.93719239e-16 7.76277695e-35 7.76277695e-35 1.34165878e-11
1.09647820e-01 3.92152996e-16 2.37085091e-64 3.92152996e-16 6.97689353e-32 6.97689353e-32 1.28127470e-11
1.25892541e-01 5.34480036e-16 4.68285220e-55 5.34480036e-16 2.17965090e-29 2.17965090e-29 1.19575512e-11
1.44543977e-01 9.75313402e-16 1.17357983e-47 9.75313402e-16 4.89052405e-27 4.89052405e-27 1.11594361e-11
1.65958691e-01 8.63749838e-16 3.57251866e-43 8.63749837e-16 2.20695197e-25 2.20695197e-25 1.04145917e-11
1.90546072e-01 9.03464396e-16 2.62768785e-45 9.03464389e-16 6.36792609e-24 6.36792609e-24 9.71946251e-12
2.18776162e-01 6.27739707e-16 3.81329528e-51 6.27739644e-16 6.39298609e-23 6.39298609e-23 9.07073019e-12
2.51188643e-01 1.05300271e-15 2.73412103e-43 1.05300165e-15 1.06157598e-21 1.06157598e-21 8.46529796e-12
2.88403150e-01 1.09364798e-15 5.65864804e-38 1.09363984e-15 8.13852973e-21 8.13852973e-21 7.90027573e-12
3.31131121e-01 1.46483153e-15 1.19270543e-34 1.46476294e-15 6.85914088e-20 6.85914083e-20 7.37296631e-12
3.80189396e-01 1.62859846e-15 6.66138412e-32 1.62835037e-15 2.48091315e-19 2.48091209e-19 6.88085251e-12
4.36515832e-01 2.09729765e-15 2.44961751e-29 2.09607005e-15 1.22759389e-18 1.22751146e-18 6.42158520e-12
5.01187234e-01 2.35377211e-15 6.65473305e-27 2.35078068e-15 2.99143437e-18 2.98857443e-18 5.99297201e-12
5.75439937e-01 3.10576627e-15 1.09887187e-24 3.09532834e-15 1.04379316e-17 1.03838135e-17 5.59296690e-12
6.60693448e-01 3.84431699e-15 1.03331107e-22 3.81047216e-15 3.38447283e-17 3.28777552e-17 5.21966041e-12
7.58577575e-01 5.53260405e-15 6.04260358e-21 5.40732868e-15 1.25269321e-16 1.14653352e-16 4.87127053e-12
8.70963590e-01 7.53611003e-15 2.57443548e-19 6.94300504e-15 5.92847547e-16 5.00654688e-16 4.54613417e-12
1.00000000e+00 1.11314813e-14 6.70143298e-18 8.60898364e-15 2.51579621e-15 1.83974884e-15 4.24269927e-12
1.14815362e+00 2.14801665e-14 1.08601190e-16 1.14286021e-14 9.94296316e-15 6.14723483e-15 3.95951734e-12
1.31825674e+00 5.10570190e-14 1.10387933e-15 1.42242957e-14 3.57288441e-14 1.82409329e-14 3.69523659e-12
1.51356125e+00 1.38732820e-13 6.94598296e-15 1.78492091e-14 1.13937628e-13 4.96223244e-14 3.44859544e-12
1.73780083e+00 3.71850315e-13 3.01425825e-14 2.22769227e-14 3.19430810e-13 1.16769712e-13 3.21841652e-12
1.99526231e+00 9.03783951e-13 9.44762812e-14 2.60693326e-14 7.83238337e-13 2.28563587e-13 3.00360106e-12
2.29086765e+00 1.89106392e-12 2.17995221e-13 2.86229465e-14 1.64444576e-12 3.73891020e-13 2.80312361e-12
2.63026799e+00 3.43948743e-12 3.89961452e-13 2.77971389e-14 3.02172884e-12 4.97962850e-13 2.61602716e-12
3.01995172e+00 5.47127514e-12 5.80341021e-13 2.44901893e-14 4.86644393e-12 5.53810137e-13 2.44141860e-12
3.46736850e+00 7.78315987e-12 7.56783843e-13 1.97106232e-14 7.00666541e-12 5.26673223e-13 2.27846441e-12
3.98107171e+00 1.00269665e-11 9.03104014e-13 1.47089911e-14 9.10915348e-12 4.38467189e-13 2.12638671e-12
4.57088190e+00 1.19237154e-11 1.01098686e-12 1.01016138e-14 1.09026270e-11 3.20170449e-13 1.98445954e-12
5.24807460e+00 1.31227334e-11 9.54497940e-13 5.89665544e-15 1.21623388e-11 2.15889702e-13 1.64084388e-12
6.02559586e+00 1.34833204e-11 6.91099834e-13 2.57821196e-15 1.27896423e-11 1.33445425e-13 1.08409480e-12
6.70000000e+00 1.34805198e-11 5.29390936e-13 1.30866165e-15 1.29498202e-11 8.71179845e-14 7.88574724e-13
6.92422916e+00 1.34350017e-11 4.86354385e-13 1.05594301e-15 1.29475914e-11 7.56970673e-14 7.14418944e-13
7.15596261e+00 1.33994237e-11 4.43588352e-13 8.33922624e-16 1.29550014e-11 6.52213151e-14 6.47236606e-13
7.39545150e+00 1.33918254e-11 3.98265345e-13 6.39681573e-16 1.29929204e-11 5.55909986e-14 5.86371942e-13
7.64295536e+00 1.35090919e-11 3.41875134e-13 4.50625824e-16 1.31667662e-11 4.68816417e-14 5.31230854e-13
7.89874245e+00 1.36511682e-11 2.72320100e-13 2.77306691e-16 1.33785708e-11 3.77171828e-14 4.81275108e-13
8.16308998e+00 1.34570639e-11 2.02097524e-13 1.56925506e-16 1.32548095e-11 2.91733583e-14 4.36017088e-13
8.43628443e+00 1.25917359e-11 1.35725384e-13 7.64263328e-17 1.24559341e-11 2.03376431e-14 3.95015029e-13
8.71862190e+00 1.18579855e-11 9.63048626e-14 4.08950046e-17 1.17616397e-11 1.42543323e-14 3.57868711e-13
9.01040836e+00 1.11298492e-11 6.61053849e-14 1.71250617e-17 1.10637267e-11 8.41299276e-15 3.24215549e-13
9.31196005e+00 1.04979696e-11 4.64476812e-14 0.00000000e+00 1.04515219e-11 0.00000000e+00 2.93727053e-13
9.62360379e+00 1.06104949e-11 4.00841449e-14 0.00000000e+00 1.05704108e-11 0.00000000e+00 2.66105627e-13
9.94567731e+00 1.13413719e-11 4.08134568e-14 0.00000000e+00 1.13005585e-11 0.00000000e+00 2.41081657e-13
1.02785297e+01 1.20166034e-11 4.37986346e-14 0.00000000e+00 1.19728048e-11 0.00000000e+00 2.18410884e-13
1.06225216e+01 1.27642157e-11 4.69755867e-14 0.00000000e+00 1.27172401e-11 0.00000000e+00 1.97872020e-13
1.09780260e+01 1.35692603e-11 5.18485617e-14 0.00000000e+00 1.35174117e-11 0.00000000e+00 1.79264583e-13
1.13454280e+01 1.42080971e-11 5.54583367e-14 0.00000000e+00 1.41526388e-11 0.00000000e+00 1.62406948e-13
1.17251259e+01 1.44985169e-11 5.76686584e-14 0.00000000e+00 1.44408482e-11 0.00000000e+00 1.47134567e-13
1.21175312e+01 1.47157142e-11 5.91632577e-14 0.00000000e+00 1.46565509e-11 0.00000000e+00 1.33298366e-13
1.25230691e+01 1.46534994e-11 5.98178571e-14 0.00000000e+00 1.45936816e-11 0.00000000e+00 1.20763289e-13
1.29421791e+01 1.44510506e-11 5.93364424e-14 0.00000000e+00 1.43917141e-11 0.00000000e+00 1.09406983e-13
1.33753155e+01 1.41366480e-11 5.79528516e-14 0.00000000e+00 1.40786951e-11 0.00000000e+00 9.91185987e-14
1.38229477e+01 1.38494102e-11 5.48761744e-14 0.00000000e+00 1.37945340e-11 0.00000000e+00 8.97977103e-14
1.42855609e+01 1.37140694e-11 5.07212816e-14 0.00000000e+00 1.36633481e-11 0.00000000e+00 8.13533371e-14
1.47636563e+01 1.39349461e-11 4.49298437e-14 0.00000000e+00 1.38900162e-11 0.00000000e+00 7.37030537e-14
1.52577522e+01 1.42251720e-11 3.93863301e-14 0.00000000e+00 1.41857857e-11 0.00000000e+00 6.67721855e-14
1.57683840e+01 1.46162431e-11 3.42032622e-14 0.00000000e+00 1.45820398e-11 0.00000000e+00 6.04930805e-14
1.62961051e+01 1.49874056e-11 2.96235731e-14 0.00000000e+00 1.49577821e-11 0.00000000e+00 5.48044484e-14
1.68414875e+01 1.53142627e-11 2.56041854e-14 0.00000000e+00 1.52886585e-11 0.00000000e+00 4.96507622e-14
1.74051222e+01 1.55206774e-11 2.24677163e-14 0.00000000e+00 1.54982097e-11 0.00000000e+00 4.49817171e-14
1.79876201e+01 1.56385403e-11 1.99270157e-14 0.00000000e+00 1.56186133e-11 0.00000000e+00 4.07517384e-14
1.85896125e+01 1.55978139e-11 1.80697149e-14 0.00000000e+00 1.55797442e-11 0.00000000e+00 3.69195372e-14
1.92117518e+01 1.53875307e-11 1.67306643e-14 0.00000000e+00 1.53708000e-11 0.00000000e+00 3.34477076e-14
1.98547123e+01 1.50086744e-11 1.56848510e-14 0.00000000e+00 1.49929896e-11 0.00000000e+00 3.03023610e-14
2.05191907e+01 1.45953176e-11 1.47725725e-14 0.00000000e+00 1.45805451e-11 0.00000000e+00 2.74527957e-14
2.12059073e+01 1.41172019e-11 1.38827605e-14 0.00000000e+00 1.41033192e-11 0.00000000e+00 2.48711970e-14
2.19156062e+01 1.35986572e-11 1.29835453e-14 0.00000000e+00 1.35856736e-11 0.00000000e+00 2.25323660e-14
2.26490567e+01 1.30693235e-11 1.21114737e-14 0.00000000e+00 1.30572120e-11 0.00000000e+00 2.04134733e-14
2.34070535e+01 1.25593822e-11 1.12701724e-14 0.00000000e+00 1.25481121e-11 0.00000000e+00 1.84938366e-14
2.41904183e+01 1.20054490e-11 1.04604744e-14 0.00000000e+00 1.19949886e-11 0.00000000e+00 1.67547181e-14
2.50000000e+01 1.14617877e-11 9.68812331e-15 0.00000000e+00 1.14520996e-11 0.00000000e+00 1.51791424e-14
2.75422870e+01 9.84591461e-12 7.67391835e-15 0.00000000e+00 9.83824069e-12 0.00000000e+00 1.13518661e-14
3.16227766e+01 7.56368614e-12 5.41575344e-15 0.00000000e+00 7.55827039e-12 0.00000000e+00 7.50010357e-15
3.63078055e+01 5.46365965e-12 3.78525649e-15 0.00000000e+00 5.45987439e-12 0.00000000e+00 4.95526929e-15
4.16869383e+01 3.68473911e-12 2.63554875e-15 0.00000000e+00 3.68210356e-12 0.00000000e+00 3.27391395e-15
4.78630092e+01 2.32623769e-12 1.82628030e-15 0.00000000e+00 2.32441141e-12 0.00000000e+00 2.16305350e-15
5.49540874e+01 1.39169922e-12 1.25584561e-15 0.00000000e+00 1.39044337e-12 0.00000000e+00 1.42911527e-15
6.30957344e+01 7.99157446e-13 8.56538293e-16 0.00000000e+00 7.98300908e-13 0.00000000e+00 9.44207098e-16
7.24435960e+01 4.45221690e-13 5.79945660e-16 0.00000000e+00 4.44641745e-13 0.00000000e+00 6.23831443e-16
8.31763771e+01 2.42849688e-13 3.90292821e-16 0.00000000e+00 2.42459396e-13 0.00000000e+00 4.12161347e-16
9.54992586e+01 1.30704152e-13 2.61414597e-16 0.00000000e+00 1.30442737e-13 0.00000000e+00 2.72312302e-16
1.09647820e+02 6.96879973e-14 1.74474875e-16 0.00000000e+00 6.95135224e-14 0.00000000e+00 1.79914953e-16
1.25892541e+02 3.73459979e-14 1.16116417e-16 0.00000000e+00 3.72298815e-14 0.00000000e+00 1.18868631e-16
1.44543977e+02 1.99914831e-14 7.71343377e-17 0.00000000e+00 1.99143487e-14 0.00000000e+00 7.85357256e-17
1.65958691e+02 1.02295333e-14 5.11992994e-17 0.00000000e+00 1.01783340e-14 0.00000000e+00 5.18880394e-17
1.90546072e+02 5.25753568e-15 3.39404773e-17 0.00000000e+00 5.22359520e-15 0.00000000e+00 3.42820876e-17
2.18776162e+02 2.70669392e-15 2.24795577e-17 0.00000000e+00 2.68421437e-15 0.00000000e+00 2.26499507e-17
2.51188643e+02 1.39268428e-15 1.48794386e-17 0.00000000e+00 1.37780484e-15 0.00000000e+00 1.49646740e-17
2.88403150e+02 7.15158300e-16 9.84439459e-18 0.00000000e+00 7.05313905e-16 0.00000000e+00 9.88706207e-18
3.31131121e+02 3.67175278e-16 6.51091737e-18 0.00000000e+00 3.60664361e-16 0.00000000e+00 6.53231713e-18
3.80189396e+02 1.88282818e-16 4.30512471e-18 0.00000000e+00 1.83977693e-16 0.00000000e+00 4.31585913e-18
4.36515832e+02 9.65708450e-17 2.84607053e-18 0.00000000e+00 9.37247744e-17 0.00000000e+00 2.85145985e-18
5.01187234e+02 4.95450503e-17 1.88123461e-18 0.00000000e+00 4.76638157e-17 0.00000000e+00 1.88394084e-18
5.75439937e+02 2.54489433e-17 1.24334810e-18 0.00000000e+00 2.42055952e-17 0.00000000e+00 1.24470737e-18
6.60693448e+02 1.30991958e-17 8.21687126e-19 0.00000000e+00 1.22775086e-17 0.00000000e+00 8.22370004e-19
7.58577575e+02 6.76367940e-18 5.42991351e-19 0.00000000e+00 6.22068805e-18 0.00000000e+00 5.43334473e-19
8.70963590e+02 3.50689878e-18 3.58805139e-19 0.00000000e+00 3.14809365e-18 0.00000000e+00 3.58977527e-19
1.00000000e+03 1.59127933e-18 0.00000000e+00 0.00000000e+00 1.59127933e-18 0.00000000e+00 0.00000000e+00
