# column 1: lambda (micron)
# column 2: total flux; lambda*F_lambda (W/m2)
# column 3: direct stellar flux; lambda*F_lambda (W/m2)
# column 4: scattered stellar flux; lambda*F_lambda (W/m2)
# column 5: total dust emission flux; lambda*F_lambda (W/m2)
# column 6: dust emission scattered flux; lambda*F_lambda (W/m2)
# column 7: transparent flux; lambda*F_lambda (W/m2)
1.00000000e-03 1.04634627e-12 1.04634360e-12 2.66993064e-18 0.00000000e+00 0.00000000e+00 1.04634360e-12
1.14815362e-03 1.23502501e-12 1.23502095e-12 4.06190870e-18 0.00000000e+00 0.00000000e+00 1.23502095e-12
1.31825674e-03 1.45772683e-12 1.45772071e-12 6.11855702e-18 0.00000000e+00 0.00000000e+00 1.45772071e-12
1.51356125e-03 1.72058687e-12 1.72057784e-12 9.02923731e-18 0.00000000e+00 0.00000000e+00 1.72057784e-12
1.73780083e-03 2.03085009e-12 2.03083353e-12 1.65668078e-17 0.00000000e+00 0.00000000e+00 2.03083353e-12
1.99526231e-03 2.39706285e-12 2.39703472e-12 2.81365952e-17 0.00000000e+00 0.00000000e+00 2.39703472e-12
2.29086765e-03 2.82931282e-12 2.82926954e-12 4.32789128e-17 0.00000000e+00 0.00000000e+00 2.82926954e-12
2.63026799e-03 3.33953050e-12 3.33944522e-12 8.52770416e-17 0.00000000e+00 0.00000000e+00 3.33944522e-12
3.01995172e-03 3.94175966e-12 3.94161611e-12 1.43550233e-16 0.00000000e+00 0.00000000e+00 3.94161611e-12
3.46736850e-03 4.65260832e-12 4.65237083e-12 2.37489793e-16 0.00000000e+00 0.00000000e+00 4.65237083e-12
3.98107171e-03 5.49171698e-12 5.49128930e-12 4.27679718e-16 0.00000000e+00 0.00000000e+00 5.49128930e-12
4.57088190e-03 6.48232089e-12 6.48148207e-12 8.38815813e-16 0.00000000e+00 0.00000000e+00 6.48148207e-12
5.24807460e-03 7.65184612e-12 7.65022704e-12 1.61907870e-15 0.00000000e+00 0.00000000e+00 7.65022704e-12
6.02559586e-03 9.03241206e-12 9.02972084e-12 2.69121241e-15 0.00000000e+00 0.00000000e+00 9.02972084e-12
6.91830971e-03 1.06621707e-11 1.06579658e-11 4.20484921e-15 0.00000000e+00 0.00000000e+00 1.06579658e-11
7.94328235e-03 1.25866990e-11 1.25798170e-11 6.88193234e-15 0.00000000e+00 0.00000000e+00 1.25798170e-11
9.12010839e-03 1.48593735e-11 1.48482176e-11 1.11558564e-14 0.00000000e+00 0.00000000e+00 1.48482176e-11
1.04712855e-02 1.65991320e-11 1.65834298e-11 1.57022378e-14 0.00000000e+00 0.00000000e+00 1.65834298e-11
1.20226443e-02 1.66106769e-11 1.65834298e-11 2.72470929e-14 4.08725452e-313 1.47168982e-315 1.65834298e-11
1.38038426e-02 1.66331561e-11 1.65834298e-11 4.97263563e-14 9.57889195e-274 4.74948508e-276 1.65834298e-11
1.58489319e-02 1.66435978e-11 1.65834298e-11 6.01679738e-14 1.77622878e-239 1.31231593e-241 1.65834298e-11
1.81970086e-02 1.66675026e-11 1.65834298e-11 8.40727978e-14 1.18174990e-209 1.36488503e-211 1.65834298e-11
2.08929613e-02 1.66796266e-11 1.65834298e-11 9.61968469e-14 9.94351629e-184 1.44809236e-185 1.65834298e-11
2.39883292e-02 1.67135772e-11 1.65834298e-11 1.30147426e-13 3.65721192e-161 7.67465407e-163 1.65834298e-11
2.75422870e-02 1.67546994e-11 1.65834298e-11 1.71269602e-13 1.58110390e-141 4.05881249e-143 1.65834298e-11
3.16227766e-02 1.67961166e-11 1.65834298e-11 2.12686770e-13 1.87451300e-124 6.19951187e-126 1.65834298e-11
3.63078055e-02 1.68270077e-11 1.65834298e-11 2.43577912e-13 1.29364985e-109 4.85768765e-111 1.65834298e-11
4.16869383e-02 1.69154740e-11 1.65834298e-11 3.32044228e-13 1.02173661e-96 5.25460895e-98 1.65834298e-11
4.78630092e-02 1.70295849e-11 1.65834298e-11 4.46155080e-13 1.63272321e-85 1.10338769e-86 1.65834298e-11
5.49540874e-02 1.71144293e-11 1.65834298e-11 5.30999490e-13 8.75947296e-76 7.22312290e-77 1.65834298e-11
6.30957344e-02 1.72007978e-11 1.65834298e-11 6.17368003e-13 3.36671944e-67 3.41715049e-68 1.65834298e-11
7.24435960e-02 1.71713484e-11 1.65834298e-11 5.87918622e-13 1.05527980e-59 1.17038488e-60 1.65834298e-11
8.31763771e-02 1.71602608e-11 1.65834298e-11 5.76830986e-13 3.51315562e-53 4.62653586e-54 1.65834298e-11
9.54992586e-02 1.71711514e-11 1.65834298e-11 5.87721657e-13 2.17184334e-47 3.41302147e-48 1.65834298e-11
1.09647820e-01 1.64471000e-11 1.58370587e-11 6.10041254e-13 2.55937923e-42 4.51816165e-43 1.58370587e-11
1.25892541e-01 1.53387073e-11 1.47800032e-11 5.58704149e-13 6.68785940e-38 1.19908883e-38 1.47800032e-11
1.44543977e-01 1.42916074e-11 1.37935015e-11 4.98105924e-13 4.40357202e-34 7.85941503e-35 1.37935015e-11
1.65958691e-01 1.33798564e-11 1.28728446e-11 5.07011815e-13 6.96659703e-31 1.40238139e-31 1.28728446e-11
1.90546072e-01 1.25648714e-11 1.20136376e-11 5.51233797e-13 3.06294653e-28 7.51886405e-29 1.20136376e-11
2.18776162e-01 1.17415010e-11 1.12117790e-11 5.29722070e-13 5.08297297e-26 1.34968598e-26 1.12117790e-11
2.51188643e-01 1.10553614e-11 1.04634409e-11 5.91920505e-13 7.71851410e-24 2.56574289e-24 1.04634409e-11
2.88403150e-01 1.03177263e-11 9.76505125e-12 5.52675008e-13 6.00672748e-22 2.10428879e-22 9.76505125e-12
3.31131121e-01 9.60785136e-12 9.11327608e-12 4.94575257e-13 2.55561724e-20 9.20158809e-21 9.11327608e-12
3.80189396e-01 8.95153448e-12 8.50500410e-12 4.46529742e-13 6.42934788e-19 2.34991750e-19 8.50500410e-12
4.36515832e-01 8.34514786e-12 7.93733165e-12 4.07806091e-13 1.01228859e-17 3.69932785e-18 7.93733165e-12
5.01187234e-01 7.78698116e-12 7.40754890e-12 3.79325747e-13 1.06514771e-16 3.86757773e-17 7.40754890e-12
5.75439937e-01 7.26777947e-12 6.91312687e-12 3.53877563e-13 7.75041059e-16 2.74786804e-16 6.91312687e-12
6.60693448e-01 6.77239225e-12 6.45170538e-12 3.16558823e-13 4.12804863e-15 1.42819649e-15 6.45170538e-12
7.58577575e-01 6.32668431e-12 6.02108180e-12 2.88744400e-13 1.68581139e-14 5.57392434e-15 6.02108180e-12
8.70963590e-01 5.92905435e-12 5.61920048e-12 2.54839001e-13 5.50148684e-14 1.70060176e-14 5.61920048e-12
1.00000000e+00 5.61424305e-12 5.24414302e-12 2.21903011e-13 1.48197019e-13 4.16419853e-14 5.24414302e-12
1.14815362e+00 5.42358034e-12 4.89411902e-12 1.85337439e-13 3.44123876e-13 8.67251459e-14 4.89411902e-12
1.31825674e+00 5.41647274e-12 4.56745763e-12 1.48029399e-13 7.00985718e-13 1.52182524e-13 4.56745763e-12
1.51356125e+00 5.65870020e-12 4.26259947e-12 1.18620674e-13 1.27748006e-12 2.36031073e-13 4.26259947e-12
1.73780083e+00 6.14575844e-12 3.97808929e-12 9.28702772e-14 2.07479887e-12 3.12937328e-13 3.97808929e-12
1.99526231e+00 6.80372837e-12 3.71256894e-12 6.96846201e-14 3.02147481e-12 3.61968138e-13 3.71256894e-12
2.29086765e+00 7.52346467e-12 3.46477093e-12 5.12187653e-14 4.00747498e-12 3.65152539e-13 3.46477093e-12
2.63026799e+00 8.18723569e-12 3.23351237e-12 3.65640177e-14 4.91715930e-12 3.30176096e-13 3.23351237e-12
3.01995172e+00 8.70584466e-12 3.01768933e-12 2.48926710e-14 5.66326266e-12 2.72454090e-13 3.01768933e-12
3.46736850e+00 9.06213893e-12 2.81627154e-12 1.65001140e-14 6.22936728e-12 2.08441064e-13 2.81627154e-12
3.98107171e+00 9.16076797e-12 2.62829753e-12 1.06737584e-14 6.52179668e-12 1.48680154e-13 2.62829753e-12
4.57088190e+00 9.07039011e-12 2.45286997e-12 6.56843522e-15 6.61095170e-12 9.90949593e-14 2.45286997e-12
5.24807460e+00 8.55607400e-12 2.02814751e-12 3.55122403e-15 6.52437527e-12 6.31054770e-14 2.02814751e-12
6.02559586e+00 7.68633191e-12 1.33998377e-12 1.46605465e-15 6.34488209e-12 3.81430038e-14 1.33998377e-12
6.70000000e+00 7.11761599e-12 9.74709347e-13 7.16489648e-16 6.14219015e-12 2.49117447e-14 9.74709347e-13
6.92422916e+00 6.95193611e-12 8.83049889e-13 5.74879625e-16 6.06831134e-12 2.15927777e-14 8.83049889e-13
7.15596261e+00 6.83432678e-12 8.00009879e-13 4.47138726e-16 6.03386976e-12 1.86795730e-14 8.00009879e-13
7.39545150e+00 6.83815284e-12 7.24778763e-13 3.42906513e-16 6.11303117e-12 1.60443745e-14 7.24778763e-13
7.64295536e+00 7.15319219e-12 6.56622211e-13 2.47255675e-16 6.49632273e-12 1.38145223e-14 6.56622211e-13
7.89874245e+00 7.96021656e-12 5.94874946e-13 1.63330942e-16 7.36517829e-12 1.16559024e-14 5.94874946e-13
8.16308998e+00 9.15829226e-12 5.38934254e-13 1.02369203e-16 8.61925564e-12 9.80084962e-15 5.38934254e-13
8.43628443e+00 1.07537624e-11 4.88254098e-13 5.92558124e-17 1.02654490e-11 7.90799486e-15 4.88254098e-13
8.71862190e+00 1.18970511e-11 4.42339790e-13 3.59520528e-17 1.14546753e-11 6.22227313e-15 4.42339790e-13
9.01040836e+00 1.30306700e-11 4.00743158e-13 1.82785991e-17 1.26299086e-11 4.29537897e-15 4.00743158e-13
9.31196005e+00 1.40140193e-11 3.63058180e-13 0.00000000e+00 1.36509611e-11 0.00000000e+00 3.63058180e-13
9.62360379e+00 1.41033355e-11 3.28917012e-13 0.00000000e+00 1.37744185e-11 0.00000000e+00 3.28917012e-13
9.94567731e+00 1.34579033e-11 2.97986401e-13 0.00000000e+00 1.31599169e-11 0.00000000e+00 2.97986401e-13
1.02785297e+01 1.26543807e-11 2.69964435e-13 0.00000000e+00 1.23844163e-11 0.00000000e+00 2.69964435e-13
1.06225216e+01 1.18847299e-11 2.44577592e-13 0.00000000e+00 1.16401523e-11 0.00000000e+00 2.44577592e-13
1.09780260e+01 1.09757115e-11 2.21578069e-13 0.00000000e+00 1.07541335e-11 0.00000000e+00 2.21578069e-13
1.13454280e+01 1.01592684e-11 2.00741370e-13 0.00000000e+00 9.95852707e-12 0.00000000e+00 2.00741370e-13
1.17251259e+01 9.45479454e-12 1.81864106e-13 0.00000000e+00 9.27293044e-12 0.00000000e+00 1.81864106e-13
1.21175312e+01 8.79307284e-12 1.64762018e-13 0.00000000e+00 8.62831082e-12 0.00000000e+00 1.64762018e-13
1.25230691e+01 8.19999745e-12 1.49268171e-13 0.00000000e+00 8.05072928e-12 0.00000000e+00 1.49268171e-13
1.29421791e+01 7.68108835e-12 1.35231331e-13 0.00000000e+00 7.54585701e-12 0.00000000e+00 1.35231331e-13
1.33753155e+01 7.22833118e-12 1.22514483e-13 0.00000000e+00 7.10581670e-12 0.00000000e+00 1.22514483e-13
1.38229477e+01 6.97926968e-12 1.10993499e-13 0.00000000e+00 6.86827618e-12 0.00000000e+00 1.10993499e-13
1.42855609e+01 6.88277372e-12 1.00555922e-13 0.00000000e+00 6.78221780e-12 0.00000000e+00 1.00555922e-13
1.47636563e+01 7.09138642e-12 9.10998706e-14 0.00000000e+00 7.00028655e-12 0.00000000e+00 9.10998706e-14
1.52577522e+01 7.38807430e-12 8.25330452e-14 0.00000000e+00 7.30554125e-12 0.00000000e+00 8.25330452e-14
1.57683840e+01 7.75400151e-12 7.47718247e-14 0.00000000e+00 7.67922969e-12 0.00000000e+00 7.47718247e-14
1.62961051e+01 8.12151494e-12 6.77404517e-14 0.00000000e+00 8.05377449e-12 0.00000000e+00 6.77404517e-14
1.68414875e+01 8.51166389e-12 6.13702932e-14 0.00000000e+00 8.45029359e-12 0.00000000e+00 6.13702932e-14
1.74051222e+01 8.80563579e-12 5.55991699e-14 0.00000000e+00 8.75003662e-12 0.00000000e+00 5.55991699e-14
1.79876201e+01 9.00614352e-12 5.03707500e-14 0.00000000e+00 8.95577277e-12 0.00000000e+00 5.03707500e-14
1.85896125e+01 9.08835818e-12 4.56339988e-14 0.00000000e+00 9.04272418e-12 0.00000000e+00 4.56339988e-14
1.92117518e+01 9.06220026e-12 4.13426810e-14 0.00000000e+00 9.02085758e-12 0.00000000e+00 4.13426810e-14
1.98547123e+01 8.89566857e-12 3.74549090e-14 0.00000000e+00 8.85821366e-12 0.00000000e+00 3.74549090e-14
2.05191907e+01 8.70852040e-12 3.39327342e-14 0.00000000e+00 8.67458767e-12 0.00000000e+00 3.39327342e-14
2.12059073e+01 8.49818679e-12 3.07417768e-14 0.00000000e+00 8.46744502e-12 0.00000000e+00 3.07417768e-14
2.19156062e+01 8.31600807e-12 2.78508898e-14 0.00000000e+00 8.28815718e-12 0.00000000e+00 2.78508898e-14
2.26490567e+01 8.11948024e-12 2.52318552e-14 0.00000000e+00 8.09424839e-12 0.00000000e+00 2.52318552e-14
2.34070535e+01 7.93540937e-12 2.28591087e-14 0.00000000e+00 7.91255026e-12 0.00000000e+00 2.28591087e-14
2.41904183e+01 7.72374215e-12 2.07094900e-14 0.00000000e+00 7.70303266e-12 0.00000000e+00 2.07094900e-14
2.50000000e+01 7.50957946e-12 1.87620165e-14 0.00000000e+00 7.49081744e-12 0.00000000e+00 1.87620165e-14
2.75422870e+01 6.83515131e-12 1.40313526e-14 0.00000000e+00 6.82111996e-12 0.00000000e+00 1.40313526e-14
3.16227766e+01 5.72590367e-12 9.27042274e-15 0.00000000e+00 5.71663325e-12 0.00000000e+00 9.27042274e-15
3.63078055e+01 4.48822383e-12 6.12490756e-15 0.00000000e+00 4.48209892e-12 0.00000000e+00 6.12490756e-15
4.16869383e+01 3.25848812e-12 4.04668630e-15 0.00000000e+00 3.25444143e-12 0.00000000e+00 4.04668630e-15
4.78630092e+01 2.20312217e-12 2.67361912e-15 0.00000000e+00 2.20044856e-12 0.00000000e+00 2.67361912e-15
5.49540874e+01 1.40093711e-12 1.76644264e-15 0.00000000e+00 1.39917067e-12 0.00000000e+00 1.76644264e-15
6.30957344e+01 8.49714526e-13 1.16707708e-15 0.00000000e+00 8.48547449e-13 0.00000000e+00 1.16707708e-15
7.24435960e+01 4.95982541e-13 7.71080178e-16 0.00000000e+00 4.95211460e-13 0.00000000e+00 7.71080178e-16
8.31763771e+01 2.81849553e-13 5.09447621e-16 0.00000000e+00 2.81340105e-13 0.00000000e+00 5.09447621e-16
9.54992586e+01 1.57117313e-13 3.36588705e-16 0.00000000e+00 1.56780724e-13 0.00000000e+00 3.36588705e-16
1.09647820e+02 8.63322004e-14 2.22381952e-16 0.00000000e+00 8.61098184e-14 0.00000000e+00 2.22381952e-16
1.25892541e+02 4.74636063e-14 1.46926299e-16 0.00000000e+00 4.73166800e-14 0.00000000e+00 1.46926299e-16
1.44543977e+02 2.59646944e-14 9.70732430e-17 0.00000000e+00 2.58676212e-14 0.00000000e+00 9.70732430e-17
1.65958691e+02 1.35409778e-14 6.41356556e-17 0.00000000e+00 1.34768421e-14 0.00000000e+00 6.41356556e-17
1.90546072e+02 7.07307204e-15 4.23740075e-17 0.00000000e+00 7.03069804e-15 0.00000000e+00 4.23740075e-17
2.18776162e+02 3.69143013e-15 2.79962291e-17 0.00000000e+00 3.66343390e-15 0.00000000e+00 2.79962291e-17
2.51188643e+02 1.92149149e-15 1.84969251e-17 0.00000000e+00 1.90299457e-15 0.00000000e+00 1.84969251e-17
2.88403150e+02 9.96380810e-16 1.22207972e-17 0.00000000e+00 9.84160012e-16 0.00000000e+00 1.22207972e-17
3.31131121e+02 5.15766241e-16 8.07420067e-18 0.00000000e+00 5.07692041e-16 0.00000000e+00 8.07420067e-18
3.80189396e+02 2.66270333e-16 5.33457148e-18 0.00000000e+00 2.60935761e-16 0.00000000e+00 5.33457148e-18
4.36515832e+02 1.37320605e-16 3.52451642e-18 0.00000000e+00 1.33796088e-16 0.00000000e+00 3.52451642e-18
5.01187234e+02 7.07518686e-17 2.32862491e-18 0.00000000e+00 6.84232437e-17 0.00000000e+00 2.32862491e-18
5.75439937e+02 3.64541134e-17 1.53850722e-18 0.00000000e+00 3.49156062e-17 0.00000000e+00 1.53850722e-18
6.60693448e+02 1.88003335e-17 1.01648164e-18 0.00000000e+00 1.77838519e-17 0.00000000e+00 1.01648164e-18
7.58577575e+02 9.71463338e-18 6.71582760e-19 0.00000000e+00 9.04305062e-18 0.00000000e+00 6.71582760e-19
8.70963590e+02 5.03433566e-18 4.43710329e-19 0.00000000e+00 4.59062533e-18 0.00000000e+00 4.43710329e-19
1.00000000e+03 2.32668951e-18 0.00000000e+00 0.00000000e+00 2.32668951e-18 0.00000000e+00 0.00000000e+00
