# column 1: lambda (micron)
# column 2: total flux; lambda*F_lambda (W/m2)
# column 3: direct stellar flux; lambda*F_lambda (W/m2)
# column 4: scattered stellar flux; lambda*F_lambda (W/m2)
# column 5: total dust emission flux; lambda*F_lambda (W/m2)
# column 6: dust emission scattered flux; lambda*F_lambda (W/m2)
# column 7: transparent flux; lambda*F_lambda (W/m2)
1.00000000e-03 1.38949668e-18 1.16660990e-33 1.38949668e-18 0.00000000e+00 0.00000000e+00 2.19080387e-29
1.14815362e-03 1.29855403e-18 5.83975904e-35 1.29855403e-18 0.00000000e+00 0.00000000e+00 2.58585101e-29
1.31825674e-03 1.72793150e-18 2.02265430e-36 1.72793150e-18 0.00000000e+00 0.00000000e+00 3.05213331e-29
1.51356125e-03 1.70680462e-18 1.23924914e-37 1.70680462e-18 0.00000000e+00 0.00000000e+00 3.60249593e-29
1.73780083e-03 3.09931731e-18 1.19588310e-37 3.09931731e-18 0.00000000e+00 0.00000000e+00 4.25210029e-29
1.99526231e-03 3.25526236e-18 2.30965942e-40 3.25526236e-18 0.00000000e+00 0.00000000e+00 5.01884171e-29
2.29086765e-03 5.27207717e-18 5.63005303e-41 5.27207717e-18 0.00000000e+00 0.00000000e+00 5.92384244e-29
2.63026799e-03 8.61261000e-18 2.74069338e-43 8.61261000e-18 0.00000000e+00 0.00000000e+00 6.99203348e-29
3.01995172e-03 1.12266027e-17 1.25483438e-46 1.12266027e-17 0.00000000e+00 0.00000000e+00 8.25284140e-29
3.46736850e-03 1.25867335e-17 9.70596353e-50 1.25867335e-17 0.00000000e+00 0.00000000e+00 9.74099901e-29
3.98107171e-03 1.38437246e-17 1.04933171e-52 1.38437246e-17 0.00000000e+00 0.00000000e+00 1.14975021e-28
4.57088190e-03 9.25068374e-17 1.25029403e-44 9.25068374e-17 0.00000000e+00 0.00000000e+00 1.35707390e-28
5.24807460e-03 9.19228661e-17 5.28862441e-49 9.19228661e-17 0.00000000e+00 0.00000000e+00 1.60178233e-28
6.02559586e-03 1.17791276e-16 3.81377215e-53 1.17791276e-16 0.00000000e+00 0.00000000e+00 1.89061674e-28
6.91830971e-03 1.61128642e-16 7.03074334e-57 1.61128642e-16 0.00000000e+00 0.00000000e+00 2.23153395e-28
7.94328235e-03 2.09855770e-16 4.19239770e-60 2.09855770e-16 0.00000000e+00 0.00000000e+00 2.63392557e-28
9.12010839e-03 2.47580664e-16 1.60798563e-63 2.47580664e-16 0.00000000e+00 0.00000000e+00 3.10887671e-28
1.04712855e-02 3.47214972e-16 1.00200488e-65 3.47214972e-16 0.00000000e+00 0.00000000e+00 3.47219039e-28
1.20226443e-02 1.35358437e-14 6.10025563e-68 1.35358437e-14 4.05725245e-302 4.05725245e-302 3.47219039e-28
1.38038426e-02 4.88250150e-16 1.43712519e-70 4.88250150e-16 1.35048548e-264 1.35048548e-264 3.47219039e-28
1.58489319e-02 6.99805833e-16 8.47353033e-74 6.99805833e-16 9.09672968e-232 9.09672968e-232 3.47219039e-28
1.81970086e-02 9.06509317e-16 8.90211050e-77 9.06509317e-16 3.39899096e-203 3.39899096e-203 3.47219039e-28
2.08929613e-02 2.12935805e-15 2.97618894e-79 2.12935805e-15 2.59015966e-178 2.59015966e-178 3.47219039e-28
2.39883292e-02 1.76970195e-15 1.84422631e-82 1.76970195e-15 5.71574988e-157 5.71574988e-157 3.47219039e-28
2.75422870e-02 1.18654886e-15 3.42395748e-86 1.18654886e-15 3.51984867e-138 3.51984867e-138 3.47219039e-28
3.16227766e-02 1.19763056e-15 7.53461682e-90 1.19763056e-15 6.70651026e-122 6.70651026e-122 3.47219039e-28
3.63078055e-02 1.21234581e-15 1.01935102e-92 1.21234581e-15 8.20571065e-108 8.20571065e-108 3.47219039e-28
4.16869383e-02 1.27863784e-15 3.36575636e-95 1.27863784e-15 1.92678161e-95 1.92678161e-95 3.47219039e-28
4.78630092e-02 1.14047790e-15 4.87079107e-102 1.14047790e-15 5.96670557e-85 5.96670557e-85 3.47219039e-28
5.49540874e-02 6.61100068e-16 1.49968420e-111 6.61100068e-16 6.17145817e-76 6.17145817e-76 3.47219039e-28
6.30957344e-02 2.05725008e-16 2.11673908e-135 2.05725008e-16 3.73752284e-68 3.73752284e-68 3.47219039e-28
7.24435960e-02 1.06513025e-16 1.18754153e-163 1.06513025e-16 1.71073656e-61 1.71073656e-61 3.47219039e-28
8.31763771e-02 9.70840098e-17 3.87770766e-161 9.70840098e-17 1.06114801e-55 1.06114801e-55 3.47219039e-28
9.54992586e-02 1.24420906e-16 9.15766921e-154 1.24420906e-16 3.93775678e-50 3.93775678e-50 3.47219039e-28
1.09647820e-01 2.50347538e-16 1.57044630e-132 2.50347538e-16 2.07940140e-45 2.07940140e-45 3.31591739e-28
1.25892541e-01 4.52129336e-16 4.12545651e-114 4.52129336e-16 5.19974655e-41 5.19974655e-41 3.09459416e-28
1.44543977e-01 1.01567973e-15 1.91755019e-99 1.01567973e-15 2.94197805e-37 2.94197802e-37 2.88804331e-28
1.65958691e-01 1.46334528e-15 1.52061683e-90 1.46334528e-15 4.25735075e-34 4.25735046e-34 2.69527884e-28
1.90546072e-01 1.30672494e-15 9.78872899e-95 1.30672494e-15 1.41949850e-31 1.41947460e-31 2.51538057e-28
2.18776162e-01 7.41367278e-16 2.95015012e-106 7.41367278e-16 1.15073279e-29 1.15072831e-29 2.34748974e-28
2.51188643e-01 2.03381057e-15 1.09716556e-90 2.03381057e-15 6.95662663e-27 6.95625398e-27 2.19080489e-28
2.88403150e-01 3.36720843e-15 3.85834742e-80 3.36720843e-15 8.12132571e-25 8.11758399e-25 2.04457809e-28
3.31131121e-01 4.16005896e-15 1.55410735e-73 4.16005891e-15 4.50147153e-23 4.49799250e-23 1.90811129e-28
3.80189396e-01 5.27644187e-15 4.52336166e-68 5.27644023e-15 1.63684598e-21 1.63345505e-21 1.78075307e-28
4.36515832e-01 6.44457414e-15 5.75934940e-63 6.44454230e-15 3.18416590e-20 3.16920300e-20 1.66189546e-28
5.01187234e-01 7.71377388e-15 4.02835515e-58 7.71337370e-15 4.00180726e-19 3.95514980e-19 1.55097109e-28
5.75439937e-01 9.68669068e-15 1.05227224e-53 9.68277397e-15 3.91671128e-18 3.83449833e-18 1.44745044e-28
6.60693448e-01 1.13869813e-14 9.02306859e-50 1.13606754e-14 2.63059829e-17 2.52855865e-17 1.35083935e-28
7.58577575e-01 1.37872513e-14 3.02316316e-46 1.36532706e-14 1.33980760e-16 1.24259839e-16 1.26067663e-28
8.70963590e-01 1.63118745e-14 5.41345238e-43 1.56968390e-14 6.15035558e-16 5.35337294e-16 1.17653189e-28
1.00000000e+00 1.95299448e-14 3.65739571e-40 1.73619592e-14 2.16798561e-15 1.68875748e-15 1.09800344e-28
1.14815362e+00 2.70695920e-14 9.67575879e-38 1.94299182e-14 7.63967380e-15 5.09920668e-15 1.02471644e-28
1.31825674e+00 4.47862146e-14 1.01723490e-35 2.08968786e-14 2.38893360e-14 1.26241338e-14 9.56321020e-29
1.51356125e+00 9.20816165e-14 4.14108141e-34 2.28077147e-14 6.92739019e-14 2.85200290e-14 8.92490705e-29
1.73780083e+00 2.04652629e-13 8.08289171e-33 2.41409332e-14 1.80511695e-13 5.76713227e-14 8.32920789e-29
1.99526231e+00 4.39993023e-13 8.28835053e-32 2.49033741e-14 4.15089649e-13 9.93914322e-14 7.77326909e-29
2.29086765e+00 8.54463910e-13 4.63672207e-31 2.46054986e-14 8.29858412e-13 1.47114332e-13 7.25443681e-29
2.63026799e+00 1.50637561e-12 1.56764186e-30 2.25806162e-14 1.48379500e-12 1.88964351e-13 6.77023435e-29
3.01995172e+00 2.39539920e-12 3.68286129e-30 1.92578921e-14 2.37614131e-12 2.09977046e-13 6.31835032e-29
3.46736850e+00 3.48814718e-12 6.66222270e-30 1.54236020e-14 3.47272357e-12 2.06414248e-13 5.89662761e-29
3.98107171e+00 4.66713184e-12 1.01120931e-29 1.15015567e-14 4.65563029e-12 1.81005455e-13 5.50305308e-29
4.57088190e+00 5.79202893e-12 1.35253082e-29 8.06987663e-15 5.78395906e-12 1.42387597e-13 5.13574796e-29
5.24807460e+00 6.72826948e-12 1.45390099e-29 4.75787130e-15 6.72351161e-12 1.03656334e-13 4.24647639e-29
6.02559586e+00 7.38378912e-12 1.15134656e-29 2.11604621e-15 7.38167307e-12 6.93984381e-14 2.80561913e-29
6.70000000e+00 7.76179114e-12 9.27717965e-30 1.08323661e-15 7.76070790e-12 4.84491163e-14 2.04081814e-29
6.92422916e+00 7.83588799e-12 8.64026936e-30 8.78174975e-16 7.83500982e-12 4.29391412e-14 1.84890423e-29
7.15596261e+00 7.90028687e-12 7.93247393e-30 6.90770772e-16 7.89959610e-12 3.74862624e-14 1.67503746e-29
7.39545150e+00 7.96256972e-12 7.05940462e-30 5.29134235e-16 7.96204059e-12 3.23786901e-14 1.51752074e-29
7.64295536e+00 8.04161988e-12 5.74850021e-30 3.66456715e-16 8.04125342e-12 2.67575549e-14 1.37481653e-29
7.89874245e+00 8.03316106e-12 4.03718067e-30 2.20526197e-16 8.03294054e-12 2.06479810e-14 1.24553190e-29
8.16308998e+00 7.80980447e-12 2.46493185e-30 1.20142538e-16 7.80968433e-12 1.51251926e-14 1.12840490e-29
8.43628443e+00 7.34307238e-12 1.23511616e-30 5.77479110e-17 7.34301463e-12 1.01885895e-14 1.02229226e-29
8.71862190e+00 6.92765912e-12 6.90030017e-31 3.08428801e-17 6.92762828e-12 7.16011602e-15 9.26158212e-30
9.01040836e+00 6.57201751e-12 3.61029469e-31 1.48334742e-17 6.57200268e-12 4.57047048e-15 8.39064393e-30
9.31196005e+00 6.24370062e-12 1.97822244e-31 0.00000000e+00 6.24370062e-12 0.00000000e+00 7.60160679e-30
9.62360379e+00 6.30302606e-12 1.62794124e-31 0.00000000e+00 6.30302606e-12 0.00000000e+00 6.88676892e-30
9.94567731e+00 6.69199836e-12 1.85820133e-31 0.00000000e+00 6.69199836e-12 0.00000000e+00 6.23915278e-30
1.02785297e+01 7.19148220e-12 2.35345457e-31 0.00000000e+00 7.19148220e-12 0.00000000e+00 5.65243699e-30
1.06225216e+01 7.65702925e-12 2.97737187e-31 0.00000000e+00 7.65702925e-12 0.00000000e+00 5.12089462e-30
1.09780260e+01 8.30770300e-12 3.98654471e-31 0.00000000e+00 8.30770300e-12 0.00000000e+00 4.63933730e-30
1.13454280e+01 8.85092639e-12 5.01633388e-31 0.00000000e+00 8.85092639e-12 0.00000000e+00 4.20306453e-30
1.17251259e+01 9.33246276e-12 5.96935191e-31 0.00000000e+00 9.33246276e-12 0.00000000e+00 3.80781787e-30
1.21175312e+01 9.70282665e-12 6.91628971e-31 0.00000000e+00 9.70282665e-12 0.00000000e+00 3.44973931e-30
1.25230691e+01 1.00400305e-11 7.78554964e-31 0.00000000e+00 1.00400305e-11 0.00000000e+00 3.12533364e-30
1.29421791e+01 1.02830646e-11 8.43933954e-31 0.00000000e+00 1.02830646e-11 0.00000000e+00 2.83143435e-30
1.33753155e+01 1.04397456e-11 8.87153384e-31 0.00000000e+00 1.04397456e-11 0.00000000e+00 2.56517268e-30
1.38229477e+01 1.05814110e-11 8.77185130e-31 0.00000000e+00 1.05814110e-11 0.00000000e+00 2.32394966e-30
1.42855609e+01 1.07947544e-11 8.26810125e-31 0.00000000e+00 1.07947544e-11 0.00000000e+00 2.10541070e-30
1.47636563e+01 1.11971900e-11 7.16467236e-31 0.00000000e+00 1.11971900e-11 0.00000000e+00 1.90742265e-30
1.52577522e+01 1.16185437e-11 6.08158552e-31 0.00000000e+00 1.16185437e-11 0.00000000e+00 1.72805294e-30
1.57683840e+01 1.21073861e-11 5.06697277e-31 0.00000000e+00 1.21073861e-11 0.00000000e+00 1.56555076e-30
1.62961051e+01 1.25570824e-11 4.19953343e-31 0.00000000e+00 1.25570824e-11 0.00000000e+00 1.41832992e-30
1.68414875e+01 1.30953981e-11 3.46641162e-31 0.00000000e+00 1.30953981e-11 0.00000000e+00 1.28495339e-30
1.74051222e+01 1.34946226e-11 2.94826062e-31 0.00000000e+00 1.34946226e-11 0.00000000e+00 1.16411928e-30
1.79876201e+01 1.39304535e-11 2.56107355e-31 0.00000000e+00 1.39304535e-11 0.00000000e+00 1.05464814e-30
1.85896125e+01 1.42005346e-11 2.32445630e-31 0.00000000e+00 1.42005346e-11 0.00000000e+00 9.55471421e-31
1.92117518e+01 1.44874158e-11 2.19852065e-31 0.00000000e+00 1.44874158e-11 0.00000000e+00 8.65621054e-31
1.98547123e+01 1.46274981e-11 2.13124524e-31 0.00000000e+00 1.46274981e-11 0.00000000e+00 7.84220012e-31
2.05191907e+01 1.46685197e-11 2.08501838e-31 0.00000000e+00 1.46685197e-11 0.00000000e+00 7.10473740e-31
2.12059073e+01 1.47057192e-11 2.03093006e-31 0.00000000e+00 1.47057192e-11 0.00000000e+00 6.43662399e-31
2.19156062e+01 1.46647249e-11 1.95939080e-31 0.00000000e+00 1.46647249e-11 0.00000000e+00 5.83133846e-31
2.26490567e+01 1.45422049e-11 1.88080474e-31 0.00000000e+00 1.45422049e-11 0.00000000e+00 5.28297261e-31
2.34070535e+01 1.43974685e-11 1.79659118e-31 0.00000000e+00 1.43974685e-11 0.00000000e+00 4.78617384e-31
2.41904183e+01 1.42066458e-11 1.70747122e-31 0.00000000e+00 1.42066458e-11 0.00000000e+00 4.33609290e-31
2.50000000e+01 1.39389970e-11 1.61589302e-31 0.00000000e+00 1.39389970e-11 0.00000000e+00 3.92833655e-31
2.75422870e+01 1.30009346e-11 1.35396565e-31 0.00000000e+00 1.30009346e-11 0.00000000e+00 2.93784388e-31
3.16227766e+01 1.10243332e-11 1.01922811e-31 0.00000000e+00 1.10243332e-11 0.00000000e+00 1.94101420e-31
3.63078055e+01 8.74909491e-12 7.52688978e-32 0.00000000e+00 8.74909491e-12 0.00000000e+00 1.28241537e-31
4.16869383e+01 6.40622242e-12 5.51663531e-32 0.00000000e+00 6.40622242e-12 0.00000000e+00 8.47283431e-32
4.78630092e+01 4.34878984e-12 4.00515437e-32 0.00000000e+00 4.34878984e-12 0.00000000e+00 5.59794611e-32
5.49540874e+01 2.77354636e-12 2.86405344e-32 0.00000000e+00 2.77354636e-12 0.00000000e+00 3.69852632e-32
6.30957344e+01 1.68262140e-12 2.01513145e-32 0.00000000e+00 1.68262140e-12 0.00000000e+00 2.44359211e-32
7.24435960e+01 9.81797613e-13 1.39750769e-32 0.00000000e+00 9.81797613e-13 0.00000000e+00 1.61446529e-32
8.31763771e+01 5.56768903e-13 9.57607578e-33 0.00000000e+00 5.56768903e-13 0.00000000e+00 1.06666664e-32
9.54992586e+01 3.09234051e-13 6.50036314e-33 0.00000000e+00 3.09234051e-13 0.00000000e+00 7.04739662e-33
1.09647820e+02 1.69274547e-13 4.38175892e-33 0.00000000e+00 1.69274547e-13 0.00000000e+00 4.65616877e-33
1.25892541e+02 9.26544834e-14 2.93698385e-33 0.00000000e+00 9.26544834e-14 0.00000000e+00 3.07630020e-33
1.44543977e+02 5.04528697e-14 1.96136707e-33 0.00000000e+00 5.04528697e-14 0.00000000e+00 2.03249139e-33
1.65958691e+02 2.62105651e-14 1.30781943e-33 0.00000000e+00 2.62105651e-14 0.00000000e+00 1.34285374e-33
1.90546072e+02 1.36323422e-14 8.69809571e-34 0.00000000e+00 1.36323422e-14 0.00000000e+00 8.87214669e-34
2.18776162e+02 7.08393700e-15 5.77484950e-34 0.00000000e+00 7.08393700e-15 0.00000000e+00 5.86176919e-34
2.51188643e+02 3.67046475e-15 3.82931375e-34 0.00000000e+00 3.67046475e-15 0.00000000e+00 3.87283249e-34
2.88403150e+02 1.89389183e-15 2.53695553e-34 0.00000000e+00 1.89389183e-15 0.00000000e+00 2.55875505e-34
3.31131121e+02 9.74986919e-16 1.67961364e-34 0.00000000e+00 9.74986919e-16 0.00000000e+00 1.69055270e-34
3.80189396e+02 5.00179706e-16 1.11144779e-34 0.00000000e+00 5.00179706e-16 0.00000000e+00 1.11693709e-34
4.36515832e+02 2.56057951e-16 7.35196253e-35 0.00000000e+00 2.56057951e-16 0.00000000e+00 7.37953019e-35
5.01187234e+02 1.30759566e-16 4.86176114e-35 0.00000000e+00 1.30759566e-16 0.00000000e+00 4.87560724e-35
5.75439937e+02 6.66400218e-17 3.21432604e-35 0.00000000e+00 6.66400218e-17 0.00000000e+00 3.22128176e-35
6.60693448e+02 3.39041839e-17 2.12478486e-35 0.00000000e+00 3.39041839e-17 0.00000000e+00 2.12827975e-35
7.58577575e+02 1.72231603e-17 1.40438425e-35 0.00000000e+00 1.72231603e-17 0.00000000e+00 1.40614049e-35
8.70963590e+02 8.73559612e-18 9.28145398e-36 0.00000000e+00 8.73559612e-18 0.00000000e+00 9.29027808e-36
1.00000000e+03 4.42414925e-18 0.00000000e+00 0.00000000e+00 4.42414925e-18 0.00000000e+00 0.00000000e+00
