# column 1: lambda (micron)
# column 2: total flux; lambda*F_lambda (W/m2)
# column 3: direct stellar flux; lambda*F_lambda (W/m2)
# column 4: scattered stellar flux; lambda*F_lambda (W/m2)
# column 5: total dust emission flux; lambda*F_lambda (W/m2)
# column 6: dust emission scattered flux; lambda*F_lambda (W/m2)
# column 7: transparent flux; lambda*F_lambda (W/m2)
1.00000000e-03 9.88214416e-15 9.58864825e-15 2.93495910e-16 0.00000000e+00 0.00000000e+00 2.06075710e-13
1.14815362e-03 4.31883234e-15 4.22558535e-15 9.32469904e-17 0.00000000e+00 0.00000000e+00 2.43235413e-13
1.31825674e-03 1.92701918e-15 1.66018368e-15 2.66835495e-16 0.00000000e+00 0.00000000e+00 2.87095777e-13
1.51356125e-03 4.43923754e-15 7.79195061e-16 3.66004248e-15 0.00000000e+00 0.00000000e+00 3.38865070e-13
1.73780083e-03 1.12024082e-15 8.63730921e-16 2.56509897e-16 0.00000000e+00 0.00000000e+00 3.99969435e-13
1.99526231e-03 4.92184603e-15 1.37984863e-16 4.78386116e-15 0.00000000e+00 0.00000000e+00 4.72092178e-13
2.29086765e-03 5.71647279e-16 9.96046469e-17 4.72042632e-16 0.00000000e+00 0.00000000e+00 5.57220139e-13
2.63026799e-03 1.31604569e-14 2.12271668e-17 1.31392298e-14 0.00000000e+00 0.00000000e+00 6.57698429e-13
3.01995172e-03 7.55441862e-16 2.16504527e-18 7.53276816e-16 0.00000000e+00 0.00000000e+00 7.76295028e-13
3.46736850e-03 3.60276783e-16 2.60035687e-19 3.60016747e-16 0.00000000e+00 0.00000000e+00 9.16277040e-13
3.98107171e-03 3.79988765e-16 3.46682975e-20 3.79954097e-16 0.00000000e+00 0.00000000e+00 1.08150070e-12
4.57088190e-03 9.91681143e-13 1.27972750e-17 9.91668346e-13 0.00000000e+00 0.00000000e+00 1.27651759e-12
5.24807460e-03 4.49679790e-15 6.21200367e-19 4.49617670e-15 0.00000000e+00 0.00000000e+00 1.50670006e-12
6.02559586e-03 2.87643259e-14 3.56098306e-20 2.87642903e-14 0.00000000e+00 0.00000000e+00 1.77838917e-12
6.91830971e-03 6.86940326e-15 2.73516434e-21 6.86940052e-15 0.00000000e+00 0.00000000e+00 2.09906943e-12
7.94328235e-03 1.58310380e-14 3.02918475e-22 1.58310377e-14 6.44814426e-307 6.43229023e-307 2.47757497e-12
9.12010839e-03 5.90162005e-15 2.92365467e-23 5.90162002e-15 5.38335405e-268 5.37936652e-268 2.92433286e-12
1.04712855e-02 1.11622390e-14 6.47814976e-24 1.11622390e-14 4.53431577e-235 4.52386777e-235 3.26608014e-12
1.20226443e-02 6.07492892e-14 1.32065020e-24 6.07492892e-14 9.16652449e-206 9.15549872e-206 3.26608014e-12
1.38038426e-02 1.12497759e-14 2.00255763e-25 1.12497759e-14 4.63313949e-180 4.63150861e-180 3.26608014e-12
1.58489319e-02 1.74029981e-14 1.97173104e-26 1.74029981e-14 5.74463672e-158 5.74351792e-158 3.26608014e-12
1.81970086e-02 1.89390043e-14 2.32440950e-27 1.89390043e-14 9.31626188e-139 9.31505221e-139 3.26608014e-12
2.08929613e-02 1.08704182e-14 3.93097814e-28 1.08704182e-14 1.00708654e-121 1.00704271e-121 3.26608014e-12
2.39883292e-02 1.11872838e-14 3.93089838e-29 1.11872838e-14 1.90817850e-107 1.90810305e-107 3.26608014e-12
2.75422870e-02 1.01736937e-14 2.69964589e-30 1.01736937e-14 6.17137738e-95 6.17116233e-95 3.26608014e-12
3.16227766e-02 7.42737035e-15 1.95494209e-31 7.42737035e-15 4.77791031e-84 4.77779645e-84 3.26608014e-12
3.63078055e-02 5.95031417e-15 2.49366630e-32 5.95031417e-15 1.45001974e-74 1.45000235e-74 3.26608014e-12
4.16869383e-02 5.45645825e-15 4.20087980e-33 5.45645825e-15 2.18044490e-66 2.18041334e-66 3.26608014e-12
4.78630092e-02 4.50114229e-15 3.09892335e-35 4.50114229e-15 3.24236984e-59 3.24235821e-59 3.26608014e-12
5.49540874e-02 3.20986654e-15 3.35799570e-38 3.20986654e-15 4.28998626e-53 4.28998023e-53 3.26608014e-12
6.30957344e-02 2.03509708e-15 1.23315046e-45 2.03509708e-15 1.07173397e-47 1.07173390e-47 3.26608014e-12
7.24435960e-02 1.09414323e-15 1.92348702e-54 1.09414323e-15 4.93262753e-43 4.93262752e-43 3.26608014e-12
8.31763771e-02 1.35442993e-15 1.16889786e-53 1.35442993e-15 5.05986202e-39 5.05986201e-39 3.26608014e-12
9.54992586e-02 1.30174389e-15 2.32428343e-51 1.30174389e-15 1.68030692e-35 1.68030692e-35 3.26608014e-12
1.09647820e-01 2.32062248e-15 9.37672149e-45 2.32062248e-15 1.63181328e-32 1.63181314e-32 3.11908354e-12
1.25892541e-01 2.95197766e-15 4.93687780e-39 2.95197766e-15 6.46070270e-30 6.46069581e-30 2.91089813e-12
1.44543977e-01 4.12280257e-15 1.75855933e-34 4.12280257e-15 1.26694194e-27 1.26693542e-27 2.71660820e-12
1.65958691e-01 5.79730905e-15 9.97135461e-32 5.79730905e-15 8.35530343e-26 8.35513885e-26 2.53528629e-12
1.90546072e-01 5.40107803e-15 4.69374251e-33 5.40107803e-15 1.93947643e-24 1.93945587e-24 2.36606683e-12
2.18776162e-01 3.70762633e-15 1.14648991e-36 3.70762631e-15 2.00556959e-23 2.00556631e-23 2.20814205e-12
2.51188643e-01 6.80425468e-15 7.80948580e-32 6.80425427e-15 4.10362857e-22 4.10356491e-22 2.06075806e-12
2.88403150e-01 9.91456535e-15 1.44413514e-28 9.91456099e-15 4.35834990e-21 4.35760344e-21 1.92321132e-12
3.31131121e-01 1.02526973e-14 1.57767245e-26 1.02526671e-14 3.02422281e-20 3.02176014e-20 1.79484524e-12
3.80189396e-01 1.13333722e-14 7.59803646e-25 1.13332256e-14 1.46582287e-19 1.45809980e-19 1.67504704e-12
4.36515832e-01 1.35624177e-14 2.82781223e-23 1.35618051e-14 6.12561143e-19 5.92081492e-19 1.56324485e-12
5.01187234e-01 1.43842449e-14 8.73169578e-22 1.43817816e-14 2.46244044e-18 2.10196307e-18 1.45890498e-12
5.75439937e-01 1.58664341e-14 1.98334970e-20 1.58538199e-14 1.25943399e-17 8.71011357e-18 1.36152935e-12
6.60693448e-01 1.77008364e-14 3.18338380e-19 1.76314483e-14 6.90697443e-17 3.79389667e-17 1.27065312e-12
7.58577575e-01 1.89868256e-14 3.81199576e-18 1.86441733e-14 3.38840320e-16 1.59805919e-16 1.18584249e-12
8.70963590e-01 2.13998237e-14 3.75485774e-17 1.99501162e-14 1.41215887e-15 5.81552803e-16 1.10669260e-12
1.00000000e+00 2.58315969e-14 2.72942397e-16 2.07228988e-14 4.83575563e-15 1.72858849e-15 1.03282563e-12
1.14815362e+00 3.54451341e-14 1.48119917e-15 1.95762763e-14 1.43876586e-14 4.63758824e-15 9.63888963e-13
1.31825674e+00 6.35713230e-14 6.02862667e-15 1.90486793e-14 3.84940171e-14 1.04781102e-14 8.99553520e-13
1.51356125e+00 1.24416254e-13 1.82546489e-14 1.82800234e-14 8.78815813e-14 2.08870967e-14 8.39512191e-13
1.73780083e+00 2.43858284e-13 4.39551092e-14 1.69105348e-14 1.82992640e-13 3.55658081e-14 7.83478363e-13
1.99526231e+00 4.48511155e-13 8.65960866e-14 1.50287251e-14 3.46886343e-13 5.42788956e-14 7.31184552e-13
2.29086765e+00 7.45995620e-13 1.41237687e-13 1.29723176e-14 5.91785615e-13 7.22577139e-14 6.82381128e-13
2.63026799e+00 1.14243313e-12 1.96889932e-13 1.05908332e-14 9.34952365e-13 8.52752578e-14 6.36835122e-13
3.01995172e+00 1.63032695e-12 2.45025583e-13 8.53286434e-15 1.37676851e-12 8.84944977e-14 5.94329117e-13
3.46736850e+00 2.15576745e-12 2.81070699e-13 6.47197092e-15 1.86822478e-12 8.32677660e-14 5.54660204e-13
3.98107171e+00 2.66923194e-12 3.05254132e-13 4.69575652e-15 2.35928205e-12 7.01737837e-14 5.17639021e-13
4.57088190e+00 3.10265388e-12 3.18704478e-13 3.24192858e-15 2.78070747e-12 5.32646525e-14 4.83088843e-13
5.24807460e+00 3.38767855e-12 2.85982665e-13 1.88233598e-15 3.09981355e-12 3.81312689e-14 3.99440428e-13
6.02559586e+00 3.48081173e-12 1.99923825e-13 8.27982140e-16 3.28005992e-12 2.46320255e-14 2.63907674e-13
6.70000000e+00 3.48831466e-12 1.50138483e-13 4.16715257e-16 3.33775946e-12 1.67490233e-14 1.91967457e-13
6.92422916e+00 3.47746980e-12 1.37196607e-13 3.36774576e-16 3.33993642e-12 1.47148072e-14 1.73915272e-13
7.15596261e+00 3.47852794e-12 1.24810925e-13 2.65751029e-16 3.35345126e-12 1.27591892e-14 1.57560674e-13
7.39545150e+00 3.49042167e-12 1.12446651e-13 2.05867751e-16 3.37776915e-12 1.09644344e-14 1.42744025e-13
7.64295536e+00 3.53173976e-12 9.85407314e-14 1.40247875e-16 3.43305878e-12 9.03838879e-15 1.29320701e-13
7.89874245e+00 3.60894311e-12 8.24616160e-14 8.53646322e-17 3.52639613e-12 7.06824893e-15 1.17159675e-13
8.16308998e+00 3.63669109e-12 6.60594835e-14 4.80063305e-17 3.57058360e-12 5.30972272e-15 1.06142245e-13
8.43628443e+00 3.63609837e-12 4.97581151e-14 2.39727660e-17 3.58631628e-12 3.66409639e-15 9.61608686e-14
8.71862190e+00 3.60369403e-12 3.87725691e-14 1.31007554e-17 3.56490836e-12 2.61694056e-15 8.71181185e-14
9.01040836e+00 3.57460161e-12 2.96009200e-14 6.47010804e-18 3.54499422e-12 1.68073365e-15 7.89257281e-14
9.31196005e+00 3.57638225e-12 2.29265458e-14 0.00000000e+00 3.55345570e-12 0.00000000e+00 7.15037315e-14
9.62360379e+00 3.58506961e-12 2.01574109e-14 0.00000000e+00 3.56491220e-12 0.00000000e+00 6.47796826e-14
9.94567731e+00 3.64725888e-12 1.96257342e-14 0.00000000e+00 3.62763315e-12 0.00000000e+00 5.86879481e-14
1.02785297e+01 3.70187327e-12 1.97376241e-14 0.00000000e+00 3.68213565e-12 0.00000000e+00 5.31690665e-14
1.06225216e+01 3.73690108e-12 1.98432314e-14 0.00000000e+00 3.71705785e-12 0.00000000e+00 4.81691679e-14
1.09780260e+01 3.78585849e-12 2.03053274e-14 0.00000000e+00 3.76555316e-12 0.00000000e+00 4.36394486e-14
1.13454280e+01 3.82526375e-12 2.03797495e-14 0.00000000e+00 3.80488400e-12 0.00000000e+00 3.95356937e-14
1.17251259e+01 3.80391947e-12 2.01014935e-14 0.00000000e+00 3.78381797e-12 0.00000000e+00 3.58178467e-14
1.21175312e+01 3.78808464e-12 1.96627058e-14 0.00000000e+00 3.76842194e-12 0.00000000e+00 3.24496176e-14
1.25230691e+01 3.72564792e-12 1.90612856e-14 0.00000000e+00 3.70658663e-12 0.00000000e+00 2.93981291e-14
1.29421791e+01 3.66437675e-12 1.82620508e-14 0.00000000e+00 3.64611470e-12 0.00000000e+00 2.66335956e-14
1.33753155e+01 3.55770916e-12 1.73297288e-14 0.00000000e+00 3.54037943e-12 0.00000000e+00 2.41290327e-14
1.38229477e+01 3.48644909e-12 1.61340151e-14 0.00000000e+00 3.47031508e-12 0.00000000e+00 2.18599931e-14
1.42855609e+01 3.45923469e-12 1.47984369e-14 0.00000000e+00 3.44443626e-12 0.00000000e+00 1.98043289e-14
1.47636563e+01 3.50195794e-12 1.32221873e-14 0.00000000e+00 3.48873575e-12 0.00000000e+00 1.79419747e-14
1.52577522e+01 3.55896245e-12 1.17380094e-14 0.00000000e+00 3.54722444e-12 0.00000000e+00 1.62547521e-14
1.57683840e+01 3.61676785e-12 1.03601020e-14 0.00000000e+00 3.60640775e-12 0.00000000e+00 1.47261920e-14
1.62961051e+01 3.67887012e-12 9.12899718e-15 0.00000000e+00 3.66974112e-12 0.00000000e+00 1.33413743e-14
1.68414875e+01 3.74363113e-12 8.03395290e-15 0.00000000e+00 3.73559718e-12 0.00000000e+00 1.20867817e-14
1.74051222e+01 3.77854957e-12 7.13658039e-15 0.00000000e+00 3.77141299e-12 0.00000000e+00 1.09501681e-14
1.79876201e+01 3.79458399e-12 6.38130968e-15 0.00000000e+00 3.78820268e-12 0.00000000e+00 9.92043915e-15
1.85896125e+01 3.74923603e-12 5.78450183e-15 0.00000000e+00 3.74345152e-12 0.00000000e+00 8.98754353e-15
1.92117518e+01 3.68179880e-12 5.31135445e-15 0.00000000e+00 3.67648744e-12 0.00000000e+00 8.14237531e-15
1.98547123e+01 3.60205180e-12 4.91448765e-15 0.00000000e+00 3.59713731e-12 0.00000000e+00 7.37668479e-15
2.05191907e+01 3.50512175e-12 4.56026342e-15 0.00000000e+00 3.50056148e-12 0.00000000e+00 6.68299807e-15
2.12059073e+01 3.39146873e-12 4.22582975e-15 0.00000000e+00 3.38724290e-12 0.00000000e+00 6.05454408e-15
2.19156062e+01 3.27827725e-12 3.90424935e-15 0.00000000e+00 3.27437300e-12 0.00000000e+00 5.48518847e-15
2.26490567e+01 3.16390539e-12 3.60144012e-15 0.00000000e+00 3.16030395e-12 0.00000000e+00 4.96937378e-15
2.34070535e+01 3.03445402e-12 3.31707179e-15 0.00000000e+00 3.03113695e-12 0.00000000e+00 4.50206513e-15
2.41904183e+01 2.90218070e-12 3.05033315e-15 0.00000000e+00 2.89913037e-12 0.00000000e+00 4.07870113e-15
2.50000000e+01 2.78066253e-12 2.80133177e-15 0.00000000e+00 2.77786120e-12 0.00000000e+00 3.69514932e-15
2.75422870e+01 2.39837636e-12 2.17058431e-15 0.00000000e+00 2.39620578e-12 0.00000000e+00 2.76345259e-15
3.16227766e+01 1.86021687e-12 1.49362276e-15 0.00000000e+00 1.85872325e-12 0.00000000e+00 1.82579502e-15
3.63078055e+01 1.35670625e-12 1.02167239e-15 0.00000000e+00 1.35568457e-12 0.00000000e+00 1.20629081e-15
4.16869383e+01 9.23820028e-13 6.97201299e-16 0.00000000e+00 9.23122827e-13 0.00000000e+00 7.96988434e-16
4.78630092e+01 5.89003269e-13 4.74375566e-16 0.00000000e+00 5.88528893e-13 0.00000000e+00 5.26565037e-16
5.49540874e+01 3.56045272e-13 3.21243405e-16 0.00000000e+00 3.55724029e-13 0.00000000e+00 3.47898070e-16
6.30957344e+01 2.06306333e-13 2.16447024e-16 0.00000000e+00 2.06089886e-13 0.00000000e+00 2.29853975e-16
7.24435960e+01 1.15649352e-13 1.45182399e-16 0.00000000e+00 1.15504169e-13 0.00000000e+00 1.51863015e-16
8.31763771e+01 6.34178818e-14 9.70174461e-17 0.00000000e+00 6.33208643e-14 0.00000000e+00 1.00334899e-16
9.54992586e+01 3.42530570e-14 6.46417013e-17 0.00000000e+00 3.41884153e-14 0.00000000e+00 6.62906105e-17
1.09647820e+02 1.83121388e-14 4.29762272e-17 0.00000000e+00 1.82691626e-14 0.00000000e+00 4.37977720e-17
1.25892541e+02 9.83074798e-15 2.85218448e-17 0.00000000e+00 9.80222614e-15 0.00000000e+00 2.89369010e-17
1.44543977e+02 5.26940488e-15 1.89072984e-17 0.00000000e+00 5.25049758e-15 0.00000000e+00 1.91184209e-17
1.65958691e+02 2.69818186e-15 1.25277470e-17 0.00000000e+00 2.68565411e-15 0.00000000e+00 1.26314154e-17
1.90546072e+02 1.38694673e-15 8.29410743e-18 0.00000000e+00 1.37865262e-15 0.00000000e+00 8.34549342e-18
2.18776162e+02 7.14095270e-16 5.48819390e-18 0.00000000e+00 7.08607076e-16 0.00000000e+00 5.51381282e-18
2.51188643e+02 3.67389354e-16 3.63012919e-18 0.00000000e+00 3.63759224e-16 0.00000000e+00 3.64294000e-18
2.88403150e+02 1.88604464e-16 2.40045541e-18 0.00000000e+00 1.86204009e-16 0.00000000e+00 2.40686659e-18
3.31131121e+02 9.67968517e-17 1.58698612e-18 0.00000000e+00 9.52098656e-17 0.00000000e+00 1.59020099e-18
3.80189396e+02 4.96097625e-17 1.04902300e-18 0.00000000e+00 4.85607395e-17 0.00000000e+00 1.05063537e-18
4.36515832e+02 2.54284482e-17 6.93338490e-19 0.00000000e+00 2.47351097e-17 0.00000000e+00 6.94147908e-19
5.01187234e+02 1.30352135e-17 4.58212563e-19 0.00000000e+00 1.25770009e-17 0.00000000e+00 4.58618975e-19
5.75439937e+02 6.68900669e-18 3.02802435e-19 0.00000000e+00 6.38620426e-18 0.00000000e+00 3.03006552e-19
6.60693448e+02 3.43882488e-18 2.00091903e-19 0.00000000e+00 3.23873298e-18 0.00000000e+00 2.00194443e-19
7.58577575e+02 1.77298422e-18 1.32215636e-19 0.00000000e+00 1.64076858e-18 0.00000000e+00 1.32267157e-19
8.70963590e+02 9.17598639e-19 8.73621604e-20 0.00000000e+00 8.30236479e-19 0.00000000e+00 8.73880441e-20
1.00000000e+03 4.19616325e-19 0.00000000e+00 0.00000000e+00 4.19616325e-19 0.00000000e+00 0.00000000e+00
