# column 1: lambda (micron)
# column 2: total flux; lambda*F_lambda (W/m2)
# column 3: direct stellar flux; lambda*F_lambda (W/m2)
# column 4: scattered stellar flux; lambda*F_lambda (W/m2)
# column 5: total dust emission flux; lambda*F_lambda (W/m2)
# column 6: dust emission scattered flux; lambda*F_lambda (W/m2)
# column 7: transparent flux; lambda*F_lambda (W/m2)
1.00000000e-03 5.72982817e-14 5.50730212e-14 2.22526050e-15 0.00000000e+00 0.00000000e+00 6.93993746e-13
1.14815362e-03 2.95297599e-14 2.88091224e-14 7.20637574e-16 0.00000000e+00 0.00000000e+00 8.19135139e-13
1.31825674e-03 1.43870424e-14 1.37068615e-14 6.80180933e-16 0.00000000e+00 0.00000000e+00 9.66842108e-13
1.51356125e-03 8.26546756e-15 7.55315146e-15 7.12316103e-16 0.00000000e+00 0.00000000e+00 1.14118369e-12
1.73780083e-03 2.00605234e-13 8.46458809e-15 1.92140646e-13 0.00000000e+00 0.00000000e+00 1.34696266e-12
1.99526231e-03 3.27617526e-15 1.91518480e-15 1.36099046e-15 0.00000000e+00 0.00000000e+00 1.58984782e-12
2.29086765e-03 5.65643561e-15 1.50599294e-15 4.15044267e-15 0.00000000e+00 0.00000000e+00 1.87653019e-12
2.63026799e-03 3.12561491e-14 4.32320613e-16 3.08238285e-14 0.00000000e+00 0.00000000e+00 2.21490731e-12
3.01995172e-03 3.82665070e-15 6.75222786e-17 3.75912842e-15 0.00000000e+00 0.00000000e+00 2.61430080e-12
3.46736850e-03 2.82847412e-15 1.20704873e-17 2.81640363e-15 0.00000000e+00 0.00000000e+00 3.08571319e-12
3.98107171e-03 3.22252268e-15 2.35205120e-18 3.22017063e-15 0.00000000e+00 0.00000000e+00 3.64213095e-12
4.57088190e-03 8.07703413e-14 3.19446856e-16 8.04508944e-14 0.00000000e+00 0.00000000e+00 4.29888232e-12
5.24807460e-03 2.21184287e-14 2.70206852e-17 2.20914080e-14 0.00000000e+00 0.00000000e+00 5.07405951e-12
6.02559586e-03 5.37004951e-14 2.62209891e-18 5.36978730e-14 0.00000000e+00 0.00000000e+00 5.98901715e-12
6.91830971e-03 4.23587037e-14 3.24012956e-19 4.23583797e-14 0.00000000e+00 0.00000000e+00 7.06896053e-12
7.94328235e-03 2.23854246e-13 5.41684450e-20 2.23854192e-13 1.31744537e-305 1.30760199e-305 8.34363998e-12
9.12010839e-03 9.80257146e-14 8.08323393e-21 9.80257065e-14 6.14816177e-267 6.13002473e-267 9.84817045e-12
1.04712855e-02 8.50428177e-14 2.37334406e-21 8.50428153e-14 4.97743212e-233 4.97309973e-233 1.09990604e-11
1.20226443e-02 1.33707419e-13 6.38105597e-22 1.33707419e-13 3.46955668e-204 3.46550880e-204 1.09990604e-11
1.38038426e-02 1.60354425e-13 1.34355161e-22 1.60354424e-13 1.31940853e-178 1.31882913e-178 1.09990604e-11
1.58489319e-02 1.84368028e-13 1.98024046e-23 1.84368028e-13 1.52190147e-156 1.52152680e-156 1.09990604e-11
1.81970086e-02 2.04032020e-13 3.38668182e-24 2.04032020e-13 1.93163647e-137 1.93130393e-137 1.09990604e-11
2.08929613e-02 1.95475429e-13 7.80332365e-25 1.95475429e-13 1.22712113e-120 1.22702255e-120 1.09990604e-11
2.39883292e-02 2.03790328e-13 1.16493254e-25 2.03790328e-13 4.37223078e-106 4.37206638e-106 1.09990604e-11
2.75422870e-02 2.04489767e-13 1.27509643e-26 2.04489767e-13 1.90083535e-93 1.90080274e-93 1.09990604e-11
3.16227766e-02 1.99769221e-13 1.45811787e-27 1.99769221e-13 1.80966569e-82 1.80965171e-82 1.09990604e-11
3.63078055e-02 1.87593781e-13 2.66152120e-28 1.87593781e-13 4.96529853e-73 4.96527313e-73 1.09990604e-11
4.16869383e-02 1.84762293e-13 6.11283269e-29 1.84762293e-13 9.25248885e-65 9.25246081e-65 1.09990604e-11
4.78630092e-02 1.63821295e-13 1.05965438e-30 1.63821295e-13 1.25226680e-57 1.25226586e-57 1.09990604e-11
5.49540874e-02 1.26833375e-13 3.76747686e-33 1.26833375e-13 1.76267744e-51 1.76267722e-51 1.09990604e-11
6.30957344e-02 8.25177212e-14 2.72206878e-39 8.25177212e-14 3.41786811e-46 3.41786811e-46 1.09990604e-11
7.24435960e-02 5.13249068e-14 1.44753135e-46 5.13249068e-14 1.21209992e-41 1.21209992e-41 1.09990604e-11
8.31763771e-02 5.01887530e-14 6.42586219e-46 5.01887530e-14 1.25791614e-37 1.25791614e-37 1.09990604e-11
9.54992586e-02 5.58584792e-14 5.08671484e-44 5.58584792e-14 3.82892976e-34 3.82892976e-34 1.09990604e-11
1.09647820e-01 7.24201897e-14 1.44254168e-38 7.24201897e-14 4.50731320e-31 4.50731318e-31 1.05040253e-11
1.25892541e-01 9.35046702e-14 7.57918224e-34 9.35046702e-14 2.04611368e-28 2.04611349e-28 9.80292679e-12
1.44543977e-01 1.10006833e-13 4.30506889e-30 1.10006833e-13 3.33205697e-26 3.33205150e-26 9.14862359e-12
1.65958691e-01 1.23645777e-13 8.00114585e-28 1.23645777e-13 2.15667088e-24 2.15665183e-24 8.53799231e-12
1.90546072e-01 1.15957935e-13 6.33392690e-29 1.15957935e-13 4.27993841e-23 4.27992275e-23 7.96811805e-12
2.18776162e-01 8.38814892e-14 6.50009663e-32 8.38814888e-14 4.05247649e-22 4.05247486e-22 7.43628044e-12
2.51188643e-01 1.14062687e-13 6.30707280e-28 1.14062679e-13 7.79162354e-21 7.79153987e-21 6.93994070e-12
2.88403150e-01 1.26599889e-13 3.11203183e-25 1.26599812e-13 7.67130240e-20 7.67057216e-20 6.47672950e-12
3.31131121e-01 1.29954293e-13 1.48419530e-23 1.29953794e-13 4.99167832e-19 4.98597369e-19 6.04443567e-12
3.80189396e-01 1.32411188e-13 3.59848564e-22 1.32408844e-13 2.34305082e-18 2.31994692e-18 5.64099558e-12
4.36515832e-01 1.32212119e-13 7.05168804e-21 1.32202770e-13 9.34172441e-18 8.86022184e-18 5.26448339e-12
5.01187234e-01 1.33245859e-13 1.18434751e-19 1.33209221e-13 3.65198217e-17 2.98449614e-17 4.91310176e-12
5.75439937e-01 1.35266544e-13 1.54356210e-18 1.35096332e-13 1.68668964e-16 1.07454505e-16 4.58517335e-12
6.60693448e-01 1.35081555e-13 1.51009223e-17 1.34226760e-13 8.39693948e-16 4.38020954e-16 4.27913275e-12
7.58577575e-01 1.38788013e-13 1.15983854e-16 1.34907222e-13 3.76480745e-15 1.70623692e-15 3.99351904e-12
8.70963590e-01 1.44121278e-13 7.58107447e-16 1.29119879e-13 1.42432912e-14 5.85802122e-15 3.72696882e-12
1.00000000e+00 1.74754390e-13 3.85536800e-15 1.24989756e-13 4.59092661e-14 1.70616981e-14 3.47820968e-12
1.14815362e+00 2.57282766e-13 1.54012571e-14 1.14236445e-13 1.27645064e-13 4.26398658e-14 3.24605414e-12
1.31825674e+00 4.65644471e-13 4.85122766e-14 1.03045444e-13 3.14086750e-13 9.20992173e-14 3.02939399e-12
1.51356125e+00 9.07906433e-13 1.19688170e-13 9.24428873e-14 6.95775376e-13 1.76471628e-13 2.82719497e-12
1.73780083e+00 1.69151277e-12 2.44371615e-13 8.21057297e-14 1.36503543e-12 2.90115448e-13 2.63849186e-12
1.99526231e+00 2.88711222e-12 4.22736128e-13 6.85338020e-14 2.39584229e-12 4.08246705e-13 2.46238388e-12
2.29086765e+00 4.45623774e-12 6.25645170e-13 5.33323079e-14 3.77726027e-12 4.91640062e-13 2.29803035e-12
2.63026799e+00 6.22981603e-12 8.13340814e-13 3.88883704e-14 5.37758685e-12 4.97937198e-13 2.14464670e-12
3.01995172e+00 8.01003319e-12 9.62740043e-13 2.69258110e-14 7.02036733e-12 4.42483090e-13 2.00150076e-12
3.46736850e+00 9.55420412e-12 1.06541672e-12 1.75805168e-14 8.47120687e-12 3.47085425e-13 1.86790919e-12
3.98107171e+00 1.06942223e-11 1.12695459e-12 1.10166702e-14 9.55625107e-12 2.46874809e-13 1.74323429e-12
4.57088190e+00 1.13456900e-11 1.15386025e-12 6.73555408e-15 1.01850942e-11 1.61444489e-13 1.62688090e-12
5.24807460e+00 1.14183485e-11 1.02075644e-12 3.51940580e-15 1.03940726e-11 9.91855557e-14 1.34518114e-12
6.02559586e+00 1.09742570e-11 7.06608656e-13 1.39950732e-15 1.02662488e-11 5.68981775e-14 8.88752369e-13
6.70000000e+00 1.05286057e-11 5.27710582e-13 6.67353064e-16 1.00002278e-11 3.56036620e-14 6.46481889e-13
6.92422916e+00 1.03662262e-11 4.81499752e-13 5.26064795e-16 9.88420033e-12 3.02855927e-14 5.85688198e-13
7.15596261e+00 1.02651832e-11 4.37715779e-13 4.08785907e-16 9.82705863e-12 2.58845246e-14 5.30611407e-13
7.39545150e+00 1.02930713e-11 3.94735886e-13 3.08418232e-16 9.89802695e-12 2.19995411e-14 4.80713913e-13
7.64295536e+00 1.07343435e-11 3.47927683e-13 2.18637795e-16 1.03861972e-11 1.90294748e-14 4.35508666e-13
7.89874245e+00 1.17376725e-11 2.95205545e-13 1.41167115e-16 1.14423258e-11 1.63898327e-14 3.94554418e-13
8.16308998e+00 1.30111657e-11 2.41604835e-13 8.38378306e-17 1.27694770e-11 1.37745440e-14 3.57451415e-13
8.43628443e+00 1.43431429e-11 1.87926578e-13 4.16993639e-17 1.41551747e-11 1.06194186e-14 3.23837494e-13
8.71862190e+00 1.51892459e-11 1.50327671e-13 2.04122332e-17 1.50388978e-11 7.30404909e-15 2.93384550e-13
9.01040836e+00 1.57786114e-11 1.18237436e-13 6.23617907e-18 1.56603677e-11 3.59762141e-15 2.65795332e-13
9.31196005e+00 1.62054471e-11 9.41099841e-14 0.00000000e+00 1.61113371e-11 0.00000000e+00 2.40800541e-13
9.62360379e+00 1.62672547e-11 8.31757307e-14 0.00000000e+00 1.61840790e-11 0.00000000e+00 2.18156204e-13
9.94567731e+00 1.58965360e-11 7.99731121e-14 0.00000000e+00 1.58165629e-11 0.00000000e+00 1.97641289e-13
1.02785297e+01 1.56183859e-11 7.89803816e-14 0.00000000e+00 1.55394055e-11 0.00000000e+00 1.79055550e-13
1.06225216e+01 1.51571002e-11 7.79775121e-14 0.00000000e+00 1.50791227e-11 0.00000000e+00 1.62217572e-13
1.09780260e+01 1.45002412e-11 7.81201464e-14 0.00000000e+00 1.44221211e-11 0.00000000e+00 1.46962999e-13
1.13454280e+01 1.38851607e-11 7.70213857e-14 0.00000000e+00 1.38081394e-11 0.00000000e+00 1.33142932e-13
1.17251259e+01 1.31563174e-11 7.48541343e-14 0.00000000e+00 1.30814632e-11 0.00000000e+00 1.20622472e-13
1.21175312e+01 1.23660456e-11 7.22494852e-14 0.00000000e+00 1.22937961e-11 0.00000000e+00 1.09279408e-13
1.25230691e+01 1.15880358e-11 6.92193373e-14 0.00000000e+00 1.15188165e-11 0.00000000e+00 9.90030204e-14
1.29421791e+01 1.08555546e-11 6.56747039e-14 0.00000000e+00 1.07898799e-11 0.00000000e+00 8.96930008e-14
1.33753155e+01 1.01613368e-11 6.18211077e-14 0.00000000e+00 1.00995157e-11 0.00000000e+00 8.12584743e-14
1.38229477e+01 9.67422723e-12 5.72831481e-14 0.00000000e+00 9.61694408e-12 0.00000000e+00 7.36171115e-14
1.42855609e+01 9.42245033e-12 5.24284359e-14 0.00000000e+00 9.37002189e-12 0.00000000e+00 6.66943252e-14
1.47636563e+01 9.56921970e-12 4.69572305e-14 0.00000000e+00 9.52226247e-12 0.00000000e+00 6.04225420e-14
1.52577522e+01 9.80663498e-12 4.18339017e-14 0.00000000e+00 9.76480108e-12 0.00000000e+00 5.47405431e-14
1.57683840e+01 1.01445296e-11 3.70912548e-14 0.00000000e+00 1.01074383e-11 0.00000000e+00 4.95928665e-14
1.62961051e+01 1.04626641e-11 3.28418637e-14 0.00000000e+00 1.04298222e-11 0.00000000e+00 4.49292657e-14
1.68414875e+01 1.07586389e-11 2.90487494e-14 0.00000000e+00 1.07295901e-11 0.00000000e+00 4.07042194e-14
1.74051222e+01 1.09269666e-11 2.58926279e-14 0.00000000e+00 1.09010740e-11 0.00000000e+00 3.68764869e-14
1.79876201e+01 1.09868636e-11 2.32052413e-14 0.00000000e+00 1.09636584e-11 0.00000000e+00 3.34087056e-14
1.85896125e+01 1.08663942e-11 2.10329125e-14 0.00000000e+00 1.08453613e-11 0.00000000e+00 3.02670267e-14
1.92117518e+01 1.05809909e-11 1.92674521e-14 0.00000000e+00 1.05617235e-11 0.00000000e+00 2.74207841e-14
1.98547123e+01 1.01585678e-11 1.77624412e-14 0.00000000e+00 1.01408053e-11 0.00000000e+00 2.48421957e-14
2.05191907e+01 9.71802373e-12 1.64136121e-14 0.00000000e+00 9.70161011e-12 0.00000000e+00 2.25060919e-14
2.12059073e+01 9.23708541e-12 1.51502107e-14 0.00000000e+00 9.22193520e-12 0.00000000e+00 2.03896700e-14
2.19156062e+01 8.79444813e-12 1.39496174e-14 0.00000000e+00 8.78049852e-12 0.00000000e+00 1.84722717e-14
2.26490567e+01 8.36452138e-12 1.28273976e-14 0.00000000e+00 8.35169398e-12 0.00000000e+00 1.67351811e-14
2.34070535e+01 7.94189521e-12 1.17806620e-14 0.00000000e+00 7.93011455e-12 0.00000000e+00 1.51614426e-14
2.41904183e+01 7.53932879e-12 1.08052295e-14 0.00000000e+00 7.52852356e-12 0.00000000e+00 1.37356949e-14
2.50000000e+01 7.14270769e-12 9.89972782e-15 0.00000000e+00 7.13280796e-12 0.00000000e+00 1.24440213e-14
2.75422870e+01 6.00594047e-12 7.62354041e-15 0.00000000e+00 5.99831693e-12 0.00000000e+00 9.30637977e-15
3.16227766e+01 4.51763430e-12 5.20891040e-15 0.00000000e+00 4.51242539e-12 0.00000000e+00 6.14866414e-15
3.63078055e+01 3.20458153e-12 3.54156227e-15 0.00000000e+00 3.20103997e-12 0.00000000e+00 4.06238211e-15
4.16869383e+01 2.12065679e-12 2.40323875e-15 0.00000000e+00 2.11825355e-12 0.00000000e+00 2.68398924e-15
4.78630092e+01 1.31577304e-12 1.62682082e-15 0.00000000e+00 1.31414622e-12 0.00000000e+00 1.77329411e-15
5.49540874e+01 7.75457584e-13 1.09695157e-15 0.00000000e+00 7.74360633e-13 0.00000000e+00 1.17160380e-15
6.30957344e+01 4.39790652e-13 7.36584512e-16 0.00000000e+00 4.39054067e-13 0.00000000e+00 7.74070953e-16
7.24435960e+01 2.42751916e-13 4.92768455e-16 0.00000000e+00 2.42259148e-13 0.00000000e+00 5.11423607e-16
8.31763771e+01 1.31531511e-13 3.28639518e-16 0.00000000e+00 1.31202872e-13 0.00000000e+00 3.37894226e-16
9.54992586e+01 7.04002465e-14 2.18647879e-16 0.00000000e+00 7.01815986e-14 0.00000000e+00 2.23244502e-16
1.09647820e+02 3.73999660e-14 1.45207217e-16 0.00000000e+00 3.72547588e-14 0.00000000e+00 1.47496179e-16
1.25892541e+02 1.99996994e-14 9.62937921e-17 0.00000000e+00 1.99034056e-14 0.00000000e+00 9.74497594e-17
1.44543977e+02 1.06937503e-14 6.37965935e-17 0.00000000e+00 1.06299537e-14 0.00000000e+00 6.43844175e-17
1.65958691e+02 5.46221159e-15 4.22497925e-17 0.00000000e+00 5.41996180e-15 0.00000000e+00 4.25383628e-17
1.90546072e+02 2.80524548e-15 2.79618058e-17 0.00000000e+00 2.77728368e-15 0.00000000e+00 2.81048176e-17
2.18776162e+02 1.44416407e-15 1.84973785e-17 0.00000000e+00 1.42566669e-15 0.00000000e+00 1.85686688e-17
2.51188643e+02 7.43460999e-16 1.22325524e-17 0.00000000e+00 7.31228446e-16 0.00000000e+00 1.22681978e-17
2.88403150e+02 3.82210642e-16 8.08768049e-18 0.00000000e+00 3.74122962e-16 0.00000000e+00 8.10551794e-18
3.31131121e+02 1.96575330e-16 5.34631856e-18 0.00000000e+00 1.91229012e-16 0.00000000e+00 5.35526259e-18
3.80189396e+02 1.01052111e-16 3.53370132e-18 0.00000000e+00 9.75184096e-17 0.00000000e+00 3.53818691e-18
4.36515832e+02 5.20046161e-17 2.33540521e-18 0.00000000e+00 4.96692109e-17 0.00000000e+00 2.33765691e-18
5.01187234e+02 2.67989313e-17 1.54334404e-18 0.00000000e+00 2.52555872e-17 0.00000000e+00 1.54447460e-18
5.75439937e+02 1.38444923e-17 1.01985645e-18 0.00000000e+00 1.28246358e-17 0.00000000e+00 1.02042425e-18
6.60693448e+02 7.17839977e-18 6.73902379e-19 0.00000000e+00 6.50449740e-18 0.00000000e+00 6.74187617e-19
7.58577575e+02 3.74084756e-18 4.45288026e-19 0.00000000e+00 3.29555953e-18 0.00000000e+00 4.45431341e-19
8.70963590e+02 1.96197035e-18 2.94221569e-19 0.00000000e+00 1.66774878e-18 0.00000000e+00 2.94293569e-19
1.00000000e+03 8.43003516e-19 0.00000000e+00 0.00000000e+00 8.43003516e-19 0.00000000e+00 0.00000000e+00
