# column 1: lambda (micron)
# column 2: total flux; lambda*F_lambda (W/m2)
# column 3: direct stellar flux; lambda*F_lambda (W/m2)
# column 4: scattered stellar flux; lambda*F_lambda (W/m2)
# column 5: total dust emission flux; lambda*F_lambda (W/m2)
# column 6: dust emission scattered flux; lambda*F_lambda (W/m2)
# column 7: transparent flux; lambda*F_lambda (W/m2)
1.00000000e-03 1.36531462e-14 1.28810306e-14 7.72115529e-16 0.00000000e+00 0.00000000e+00 8.46529401e-13
1.14815362e-03 7.18107484e-15 3.96444488e-15 3.21662996e-15 0.00000000e+00 0.00000000e+00 9.99176121e-13
1.31825674e-03 1.50763204e-15 1.04324663e-15 4.64385413e-16 0.00000000e+00 0.00000000e+00 1.17934819e-12
1.51356125e-03 5.08436370e-16 3.49903541e-16 1.58532829e-16 0.00000000e+00 0.00000000e+00 1.39200901e-12
1.73780083e-03 1.83598683e-15 3.79092700e-16 1.45689413e-15 0.00000000e+00 0.00000000e+00 1.64301696e-12
1.99526231e-03 2.19458079e-16 2.92238210e-17 1.90234258e-16 0.00000000e+00 0.00000000e+00 1.93928682e-12
2.29086765e-03 1.82796525e-16 1.76350214e-17 1.65161504e-16 0.00000000e+00 0.00000000e+00 2.28898025e-12
2.63026799e-03 3.68450254e-16 2.01432608e-18 3.66435928e-16 0.00000000e+00 0.00000000e+00 2.70173063e-12
3.01995172e-03 2.44136649e-16 8.41856562e-20 2.44052463e-16 0.00000000e+00 0.00000000e+00 3.18890841e-12
3.46736850e-03 2.07943526e-16 4.39747669e-21 2.07939129e-16 0.00000000e+00 0.00000000e+00 3.76393440e-12
3.98107171e-03 2.08824654e-16 2.64862332e-22 2.08824389e-16 0.00000000e+00 0.00000000e+00 4.44264945e-12
4.57088190e-03 5.19567389e-15 7.93129155e-19 5.19488076e-15 0.00000000e+00 0.00000000e+00 5.24375082e-12
5.24807460e-03 2.21723290e-15 1.20365101e-20 2.21722087e-15 0.00000000e+00 0.00000000e+00 6.18930730e-12
6.02559586e-03 2.75822431e-15 2.29190490e-22 2.75822408e-15 0.00000000e+00 0.00000000e+00 7.30536713e-12
6.91830971e-03 3.59808969e-15 6.50532096e-24 3.59808969e-15 0.00000000e+00 0.00000000e+00 8.62267558e-12
7.94328235e-03 3.60683735e-15 3.04212145e-25 3.60683735e-15 8.52503686e-307 8.52498327e-307 1.01775219e-11
9.12010839e-03 7.70430719e-15 1.17916588e-26 7.70430719e-15 4.43742181e-268 4.43741827e-268 1.20127391e-11
1.04712855e-02 4.15172375e-15 1.44926536e-27 4.15172375e-15 1.57785259e-234 1.57785213e-234 1.34165878e-11
1.20226443e-02 6.70005782e-15 1.65514709e-28 6.70005782e-15 5.67870751e-205 5.67870729e-205 1.34165878e-11
1.38038426e-02 7.68582687e-15 1.26226735e-29 7.68582687e-15 1.52723151e-179 1.52723150e-179 1.34165878e-11
1.58489319e-02 9.31903385e-15 5.34074632e-31 9.31903385e-15 3.18505042e-157 3.18505042e-157 1.34165878e-11
1.81970086e-02 9.85015921e-15 2.88900605e-32 9.85015921e-15 6.70195121e-138 6.70195121e-138 1.34165878e-11
2.08929613e-02 1.17320345e-14 2.55694354e-33 1.17320345e-14 3.55022081e-121 3.55022081e-121 1.34165878e-11
2.39883292e-02 1.07947993e-14 1.10497352e-34 1.07947993e-14 1.76135039e-106 1.76135039e-106 1.34165878e-11
2.75422870e-02 9.27851756e-15 2.85990736e-36 9.27851756e-15 7.18812340e-94 7.18812340e-94 1.34165878e-11
3.16227766e-02 1.06298400e-14 7.95698978e-38 1.06298400e-14 6.27730788e-83 6.27730788e-83 1.34165878e-11
3.63078055e-02 1.34204899e-14 4.79303029e-39 1.34204899e-14 2.16236056e-73 2.16236056e-73 1.34165878e-11
4.16869383e-02 1.47836171e-14 4.21970859e-40 1.47836171e-14 5.39858947e-65 5.39858947e-65 1.34165878e-11
4.78630092e-02 1.71921740e-14 5.20350811e-43 1.71921740e-14 7.86017459e-58 7.86017459e-58 1.34165878e-11
5.49540874e-02 1.68279510e-14 4.68596112e-47 1.68279510e-14 1.23274767e-51 1.23274767e-51 1.34165878e-11
6.30957344e-02 1.34150158e-14 3.36290923e-57 1.34150158e-14 2.87872507e-46 2.87872507e-46 1.34165878e-11
7.24435960e-02 8.88344637e-15 3.24280424e-69 8.88344637e-15 1.17822398e-41 1.17822398e-41 1.34165878e-11
8.31763771e-02 8.41738059e-15 3.80320894e-68 8.41738059e-15 1.24869279e-37 1.24869279e-37 1.34165878e-11
9.54992586e-02 9.55613793e-15 5.20166527e-65 9.55613793e-15 3.72640189e-34 3.72640189e-34 1.34165878e-11
1.09647820e-01 1.34683629e-14 5.44563642e-56 1.34683629e-14 4.41062513e-31 4.41062513e-31 1.28127470e-11
1.25892541e-01 1.59496355e-14 3.57284985e-48 1.59496355e-14 1.80491128e-28 1.80491128e-28 1.19575512e-11
1.44543977e-01 1.82479854e-14 5.94424500e-42 1.82479854e-14 3.13367125e-26 3.13367125e-26 1.11594361e-11
1.65958691e-01 2.23292297e-14 3.48271250e-38 2.23292297e-14 1.84986135e-24 1.84986135e-24 1.04145917e-11
1.90546072e-01 2.37033073e-14 5.52110223e-40 2.37033073e-14 4.12622355e-23 4.12622355e-23 9.71946251e-12
2.18776162e-01 1.84559923e-14 6.67874419e-45 1.84559919e-14 3.93134046e-22 3.93134046e-22 9.07073019e-12
2.51188643e-01 2.75358972e-14 2.69096590e-38 2.75358892e-14 8.01184503e-21 8.01184503e-21 8.46529796e-12
2.88403150e-01 3.06014390e-14 7.90995678e-34 3.06013607e-14 7.83468117e-20 7.83085896e-20 7.90027573e-12
3.31131121e-01 3.40002095e-14 4.90030292e-31 3.39996800e-14 5.29531201e-19 5.29138408e-19 7.37296631e-12
3.80189396e-01 3.47664466e-14 9.92970798e-29 3.47639376e-14 2.50899159e-18 2.48302855e-18 6.88085251e-12
4.36515832e-01 3.67226052e-14 1.41556638e-26 3.67128140e-14 9.79120565e-18 9.36139743e-18 6.42158520e-12
5.01187234e-01 4.02974933e-14 1.56413070e-24 4.02646872e-14 3.28061001e-17 2.78474525e-17 5.99297201e-12
5.75439937e-01 4.40907584e-14 1.13679576e-22 4.39411457e-14 1.49612530e-16 1.03389057e-16 5.59296690e-12
6.60693448e-01 4.85035884e-14 5.14436503e-21 4.77921496e-14 7.11433713e-16 3.97016845e-16 5.21966041e-12
7.58577575e-01 5.53363452e-14 1.56098593e-19 5.21258790e-14 3.21031002e-15 1.57286862e-15 4.87127053e-12
8.70963590e-01 6.81115567e-14 3.62859284e-18 5.56536234e-14 1.24543047e-14 5.70537075e-15 4.54613417e-12
1.00000000e+00 1.00131764e-13 5.57226862e-17 5.95655786e-14 4.05104625e-14 1.71283491e-14 4.24269927e-12
1.14815362e+00 1.82221996e-13 5.74303008e-16 6.31730843e-14 1.18474608e-13 4.53949363e-14 3.95951734e-12
1.31825674e+00 3.64161827e-13 3.99752060e-15 6.20270789e-14 2.98137228e-13 1.02611707e-13 3.69523659e-12
1.51356125e+00 7.61974910e-13 1.85861255e-14 6.21948237e-14 6.81193960e-13 2.07345834e-13 3.44859544e-12
1.73780083e+00 1.52670375e-12 6.32131251e-14 6.18370985e-14 1.40165353e-12 3.63637242e-13 3.21841652e-12
1.99526231e+00 2.82521851e-12 1.63503121e-13 5.82110481e-14 2.60350434e-12 5.62892607e-13 3.00360106e-12
2.29086765e+00 4.72798616e-12 3.26826784e-13 5.10811114e-14 4.35007826e-12 7.33677190e-13 2.80312361e-12
2.63026799e+00 7.03346185e-12 5.27336887e-13 4.14268526e-14 6.46469811e-12 8.07655932e-13 2.61602716e-12
3.01995172e+00 9.53601700e-12 7.28813367e-13 3.09934120e-14 8.77621022e-12 7.72835813e-13 2.44141860e-12
3.46736850e+00 1.18016278e-11 9.01297965e-13 2.19056368e-14 1.08784242e-11 6.44566704e-13 2.27846441e-12
3.98107171e+00 1.36175954e-11 1.03444124e-12 1.46373462e-14 1.25685168e-11 4.76205472e-13 2.12638671e-12
4.57088190e+00 1.47223211e-11 1.12508760e-12 9.31928616e-15 1.35879142e-11 3.14200382e-13 1.98445954e-12
5.24807460e+00 1.49244598e-11 1.04011708e-12 5.08639484e-15 1.38792564e-11 1.93156069e-13 1.64084388e-12
6.02559586e+00 1.43450134e-11 7.42237476e-13 2.11262068e-15 1.36006633e-11 1.09685887e-13 1.08409480e-12
6.70000000e+00 1.36319870e-11 5.63919849e-13 1.04060023e-15 1.30670266e-11 6.73872819e-14 7.88574724e-13
6.92422916e+00 1.33388865e-11 5.16930163e-13 8.28488065e-16 1.28211279e-11 5.74131385e-14 7.14418944e-13
7.15596261e+00 1.31306988e-11 4.70973673e-13 6.51298769e-16 1.26590738e-11 4.86977777e-14 6.47236606e-13
7.39545150e+00 1.30814905e-11 4.23457860e-13 5.00287613e-16 1.26575323e-11 4.12941431e-14 5.86371942e-13
7.64295536e+00 1.34560760e-11 3.66621410e-13 3.61812516e-16 1.30890928e-11 3.54637944e-14 5.31230854e-13
7.89874245e+00 1.42653876e-11 2.98052669e-13 2.37579966e-16 1.39670973e-11 3.00985503e-14 4.81275108e-13
8.16308998e+00 1.50771072e-11 2.28302104e-13 1.44240698e-16 1.48486608e-11 2.49564637e-14 4.36017088e-13
8.43628443e+00 1.56846603e-11 1.60777029e-13 7.57925098e-17 1.55238075e-11 1.87834469e-14 3.95015029e-13
8.71862190e+00 1.57036070e-11 1.18587162e-13 3.80961587e-17 1.55849818e-11 1.32310572e-14 3.57868711e-13
9.01040836e+00 1.56691838e-11 8.50620456e-14 1.22515547e-17 1.55841095e-11 6.89422059e-15 3.24215549e-13
9.31196005e+00 1.54390769e-11 6.22250142e-14 0.00000000e+00 1.53768519e-11 0.00000000e+00 2.93727053e-13
9.62360379e+00 1.53725348e-11 5.41152144e-14 0.00000000e+00 1.53184196e-11 0.00000000e+00 2.66105627e-13
9.94567731e+00 1.54152517e-11 5.40888848e-14 0.00000000e+00 1.53611628e-11 0.00000000e+00 2.41081657e-13
1.02785297e+01 1.53581677e-11 5.65072035e-14 0.00000000e+00 1.53016605e-11 0.00000000e+00 2.18410884e-13
1.06225216e+01 1.52679073e-11 5.90055667e-14 0.00000000e+00 1.52089017e-11 0.00000000e+00 1.97872020e-13
1.09780260e+01 1.49728124e-11 6.31190608e-14 0.00000000e+00 1.49096933e-11 0.00000000e+00 1.79264583e-13
1.13454280e+01 1.45893620e-11 6.57590486e-14 0.00000000e+00 1.45236029e-11 0.00000000e+00 1.62406948e-13
1.17251259e+01 1.39990248e-11 6.69016529e-14 0.00000000e+00 1.39321232e-11 0.00000000e+00 1.47134567e-13
1.21175312e+01 1.33441086e-11 6.72955994e-14 0.00000000e+00 1.32768130e-11 0.00000000e+00 1.33298366e-13
1.25230691e+01 1.26015061e-11 6.68662915e-14 0.00000000e+00 1.25346398e-11 0.00000000e+00 1.20763289e-13
1.29421791e+01 1.18461375e-11 6.53813419e-14 0.00000000e+00 1.17807562e-11 0.00000000e+00 1.09406983e-13
1.33753155e+01 1.10896970e-11 6.31002862e-14 0.00000000e+00 1.10265968e-11 0.00000000e+00 9.91185987e-14
1.38229477e+01 1.05182126e-11 5.93329887e-14 0.00000000e+00 1.04588797e-11 0.00000000e+00 8.97977103e-14
1.42855609e+01 1.01671824e-11 5.46668135e-14 0.00000000e+00 1.01125156e-11 0.00000000e+00 8.13533371e-14
1.47636563e+01 1.02151607e-11 4.85978241e-14 0.00000000e+00 1.01665629e-11 0.00000000e+00 7.37030537e-14
1.52577522e+01 1.03668733e-11 4.28247385e-14 0.00000000e+00 1.03240486e-11 0.00000000e+00 6.67721855e-14
1.57683840e+01 1.05541644e-11 3.74396943e-14 0.00000000e+00 1.05167247e-11 0.00000000e+00 6.04930805e-14
1.62961051e+01 1.07872476e-11 3.26588163e-14 0.00000000e+00 1.07545888e-11 0.00000000e+00 5.48044484e-14
1.68414875e+01 1.09315648e-11 2.84390003e-14 0.00000000e+00 1.09031258e-11 0.00000000e+00 4.96507622e-14
1.74051222e+01 1.10189111e-11 2.50818886e-14 0.00000000e+00 1.09938292e-11 0.00000000e+00 4.49817171e-14
1.79876201e+01 1.09882935e-11 2.23206345e-14 0.00000000e+00 1.09659729e-11 0.00000000e+00 4.07517384e-14
1.85896125e+01 1.08066552e-11 2.02372884e-14 0.00000000e+00 1.07864179e-11 0.00000000e+00 3.69195372e-14
1.92117518e+01 1.04494710e-11 1.86730628e-14 0.00000000e+00 1.04307980e-11 0.00000000e+00 3.34477076e-14
1.98547123e+01 9.99208341e-12 1.74111346e-14 0.00000000e+00 9.97467228e-12 0.00000000e+00 3.03023610e-14
2.05191907e+01 9.48847612e-12 1.62977873e-14 0.00000000e+00 9.47217833e-12 0.00000000e+00 2.74527957e-14
2.12059073e+01 8.98702743e-12 1.52274004e-14 0.00000000e+00 8.97180003e-12 0.00000000e+00 2.48711970e-14
2.19156062e+01 8.51451364e-12 1.41694823e-14 0.00000000e+00 8.50034415e-12 0.00000000e+00 2.25323660e-14
2.26490567e+01 8.03931992e-12 1.31566408e-14 0.00000000e+00 8.02616328e-12 0.00000000e+00 2.04134733e-14
2.34070535e+01 7.58406013e-12 1.21908955e-14 0.00000000e+00 7.57186923e-12 0.00000000e+00 1.84938366e-14
2.41904183e+01 7.15260172e-12 1.12717120e-14 0.00000000e+00 7.14133001e-12 0.00000000e+00 1.67547181e-14
2.50000000e+01 6.74270554e-12 1.04030209e-14 0.00000000e+00 6.73230252e-12 0.00000000e+00 1.51791424e-14
2.75422870e+01 5.56879281e-12 8.16544400e-15 0.00000000e+00 5.56062737e-12 0.00000000e+00 1.13518661e-14
3.16227766e+01 4.09898755e-12 5.70269535e-15 0.00000000e+00 4.09328485e-12 0.00000000e+00 7.50010357e-15
3.63078055e+01 2.85725137e-12 3.95040874e-15 0.00000000e+00 2.85330096e-12 0.00000000e+00 4.95526929e-15
4.16869383e+01 1.86102067e-12 2.72776229e-15 0.00000000e+00 1.85829291e-12 0.00000000e+00 3.27391395e-15
4.78630092e+01 1.13874998e-12 1.87595037e-15 0.00000000e+00 1.13687403e-12 0.00000000e+00 2.16305350e-15
5.49540874e+01 6.62880882e-13 1.28184708e-15 0.00000000e+00 6.61599035e-13 0.00000000e+00 1.42911527e-15
6.30957344e+01 3.72481070e-13 8.69875283e-16 0.00000000e+00 3.71611195e-13 0.00000000e+00 9.44207098e-16
7.24435960e+01 2.03840685e-13 5.86692291e-16 0.00000000e+00 2.03253993e-13 0.00000000e+00 6.23831443e-16
8.31763771e+01 1.09662602e-13 3.93681194e-16 0.00000000e+00 1.09268921e-13 0.00000000e+00 4.12161347e-16
9.54992586e+01 5.83691612e-14 2.63112952e-16 0.00000000e+00 5.81060483e-14 0.00000000e+00 2.72312302e-16
1.09647820e+02 3.08674773e-14 1.75326334e-16 0.00000000e+00 3.06921510e-14 0.00000000e+00 1.79914953e-16
1.25892541e+02 1.64439082e-14 1.16548511e-16 0.00000000e+00 1.63273597e-14 0.00000000e+00 1.18868631e-16
1.44543977e+02 8.76758444e-15 7.73548579e-17 0.00000000e+00 8.69022958e-15 0.00000000e+00 7.85357256e-17
1.65958691e+02 4.46877119e-15 5.13078910e-17 0.00000000e+00 4.41746330e-15 0.00000000e+00 5.18880394e-17
1.90546072e+02 2.29189484e-15 3.39944140e-17 0.00000000e+00 2.25790043e-15 0.00000000e+00 3.42820876e-17
2.18776162e+02 1.17904593e-15 2.25064890e-17 0.00000000e+00 1.15653944e-15 0.00000000e+00 2.26499507e-17
2.51188643e+02 6.07015805e-16 1.48929208e-17 0.00000000e+00 5.92122884e-16 0.00000000e+00 1.49646740e-17
2.88403150e+02 3.12331077e-16 9.85114751e-18 0.00000000e+00 3.02479930e-16 0.00000000e+00 9.88706207e-18
3.31131121e+02 1.60923960e-16 6.51430577e-18 0.00000000e+00 1.54409654e-16 0.00000000e+00 6.53231713e-18
3.80189396e+02 8.29603206e-17 4.30682495e-18 0.00000000e+00 7.86534957e-17 0.00000000e+00 4.31585913e-18
4.36515832e+02 4.28694318e-17 2.84692437e-18 0.00000000e+00 4.00225075e-17 0.00000000e+00 2.85145985e-18
5.01187234e+02 2.22154201e-17 1.88166344e-18 0.00000000e+00 2.03337566e-17 0.00000000e+00 1.88394084e-18
5.75439937e+02 1.15616810e-17 1.24356352e-18 0.00000000e+00 1.03181175e-17 0.00000000e+00 1.24470737e-18
6.60693448e+02 6.05188475e-18 8.21795363e-19 0.00000000e+00 5.23008939e-18 0.00000000e+00 8.22370004e-19
7.58577575e+02 3.19152655e-18 5.43045741e-19 0.00000000e+00 2.64848080e-18 0.00000000e+00 5.43334473e-19
8.70963590e+02 1.69852284e-18 3.58832467e-19 0.00000000e+00 1.33969037e-18 0.00000000e+00 3.58977527e-19
1.00000000e+03 6.76916656e-19 0.00000000e+00 0.00000000e+00 6.76916656e-19 0.00000000e+00 0.00000000e+00
