# column 1: lambda (micron)
# column 2: total flux; lambda*F_lambda (W/m2)
# column 3: direct stellar flux; lambda*F_lambda (W/m2)
# column 4: scattered stellar flux; lambda*F_lambda (W/m2)
# column 5: total dust emission flux; lambda*F_lambda (W/m2)
# column 6: dust emission scattered flux; lambda*F_lambda (W/m2)
# column 7: transparent flux; lambda*F_lambda (W/m2)
1.00000000e-03 7.04317452e-18 1.78606580e-18 5.25710872e-18 0.00000000e+00 0.00000000e+00 8.37058880e-14
1.14815362e-03 5.66318072e-18 6.66512822e-20 5.59652944e-18 0.00000000e+00 0.00000000e+00 9.87997869e-14
1.31825674e-03 4.70209198e-18 1.66307763e-21 4.70042890e-18 0.00000000e+00 0.00000000e+00 1.16615427e-13
1.51356125e-03 4.15205510e-18 7.74012710e-23 4.15197770e-18 0.00000000e+00 0.00000000e+00 1.37643595e-13
1.73780083e-03 1.10940734e-17 7.33076081e-23 1.10940001e-17 0.00000000e+00 0.00000000e+00 1.62463576e-13
1.99526231e-03 1.48655914e-17 7.79963104e-26 1.48655913e-17 0.00000000e+00 0.00000000e+00 1.91759111e-13
2.29086765e-03 1.88408524e-17 1.64200243e-26 1.88408524e-17 0.00000000e+00 0.00000000e+00 2.26337236e-13
2.63026799e-03 2.26507281e-17 4.79844497e-29 2.26507281e-17 0.00000000e+00 0.00000000e+00 2.67150510e-13
3.01995172e-03 2.76369359e-17 1.05875279e-32 2.76369359e-17 0.00000000e+00 0.00000000e+00 3.15323260e-13
3.46736850e-03 3.55500697e-17 4.14361114e-36 3.55500697e-17 0.00000000e+00 0.00000000e+00 3.72182551e-13
3.98107171e-03 5.93539103e-17 2.33830046e-39 5.93539103e-17 0.00000000e+00 0.00000000e+00 4.39294745e-13
4.57088190e-03 2.16421934e-16 1.54480173e-30 2.16421934e-16 0.00000000e+00 0.00000000e+00 5.18508652e-13
5.24807460e-03 2.98559468e-16 2.52370336e-35 2.98559468e-16 0.00000000e+00 0.00000000e+00 6.12006462e-13
6.02559586e-03 3.88151602e-16 7.38613060e-40 3.88151602e-16 0.00000000e+00 0.00000000e+00 7.22363856e-13
6.91830971e-03 4.07760062e-16 6.02995773e-44 4.07760062e-16 0.00000000e+00 0.00000000e+00 8.52620966e-13
7.94328235e-03 6.73531850e-16 1.77585166e-47 6.73531850e-16 0.00000000e+00 0.00000000e+00 1.00636612e-12
9.12010839e-03 8.76909731e-16 3.22884401e-51 8.76909731e-16 0.00000000e+00 0.00000000e+00 1.18783470e-12
1.04712855e-02 8.38243020e-16 1.24225414e-53 8.38243020e-16 0.00000000e+00 0.00000000e+00 1.32664902e-12
1.20226443e-02 3.27023292e-15 4.70745075e-56 3.27023292e-15 2.03447176e-315 2.03447176e-315 1.32664902e-12
1.38038426e-02 1.47533751e-15 6.31987982e-59 1.47533751e-15 3.72810719e-276 3.72810719e-276 1.32664902e-12
1.58489319e-02 3.36738968e-15 1.86700994e-62 3.36738968e-15 1.06022498e-241 1.06022498e-241 1.32664902e-12
1.81970086e-02 3.70958732e-15 1.03694850e-65 3.70958732e-15 6.49906995e-212 6.49906995e-212 1.32664902e-12
2.08929613e-02 3.84594899e-15 2.04093639e-68 3.84594899e-15 3.38157781e-186 3.38157781e-186 1.32664902e-12
2.39883292e-02 2.76956385e-15 6.36586087e-72 2.76956385e-15 1.32018467e-163 1.32018467e-163 1.32664902e-12
2.75422870e-02 3.88179560e-15 5.31861557e-76 3.88179560e-15 5.82185892e-144 5.82185892e-144 1.32664902e-12
3.16227766e-02 2.69151664e-15 5.35080552e-80 2.69151664e-15 4.08423468e-127 4.08423468e-127 1.32664902e-12
3.63078055e-02 3.09856294e-15 3.91806204e-83 3.09856294e-15 1.83119667e-112 1.83119667e-112 1.32664902e-12
4.16869383e-02 3.53041663e-15 7.60733136e-86 3.53041663e-15 1.64094013e-99 1.64094013e-99 1.32664902e-12
4.78630092e-02 3.39963374e-15 2.54748393e-93 3.39963374e-15 1.74076374e-88 1.74076374e-88 1.32664902e-12
5.49540874e-02 2.58785818e-15 1.02455877e-103 2.58785818e-15 5.06617239e-79 5.06617239e-79 1.32664902e-12
6.30957344e-02 1.10679226e-15 8.78289492e-130 1.10679226e-15 7.10042976e-71 7.10042976e-71 1.32664902e-12
7.24435960e-02 2.48004247e-16 1.16699248e-160 2.48004247e-16 6.29409087e-64 6.29409087e-64 1.32664902e-12
8.31763771e-02 2.92028576e-16 6.52574129e-158 2.92028576e-16 1.71314777e-57 1.71314777e-57 1.32664902e-12
9.54992586e-02 4.16370420e-16 7.46586523e-150 4.16370420e-16 5.83961475e-52 5.83961475e-52 1.32664902e-12
1.09647820e-01 8.85958223e-16 1.20951989e-126 8.85958223e-16 1.29670328e-46 1.29670328e-46 1.26694048e-12
1.25892541e-01 2.08079615e-15 1.64698392e-106 2.08079615e-15 5.79382576e-42 5.79382576e-42 1.18237765e-12
1.44543977e-01 3.02868106e-15 1.77777801e-90 3.02868106e-15 9.87582821e-38 9.87582814e-38 1.10345902e-12
1.65958691e-01 4.13454923e-15 9.52809479e-81 4.13454923e-15 2.37509988e-34 2.37509946e-34 1.02980788e-12
1.90546072e-01 4.54933530e-15 2.51754059e-85 4.54933530e-15 1.06727989e-31 1.06727667e-31 9.61072633e-13
2.18776162e-01 2.41723030e-15 6.48891053e-98 2.41723030e-15 1.45505793e-29 1.45483142e-29 8.96925168e-13
2.51188643e-01 5.15066425e-15 6.79906508e-81 5.15066425e-15 6.60948367e-27 6.60947689e-27 8.37059271e-13
2.88403150e-01 7.82530391e-15 2.29872443e-69 7.82530390e-15 9.91091788e-25 9.91057921e-25 7.81189165e-13
3.31131121e-01 9.46555302e-15 3.83007920e-62 9.46555296e-15 5.97912777e-23 5.97047321e-23 7.29048148e-13
3.80189396e-01 1.10167997e-14 3.61226345e-56 1.10167978e-14 1.90112930e-21 1.89958573e-21 6.80387319e-13
4.36515832e-01 1.25087884e-14 1.38010570e-50 1.25087523e-14 3.60157408e-20 3.58596286e-20 6.34974392e-13
5.01187234e-01 1.42224922e-14 2.73973991e-45 1.42219394e-14 5.52810104e-19 5.47273090e-19 5.92592582e-13
5.75439937e-01 1.61544097e-14 1.85352479e-40 1.61495592e-14 4.85051120e-18 4.75204663e-18 5.53039576e-13
6.60693448e-01 1.86667943e-14 3.71152982e-36 1.86335059e-14 3.32884425e-17 3.17510215e-17 5.16126563e-13
7.58577575e-01 2.10830066e-14 2.66108995e-32 2.08969512e-14 1.86055480e-16 1.71516939e-16 4.81677334e-13
8.70963590e-01 2.44153886e-14 9.62019866e-29 2.36386581e-14 7.76730498e-16 6.69527315e-16 4.49527444e-13
1.00000000e+00 2.95653633e-14 1.19853851e-25 2.66015441e-14 2.96381924e-15 2.28294727e-15 4.19523420e-13
1.14815362e+00 3.91831672e-14 5.35911510e-23 2.91823583e-14 1.00008088e-14 6.75365356e-15 3.91522036e-13
1.31825674e+00 6.05443832e-14 8.73998140e-21 3.08103448e-14 2.97340296e-14 1.59907800e-14 3.65389624e-13
1.51356125e+00 1.14740889e-13 5.05347741e-19 3.21855585e-14 8.25548249e-14 3.62463667e-14 3.41001438e-13
1.73780083e+00 2.39912264e-13 1.30846351e-17 3.33320052e-14 2.06567175e-13 6.98225238e-14 3.18241059e-13
1.99526231e+00 4.95101703e-13 1.67648899e-16 3.36787076e-14 4.61255346e-13 1.20730368e-13 2.96999837e-13
2.29086765e+00 9.59195186e-13 1.10770567e-15 3.14646124e-14 9.26622868e-13 1.75537160e-13 2.77176375e-13
2.63026799e+00 1.68898034e-12 4.22099658e-15 2.80578054e-14 1.65670154e-12 2.21916126e-13 2.58676044e-13
3.01995172e+00 2.69731184e-12 1.08047653e-14 2.30815380e-14 2.66342554e-12 2.41283643e-13 2.41410531e-13
3.46736850e+00 3.91955641e-12 2.07855832e-14 1.76424835e-14 3.88112834e-12 2.30664900e-13 2.25297416e-13
3.98107171e+00 5.24048030e-12 3.30076311e-14 1.26501900e-14 5.19482248e-12 1.97251381e-13 2.10259782e-13
4.57088190e+00 6.51518744e-12 4.56506547e-14 8.53204262e-15 6.46100474e-12 1.50895937e-13 1.96225846e-13
5.24807460e+00 7.56725754e-12 5.02835537e-14 4.88443913e-15 7.51208955e-12 1.07500303e-13 1.62248699e-13
6.02559586e+00 8.31841994e-12 4.04956739e-14 2.09559658e-15 8.27582867e-12 7.05271496e-14 1.07196652e-13
6.70000000e+00 8.66033929e-12 3.29418585e-14 1.05255467e-15 8.62634488e-12 4.83305118e-14 7.79752569e-14
6.92422916e+00 8.76316969e-12 3.07591807e-14 8.40016734e-16 8.73157049e-12 4.24525215e-14 7.06426405e-14
7.15596261e+00 8.85398842e-12 2.82743413e-14 6.64019446e-16 8.82505006e-12 3.71740726e-14 6.39995667e-14
7.39545150e+00 8.94069627e-12 2.51206918e-14 5.06019056e-16 8.91506956e-12 3.19695200e-14 5.79811925e-14
7.64295536e+00 9.07975802e-12 2.02540984e-14 3.55665549e-16 9.05914825e-12 2.67806952e-14 5.25287725e-14
7.89874245e+00 9.17731000e-12 1.38918162e-14 2.19711053e-16 9.16319848e-12 2.12737393e-14 4.75890858e-14
8.16308998e+00 9.10994364e-12 8.17632197e-15 1.23292202e-16 9.10164403e-12 1.61958766e-14 4.31139160e-14
8.43628443e+00 8.75784797e-12 3.87754576e-15 6.07334776e-17 8.75390969e-12 1.12114615e-14 3.90595811e-14
8.71862190e+00 8.40443933e-12 2.07111921e-15 3.17958917e-17 8.40233642e-12 7.94341228e-15 3.53865066e-14
9.01040836e+00 8.05295526e-12 1.02972299e-15 1.30219614e-17 8.05191251e-12 4.67443889e-15 3.20588397e-14
9.31196005e+00 7.83090264e-12 5.38465178e-16 0.00000000e+00 7.83036418e-12 0.00000000e+00 2.90440991e-14
9.62360379e+00 7.96253334e-12 4.39178883e-16 0.00000000e+00 7.96209416e-12 0.00000000e+00 2.63128578e-14
9.94567731e+00 8.36354086e-12 5.12178220e-16 0.00000000e+00 8.36302868e-12 0.00000000e+00 2.38384563e-14
1.02785297e+01 8.90462251e-12 6.69201174e-16 0.00000000e+00 8.90395331e-12 0.00000000e+00 2.15967419e-14
1.06225216e+01 9.50191683e-12 8.73295745e-16 0.00000000e+00 9.50104354e-12 0.00000000e+00 1.95658333e-14
1.09780260e+01 1.01271367e-11 1.21252835e-15 0.00000000e+00 1.01259242e-11 0.00000000e+00 1.77259066e-14
1.13454280e+01 1.07081322e-11 1.57304755e-15 0.00000000e+00 1.07065592e-11 0.00000000e+00 1.60590026e-14
1.17251259e+01 1.11092797e-11 1.91994650e-15 0.00000000e+00 1.11073597e-11 0.00000000e+00 1.45488504e-14
1.21175312e+01 1.14948144e-11 2.27595713e-15 0.00000000e+00 1.14925385e-11 0.00000000e+00 1.31807094e-14
1.25230691e+01 1.17274987e-11 2.61423514e-15 0.00000000e+00 1.17248844e-11 0.00000000e+00 1.19412254e-14
1.29421791e+01 1.18350458e-11 2.88140581e-15 0.00000000e+00 1.18321644e-11 0.00000000e+00 1.08182996e-14
1.33753155e+01 1.18824552e-11 3.07111822e-15 0.00000000e+00 1.18793841e-11 0.00000000e+00 9.80097124e-15
1.38229477e+01 1.19498801e-11 3.06139266e-15 0.00000000e+00 1.19468188e-11 0.00000000e+00 8.87931012e-15
1.42855609e+01 1.21125979e-11 2.89622622e-15 0.00000000e+00 1.21097017e-11 0.00000000e+00 8.04431992e-15
1.47636563e+01 1.25577041e-11 2.49935264e-15 0.00000000e+00 1.25552048e-11 0.00000000e+00 7.28785031e-15
1.52577522e+01 1.30912374e-11 2.10871982e-15 0.00000000e+00 1.30891286e-11 0.00000000e+00 6.60251738e-15
1.57683840e+01 1.36649972e-11 1.74329047e-15 0.00000000e+00 1.36632540e-11 0.00000000e+00 5.98163161e-15
1.62961051e+01 1.42250560e-11 1.43294500e-15 0.00000000e+00 1.42236231e-11 0.00000000e+00 5.41913253e-15
1.68414875e+01 1.48307900e-11 1.17260325e-15 0.00000000e+00 1.48296174e-11 0.00000000e+00 4.90952959e-15
1.74051222e+01 1.53421664e-11 9.91489474e-16 0.00000000e+00 1.53411749e-11 0.00000000e+00 4.44784855e-15
1.79876201e+01 1.57722172e-11 8.57922050e-16 0.00000000e+00 1.57713593e-11 0.00000000e+00 4.02958296e-15
1.85896125e+01 1.60908560e-11 7.78790264e-16 0.00000000e+00 1.60900772e-11 0.00000000e+00 3.65065011e-15
1.92117518e+01 1.62864145e-11 7.39549932e-16 0.00000000e+00 1.62856750e-11 0.00000000e+00 3.30735125e-15
1.98547123e+01 1.62916864e-11 7.21443024e-16 0.00000000e+00 1.62909649e-11 0.00000000e+00 2.99633543e-15
2.05191907e+01 1.62702869e-11 7.10852431e-16 0.00000000e+00 1.62695760e-11 0.00000000e+00 2.71456684e-15
2.12059073e+01 1.61128406e-11 6.97091371e-16 0.00000000e+00 1.61121435e-11 0.00000000e+00 2.45929512e-15
2.19156062e+01 1.59295916e-11 6.76479212e-16 0.00000000e+00 1.59289151e-11 0.00000000e+00 2.22802858e-15
2.26490567e+01 1.57455132e-11 6.52846341e-16 0.00000000e+00 1.57448604e-11 0.00000000e+00 2.01850983e-15
2.34070535e+01 1.54317276e-11 6.26691267e-16 0.00000000e+00 1.54311009e-11 0.00000000e+00 1.82869374e-15
2.41904183e+01 1.51300802e-11 5.98260454e-16 0.00000000e+00 1.51294820e-11 0.00000000e+00 1.65672752e-15
2.50000000e+01 1.47696130e-11 5.68473956e-16 0.00000000e+00 1.47690446e-11 0.00000000e+00 1.50093262e-15
2.75422870e+01 1.34746338e-11 4.81386997e-16 0.00000000e+00 1.34741524e-11 0.00000000e+00 1.12248675e-15
3.16227766e+01 1.12158988e-11 3.66795696e-16 0.00000000e+00 1.12155320e-11 0.00000000e+00 7.41619640e-16
3.63078055e+01 8.69742743e-12 2.73691515e-16 0.00000000e+00 8.69715374e-12 0.00000000e+00 4.89983237e-16
4.16869383e+01 6.22809679e-12 2.02538530e-16 0.00000000e+00 6.22789425e-12 0.00000000e+00 3.23728714e-16
4.78630092e+01 4.14794708e-12 1.48339879e-16 0.00000000e+00 4.14779874e-12 0.00000000e+00 2.13885440e-16
5.49540874e+01 2.59964622e-12 1.06859528e-16 0.00000000e+00 2.59953936e-12 0.00000000e+00 1.41312709e-16
6.30957344e+01 1.55509536e-12 7.56266301e-17 0.00000000e+00 1.55501974e-12 0.00000000e+00 9.33643811e-17
7.24435960e+01 8.95667272e-13 5.26843912e-17 0.00000000e+00 8.95614587e-13 0.00000000e+00 6.16852348e-17
8.31763771e+01 5.02957990e-13 3.62232015e-17 0.00000000e+00 5.02921766e-13 0.00000000e+00 4.07550305e-17
9.54992586e+01 2.77084445e-13 2.46506789e-17 0.00000000e+00 2.77059795e-13 0.00000000e+00 2.69265816e-17
1.09647820e+02 1.50701816e-13 1.66475106e-17 0.00000000e+00 1.50685168e-13 0.00000000e+00 1.77902161e-17
1.25892541e+02 8.20599784e-14 1.11733530e-17 0.00000000e+00 8.20488050e-14 0.00000000e+00 1.17538792e-17
1.44543977e+02 4.45148787e-14 7.46919293e-18 0.00000000e+00 4.45074095e-14 0.00000000e+00 7.76571097e-18
1.65958691e+02 2.30344535e-14 4.98463424e-18 0.00000000e+00 2.30294688e-14 0.00000000e+00 5.13075436e-18
1.90546072e+02 1.19464082e-14 3.31724093e-18 0.00000000e+00 1.19430910e-14 0.00000000e+00 3.38985579e-18
2.18776162e+02 6.19260897e-15 2.20338406e-18 0.00000000e+00 6.19040559e-15 0.00000000e+00 2.23965551e-18
2.51188643e+02 3.20260489e-15 1.46156236e-18 0.00000000e+00 3.20114333e-15 0.00000000e+00 1.47972572e-18
2.88403150e+02 1.64996349e-15 9.68545493e-19 0.00000000e+00 1.64899494e-15 0.00000000e+00 9.77645088e-19
3.31131121e+02 8.48381426e-16 6.41357065e-19 0.00000000e+00 8.47740069e-16 0.00000000e+00 6.45923704e-19
3.80189396e+02 4.34838369e-16 4.24465818e-19 0.00000000e+00 4.34413903e-16 0.00000000e+00 4.26757559e-19
4.36515832e+02 2.22448379e-16 2.80804932e-19 0.00000000e+00 2.22167574e-16 0.00000000e+00 2.81955923e-19
5.01187234e+02 1.13548508e-16 1.85708312e-19 0.00000000e+00 1.13362800e-16 0.00000000e+00 1.86286431e-19
5.75439937e+02 5.78577015e-17 1.22787792e-19 0.00000000e+00 5.77349137e-17 0.00000000e+00 1.23078224e-19
6.60693448e+02 2.94377632e-17 8.11710452e-20 0.00000000e+00 2.93565922e-17 0.00000000e+00 8.13169765e-20
7.58577575e+02 1.49592900e-17 5.36522596e-20 0.00000000e+00 1.49056377e-17 0.00000000e+00 5.37255936e-20
8.70963590e+02 7.59252783e-18 3.54593010e-20 0.00000000e+00 7.55706853e-18 0.00000000e+00 3.54961477e-20
1.00000000e+03 3.82591819e-18 0.00000000e+00 0.00000000e+00 3.82591819e-18 0.00000000e+00 0.00000000e+00
