# column 1: lambda (micron)
# column 2: total flux; lambda*F_lambda (W/m2)
# column 3: direct stellar flux; lambda*F_lambda (W/m2)
# column 4: scattered stellar flux; lambda*F_lambda (W/m2)
# column 5: total dust emission flux; lambda*F_lambda (W/m2)
# column 6: dust emission scattered flux; lambda*F_lambda (W/m2)
# column 7: transparent flux; lambda*F_lambda (W/m2)
1.00000000e-03 7.67769258e-18 3.39371969e-18 4.28397289e-18 0.00000000e+00 0.00000000e+00 8.37058880e-14
1.14815362e-03 1.46407429e-16 1.55639308e-19 1.46251790e-16 0.00000000e+00 0.00000000e+00 9.87997869e-14
1.31825674e-03 1.25258503e-18 4.88864915e-21 1.24769638e-18 0.00000000e+00 0.00000000e+00 1.16615427e-13
1.51356125e-03 1.30194740e-18 2.75950692e-22 1.30167145e-18 0.00000000e+00 0.00000000e+00 1.37643595e-13
1.73780083e-03 2.09789036e-18 2.64812352e-22 2.09762555e-18 0.00000000e+00 0.00000000e+00 1.62463576e-13
1.99526231e-03 1.94792705e-18 4.28161343e-25 1.94792663e-18 0.00000000e+00 0.00000000e+00 1.91759111e-13
2.29086765e-03 1.52905566e-18 9.99063509e-26 1.52905556e-18 0.00000000e+00 0.00000000e+00 2.26337236e-13
2.63026799e-03 3.89659603e-18 4.17709453e-28 3.89659603e-18 0.00000000e+00 0.00000000e+00 2.67150510e-13
3.01995172e-03 2.63693780e-18 1.53847680e-31 2.63693780e-18 0.00000000e+00 0.00000000e+00 3.15323260e-13
3.46736850e-03 1.97348028e-18 9.71276863e-35 1.97348028e-18 0.00000000e+00 0.00000000e+00 3.72182551e-13
3.98107171e-03 2.12909981e-18 8.65059425e-38 2.12909981e-18 0.00000000e+00 0.00000000e+00 4.39294745e-13
4.57088190e-03 3.44816137e-17 1.71750807e-29 3.44816137e-17 0.00000000e+00 0.00000000e+00 5.18508652e-13
5.24807460e-03 3.34941505e-17 5.47094226e-34 3.34941505e-17 0.00000000e+00 0.00000000e+00 6.12006462e-13
6.02559586e-03 3.97221016e-17 3.01526620e-38 3.97221016e-17 0.00000000e+00 0.00000000e+00 7.22363856e-13
6.91830971e-03 2.88392730e-17 4.36030812e-42 2.88392730e-17 0.00000000e+00 0.00000000e+00 8.52620966e-13
7.94328235e-03 8.12416196e-17 2.10691900e-45 8.12416196e-17 9.44694259e-309 9.44694259e-309 1.00636612e-12
9.12010839e-03 4.62373244e-17 6.46885670e-49 4.62373244e-17 4.50059819e-270 4.50059819e-270 1.18783470e-12
1.04712855e-02 4.18610058e-17 3.49127806e-51 4.18610058e-17 1.74894698e-236 1.74894698e-236 1.32664902e-12
1.20226443e-02 4.64322826e-17 1.84536225e-53 4.64322826e-17 7.02787634e-206 7.02787634e-206 1.32664902e-12
1.38038426e-02 7.36186713e-17 3.67640669e-56 7.36186713e-17 1.15515608e-181 1.15515608e-181 1.32664902e-12
1.58489319e-02 8.69064397e-17 1.76409515e-59 8.69064397e-17 2.48025703e-159 2.48025703e-159 1.32664902e-12
1.81970086e-02 4.73738639e-17 1.53260173e-62 4.73738639e-17 9.93663655e-140 9.93663655e-140 1.32664902e-12
2.08929613e-02 6.70709958e-17 4.37526052e-65 6.70709958e-17 3.02214155e-123 3.02214155e-123 1.32664902e-12
2.39883292e-02 3.81667543e-16 2.20945056e-68 3.81667543e-16 2.22097119e-108 2.22097119e-108 1.32664902e-12
2.75422870e-02 1.41640447e-16 3.23313027e-72 1.41640447e-16 2.92340848e-95 2.92340848e-95 1.32664902e-12
3.16227766e-02 8.15087010e-17 5.63411780e-76 8.15087010e-17 1.88431406e-84 1.88431406e-84 1.32664902e-12
3.63078055e-02 8.49645255e-17 6.34760911e-79 8.49645255e-17 5.27648529e-75 5.27648529e-75 1.32664902e-12
4.16869383e-02 1.94823390e-16 1.78906588e-81 1.94823390e-16 1.65179234e-66 1.65179234e-66 1.32664902e-12
4.78630092e-02 3.06066992e-16 1.67361421e-88 3.06066992e-16 2.90143013e-59 2.90143013e-59 1.32664902e-12
5.49540874e-02 3.45431936e-16 2.80890405e-98 3.45431936e-16 5.55883735e-53 5.55883735e-53 1.32664902e-12
6.30957344e-02 3.32203685e-16 8.65827190e-123 3.32203685e-16 1.85926038e-47 1.85926038e-47 1.32664902e-12
7.24435960e-02 2.91904488e-16 8.01158685e-152 2.91904488e-16 9.80395898e-43 9.80395898e-43 1.32664902e-12
8.31763771e-02 2.55446505e-16 3.07109394e-149 2.55446505e-16 9.34668596e-39 9.34668596e-39 1.32664902e-12
9.54992586e-02 3.24519233e-16 1.16085423e-141 3.24519233e-16 3.59784451e-35 3.59784451e-35 1.32664902e-12
1.09647820e-01 3.40393896e-16 7.72439104e-120 3.40393896e-16 3.18253674e-32 3.18253674e-32 1.26694048e-12
1.25892541e-01 3.60019868e-16 6.58347139e-101 3.60019868e-16 1.22113086e-29 1.22113086e-29 1.18237765e-12
1.44543977e-01 3.05240982e-16 7.81479362e-86 3.05240982e-16 1.67266423e-27 1.67266423e-27 1.10345902e-12
1.65958691e-01 5.47066795e-16 1.09540817e-76 5.47066795e-16 1.10723406e-25 1.10723406e-25 1.02980788e-12
1.90546072e-01 6.05639407e-16 5.40746726e-81 6.05639405e-16 2.53825067e-24 2.53825067e-24 9.61072633e-13
2.18776162e-01 5.36225990e-16 7.82991315e-93 5.36225956e-16 3.41857140e-23 3.41857140e-23 8.96925168e-13
2.51188643e-01 8.82087154e-16 7.87761373e-77 8.82086482e-16 6.71587629e-22 6.71587629e-22 8.37059271e-13
2.88403150e-01 9.00747197e-16 5.43920450e-66 9.00740928e-16 6.26825875e-21 6.26825875e-21 7.81189165e-13
3.31131121e-01 9.94164515e-16 3.34533705e-59 9.94124459e-16 4.00559025e-20 4.00559025e-20 7.29048148e-13
3.80189396e-01 8.26456200e-16 1.38239082e-53 8.26289576e-16 1.66623155e-19 1.66623154e-19 6.80387319e-13
4.36515832e-01 1.09769733e-15 2.44233728e-48 1.09709564e-15 6.01683743e-19 6.01683631e-19 6.34974392e-13
5.01187234e-01 9.14495389e-16 2.33139027e-43 9.12397982e-16 2.09740635e-18 2.09739818e-18 5.92592582e-13
5.75439937e-01 1.35485069e-15 8.08759578e-39 1.34753880e-15 7.31188549e-18 7.31164635e-18 5.53039576e-13
6.60693448e-01 1.64210566e-15 8.92990250e-35 1.61302817e-15 2.90774833e-17 2.90686443e-17 5.16126563e-13
7.58577575e-01 1.81110311e-15 3.75360228e-31 1.69767675e-15 1.13426362e-16 1.13268308e-16 4.81677334e-13
8.70963590e-01 2.29089047e-15 8.28737173e-28 1.90320241e-15 3.87688055e-16 3.85309013e-16 4.49527444e-13
1.00000000e+00 3.63860382e-15 6.71958327e-25 2.47511539e-15 1.16348843e-15 1.13759490e-15 4.19523420e-13
1.14815362e+00 6.20690431e-15 2.07875004e-22 3.19235366e-15 3.01455045e-15 2.81414546e-15 3.91522036e-13
1.31825674e+00 1.16900373e-14 2.49104640e-20 3.82214635e-15 7.86786600e-15 6.53055204e-15 3.65389624e-13
1.51356125e+00 2.64782952e-14 1.12590565e-18 4.91890301e-15 2.15582663e-14 1.46845331e-14 3.41001438e-13
1.73780083e+00 6.51102094e-14 2.39077181e-17 6.15687905e-15 5.89294226e-14 2.90188075e-14 3.18241059e-13
1.99526231e+00 1.65216334e-13 2.61985729e-16 7.72353355e-15 1.57230815e-13 5.47837016e-14 2.96999837e-13
2.29086765e+00 3.85526420e-13 1.54016748e-15 8.84032132e-15 3.75145931e-13 8.68671693e-14 2.77176375e-13
2.63026799e+00 7.88040752e-13 5.39624696e-15 8.99143048e-15 7.73653075e-13 1.15759756e-13 2.58676044e-13
3.01995172e+00 1.38560230e-12 1.30058375e-14 8.16020539e-15 1.36443626e-12 1.31109072e-13 2.41410531e-13
3.46736850e+00 2.10375580e-12 2.39626839e-14 6.73974647e-15 2.07305337e-12 1.27438870e-13 2.25297416e-13
3.98107171e+00 2.81311373e-12 3.68645787e-14 5.03299111e-15 2.77121616e-12 1.07082210e-13 2.10259782e-13
4.57088190e+00 3.42716287e-12 4.98018920e-14 3.54053373e-15 3.37382044e-12 7.92906987e-14 1.96225846e-13
5.24807460e+00 3.79230597e-12 5.39250849e-14 2.05876917e-15 3.73632211e-12 5.33779437e-14 1.62248699e-13
6.02559586e+00 3.93814976e-12 4.29182159e-14 9.19020476e-16 3.89431252e-12 3.25243312e-14 1.07196652e-13
6.70000000e+00 3.90168772e-12 3.46802812e-14 4.58951062e-16 3.86654849e-12 2.08493738e-14 7.79752569e-14
6.92422916e+00 3.86447474e-12 3.23240983e-14 3.74041037e-16 3.83177660e-12 1.79597467e-14 7.06426405e-14
7.15596261e+00 3.83581237e-12 2.96870937e-14 2.92681913e-16 3.80583259e-12 1.53905323e-14 6.39995667e-14
7.39545150e+00 3.82015088e-12 2.64065930e-14 2.25817322e-16 3.79351847e-12 1.30121461e-14 5.79811925e-14
7.64295536e+00 3.84534391e-12 2.14395395e-14 1.58367084e-16 3.82374600e-12 1.08331548e-14 5.25287725e-14
7.89874245e+00 3.85437747e-12 1.49511738e-14 9.66941527e-17 3.83932960e-12 8.57299233e-15 4.75890858e-14
8.16308998e+00 3.73928768e-12 9.02929507e-15 5.45995619e-17 3.73020379e-12 6.44433496e-15 4.31139160e-14
8.43628443e+00 3.44695873e-12 4.45072551e-15 2.64025699e-17 3.44248160e-12 4.34770967e-15 3.90595811e-14
8.71862190e+00 3.16357554e-12 2.45343372e-15 1.39181280e-17 3.16110818e-12 2.94420973e-15 3.53865066e-14
9.01040836e+00 2.86399637e-12 1.26427965e-15 5.81110179e-18 2.86272628e-12 1.63691658e-15 3.20588397e-14
9.31196005e+00 2.61781166e-12 6.83164781e-16 0.00000000e+00 2.61712849e-12 0.00000000e+00 2.90440991e-14
9.62360379e+00 2.60988670e-12 5.60702488e-16 0.00000000e+00 2.60932599e-12 0.00000000e+00 2.63128578e-14
9.94567731e+00 2.74478163e-12 6.44119657e-16 0.00000000e+00 2.74413751e-12 0.00000000e+00 2.38384563e-14
1.02785297e+01 2.91456692e-12 8.23399809e-16 0.00000000e+00 2.91374352e-12 0.00000000e+00 2.15967419e-14
1.06225216e+01 3.06893133e-12 1.05137034e-15 0.00000000e+00 3.06787996e-12 0.00000000e+00 1.95658333e-14
1.09780260e+01 3.23775131e-12 1.42304793e-15 0.00000000e+00 3.23632827e-12 0.00000000e+00 1.77259066e-14
1.13454280e+01 3.32964293e-12 1.80701710e-15 0.00000000e+00 3.32783591e-12 0.00000000e+00 1.60590026e-14
1.17251259e+01 3.38311672e-12 2.16662689e-15 0.00000000e+00 3.38095010e-12 0.00000000e+00 1.45488504e-14
1.21175312e+01 3.38929505e-12 2.52749329e-15 0.00000000e+00 3.38676756e-12 0.00000000e+00 1.31807094e-14
1.25230691e+01 3.34521019e-12 2.86232444e-15 0.00000000e+00 3.34234787e-12 0.00000000e+00 1.19412254e-14
1.29421791e+01 3.24802921e-12 3.11814647e-15 0.00000000e+00 3.24491107e-12 0.00000000e+00 1.08182996e-14
1.33753155e+01 3.12961554e-12 3.29136431e-15 0.00000000e+00 3.12632418e-12 0.00000000e+00 9.80097124e-15
1.38229477e+01 3.02428499e-12 3.26227679e-15 0.00000000e+00 3.02102271e-12 0.00000000e+00 8.87931012e-15
1.42855609e+01 2.94074457e-12 3.07830736e-15 0.00000000e+00 2.93766626e-12 0.00000000e+00 8.04431992e-15
1.47636563e+01 2.93225309e-12 2.66420280e-15 0.00000000e+00 2.92958889e-12 0.00000000e+00 7.28785031e-15
1.52577522e+01 2.93580303e-12 2.25737650e-15 0.00000000e+00 2.93354566e-12 0.00000000e+00 6.60251738e-15
1.57683840e+01 2.94255419e-12 1.87641065e-15 0.00000000e+00 2.94067778e-12 0.00000000e+00 5.98163161e-15
1.62961051e+01 2.95263563e-12 1.55134844e-15 0.00000000e+00 2.95108429e-12 0.00000000e+00 5.41913253e-15
1.68414875e+01 2.96648371e-12 1.27722762e-15 0.00000000e+00 2.96520649e-12 0.00000000e+00 4.90952959e-15
1.74051222e+01 2.95096463e-12 1.08441184e-15 0.00000000e+00 2.94988021e-12 0.00000000e+00 4.44784855e-15
1.79876201e+01 2.92207284e-12 9.40902677e-16 0.00000000e+00 2.92113194e-12 0.00000000e+00 4.02958296e-15
1.85896125e+01 2.85700625e-12 8.54015798e-16 0.00000000e+00 2.85615224e-12 0.00000000e+00 3.65065011e-15
1.92117518e+01 2.78793038e-12 8.08710581e-16 0.00000000e+00 2.78712167e-12 0.00000000e+00 3.30735125e-15
1.98547123e+01 2.69486606e-12 7.85435140e-16 0.00000000e+00 2.69408063e-12 0.00000000e+00 2.99633543e-15
2.05191907e+01 2.58754245e-12 7.70036309e-16 0.00000000e+00 2.58677241e-12 0.00000000e+00 2.71456684e-15
2.12059073e+01 2.47703583e-12 7.51568029e-16 0.00000000e+00 2.47628427e-12 0.00000000e+00 2.45929512e-15
2.19156062e+01 2.36525666e-12 7.26358766e-16 0.00000000e+00 2.36453030e-12 0.00000000e+00 2.22802858e-15
2.26490567e+01 2.25194343e-12 6.98344268e-16 0.00000000e+00 2.25124509e-12 0.00000000e+00 2.01850983e-15
2.34070535e+01 2.13796062e-12 6.68054991e-16 0.00000000e+00 2.13729256e-12 0.00000000e+00 1.82869374e-15
2.41904183e+01 2.02808821e-12 6.35758888e-16 0.00000000e+00 2.02745245e-12 0.00000000e+00 1.65672752e-15
2.50000000e+01 1.92470144e-12 6.02388454e-16 0.00000000e+00 1.92409905e-12 0.00000000e+00 1.50093262e-15
2.75422870e+01 1.60955073e-12 5.06336942e-16 0.00000000e+00 1.60904440e-12 0.00000000e+00 1.12248675e-15
3.16227766e+01 1.20249336e-12 3.82536806e-16 0.00000000e+00 1.20211082e-12 0.00000000e+00 7.41619640e-16
3.63078055e+01 8.47639090e-13 2.83371890e-16 0.00000000e+00 8.47355718e-13 0.00000000e+00 4.89983237e-16
4.16869383e+01 5.58513398e-13 2.08287802e-16 0.00000000e+00 5.58305110e-13 0.00000000e+00 3.23728714e-16
4.78630092e+01 3.44946916e-13 1.51615360e-16 0.00000000e+00 3.44795301e-13 0.00000000e+00 2.13885440e-16
5.49540874e+01 2.02942275e-13 1.08656836e-16 0.00000000e+00 2.02833618e-13 0.00000000e+00 1.41312709e-16
6.30957344e+01 1.14777981e-13 7.65836886e-17 0.00000000e+00 1.14701398e-13 0.00000000e+00 9.33643811e-17
7.24435960e+01 6.31004231e-14 5.31826923e-17 0.00000000e+00 6.30472404e-14 0.00000000e+00 6.16852348e-17
8.31763771e+01 3.40437867e-14 3.64789517e-17 0.00000000e+00 3.40073078e-14 0.00000000e+00 4.07550305e-17
9.54992586e+01 1.81467725e-14 2.47809487e-17 0.00000000e+00 1.81219915e-14 0.00000000e+00 2.69265816e-17
1.09647820e+02 9.59649723e-15 1.67136046e-17 0.00000000e+00 9.57978362e-15 0.00000000e+00 1.77902161e-17
1.25892541e+02 5.10974099e-15 1.12071825e-17 0.00000000e+00 5.09853380e-15 0.00000000e+00 1.17538792e-17
1.44543977e+02 2.72104488e-15 7.48656842e-18 0.00000000e+00 2.71355831e-15 0.00000000e+00 7.76571097e-18
1.65958691e+02 1.38408192e-15 4.99323740e-18 0.00000000e+00 1.37908868e-15 0.00000000e+00 5.13075436e-18
1.90546072e+02 7.07920384e-16 3.32153094e-18 0.00000000e+00 7.04598853e-16 0.00000000e+00 3.38985579e-18
2.18776162e+02 3.62932391e-16 2.20553233e-18 0.00000000e+00 3.60726859e-16 0.00000000e+00 2.23965551e-18
2.51188643e+02 1.86040304e-16 1.46264015e-18 0.00000000e+00 1.84577663e-16 0.00000000e+00 1.47972572e-18
2.88403150e+02 9.52041827e-17 9.69086215e-19 0.00000000e+00 9.42350965e-17 0.00000000e+00 9.77645088e-19
3.31131121e+02 4.87196459e-17 6.41628715e-19 0.00000000e+00 4.80780171e-17 0.00000000e+00 6.45923704e-19
3.80189396e+02 2.49020040e-17 4.24602253e-19 0.00000000e+00 2.44774017e-17 0.00000000e+00 4.26757559e-19
4.36515832e+02 1.27299639e-17 2.80873497e-19 0.00000000e+00 1.24490904e-17 0.00000000e+00 2.81955923e-19
5.01187234e+02 6.50781377e-18 1.85742766e-19 0.00000000e+00 6.32207100e-18 0.00000000e+00 1.86286431e-19
5.75439937e+02 3.32954426e-18 1.22805107e-19 0.00000000e+00 3.20673916e-18 0.00000000e+00 1.23078224e-19
6.60693448e+02 1.70603428e-18 8.11797477e-20 0.00000000e+00 1.62485453e-18 0.00000000e+00 8.13169765e-20
7.58577575e+02 8.76200320e-19 5.36566337e-20 0.00000000e+00 8.22543686e-19 0.00000000e+00 5.37255936e-20
8.70963590e+02 4.51407614e-19 3.54614991e-20 0.00000000e+00 4.15946115e-19 0.00000000e+00 3.54961477e-20
1.00000000e+03 2.10114467e-19 0.00000000e+00 0.00000000e+00 2.10114467e-19 0.00000000e+00 0.00000000e+00
