# column 1: lambda (micron)
# column 2: total flux; lambda*F_lambda (W/m2)
# column 3: direct stellar flux; lambda*F_lambda (W/m2)
# column 4: scattered stellar flux; lambda*F_lambda (W/m2)
# column 5: total dust emission flux; lambda*F_lambda (W/m2)
# column 6: dust emission scattered flux; lambda*F_lambda (W/m2)
# column 7: transparent flux; lambda*F_lambda (W/m2)
1.00000000e-03 4.37466591e-13 4.30639692e-13 6.82689948e-15 0.00000000e+00 0.00000000e+00 6.93993746e-13
1.14815362e-03 4.40251720e-13 4.36070344e-13 4.18137640e-15 0.00000000e+00 0.00000000e+00 8.19135139e-13
1.31825674e-03 4.37210689e-13 4.33753536e-13 3.45715270e-15 0.00000000e+00 0.00000000e+00 9.66842108e-13
1.51356125e-03 4.86382901e-13 4.43548999e-13 4.28339023e-14 0.00000000e+00 0.00000000e+00 1.14118369e-12
1.73780083e-03 5.32258919e-13 5.18441748e-13 1.38171717e-14 0.00000000e+00 0.00000000e+00 1.34696266e-12
1.99526231e-03 4.65569702e-13 4.48324959e-13 1.72447430e-14 0.00000000e+00 0.00000000e+00 1.58984782e-12
2.29086765e-03 6.47326165e-13 4.90200565e-13 1.57125601e-13 0.00000000e+00 0.00000000e+00 1.87653019e-12
2.63026799e-03 5.74566387e-13 4.43339032e-13 1.31227355e-13 0.00000000e+00 0.00000000e+00 2.21490731e-12
3.01995172e-03 3.60202813e-13 3.57531755e-13 2.67105830e-15 0.00000000e+00 0.00000000e+00 2.61430080e-12
3.46736850e-03 4.19131811e-13 2.95757862e-13 1.23373949e-13 0.00000000e+00 0.00000000e+00 3.08571319e-12
3.98107171e-03 3.62398732e-13 2.48662247e-13 1.13736485e-13 0.00000000e+00 0.00000000e+00 3.64213095e-12
4.57088190e-03 3.35352507e-12 7.17379522e-13 2.63614555e-12 0.00000000e+00 0.00000000e+00 4.29888232e-12
5.24807460e-03 9.92478705e-13 5.15427000e-13 4.77051705e-13 0.00000000e+00 0.00000000e+00 5.07405951e-12
6.02559586e-03 6.99308060e-13 3.80032009e-13 3.19276051e-13 0.00000000e+00 0.00000000e+00 5.98901715e-12
6.91830971e-03 9.17869391e-13 2.93251621e-13 6.24617770e-13 0.00000000e+00 0.00000000e+00 7.06896053e-12
7.94328235e-03 4.95066391e-13 2.39542666e-13 2.55523726e-13 2.73610653e-304 7.30241530e-306 8.34363998e-12
9.12010839e-03 6.36593549e-13 1.91527945e-13 4.45065604e-13 1.15116099e-265 2.20689208e-267 9.84817045e-12
1.04712855e-02 2.94993235e-13 1.66325366e-13 1.28667869e-13 4.72762319e-232 6.77346997e-234 1.09990604e-11
1.20226443e-02 4.34811063e-13 1.29873997e-13 3.04937066e-13 7.38157355e-203 2.35518342e-204 1.09990604e-11
1.38038426e-02 2.64241980e-13 9.68480572e-14 1.67393923e-13 1.93784640e-177 4.30556752e-179 1.09990604e-11
1.58489319e-02 1.97480877e-13 6.75285826e-14 1.29952294e-13 2.56467762e-155 5.04306332e-157 1.09990604e-11
1.81970086e-02 1.67655170e-13 4.84227150e-14 1.19232455e-13 4.54517246e-136 1.24289136e-137 1.09990604e-11
2.08929613e-02 1.49927921e-13 3.67273612e-14 1.13200560e-13 2.35706479e-119 6.57046323e-121 1.09990604e-11
2.39883292e-02 1.36823141e-13 2.56704278e-14 1.11152713e-13 8.09686606e-105 2.40023321e-106 1.09990604e-11
2.75422870e-02 1.27722465e-13 1.69236320e-14 1.10798833e-13 3.58861994e-92 1.06703635e-93 1.09990604e-11
3.16227766e-02 1.27593141e-13 1.12495122e-14 1.16343629e-13 3.45851458e-81 1.14056061e-82 1.09990604e-11
3.63078055e-02 1.10003805e-13 8.16622466e-15 1.01837581e-13 1.18744746e-71 3.63326585e-73 1.09990604e-11
4.16869383e-02 1.45158654e-13 6.19012810e-15 1.38968526e-13 2.24306055e-63 8.40956947e-65 1.09990604e-11
4.78630092e-02 1.63283680e-13 2.88426868e-15 1.60399411e-13 3.37221969e-56 1.51915958e-57 1.09990604e-11
5.49540874e-02 1.84890615e-13 9.97227095e-16 1.83893387e-13 5.57493095e-50 3.01277470e-51 1.09990604e-11
6.30957344e-02 2.04162216e-13 6.95393822e-17 2.04092677e-13 1.79293012e-44 1.13403546e-45 1.09990604e-11
7.24435960e-02 1.87108194e-13 2.96665562e-18 1.87105227e-13 1.03769276e-39 6.50606437e-41 1.09990604e-11
8.31763771e-02 1.86614072e-13 3.92802107e-18 1.86610144e-13 1.04983732e-35 6.40711726e-37 1.09990604e-11
9.54992586e-02 1.94347836e-13 8.94786652e-18 1.94338888e-13 2.97271713e-32 1.87729786e-33 1.09990604e-11
1.09647820e-01 2.05469381e-13 9.17047197e-17 2.05377676e-13 2.52112420e-29 1.70257247e-30 1.05040253e-11
1.25892541e-01 1.88230583e-13 6.71509805e-16 1.87559073e-13 8.11701215e-27 5.13552870e-28 9.80292679e-12
1.44543977e-01 1.74482636e-13 3.23415303e-15 1.71248483e-13 1.10839270e-24 6.50812149e-26 9.14862359e-12
1.65958691e-01 1.89262442e-13 8.18019602e-15 1.81082246e-13 5.65295077e-23 3.86062544e-24 8.53799231e-12
1.90546072e-01 1.99507766e-13 4.79702534e-15 1.94710740e-13 1.18939086e-21 9.73179134e-23 7.96811805e-12
2.18776162e-01 1.96554159e-13 1.24093756e-15 1.95313207e-13 1.41014425e-20 1.25683342e-21 7.43628044e-12
2.51188643e-01 2.31914368e-13 6.61080485e-15 2.25303392e-13 1.71787761e-19 1.86452398e-20 6.93994070e-12
2.88403150e-01 2.29514958e-13 2.00963748e-14 2.09417145e-13 1.43797439e-18 1.48662666e-19 6.47672950e-12
3.31131121e-01 2.24074304e-13 3.93431926e-14 1.84722935e-13 8.17614337e-18 8.36384292e-19 6.04443567e-12
3.80189396e-01 2.41016763e-13 6.78088950e-14 1.73173181e-13 3.46867329e-17 3.48188787e-18 5.64099558e-12
4.36515832e-01 2.77774639e-13 1.12277209e-13 1.65384169e-13 1.13261770e-16 1.21984774e-17 5.26448339e-12
5.01187234e-01 3.31636530e-13 1.80584651e-13 1.50730153e-13 3.21726196e-16 4.21198380e-17 4.91310176e-12
5.75439937e-01 4.22740482e-13 2.76902696e-13 1.44900709e-13 9.37076201e-16 1.67381814e-16 4.58517335e-12
6.60693448e-01 5.43112580e-13 4.02266710e-13 1.37729733e-13 3.11613705e-15 7.14708737e-16 4.27913275e-12
7.58577575e-01 6.96987395e-13 5.58354838e-13 1.27921099e-13 1.07114583e-14 2.71577600e-15 3.99351904e-12
8.70963590e-01 9.03198345e-13 7.51816609e-13 1.17396997e-13 3.39847394e-14 8.63505158e-15 3.72696882e-12
1.00000000e+00 1.16353907e-12 9.65574798e-13 1.06352227e-13 9.16120453e-14 2.21438711e-14 3.47820968e-12
1.14815362e+00 1.49422219e-12 1.18498953e-12 9.31944403e-14 2.16038217e-13 4.84357824e-14 3.24605414e-12
1.31825674e+00 1.93222831e-12 1.39061983e-12 7.81983597e-14 4.63410114e-13 9.24259517e-14 3.02939399e-12
1.51356125e+00 2.49899667e-12 1.55855193e-12 6.55901021e-14 8.74854644e-13 1.53676067e-13 2.82719497e-12
1.73780083e+00 3.20716108e-12 1.68559564e-12 5.28788404e-14 1.46868660e-12 2.17232422e-13 2.63849186e-12
1.99526231e+00 4.02288170e-12 1.76697071e-12 4.19765716e-14 2.21393442e-12 2.69817840e-13 2.46238388e-12
2.29086765e+00 4.88252328e-12 1.79863932e-12 3.19046535e-14 3.05197931e-12 2.94389507e-13 2.29803035e-12
2.63026799e+00 5.73527977e-12 1.78670622e-12 2.41405261e-14 3.92443303e-12 2.89607792e-13 2.14464670e-12
3.01995172e+00 6.51231692e-12 1.74379600e-12 1.76443006e-14 4.75087662e-12 2.65564365e-13 2.00150076e-12
3.46736850e+00 7.16658560e-12 1.68048280e-12 1.26778705e-14 5.47342493e-12 2.21125813e-13 1.86790919e-12
3.98107171e+00 7.65497748e-12 1.60574567e-12 8.70062664e-15 6.04053118e-12 1.71126616e-13 1.74323429e-12
4.57088190e+00 7.96702585e-12 1.52495293e-12 5.70990635e-15 6.43636301e-12 1.22557653e-13 1.62688090e-12
5.24807460e+00 7.94458629e-12 1.27704967e-12 3.24423226e-15 6.66429239e-12 8.29152800e-14 1.34518114e-12
6.02559586e+00 7.60784044e-12 8.51182641e-13 1.39016456e-15 6.75526763e-12 5.28563069e-14 8.88752369e-13
6.70000000e+00 7.35595344e-12 6.22233060e-13 7.05085081e-16 6.73301530e-12 3.55985502e-14 6.46481889e-13
6.92422916e+00 7.24795245e-12 5.64475583e-13 5.63817587e-16 6.68291305e-12 3.11081408e-14 5.85688198e-13
7.15596261e+00 7.18891024e-12 5.11723231e-13 4.46690008e-16 6.67674032e-12 2.70502280e-14 5.30611407e-13
7.39545150e+00 7.19809937e-12 4.63200898e-13 3.39465843e-16 6.73455901e-12 2.32808356e-14 4.80713913e-13
7.64295536e+00 7.41937859e-12 4.17477574e-13 2.41015362e-16 7.00166000e-12 1.94946114e-14 4.35508666e-13
7.89874245e+00 7.88541783e-12 3.73577440e-13 1.51093249e-16 7.51168930e-12 1.56231419e-14 3.94554418e-13
8.16308998e+00 8.47828265e-12 3.32031995e-13 8.65783873e-17 8.14616407e-12 1.22865132e-14 3.57451415e-13
8.43628443e+00 9.23284568e-12 2.92292326e-13 4.65807778e-17 8.94050677e-12 9.12202537e-15 3.23837494e-13
8.71862190e+00 9.67446880e-12 2.58670270e-13 2.74868753e-17 9.41577104e-12 6.80564114e-15 2.93384550e-13
9.01040836e+00 1.00701233e-11 2.28188780e-13 1.48522691e-17 9.84191962e-12 4.69446776e-15 2.65795332e-13
9.31196005e+00 1.04778893e-11 2.01750541e-13 0.00000000e+00 1.02761388e-11 0.00000000e+00 2.40800541e-13
9.62360379e+00 1.04745412e-11 1.81928368e-13 0.00000000e+00 1.02926128e-11 0.00000000e+00 2.18156204e-13
9.94567731e+00 1.02013995e-11 1.66677304e-13 0.00000000e+00 1.00347222e-11 0.00000000e+00 1.97641289e-13
1.02785297e+01 9.81254792e-12 1.53476675e-13 0.00000000e+00 9.65907124e-12 0.00000000e+00 1.79055550e-13
1.06225216e+01 9.53639368e-12 1.41313855e-13 0.00000000e+00 9.39507982e-12 0.00000000e+00 1.62217572e-13
1.09780260e+01 9.20461559e-12 1.30473340e-13 0.00000000e+00 9.07414225e-12 0.00000000e+00 1.46962999e-13
1.13454280e+01 8.82666528e-12 1.20102152e-13 0.00000000e+00 8.70656313e-12 0.00000000e+00 1.33142932e-13
1.17251259e+01 8.54241154e-12 1.10256424e-13 0.00000000e+00 8.43215512e-12 0.00000000e+00 1.20622472e-13
1.21175312e+01 8.21898793e-12 1.01086871e-13 0.00000000e+00 8.11790106e-12 0.00000000e+00 1.09279408e-13
1.25230691e+01 7.86293093e-12 9.25503364e-14 0.00000000e+00 7.77038060e-12 0.00000000e+00 9.90030204e-14
1.29421791e+01 7.50149079e-12 8.45796961e-14 0.00000000e+00 7.41691109e-12 0.00000000e+00 8.96930008e-14
1.33753155e+01 7.16445017e-12 7.71805528e-14 0.00000000e+00 7.08726962e-12 0.00000000e+00 8.12584743e-14
1.38229477e+01 6.92910522e-12 7.02198439e-14 0.00000000e+00 6.85888538e-12 0.00000000e+00 7.36171115e-14
1.42855609e+01 6.78926160e-12 6.37388546e-14 0.00000000e+00 6.72552274e-12 0.00000000e+00 6.66943252e-14
1.47636563e+01 6.84936489e-12 5.76205647e-14 0.00000000e+00 6.79174432e-12 0.00000000e+00 6.04225420e-14
1.52577522e+01 6.94844696e-12 5.20374233e-14 0.00000000e+00 6.89640954e-12 0.00000000e+00 5.47405431e-14
1.57683840e+01 7.09151203e-12 4.69528344e-14 0.00000000e+00 7.04455920e-12 0.00000000e+00 4.95928665e-14
1.62961051e+01 7.20341128e-12 4.23542813e-14 0.00000000e+00 7.16105700e-12 0.00000000e+00 4.49292657e-14
1.68414875e+01 7.34537291e-12 3.81985452e-14 0.00000000e+00 7.30717437e-12 0.00000000e+00 4.07042194e-14
1.74051222e+01 7.33615397e-12 3.45006324e-14 0.00000000e+00 7.30165334e-12 0.00000000e+00 3.68764869e-14
1.79876201e+01 7.28979532e-12 3.11926294e-14 0.00000000e+00 7.25860269e-12 0.00000000e+00 3.34087056e-14
1.85896125e+01 7.20581306e-12 2.82618356e-14 0.00000000e+00 7.17755122e-12 0.00000000e+00 3.02670267e-14
1.92117518e+01 7.00651403e-12 2.56576715e-14 0.00000000e+00 6.98085636e-12 0.00000000e+00 2.74207841e-14
1.98547123e+01 6.74352882e-12 2.33212959e-14 0.00000000e+00 6.72020753e-12 0.00000000e+00 2.48421957e-14
2.05191907e+01 6.46555558e-12 2.12070768e-14 0.00000000e+00 6.44434850e-12 0.00000000e+00 2.25060919e-14
2.12059073e+01 6.19966428e-12 1.92804524e-14 0.00000000e+00 6.18038383e-12 0.00000000e+00 2.03896700e-14
2.19156062e+01 5.91920179e-12 1.75207201e-14 0.00000000e+00 5.90168107e-12 0.00000000e+00 1.84722717e-14
2.26490567e+01 5.65174769e-12 1.59176823e-14 0.00000000e+00 5.63583001e-12 0.00000000e+00 1.67351811e-14
2.34070535e+01 5.39101448e-12 1.44578944e-14 0.00000000e+00 5.37655658e-12 0.00000000e+00 1.51614426e-14
2.41904183e+01 5.10030534e-12 1.31287541e-14 0.00000000e+00 5.08717659e-12 0.00000000e+00 1.37356949e-14
2.50000000e+01 4.85713850e-12 1.19193484e-14 0.00000000e+00 4.84521915e-12 0.00000000e+00 1.24440213e-14
2.75422870e+01 4.08575528e-12 8.96327784e-15 0.00000000e+00 4.07679200e-12 0.00000000e+00 9.30637977e-15
3.16227766e+01 3.08185822e-12 5.95956591e-15 0.00000000e+00 3.07589865e-12 0.00000000e+00 6.14866414e-15
3.63078055e+01 2.19320923e-12 3.95875805e-15 0.00000000e+00 2.18925048e-12 0.00000000e+00 4.06238211e-15
4.16869383e+01 1.46382205e-12 2.62871783e-15 0.00000000e+00 1.46119333e-12 0.00000000e+00 2.68398924e-15
4.78630092e+01 9.16433294e-13 1.74473510e-15 0.00000000e+00 9.14688558e-13 0.00000000e+00 1.77329411e-15
5.49540874e+01 5.45800010e-13 1.15716634e-15 0.00000000e+00 5.44642843e-13 0.00000000e+00 1.17160380e-15
6.30957344e+01 3.11929203e-13 7.66868179e-16 0.00000000e+00 3.11162335e-13 0.00000000e+00 7.74070953e-16
7.24435960e+01 1.73163522e-13 5.07857096e-16 0.00000000e+00 1.72655665e-13 0.00000000e+00 5.11423607e-16
8.31763771e+01 9.40566917e-14 3.36131586e-16 0.00000000e+00 9.37205601e-14 0.00000000e+00 3.37894226e-16
9.54992586e+01 5.04317088e-14 2.22371494e-16 0.00000000e+00 5.02093373e-14 0.00000000e+00 2.23244502e-16
1.09647820e+02 2.67997045e-14 1.47062358e-16 0.00000000e+00 2.66526422e-14 0.00000000e+00 1.47496179e-16
1.25892541e+02 1.43188898e-14 9.72310004e-17 0.00000000e+00 1.42216588e-14 0.00000000e+00 9.74497594e-17
1.44543977e+02 7.64700915e-15 6.42733002e-17 0.00000000e+00 7.58273585e-15 0.00000000e+00 6.43844175e-17
1.65958691e+02 3.90447404e-15 4.24838661e-17 0.00000000e+00 3.86199017e-15 0.00000000e+00 4.25383628e-17
1.90546072e+02 2.00417982e-15 2.80778284e-17 0.00000000e+00 1.97610199e-15 0.00000000e+00 2.81048176e-17
2.18776162e+02 1.03120094e-15 1.85552218e-17 0.00000000e+00 1.01264572e-15 0.00000000e+00 1.85686688e-17
2.51188643e+02 5.30837053e-16 1.22614768e-17 0.00000000e+00 5.18575576e-16 0.00000000e+00 1.22681978e-17
2.88403150e+02 2.72987423e-16 8.10215560e-18 0.00000000e+00 2.64885267e-16 0.00000000e+00 8.10551794e-18
3.31131121e+02 1.40546502e-16 5.35357702e-18 0.00000000e+00 1.35192925e-16 0.00000000e+00 5.35526259e-18
3.80189396e+02 7.23818360e-17 3.53734170e-18 0.00000000e+00 6.88444943e-17 0.00000000e+00 3.53818691e-18
4.36515832e+02 3.73569856e-17 2.33723268e-18 0.00000000e+00 3.50197529e-17 0.00000000e+00 2.33765691e-18
5.01187234e+02 1.93302280e-17 1.54426162e-18 0.00000000e+00 1.77859664e-17 0.00000000e+00 1.54447460e-18
5.75439937e+02 1.00423970e-17 1.02031729e-18 0.00000000e+00 9.02207967e-18 0.00000000e+00 1.02042425e-18
6.60693448e+02 5.24567772e-18 6.74133889e-19 0.00000000e+00 4.57154384e-18 0.00000000e+00 6.74187617e-19
7.58577575e+02 2.75965846e-18 4.45404347e-19 0.00000000e+00 2.31425412e-18 0.00000000e+00 4.45431341e-19
8.70963590e+02 1.46454978e-18 2.94280007e-19 0.00000000e+00 1.17026978e-18 0.00000000e+00 2.94293569e-19
1.00000000e+03 5.91146547e-19 0.00000000e+00 0.00000000e+00 5.91146547e-19 0.00000000e+00 0.00000000e+00
