# column 1: lambda (micron)
# column 2: total flux; lambda*F_lambda (W/m2)
# column 3: direct stellar flux; lambda*F_lambda (W/m2)
# column 4: scattered stellar flux; lambda*F_lambda (W/m2)
# column 5: total dust emission flux; lambda*F_lambda (W/m2)
# column 6: dust emission scattered flux; lambda*F_lambda (W/m2)
# column 7: transparent flux; lambda*F_lambda (W/m2)
1.00000000e-03 6.08786653e-15 5.77163622e-15 3.16230306e-16 0.00000000e+00 0.00000000e+00 5.25636674e-13
1.14815362e-03 1.78573080e-15 1.59964638e-15 1.86084423e-16 0.00000000e+00 0.00000000e+00 6.20419813e-13
1.31825674e-03 6.84903511e-16 3.74471621e-16 3.10431890e-16 0.00000000e+00 0.00000000e+00 7.32294308e-13
1.51356125e-03 2.52153015e-16 1.13863228e-16 1.38289787e-16 0.00000000e+00 0.00000000e+00 8.64342083e-13
1.73780083e-03 3.96563072e-16 1.22540735e-16 2.74022337e-16 0.00000000e+00 0.00000000e+00 1.02020080e-12
1.99526231e-03 1.98317596e-16 7.63653932e-18 1.90681057e-16 0.00000000e+00 0.00000000e+00 1.20416405e-12
2.29086765e-03 2.26779585e-16 4.37343822e-18 2.22406146e-16 0.00000000e+00 0.00000000e+00 1.42129968e-12
2.63026799e-03 3.39143537e-16 4.16402006e-19 3.38727135e-16 0.00000000e+00 0.00000000e+00 1.67758934e-12
3.01995172e-03 3.14548382e-16 1.34127911e-20 3.14534969e-16 0.00000000e+00 0.00000000e+00 1.98009332e-12
3.46736850e-03 4.12119094e-16 5.49456067e-22 4.12118545e-16 0.00000000e+00 0.00000000e+00 2.33714500e-12
3.98107171e-03 3.42720957e-16 2.62433641e-23 3.42720931e-16 0.00000000e+00 0.00000000e+00 2.75858048e-12
4.57088190e-03 2.57834045e-15 1.44784450e-19 2.57819567e-15 0.00000000e+00 0.00000000e+00 3.25600946e-12
5.24807460e-03 6.17510002e-15 1.56487940e-21 6.17509845e-15 0.00000000e+00 0.00000000e+00 3.84313516e-12
6.02559586e-03 3.52737101e-14 2.16003429e-23 3.52737100e-14 0.00000000e+00 0.00000000e+00 4.53613173e-12
6.91830971e-03 6.97309503e-15 4.58492048e-25 6.97309502e-15 0.00000000e+00 0.00000000e+00 5.35408989e-12
7.94328235e-03 1.61563612e-14 1.66702356e-26 1.61563612e-14 0.00000000e+00 0.00000000e+00 6.31954278e-12
9.12010839e-03 8.16116492e-15 4.95094685e-28 8.16116492e-15 0.00000000e+00 0.00000000e+00 7.45908676e-12
1.04712855e-02 2.17015464e-14 5.12328601e-29 2.17015464e-14 0.00000000e+00 0.00000000e+00 8.33078048e-12
1.20226443e-02 2.57531987e-14 4.94061358e-30 2.57531987e-14 6.51483661e-300 6.51480931e-300 8.33078048e-12
1.38038426e-02 1.76618031e-14 3.08296253e-31 1.76618031e-14 1.82349855e-262 1.82349448e-262 8.33078048e-12
1.58489319e-02 3.35036069e-14 1.01940314e-32 3.35036069e-14 1.50971473e-229 1.50971411e-229 8.33078048e-12
1.81970086e-02 1.78354022e-14 4.39275414e-34 1.78354022e-14 8.21633240e-201 8.21633179e-201 8.33078048e-12
2.08929613e-02 2.92353123e-14 3.21827015e-35 2.92353123e-14 3.64047017e-176 3.64047003e-176 8.33078048e-12
2.39883292e-02 2.47050144e-14 1.08866929e-36 2.47050144e-14 8.98253633e-155 8.98253619e-155 8.33078048e-12
2.75422870e-02 2.12393494e-14 2.11925876e-38 2.12393494e-14 5.57897446e-136 5.57897444e-136 8.33078048e-12
3.16227766e-02 1.76675777e-14 4.45980863e-40 1.76675777e-14 8.68486455e-120 8.68486455e-120 8.33078048e-12
3.63078055e-02 1.38258847e-14 2.15806047e-41 1.38258847e-14 1.26566655e-105 1.26566655e-105 8.33078048e-12
4.16869383e-02 1.27747925e-14 1.57206134e-42 1.27747925e-14 2.33098739e-93 2.33098739e-93 8.33078048e-12
4.78630092e-02 1.43895442e-14 1.15005290e-45 1.43895442e-14 1.44907349e-82 1.44907349e-82 8.33078048e-12
5.49540874e-02 9.00626243e-15 5.01025545e-50 9.00626243e-15 2.62042948e-73 2.62042948e-73 8.33078048e-12
6.30957344e-02 6.73604334e-15 5.82116979e-61 6.73604334e-15 4.01630327e-65 4.01630327e-65 8.33078048e-12
7.24435960e-02 4.60960699e-15 6.49446697e-74 4.60960699e-15 4.73665144e-58 4.73665144e-58 8.33078048e-12
8.31763771e-02 4.61499333e-15 9.22832889e-73 4.61499333e-15 4.35524008e-52 4.35524008e-52 8.33078048e-12
9.54992586e-02 4.88560816e-15 2.21603501e-69 4.88560816e-15 8.38100568e-47 8.38100568e-47 8.33078048e-12
1.09647820e-01 7.15331652e-15 1.17536975e-59 7.15331652e-15 3.18865542e-42 3.18865542e-42 7.95583672e-12
1.25892541e-01 8.63186943e-15 3.15383179e-51 8.63186943e-15 2.38897875e-38 2.38897875e-38 7.42481883e-12
1.44543977e-01 1.03289064e-14 1.61143843e-44 1.03289064e-14 5.42383581e-35 5.42219423e-35 6.92924411e-12
1.65958691e-01 1.36857482e-14 1.86675702e-40 1.36857482e-14 3.88000186e-32 3.87999123e-32 6.46674687e-12
1.90546072e-01 1.24734937e-14 2.15390639e-42 1.24734937e-14 9.71414809e-30 9.71315986e-30 6.03511933e-12
2.18776162e-01 1.02308486e-14 1.08370643e-47 1.02308486e-14 8.47777522e-28 8.46441928e-28 5.63230107e-12
2.51188643e-01 1.73310078e-14 1.43668862e-40 1.73310078e-14 1.20802551e-25 1.19982514e-25 5.25636919e-12
2.88403150e-01 2.04394628e-14 9.46855721e-36 2.04394628e-14 8.97701091e-24 8.79136237e-24 4.90552916e-12
3.31131121e-01 2.12547511e-14 9.73466472e-33 2.12547507e-14 3.79418948e-22 3.64527429e-22 4.57810618e-12
3.80189396e-01 2.27775043e-14 3.00047060e-30 2.27774943e-14 9.99559739e-21 9.25258097e-21 4.27253728e-12
4.36515832e-01 2.43457622e-14 6.33042599e-28 2.43455689e-14 1.93305916e-19 1.72049990e-19 3.98736380e-12
5.01187234e-01 2.85082457e-14 1.01484545e-25 2.85059345e-14 2.31119445e-18 1.92843538e-18 3.72122441e-12
5.75439937e-01 2.95884637e-14 1.03574097e-23 2.95680984e-14 2.03652553e-17 1.57958821e-17 3.47284869e-12
6.60693448e-01 3.24129043e-14 6.34311567e-22 3.22794693e-14 1.33434358e-16 9.54779626e-17 3.24105097e-12
7.58577575e-01 3.55239277e-14 2.52487953e-20 3.47998041e-14 7.24098278e-16 4.63224923e-16 3.02472476e-12
8.70963590e-01 4.07985966e-14 7.54100697e-19 3.76594826e-14 3.13835991e-15 1.81152457e-15 2.82283739e-12
1.00000000e+00 5.06265398e-14 1.44058012e-17 3.93738570e-14 1.12382770e-14 5.60273866e-15 2.63442513e-12
1.14815362e+00 7.41633665e-14 1.79044253e-16 3.84084245e-14 3.55758977e-14 1.52387714e-14 2.45858859e-12
1.31825674e+00 1.39893884e-13 1.45759220e-15 3.79745628e-14 1.00461729e-13 3.52998352e-14 2.29448837e-12
1.51356125e+00 2.85491621e-13 7.68066397e-15 3.78723279e-14 2.39938630e-13 7.05790933e-14 2.14134114e-12
1.73780083e+00 5.85453175e-13 2.88933061e-14 3.55664418e-14 5.20993427e-13 1.24431006e-13 1.99841583e-12
1.99526231e+00 1.09760563e-12 8.09147078e-14 3.27981320e-14 9.83892795e-13 1.83184809e-13 1.86503017e-12
2.29086765e+00 1.85708822e-12 1.71634821e-13 2.85067450e-14 1.65694665e-12 2.34861599e-13 1.74054743e-12
2.63026799e+00 2.78175684e-12 2.89008715e-13 2.31146391e-14 2.46963349e-12 2.54136662e-13 1.62437337e-12
3.01995172e+00 3.74992505e-12 4.11843648e-13 1.76926317e-14 3.32038877e-12 2.38997636e-13 1.51595343e-12
3.46736850e+00 4.66316814e-12 5.20612271e-13 1.26844868e-14 4.12987138e-12 1.99204954e-13 1.41477006e-12
3.98107171e+00 5.34403421e-12 6.07232453e-13 8.67085720e-15 4.72813090e-12 1.48132309e-13 1.32034025e-12
4.57088190e+00 5.76906056e-12 6.68371412e-13 5.63157033e-15 5.09505757e-12 9.98292008e-14 1.23221321e-12
5.24807460e+00 5.87174100e-12 6.23292972e-13 3.11628078e-15 5.24533175e-12 6.33097705e-14 1.01885146e-12
6.02559586e+00 5.65305037e-12 4.47467246e-13 1.31018429e-15 5.20427294e-12 3.72446848e-14 6.73148485e-13
6.70000000e+00 5.40905190e-12 3.41121419e-13 6.52322007e-16 5.06727816e-12 2.35953352e-14 4.89650796e-13
6.92422916e+00 5.33602365e-12 3.12983459e-13 5.24107042e-16 5.02251608e-12 2.04360968e-14 4.43605145e-13
7.15596261e+00 5.27413498e-12 2.85284050e-13 4.10619015e-16 4.98844031e-12 1.74533040e-14 4.01889522e-13
7.39545150e+00 5.26007151e-12 2.56350449e-13 3.14878671e-16 5.00340618e-12 1.49409388e-14 3.64096743e-13
7.64295536e+00 5.41537190e-12 2.21159618e-13 2.24441604e-16 5.19398784e-12 1.28324149e-14 3.29857910e-13
7.89874245e+00 5.71893948e-12 1.78284870e-13 1.43896578e-16 5.54051071e-12 1.07074153e-14 2.98838820e-13
8.16308998e+00 6.00942420e-12 1.34787343e-13 8.60329757e-17 5.87455083e-12 8.65817289e-15 2.70736695e-13
8.43628443e+00 6.21252357e-12 9.30755054e-14 4.54697982e-17 6.11940259e-12 6.47546965e-15 2.45277229e-13
8.71862190e+00 6.25102494e-12 6.75597628e-14 2.51926618e-17 6.18343998e-12 4.66102115e-15 2.22211915e-13
9.01040836e+00 6.18132347e-12 4.75861811e-14 1.11460915e-17 6.13372614e-12 2.78648711e-15 2.01315610e-13
9.31196005e+00 6.12162379e-12 3.42349461e-14 0.00000000e+00 6.08738884e-12 0.00000000e+00 1.82384346e-13
9.62360379e+00 6.05170513e-12 2.96783606e-14 0.00000000e+00 6.02202677e-12 0.00000000e+00 1.65233336e-13
9.94567731e+00 6.08341546e-12 2.98920355e-14 0.00000000e+00 6.05352342e-12 0.00000000e+00 1.49695167e-13
1.02785297e+01 6.08251114e-12 3.15773353e-14 0.00000000e+00 6.05093381e-12 0.00000000e+00 1.35618173e-13
1.06225216e+01 6.06765667e-12 3.33405487e-14 0.00000000e+00 6.03431612e-12 0.00000000e+00 1.22864947e-13
1.09780260e+01 6.02281221e-12 3.61297706e-14 0.00000000e+00 5.98668244e-12 0.00000000e+00 1.11311006e-13
1.13454280e+01 6.00069491e-12 3.80531657e-14 0.00000000e+00 5.96264174e-12 0.00000000e+00 1.00843571e-13
1.17251259e+01 5.89809368e-12 3.90659804e-14 0.00000000e+00 5.85902770e-12 0.00000000e+00 9.13604705e-14
1.21175312e+01 5.77652210e-12 3.96178338e-14 0.00000000e+00 5.73690426e-12 0.00000000e+00 8.27691389e-14
1.25230691e+01 5.59808577e-12 3.96495302e-14 0.00000000e+00 5.55843624e-12 0.00000000e+00 7.49857166e-14
1.29421791e+01 5.42923982e-12 3.90002814e-14 0.00000000e+00 5.39023954e-12 0.00000000e+00 6.79342298e-14
1.33753155e+01 5.25172474e-12 3.78256515e-14 0.00000000e+00 5.21389909e-12 0.00000000e+00 6.15458488e-14
1.38229477e+01 5.15489067e-12 3.56706180e-14 0.00000000e+00 5.11922005e-12 0.00000000e+00 5.57582167e-14
1.42855609e+01 5.11841114e-12 3.29085379e-14 0.00000000e+00 5.08550260e-12 0.00000000e+00 5.05148403e-14
1.47636563e+01 5.25454817e-12 2.92119875e-14 0.00000000e+00 5.22533618e-12 0.00000000e+00 4.57645392e-14
1.52577522e+01 5.42888914e-12 2.56862703e-14 0.00000000e+00 5.40320287e-12 0.00000000e+00 4.14609457e-14
1.57683840e+01 5.63893093e-12 2.23940418e-14 0.00000000e+00 5.61653688e-12 0.00000000e+00 3.75620523e-14
1.62961051e+01 5.88666109e-12 1.94768592e-14 0.00000000e+00 5.86718423e-12 0.00000000e+00 3.40298020e-14
1.68414875e+01 6.12218726e-12 1.69080026e-14 0.00000000e+00 6.10527925e-12 0.00000000e+00 3.08297166e-14
1.74051222e+01 6.31221409e-12 1.48808914e-14 0.00000000e+00 6.29733320e-12 0.00000000e+00 2.79305599e-14
1.79876201e+01 6.48538328e-12 1.32242191e-14 0.00000000e+00 6.47215906e-12 0.00000000e+00 2.53040334e-14
1.85896125e+01 6.57153517e-12 1.19906296e-14 0.00000000e+00 6.55954454e-12 0.00000000e+00 2.29244994e-14
1.92117518e+01 6.59801370e-12 1.10796285e-14 0.00000000e+00 6.58693407e-12 0.00000000e+00 2.07687314e-14
1.98547123e+01 6.56443924e-12 1.03540734e-14 0.00000000e+00 6.55408516e-12 0.00000000e+00 1.88156870e-14
2.05191907e+01 6.47727524e-12 9.71670650e-15 0.00000000e+00 6.46755853e-12 0.00000000e+00 1.70463024e-14
2.12059073e+01 6.39378739e-12 9.10038512e-15 0.00000000e+00 6.38468701e-12 0.00000000e+00 1.54433068e-14
2.19156062e+01 6.31423452e-12 8.48581690e-15 0.00000000e+00 6.30574870e-12 0.00000000e+00 1.39910532e-14
2.26490567e+01 6.19214998e-12 7.89436694e-15 0.00000000e+00 6.18425562e-12 0.00000000e+00 1.26753663e-14
2.34070535e+01 6.07668964e-12 7.32774453e-15 0.00000000e+00 6.06936190e-12 0.00000000e+00 1.14834036e-14
2.41904183e+01 5.95476374e-12 6.78600269e-15 0.00000000e+00 5.94797774e-12 0.00000000e+00 1.04035303e-14
2.50000000e+01 5.81612698e-12 6.27208423e-15 0.00000000e+00 5.80985490e-12 0.00000000e+00 9.42520591e-15
2.75422870e+01 5.33731330e-12 4.94161901e-15 0.00000000e+00 5.33237168e-12 0.00000000e+00 7.04872996e-15
3.16227766e+01 4.49618365e-12 3.46615782e-15 0.00000000e+00 4.49271749e-12 0.00000000e+00 4.65704970e-15
3.63078055e+01 3.52546974e-12 2.40997791e-15 0.00000000e+00 3.52305976e-12 0.00000000e+00 3.07688223e-15
4.16869383e+01 2.55720316e-12 1.66982703e-15 0.00000000e+00 2.55553333e-12 0.00000000e+00 2.03287593e-15
4.78630092e+01 1.71765513e-12 1.15197713e-15 0.00000000e+00 1.71650315e-12 0.00000000e+00 1.34310781e-15
5.49540874e+01 1.08606115e-12 7.89219864e-16 0.00000000e+00 1.08527193e-12 0.00000000e+00 8.87382527e-16
6.30957344e+01 6.54728772e-13 5.36691430e-16 0.00000000e+00 6.54192080e-13 0.00000000e+00 5.86287821e-16
7.24435960e+01 3.80372970e-13 3.62556753e-16 0.00000000e+00 3.80010413e-13 0.00000000e+00 3.87356522e-16
8.31763771e+01 2.15234377e-13 2.43576422e-16 0.00000000e+00 2.14990801e-13 0.00000000e+00 2.55923916e-16
9.54992586e+01 1.19496230e-13 1.62938001e-16 0.00000000e+00 1.19333292e-13 0.00000000e+00 1.69087255e-16
1.09647820e+02 6.54703402e-14 1.08646595e-16 0.00000000e+00 6.53616936e-14 0.00000000e+00 1.11714841e-16
1.25892541e+02 3.59169963e-14 7.22575144e-17 0.00000000e+00 3.58447388e-14 0.00000000e+00 7.38092637e-17
1.44543977e+02 1.96129557e-14 4.79753660e-17 0.00000000e+00 1.95649803e-14 0.00000000e+00 4.87652969e-17
1.65958691e+02 1.02072210e-14 3.18307683e-17 0.00000000e+00 1.01753903e-14 0.00000000e+00 3.22189122e-17
1.90546072e+02 5.32261477e-15 2.10943373e-17 0.00000000e+00 5.30152044e-15 0.00000000e+00 2.12868242e-17
2.18776162e+02 2.77367698e-15 1.39680650e-17 0.00000000e+00 2.75970892e-15 0.00000000e+00 1.40640653e-17
2.51188643e+02 1.44169743e-15 9.24401779e-18 0.00000000e+00 1.43245342e-15 0.00000000e+00 9.29203577e-18
2.88403150e+02 7.46490865e-16 6.11515168e-18 0.00000000e+00 7.40375713e-16 0.00000000e+00 6.13918715e-18
3.31131121e+02 3.85797270e-16 4.04406639e-18 0.00000000e+00 3.81753204e-16 0.00000000e+00 4.05612073e-18
3.80189396e+02 1.98805710e-16 2.67380599e-18 0.00000000e+00 1.96131904e-16 0.00000000e+00 2.67985239e-18
4.36515832e+02 1.02304727e-16 1.76752534e-18 0.00000000e+00 1.00537202e-16 0.00000000e+00 1.77056092e-18
5.01187234e+02 5.25712105e-17 1.16827372e-18 0.00000000e+00 5.14029368e-17 0.00000000e+00 1.16979800e-18
5.75439937e+02 2.69974730e-17 7.72112281e-19 0.00000000e+00 2.62253608e-17 0.00000000e+00 7.72877871e-19
6.60693448e+02 1.38656815e-17 5.10250729e-19 0.00000000e+00 1.33554308e-17 0.00000000e+00 5.10635346e-19
7.58577575e+02 7.12755263e-18 3.37180172e-19 0.00000000e+00 6.79037246e-18 0.00000000e+00 3.37373427e-19
8.70963590e+02 3.66952933e-18 2.22803321e-19 0.00000000e+00 3.44672600e-18 0.00000000e+00 2.22900413e-19
1.00000000e+03 1.74678118e-18 0.00000000e+00 0.00000000e+00 1.74678118e-18 0.00000000e+00 0.00000000e+00
