# column 1: lambda (micron)
# column 2: total flux; lambda*F_lambda (W/m2)
# column 3: direct stellar flux; lambda*F_lambda (W/m2)
# column 4: scattered stellar flux; lambda*F_lambda (W/m2)
# column 5: total dust emission flux; lambda*F_lambda (W/m2)
# column 6: dust emission scattered flux; lambda*F_lambda (W/m2)
# column 7: transparent flux; lambda*F_lambda (W/m2)
1.00000000e-03 1.07335648e-12 1.07335627e-12 2.08166771e-19 0.00000000e+00 0.00000000e+00 1.07335627e-12
1.14815362e-03 1.26690487e-12 1.26690456e-12 3.14065516e-19 0.00000000e+00 0.00000000e+00 1.26690456e-12
1.31825674e-03 1.49535406e-12 1.49535359e-12 4.68988624e-19 0.00000000e+00 0.00000000e+00 1.49535359e-12
1.51356125e-03 1.76499744e-12 1.76499670e-12 7.44024587e-19 0.00000000e+00 0.00000000e+00 1.76499670e-12
1.73780083e-03 2.08326333e-12 2.08326203e-12 1.30658391e-18 0.00000000e+00 0.00000000e+00 2.08326203e-12
1.99526231e-03 2.45891936e-12 2.45891716e-12 2.19648770e-18 0.00000000e+00 0.00000000e+00 2.45891716e-12
2.29086765e-03 2.90231411e-12 2.90231066e-12 3.44963010e-18 0.00000000e+00 0.00000000e+00 2.90231066e-12
2.63026799e-03 3.42566410e-12 3.42565717e-12 6.93446898e-18 0.00000000e+00 0.00000000e+00 3.42565717e-12
3.01995172e-03 4.04338546e-12 4.04337385e-12 1.16106499e-17 0.00000000e+00 0.00000000e+00 4.04337385e-12
3.46736850e-03 4.77249644e-12 4.77247759e-12 1.88560146e-17 0.00000000e+00 0.00000000e+00 4.77247759e-12
3.98107171e-03 5.63308327e-12 5.63305378e-12 2.94847173e-17 0.00000000e+00 0.00000000e+00 5.63305378e-12
4.57088190e-03 6.64887931e-12 6.64880962e-12 6.96884559e-17 0.00000000e+00 0.00000000e+00 6.64880962e-12
5.24807460e-03 7.84784910e-12 7.84772720e-12 1.21903055e-16 0.00000000e+00 0.00000000e+00 7.84772720e-12
6.02559586e-03 9.26305719e-12 9.26283435e-12 2.22836953e-16 0.00000000e+00 0.00000000e+00 9.26283435e-12
6.91830971e-03 1.09334666e-11 1.09331145e-11 3.52080053e-16 0.00000000e+00 0.00000000e+00 1.09331145e-11
7.94328235e-03 1.29051464e-11 1.29045807e-11 5.65684666e-16 4.50978974e-304 3.20871071e-307 1.29045807e-11
9.12010839e-03 1.52324628e-11 1.52315429e-11 9.19871923e-16 2.01030221e-265 3.23413479e-268 1.52315429e-11
1.04712855e-02 1.70128099e-11 1.70115517e-11 1.25818260e-15 8.61030211e-232 1.06022292e-234 1.70115517e-11
1.20226443e-02 1.70134255e-11 1.70115517e-11 1.87382918e-15 1.36548495e-202 2.88460105e-205 1.70115517e-11
1.38038426e-02 1.70141020e-11 1.70115517e-11 2.55030496e-15 3.75862684e-177 9.37015270e-180 1.70115517e-11
1.58489319e-02 1.70153638e-11 1.70115517e-11 3.81208499e-15 5.13411603e-155 2.00223646e-157 1.70115517e-11
1.81970086e-02 1.70165299e-11 1.70115517e-11 4.97822451e-15 9.23706584e-136 4.92717204e-138 1.70115517e-11
2.08929613e-02 1.70184667e-11 1.70115517e-11 6.91499497e-15 4.86266811e-119 3.66141260e-121 1.70115517e-11
2.39883292e-02 1.70223976e-11 1.70115517e-11 1.08458952e-14 1.71712209e-104 1.64563346e-106 1.70115517e-11
2.75422870e-02 1.70248681e-11 1.70115517e-11 1.33163465e-14 7.73670781e-92 9.94927417e-94 1.70115517e-11
3.16227766e-02 1.70290734e-11 1.70115517e-11 1.75216552e-14 7.58673760e-81 1.22883529e-82 1.70115517e-11
3.63078055e-02 1.70323061e-11 1.70115517e-11 2.07543908e-14 2.64338543e-71 4.97931493e-73 1.70115517e-11
4.16869383e-02 1.70411156e-11 1.70115517e-11 2.95638942e-14 5.05790626e-63 1.32321430e-64 1.70115517e-11
4.78630092e-02 1.70529316e-11 1.70115517e-11 4.13798959e-14 7.70207884e-56 2.80005436e-57 1.70115517e-11
5.49540874e-02 1.70665867e-11 1.70115517e-11 5.50349675e-14 1.29086770e-49 6.03630672e-51 1.70115517e-11
6.30957344e-02 1.70805842e-11 1.70115517e-11 6.90324949e-14 4.21481769e-44 2.49113009e-45 1.70115517e-11
7.24435960e-02 1.70847499e-11 1.70115517e-11 7.31981483e-14 2.45760375e-39 1.49631872e-40 1.70115517e-11
8.31763771e-02 1.70839442e-11 1.70115517e-11 7.23925015e-14 2.51886605e-35 1.50726522e-36 1.70115517e-11
9.54992586e-02 1.70858054e-11 1.70115517e-11 7.42536595e-14 7.10589652e-32 4.40038438e-33 1.70115517e-11
1.09647820e-01 1.63214509e-11 1.62459122e-11 7.55387704e-14 6.02076684e-29 3.86698239e-30 1.62459122e-11
1.25892541e-01 1.52273383e-11 1.51615674e-11 6.57708616e-14 1.94075028e-26 1.14261247e-27 1.51615674e-11
1.44543977e-01 1.42067267e-11 1.41495980e-11 5.71286779e-14 2.63521100e-24 1.45171272e-25 1.41495980e-11
1.65958691e-01 1.32666917e-11 1.32051732e-11 6.15185024e-14 1.33454792e-22 8.03915842e-24 1.32051732e-11
1.90546072e-01 1.23934524e-11 1.23237846e-11 6.96677372e-14 2.82333347e-21 2.08513965e-22 1.23237846e-11
2.18776162e-01 1.15739166e-11 1.15012250e-11 7.26915029e-14 3.36248784e-20 2.72659700e-21 1.15012250e-11
2.51188643e-01 1.08210224e-11 1.07335677e-11 8.74543022e-14 4.07547577e-19 3.92502597e-20 1.07335677e-11
2.88403150e-01 1.00980558e-11 1.00171482e-11 8.09041733e-14 3.37895323e-18 3.11284551e-19 1.00171482e-11
3.31131121e-01 9.41699760e-12 9.34854667e-12 6.84316172e-14 1.93118163e-17 1.69552585e-18 9.34854667e-12
3.80189396e-01 8.78703047e-12 8.72457139e-12 6.23788246e-14 8.02605578e-17 6.71512811e-18 8.72457139e-12
4.36515832e-01 8.20151639e-12 8.14224377e-12 5.90185167e-14 2.54107515e-16 2.10416130e-17 8.14224377e-12
5.01187234e-01 7.65299142e-12 7.59878402e-12 5.35695767e-14 6.37826418e-16 5.30123538e-17 7.59878402e-12
5.75439937e-01 7.14443933e-12 7.09159786e-12 5.15025628e-14 1.33889847e-15 1.12346088e-16 7.09159786e-12
6.60693448e-01 6.66981707e-12 6.61826421e-12 4.90432651e-14 2.50959493e-15 2.21371469e-16 6.61826421e-12
7.58577575e-01 6.22618786e-12 6.17652353e-12 4.50715096e-14 4.59281207e-15 4.39723061e-16 6.17652353e-12
8.70963590e-01 5.81494404e-12 5.76426715e-12 4.18450785e-14 8.83180965e-15 9.43838794e-16 5.76426715e-12
1.00000000e+00 5.43571623e-12 5.37952711e-12 3.81700773e-14 1.80190416e-14 2.08088396e-15 5.37952711e-12
1.14815362e+00 5.09176510e-12 5.02046681e-12 3.32477340e-14 3.80505487e-14 4.50599360e-15 5.02046681e-12
1.31825674e+00 4.79242002e-12 4.68537225e-12 2.82712951e-14 7.87764755e-14 8.98482986e-15 4.68537225e-12
1.51356125e+00 4.54726240e-12 4.37264380e-12 2.24071948e-14 1.52211411e-13 1.59683230e-14 4.37264380e-12
1.73780083e+00 4.36477578e-12 4.08078863e-12 1.81682849e-14 2.65818867e-13 2.43896562e-14 4.08078863e-12
1.99526231e+00 4.23965098e-12 3.80841354e-12 1.33672593e-14 4.17870176e-13 3.18917057e-14 3.80841354e-12
2.29086765e+00 4.15626527e-12 3.55421832e-12 9.73012945e-15 5.92316825e-13 3.55072835e-14 3.55421832e-12
2.63026799e+00 4.09139738e-12 3.31698953e-12 6.79893721e-15 7.67608917e-13 3.45231865e-14 3.31698953e-12
3.01995172e+00 4.01879621e-12 3.09559474e-12 4.47831879e-15 9.18723143e-13 2.98287109e-14 3.09559474e-12
3.46736850e+00 3.91626548e-12 2.88897711e-12 2.90755733e-15 1.02438081e-12 2.31698953e-14 2.88897711e-12
3.98107171e+00 3.77010281e-12 2.69615031e-12 1.76113302e-15 1.07219136e-12 1.62626215e-14 2.69615031e-12
4.57088190e+00 3.58353951e-12 2.51619387e-12 1.09678815e-15 1.06624885e-12 1.04610948e-14 2.51619387e-12
5.24807460e+00 3.09977680e-12 2.08050667e-12 5.69063000e-16 1.01870106e-12 6.40851174e-15 2.08050667e-12
6.02559586e+00 2.32163975e-12 1.37457712e-12 2.23811620e-16 9.46838815e-13 3.62701675e-15 1.37457712e-12
6.70000000e+00 1.88069759e-12 9.99872685e-13 1.09611587e-16 8.80715293e-13 2.21156776e-15 9.99872685e-13
6.92422916e+00 1.76405819e-12 9.05846924e-13 8.69272332e-17 8.58124340e-13 1.87509929e-15 9.05846924e-13
7.15596261e+00 1.66435343e-12 8.20663132e-13 6.73372147e-17 8.43622960e-13 1.59745853e-15 8.20663132e-13
7.39545150e+00 1.59317982e-12 7.43489831e-13 5.13790169e-17 8.49638615e-13 1.34981283e-15 7.43489831e-13
7.64295536e+00 1.58753553e-12 6.73573732e-13 3.80094433e-17 9.13923788e-13 1.16994321e-15 6.73573732e-13
7.89874245e+00 1.67862943e-12 6.10232385e-13 2.53941079e-17 1.06837165e-12 1.03508550e-15 6.10232385e-13
8.16308998e+00 1.84882208e-12 5.52847515e-13 1.64972835e-17 1.29595807e-12 9.09749564e-16 5.52847515e-13
8.43628443e+00 2.10722355e-12 5.00858987e-13 1.01780465e-17 1.60635438e-12 7.52598784e-16 5.00858987e-13
8.71862190e+00 2.27997330e-12 4.53759343e-13 6.11069230e-18 1.82620785e-12 5.76541273e-16 4.53759343e-13
9.01040836e+00 2.46485986e-12 4.11088843e-13 2.98011841e-18 2.05376804e-12 3.66428642e-16 4.11088843e-13
9.31196005e+00 2.60431851e-12 3.72430980e-13 0.00000000e+00 2.23188754e-12 0.00000000e+00 3.72430980e-13
9.62360379e+00 2.57033729e-12 3.37408415e-13 0.00000000e+00 2.23292888e-12 0.00000000e+00 3.37408415e-13
9.94567731e+00 2.39959711e-12 3.05679292e-13 0.00000000e+00 2.09391782e-12 0.00000000e+00 3.05679292e-13
1.02785297e+01 2.18906684e-12 2.76933904e-13 0.00000000e+00 1.91213293e-12 0.00000000e+00 2.76933904e-13
1.06225216e+01 1.99315335e-12 2.50891667e-13 0.00000000e+00 1.74226169e-12 0.00000000e+00 2.50891667e-13
1.09780260e+01 1.76877492e-12 2.27298384e-13 0.00000000e+00 1.54147653e-12 0.00000000e+00 2.27298384e-13
1.13454280e+01 1.57634767e-12 2.05923759e-13 0.00000000e+00 1.37042391e-12 0.00000000e+00 2.05923759e-13
1.17251259e+01 1.40918758e-12 1.86559155e-13 0.00000000e+00 1.22262842e-12 0.00000000e+00 1.86559155e-13
1.21175312e+01 1.25592442e-12 1.69015555e-13 0.00000000e+00 1.08690886e-12 0.00000000e+00 1.69015555e-13
1.25230691e+01 1.11884643e-12 1.53121715e-13 0.00000000e+00 9.65724716e-13 0.00000000e+00 1.53121715e-13
1.29421791e+01 1.00337738e-12 1.38722496e-13 0.00000000e+00 8.64654887e-13 0.00000000e+00 1.38722496e-13
1.33753155e+01 9.00982663e-13 1.25677347e-13 0.00000000e+00 7.75305315e-13 0.00000000e+00 1.25677347e-13
1.38229477e+01 8.33429233e-13 1.13858934e-13 0.00000000e+00 7.19570299e-13 0.00000000e+00 1.13858934e-13
1.42855609e+01 7.90349377e-13 1.03151898e-13 0.00000000e+00 6.87197479e-13 0.00000000e+00 1.03151898e-13
1.47636563e+01 7.92070667e-13 9.34517274e-14 0.00000000e+00 6.98618939e-13 0.00000000e+00 9.34517274e-14
1.52577522e+01 8.02344777e-13 8.46637387e-14 0.00000000e+00 7.17681038e-13 0.00000000e+00 8.46637387e-14
1.57683840e+01 8.21743566e-13 7.67021526e-14 0.00000000e+00 7.45041414e-13 0.00000000e+00 7.67021526e-14
1.62961051e+01 8.43755073e-13 6.94892560e-14 0.00000000e+00 7.74265817e-13 0.00000000e+00 6.94892560e-14
1.68414875e+01 8.63427547e-13 6.29546439e-14 0.00000000e+00 8.00472903e-13 0.00000000e+00 6.29546439e-14
1.74051222e+01 8.72433635e-13 5.70345319e-14 0.00000000e+00 8.15399103e-13 0.00000000e+00 5.70345319e-14
1.79876201e+01 8.69836208e-13 5.16711337e-14 0.00000000e+00 8.18165074e-13 0.00000000e+00 5.16711337e-14
1.85896125e+01 8.53563137e-13 4.68120974e-14 0.00000000e+00 8.06751040e-13 0.00000000e+00 4.68120974e-14
1.92117518e+01 8.19941867e-13 4.24099939e-14 0.00000000e+00 7.77531873e-13 0.00000000e+00 4.24099939e-14
1.98547123e+01 7.77952602e-13 3.84218542e-14 0.00000000e+00 7.39530748e-13 0.00000000e+00 3.84218542e-14
2.05191907e+01 7.34490983e-13 3.48087501e-14 0.00000000e+00 6.99682233e-13 0.00000000e+00 3.48087501e-14
2.12059073e+01 6.91021520e-13 3.15354141e-14 0.00000000e+00 6.59486106e-13 0.00000000e+00 3.15354141e-14
2.19156062e+01 6.53187545e-13 2.85698952e-14 0.00000000e+00 6.24617650e-13 0.00000000e+00 2.85698952e-14
2.26490567e+01 6.18320552e-13 2.58832470e-14 0.00000000e+00 5.92437305e-13 0.00000000e+00 2.58832470e-14
2.34070535e+01 5.84975414e-13 2.34492452e-14 0.00000000e+00 5.61526169e-13 0.00000000e+00 2.34492452e-14
2.41904183e+01 5.53648338e-13 2.12441313e-14 0.00000000e+00 5.32404207e-13 0.00000000e+00 2.12441313e-14
2.50000000e+01 5.24147238e-13 1.92463813e-14 0.00000000e+00 5.04900857e-13 0.00000000e+00 1.92463813e-14
2.75422870e+01 4.43225658e-13 1.43935895e-14 0.00000000e+00 4.28832069e-13 0.00000000e+00 1.43935895e-14
3.16227766e+01 3.40181863e-13 9.50975027e-15 0.00000000e+00 3.30672112e-13 0.00000000e+00 9.50975027e-15
3.63078055e+01 2.48087602e-13 6.28302969e-15 0.00000000e+00 2.41804572e-13 0.00000000e+00 6.28302969e-15
4.16869383e+01 1.69806025e-13 4.15115655e-15 0.00000000e+00 1.65654869e-13 0.00000000e+00 4.15115655e-15
4.78630092e+01 1.08843712e-13 2.74264194e-15 0.00000000e+00 1.06101070e-13 0.00000000e+00 2.74264194e-15
5.49540874e+01 6.63315483e-14 1.81204556e-15 0.00000000e+00 6.45195027e-14 0.00000000e+00 1.81204556e-15
6.30957344e+01 3.89002099e-14 1.19720663e-15 0.00000000e+00 3.77030033e-14 0.00000000e+00 1.19720663e-15
7.24435960e+01 2.21606660e-14 7.90986575e-16 0.00000000e+00 2.13696794e-14 0.00000000e+00 7.90986575e-16
8.31763771e+01 1.23776250e-14 5.22599647e-16 0.00000000e+00 1.18550253e-14 0.00000000e+00 5.22599647e-16
9.54992586e+01 6.82735577e-15 3.45278163e-16 0.00000000e+00 6.48207761e-15 0.00000000e+00 3.45278163e-16
1.09647820e+02 3.73479204e-15 2.28123020e-16 0.00000000e+00 3.50666902e-15 0.00000000e+00 2.28123020e-16
1.25892541e+02 2.05538987e-15 1.50719385e-16 0.00000000e+00 1.90467048e-15 0.00000000e+00 1.50719385e-16
1.44543977e+02 1.13133366e-15 9.95793099e-17 0.00000000e+00 1.03175435e-15 0.00000000e+00 9.95793099e-17
1.65958691e+02 5.98713729e-16 6.57913976e-17 0.00000000e+00 5.32922332e-16 0.00000000e+00 6.57913976e-17
1.90546072e+02 3.19614506e-16 4.34679453e-17 0.00000000e+00 2.76146561e-16 0.00000000e+00 4.34679453e-17
2.18776162e+02 1.71826309e-16 2.87189867e-17 0.00000000e+00 1.43107322e-16 0.00000000e+00 2.87189867e-17
2.51188643e+02 9.29838396e-17 1.89744463e-17 0.00000000e+00 7.40093932e-17 0.00000000e+00 1.89744463e-17
2.88403150e+02 5.06730039e-17 1.25362924e-17 0.00000000e+00 3.81367115e-17 0.00000000e+00 1.25362924e-17
3.31131121e+02 2.78964689e-17 8.28264623e-18 0.00000000e+00 1.96138227e-17 0.00000000e+00 8.28264623e-18
3.80189396e+02 1.55278288e-17 5.47229010e-18 0.00000000e+00 1.00555387e-17 0.00000000e+00 5.47229010e-18
4.36515832e+02 8.76075594e-18 3.61550621e-18 0.00000000e+00 5.14524973e-18 0.00000000e+00 3.61550621e-18
5.01187234e+02 5.01539375e-18 2.38874127e-18 0.00000000e+00 2.62665249e-18 0.00000000e+00 2.38874127e-18
5.75439937e+02 2.91661325e-18 1.57822570e-18 0.00000000e+00 1.33838755e-18 0.00000000e+00 1.57822570e-18
6.60693448e+02 1.72356153e-18 1.04272338e-18 0.00000000e+00 6.80838148e-19 0.00000000e+00 1.04272338e-18
7.58577575e+02 1.03476093e-18 6.88920507e-19 0.00000000e+00 3.45840422e-19 0.00000000e+00 6.88920507e-19
8.70963590e+02 6.30571665e-19 4.55165265e-19 0.00000000e+00 1.75406400e-19 0.00000000e+00 4.55165265e-19
1.00000000e+03 8.88345657e-20 0.00000000e+00 0.00000000e+00 8.88345657e-20 0.00000000e+00 0.00000000e+00
