# column 1: lambda (micron)
# column 2: total flux; lambda*F_lambda (W/m2)
# column 3: direct stellar flux; lambda*F_lambda (W/m2)
# column 4: scattered stellar flux; lambda*F_lambda (W/m2)
# column 5: total dust emission flux; lambda*F_lambda (W/m2)
# column 6: dust emission scattered flux; lambda*F_lambda (W/m2)
# column 7: transparent flux; lambda*F_lambda (W/m2)
1.00000000e-03 2.51324679e-14 2.40124856e-14 1.11998228e-15 0.00000000e+00 0.00000000e+00 8.46529401e-13
1.14815362e-03 9.65978888e-15 9.02688902e-15 6.32899857e-16 0.00000000e+00 0.00000000e+00 9.99176121e-13
1.31825674e-03 4.38785126e-15 2.96985258e-15 1.41799868e-15 0.00000000e+00 0.00000000e+00 1.17934819e-12
1.51356125e-03 1.75942773e-15 1.20118673e-15 5.58241002e-16 0.00000000e+00 0.00000000e+00 1.39200901e-12
1.73780083e-03 3.00187126e-14 1.31808582e-15 2.87006268e-14 0.00000000e+00 0.00000000e+00 1.64301696e-12
1.99526231e-03 6.87373222e-16 1.52501340e-16 5.34871882e-16 0.00000000e+00 0.00000000e+00 1.93928682e-12
2.29086765e-03 1.23017496e-15 1.01687933e-16 1.12848703e-15 0.00000000e+00 0.00000000e+00 2.28898025e-12
2.63026799e-03 8.42003015e-16 1.64418568e-17 8.25561158e-16 0.00000000e+00 0.00000000e+00 2.70173063e-12
3.01995172e-03 7.74315801e-16 1.12969982e-18 7.73186102e-16 0.00000000e+00 0.00000000e+00 3.18890841e-12
3.46736850e-03 7.16918516e-15 9.38467611e-20 7.16909131e-15 0.00000000e+00 0.00000000e+00 3.76393440e-12
3.98107171e-03 5.68355093e-16 8.80081291e-21 5.68346292e-16 0.00000000e+00 0.00000000e+00 4.44264945e-12
4.57088190e-03 1.76650852e-14 8.20836916e-18 1.76568768e-14 0.00000000e+00 0.00000000e+00 5.24375082e-12
5.24807460e-03 8.79836342e-15 2.38114378e-19 8.79812531e-15 0.00000000e+00 0.00000000e+00 6.18930730e-12
6.02559586e-03 1.00262373e-14 8.37896328e-21 1.00262290e-14 0.00000000e+00 0.00000000e+00 7.30536713e-12
6.91830971e-03 1.78760198e-14 4.14163073e-22 1.78760194e-14 0.00000000e+00 0.00000000e+00 8.62267558e-12
7.94328235e-03 2.73395863e-14 3.13127583e-23 2.73395862e-14 0.00000000e+00 0.00000000e+00 1.01775219e-11
9.12010839e-03 3.53230476e-14 2.01786008e-24 3.53230476e-14 0.00000000e+00 0.00000000e+00 1.20127391e-11
1.04712855e-02 2.28341068e-14 3.44417643e-25 2.28341068e-14 0.00000000e+00 0.00000000e+00 1.34165878e-11
1.20226443e-02 2.95327652e-14 5.43246910e-26 2.95327652e-14 1.90737632e-314 1.90674835e-314 1.34165878e-11
1.38038426e-02 3.38416057e-14 6.07620199e-27 3.38416057e-14 2.55528378e-275 2.55470252e-275 1.34165878e-11
1.58489319e-02 2.67441187e-14 4.11602068e-28 2.67441187e-14 5.39808722e-241 5.39774603e-241 1.34165878e-11
1.81970086e-02 2.21516765e-14 3.43669998e-29 2.21516765e-14 4.36371726e-211 4.36363944e-211 1.34165878e-11
2.08929613e-02 1.91038507e-14 4.36327810e-30 1.91038507e-14 3.25729438e-185 3.25726718e-185 1.34165878e-11
2.39883292e-02 1.12918750e-14 3.00934719e-31 1.12918750e-14 1.00514781e-162 1.00514468e-162 1.34165878e-11
2.75422870e-02 8.22860121e-15 1.34162214e-32 8.22860121e-15 3.21186189e-143 3.21185837e-143 1.34165878e-11
3.16227766e-02 5.54093124e-15 6.36081553e-34 5.54093124e-15 3.23303787e-126 3.23303676e-126 1.34165878e-11
3.63078055e-02 3.94291434e-15 5.82023087e-35 3.94291434e-15 1.31928588e-111 1.31928561e-111 1.34165878e-11
4.16869383e-02 5.09330332e-15 7.35619787e-36 5.09330332e-15 1.74978995e-98 1.74978986e-98 1.34165878e-11
4.78630092e-02 2.51130201e-15 2.45780127e-38 2.51130201e-15 1.65539328e-87 1.65539327e-87 1.34165878e-11
5.49540874e-02 1.79346358e-15 8.85218430e-42 1.79346358e-15 5.62518257e-78 5.62516866e-78 1.34165878e-11
6.30957344e-02 7.93866340e-16 2.05345306e-50 7.93866340e-16 1.53783003e-69 1.53782965e-69 1.34165878e-11
7.24435960e-02 3.97953213e-16 1.21543923e-60 3.97953213e-16 1.53019505e-62 1.53019492e-62 1.34165878e-11
8.31763771e-02 2.68034409e-16 9.88218807e-60 2.68034409e-16 3.23861552e-56 3.23861426e-56 1.34165878e-11
9.54992586e-02 5.39804818e-16 4.61514661e-57 5.39804818e-16 2.90198383e-50 2.90198101e-50 1.34165878e-11
1.09647820e-01 6.75024730e-16 2.18214697e-49 6.75024730e-16 3.79873587e-45 3.79868053e-45 1.28127470e-11
1.25892541e-01 1.34852285e-15 9.73107992e-43 1.34852285e-15 1.30648313e-40 1.30625340e-40 1.19575512e-11
1.44543977e-01 1.87497040e-15 1.90122611e-37 1.87497040e-15 9.89195177e-37 9.88042964e-37 1.11594361e-11
1.65958691e-01 2.66768849e-15 3.03186353e-34 2.66768849e-15 1.54343894e-33 1.53627707e-33 1.04145917e-11
1.90546072e-01 2.74239813e-15 8.81437187e-36 2.74239813e-15 6.43373244e-31 6.41360041e-31 9.71946251e-12
2.18776162e-01 1.07157138e-15 5.69027079e-40 1.07157138e-15 6.95382794e-29 6.94349471e-29 9.07073019e-12
2.51188643e-01 3.06597799e-15 2.36034448e-34 3.06597799e-15 1.40010328e-26 1.38869619e-26 8.46529796e-12
2.88403150e-01 5.04022548e-15 1.48547260e-30 5.04022548e-15 1.62270958e-24 1.58420148e-24 7.90027573e-12
3.31131121e-01 7.26994447e-15 3.49921665e-28 7.26994437e-15 9.46274738e-23 9.06860181e-23 7.37296631e-12
3.80189396e-01 1.01271349e-14 3.18392907e-26 1.01271315e-14 3.31362631e-21 3.10789571e-21 6.88085251e-12
4.36515832e-01 1.23521711e-14 2.14764270e-24 1.23520969e-14 7.42086926e-20 6.79026128e-20 6.42158520e-12
5.01187234e-01 1.67061528e-14 1.16620643e-22 1.67049776e-14 1.17507250e-18 1.04638247e-18 5.99297201e-12
5.75439937e-01 2.25327248e-14 4.43331435e-21 2.25201123e-14 1.26080771e-17 1.08061187e-17 5.59296690e-12
6.60693448e-01 2.98363642e-14 1.12600479e-19 2.97256975e-14 1.10554141e-16 9.01301808e-17 5.21966041e-12
7.58577575e-01 3.95156299e-14 2.03516763e-18 3.87781847e-14 7.35409994e-16 5.68761917e-16 4.87127053e-12
8.70963590e-01 5.34844901e-14 2.93192859e-17 4.94103870e-14 4.04478384e-15 2.86673540e-15 4.54613417e-12
1.00000000e+00 7.86439372e-14 2.96792754e-16 5.99356307e-14 1.84115138e-14 1.15841470e-14 4.24269927e-12
1.14815362e+00 1.46822477e-13 2.13963488e-15 7.24518427e-14 7.22309991e-14 3.88828126e-14 3.95951734e-12
1.31825674e+00 3.27728184e-13 1.10441499e-14 7.84945388e-14 2.38189495e-13 1.05329585e-13 3.69523659e-12
1.51356125e+00 8.09936948e-13 4.04345138e-14 8.29424406e-14 6.86559994e-13 2.47673545e-13 3.44859544e-12
1.73780083e+00 1.83354703e-12 1.13448164e-13 8.29283174e-14 1.63717055e-12 4.75418691e-13 3.21841652e-12
1.99526231e+00 3.64008495e-12 2.52136830e-13 7.63712881e-14 3.31157684e-12 7.48087430e-13 3.00360106e-12
2.29086765e+00 6.20062300e-12 4.49990703e-13 6.39038721e-14 5.68672842e-12 9.60699700e-13 2.80312361e-12
2.63026799e+00 9.11955525e-12 6.69255526e-13 4.93229795e-14 8.40097674e-12 1.00853751e-12 2.61602716e-12
3.01995172e+00 1.19399308e-11 8.72457410e-13 3.50469329e-14 1.10324264e-11 8.96721563e-13 2.44141860e-12
3.46736850e+00 1.43380714e-11 1.03467569e-12 2.34292443e-14 1.32799665e-11 7.02399279e-13 2.27846441e-12
3.98107171e+00 1.58384715e-11 1.15152450e-12 1.48639206e-14 1.46720831e-11 4.85645342e-13 2.12638671e-12
4.57088190e+00 1.64620599e-11 1.22422397e-12 9.14097421e-15 1.52286949e-11 3.06059141e-13 1.98445954e-12
5.24807460e+00 1.62280475e-11 1.11312498e-12 4.80100438e-15 1.51101216e-11 1.80036789e-13 1.64084388e-12
6.02559586e+00 1.51951390e-11 7.85281516e-13 1.94438569e-15 1.44079131e-11 9.87881237e-14 1.08409480e-12
6.70000000e+00 1.42091235e-11 5.92771854e-13 9.39896690e-16 1.36154117e-11 5.94044891e-14 7.88574724e-13
6.92422916e+00 1.38819154e-11 5.42428495e-13 7.41350338e-16 1.33387456e-11 5.02145934e-14 7.14418944e-13
7.15596261e+00 1.36201995e-11 4.93789650e-13 5.78876580e-16 1.31258310e-11 4.22145891e-14 6.47236606e-13
7.39545150e+00 1.35478441e-11 4.44473733e-13 4.40374513e-16 1.31029300e-11 3.57570765e-14 5.86371942e-13
7.64295536e+00 1.40119736e-11 3.87423185e-13 3.15445383e-16 1.36242350e-11 3.09479273e-14 5.31230854e-13
7.89874245e+00 1.51316837e-11 3.20081046e-13 2.02522631e-16 1.48114001e-11 2.68403849e-14 4.81275108e-13
8.16308998e+00 1.64314645e-11 2.51376068e-13 1.19892189e-16 1.61799686e-11 2.25939866e-14 4.36017088e-13
8.43628443e+00 1.75641992e-11 1.83787930e-13 5.85186164e-17 1.73803528e-11 1.72677841e-14 3.95015029e-13
8.71862190e+00 1.79724699e-11 1.39771511e-13 2.57015270e-17 1.78326727e-11 1.16032882e-14 3.57868711e-13
9.01040836e+00 1.80791674e-11 1.03802470e-13 6.34297577e-18 1.79753586e-11 5.24605754e-15 3.24215549e-13
9.31196005e+00 1.79464412e-11 7.83895677e-14 0.00000000e+00 1.78680516e-11 0.00000000e+00 2.93727053e-13
9.62360379e+00 1.78744747e-11 6.85890580e-14 0.00000000e+00 1.78058856e-11 0.00000000e+00 2.66105627e-13
9.94567731e+00 1.77359668e-11 6.75604583e-14 0.00000000e+00 1.76684063e-11 0.00000000e+00 2.41081657e-13
1.02785297e+01 1.75667431e-11 6.91002007e-14 0.00000000e+00 1.74976429e-11 0.00000000e+00 2.18410884e-13
1.06225216e+01 1.72395967e-11 7.06464200e-14 0.00000000e+00 1.71689503e-11 0.00000000e+00 1.97872020e-13
1.09780260e+01 1.66791205e-11 7.37259061e-14 0.00000000e+00 1.66053946e-11 0.00000000e+00 1.79264583e-13
1.13454280e+01 1.59569780e-11 7.52289037e-14 0.00000000e+00 1.58817491e-11 0.00000000e+00 1.62406948e-13
1.17251259e+01 1.51858471e-11 7.52264270e-14 0.00000000e+00 1.51106207e-11 0.00000000e+00 1.47134567e-13
1.21175312e+01 1.42829071e-11 7.45003774e-14 0.00000000e+00 1.42084067e-11 0.00000000e+00 1.33298366e-13
1.25230691e+01 1.33327146e-11 7.30146989e-14 0.00000000e+00 1.32596999e-11 0.00000000e+00 1.20763289e-13
1.29421791e+01 1.23985341e-11 7.05871955e-14 0.00000000e+00 1.23279470e-11 0.00000000e+00 1.09406983e-13
1.33753155e+01 1.15260095e-11 6.74863697e-14 0.00000000e+00 1.14585231e-11 0.00000000e+00 9.91185987e-14
1.38229477e+01 1.09041474e-11 6.31069231e-14 0.00000000e+00 1.08410405e-11 0.00000000e+00 8.97977103e-14
1.42855609e+01 1.05386597e-11 5.79983517e-14 0.00000000e+00 1.04806614e-11 0.00000000e+00 8.13533371e-14
1.47636563e+01 1.06522380e-11 5.17048730e-14 0.00000000e+00 1.06005332e-11 0.00000000e+00 7.37030537e-14
1.52577522e+01 1.08552434e-11 4.57509227e-14 0.00000000e+00 1.08094925e-11 0.00000000e+00 6.67721855e-14
1.57683840e+01 1.11773950e-11 4.02105362e-14 0.00000000e+00 1.11371845e-11 0.00000000e+00 6.04930805e-14
1.62961051e+01 1.14715862e-11 3.52739992e-14 0.00000000e+00 1.14363122e-11 0.00000000e+00 5.48044484e-14
1.68414875e+01 1.17663258e-11 3.08977972e-14 0.00000000e+00 1.17354280e-11 0.00000000e+00 4.96507622e-14
1.74051222e+01 1.19344402e-11 2.73595625e-14 0.00000000e+00 1.19070806e-11 0.00000000e+00 4.49817171e-14
1.79876201e+01 1.19694893e-11 2.44124162e-14 0.00000000e+00 1.19450769e-11 0.00000000e+00 4.07517384e-14
1.85896125e+01 1.17957307e-11 2.21312834e-14 0.00000000e+00 1.17735994e-11 0.00000000e+00 3.69195372e-14
1.92117518e+01 1.14614213e-11 2.03650908e-14 0.00000000e+00 1.14410562e-11 0.00000000e+00 3.34477076e-14
1.98547123e+01 1.09998287e-11 1.89076502e-14 0.00000000e+00 1.09809210e-11 0.00000000e+00 3.03023610e-14
2.05191907e+01 1.04787231e-11 1.76127565e-14 0.00000000e+00 1.04611104e-11 0.00000000e+00 2.74527957e-14
2.12059073e+01 9.93302216e-12 1.63806965e-14 0.00000000e+00 9.91664146e-12 0.00000000e+00 2.48711970e-14
2.19156062e+01 9.43189247e-12 1.51820953e-14 0.00000000e+00 9.41671037e-12 0.00000000e+00 2.25323660e-14
2.26490567e+01 8.94955266e-12 1.40453753e-14 0.00000000e+00 8.93550728e-12 0.00000000e+00 2.04134733e-14
2.34070535e+01 8.47933516e-12 1.29708526e-14 0.00000000e+00 8.46636431e-12 0.00000000e+00 1.84938366e-14
2.41904183e+01 8.03457481e-12 1.19565730e-14 0.00000000e+00 8.02261823e-12 0.00000000e+00 1.67547181e-14
2.50000000e+01 7.59211727e-12 1.10046693e-14 0.00000000e+00 7.58111260e-12 0.00000000e+00 1.51791424e-14
2.75422870e+01 6.36813910e-12 8.57575414e-15 0.00000000e+00 6.35956335e-12 0.00000000e+00 1.13518661e-14
3.16227766e+01 4.78662125e-12 5.93999895e-15 0.00000000e+00 4.78068125e-12 0.00000000e+00 7.50010357e-15
3.63078055e+01 3.39182853e-12 4.08590690e-15 0.00000000e+00 3.38774263e-12 0.00000000e+00 4.95526929e-15
4.16869383e+01 2.24286436e-12 2.80285822e-15 0.00000000e+00 2.24006150e-12 0.00000000e+00 3.27391395e-15
4.78630092e+01 1.39026594e-12 1.91612790e-15 0.00000000e+00 1.38834981e-12 0.00000000e+00 2.16305350e-15
5.49540874e+01 8.18776985e-13 1.30276044e-15 0.00000000e+00 8.17474224e-13 0.00000000e+00 1.42911527e-15
6.30957344e+01 4.64717576e-13 8.80554161e-16 0.00000000e+00 4.63837022e-13 0.00000000e+00 9.44207098e-16
7.24435960e+01 2.56714989e-13 5.92075555e-16 0.00000000e+00 2.56122913e-13 0.00000000e+00 6.23831443e-16
8.31763771e+01 1.39243059e-13 3.96377783e-16 0.00000000e+00 1.38846681e-13 0.00000000e+00 4.12161347e-16
9.54992586e+01 7.46832908e-14 2.64461945e-16 0.00000000e+00 7.44188289e-14 0.00000000e+00 2.72312302e-16
1.09647820e+02 3.97592886e-14 1.76001671e-16 0.00000000e+00 3.95832869e-14 0.00000000e+00 1.79914953e-16
1.25892541e+02 2.13089228e-14 1.16890873e-16 0.00000000e+00 2.11920319e-14 0.00000000e+00 1.18868631e-16
1.44543977e+02 1.14186328e-14 7.75294491e-17 0.00000000e+00 1.13411033e-14 0.00000000e+00 7.85357256e-17
1.65958691e+02 5.84368112e-15 5.13938090e-17 0.00000000e+00 5.79228731e-15 0.00000000e+00 5.18880394e-17
1.90546072e+02 3.00714235e-15 3.40370687e-17 0.00000000e+00 2.97310528e-15 0.00000000e+00 3.42820876e-17
2.18776162e+02 1.55105034e-15 2.25277795e-17 0.00000000e+00 1.52852256e-15 0.00000000e+00 2.26499507e-17
2.51188643e+02 8.00009786e-16 1.49035764e-17 0.00000000e+00 7.85106209e-16 0.00000000e+00 1.49646740e-17
2.88403150e+02 4.12063774e-16 9.85648360e-18 0.00000000e+00 4.02207291e-16 0.00000000e+00 9.88706207e-18
3.31131121e+02 2.12344863e-16 6.51698285e-18 0.00000000e+00 2.05827880e-16 0.00000000e+00 6.53231713e-18
3.80189396e+02 1.09379877e-16 4.30816810e-18 0.00000000e+00 1.05071709e-16 0.00000000e+00 4.31585913e-18
4.36515832e+02 5.64138124e-17 2.84759882e-18 0.00000000e+00 5.35662135e-17 0.00000000e+00 2.85145985e-18
5.01187234e+02 2.91415608e-17 1.88200216e-18 0.00000000e+00 2.72595587e-17 0.00000000e+00 1.88394084e-18
5.75439937e+02 1.50959664e-17 1.24373367e-18 0.00000000e+00 1.38522327e-17 0.00000000e+00 1.24470737e-18
6.60693448e+02 7.85209951e-18 8.21880849e-19 0.00000000e+00 7.03021866e-18 0.00000000e+00 8.22370004e-19
7.58577575e+02 4.10700138e-18 5.43088696e-19 0.00000000e+00 3.56391268e-18 0.00000000e+00 5.43334473e-19
8.70963590e+02 2.16330384e-18 3.58854049e-19 0.00000000e+00 1.80444979e-18 0.00000000e+00 3.58977527e-19
1.00000000e+03 9.12497595e-19 0.00000000e+00 0.00000000e+00 9.12497595e-19 0.00000000e+00 0.00000000e+00
