# column 1: lambda (micron)
# column 2: total flux; lambda*F_lambda (W/m2)
# column 3: direct stellar flux; lambda*F_lambda (W/m2)
# column 4: scattered stellar flux; lambda*F_lambda (W/m2)
# column 5: total dust emission flux; lambda*F_lambda (W/m2)
# column 6: dust emission scattered flux; lambda*F_lambda (W/m2)
# column 7: transparent flux; lambda*F_lambda (W/m2)
1.00000000e-03 1.07335647e-12 1.07335627e-12 2.04654938e-19 0.00000000e+00 0.00000000e+00 1.07335627e-12
1.14815362e-03 1.26690487e-12 1.26690456e-12 3.14924156e-19 0.00000000e+00 0.00000000e+00 1.26690456e-12
1.31825674e-03 1.49535407e-12 1.49535359e-12 4.76703971e-19 0.00000000e+00 0.00000000e+00 1.49535359e-12
1.51356125e-03 1.76499743e-12 1.76499670e-12 7.35138363e-19 0.00000000e+00 0.00000000e+00 1.76499670e-12
1.73780083e-03 2.08326335e-12 2.08326203e-12 1.32493354e-18 0.00000000e+00 0.00000000e+00 2.08326203e-12
1.99526231e-03 2.45891947e-12 2.45891716e-12 2.31480724e-18 0.00000000e+00 0.00000000e+00 2.45891716e-12
2.29086765e-03 2.90231433e-12 2.90231066e-12 3.66165319e-18 0.00000000e+00 0.00000000e+00 2.90231066e-12
2.63026799e-03 3.42566423e-12 3.42565717e-12 7.06381689e-18 0.00000000e+00 0.00000000e+00 3.42565717e-12
3.01995172e-03 4.04338582e-12 4.04337385e-12 1.19759511e-17 0.00000000e+00 0.00000000e+00 4.04337385e-12
3.46736850e-03 4.77249806e-12 4.77247759e-12 2.04673545e-17 0.00000000e+00 0.00000000e+00 4.77247759e-12
3.98107171e-03 5.63308588e-12 5.63305378e-12 3.21006004e-17 0.00000000e+00 0.00000000e+00 5.63305378e-12
4.57088190e-03 6.64888071e-12 6.64880962e-12 7.10871858e-17 0.00000000e+00 0.00000000e+00 6.64880962e-12
5.24807460e-03 7.84785642e-12 7.84772720e-12 1.29219085e-16 0.00000000e+00 0.00000000e+00 7.84772720e-12
6.02559586e-03 9.26307119e-12 9.26283435e-12 2.36833532e-16 0.00000000e+00 0.00000000e+00 9.26283435e-12
6.91830971e-03 1.09334646e-11 1.09331145e-11 3.50083011e-16 0.00000000e+00 0.00000000e+00 1.09331145e-11
7.94328235e-03 1.29051619e-11 1.29045807e-11 5.81174594e-16 1.15485974e-304 5.17280635e-308 1.29045807e-11
9.12010839e-03 1.52569664e-11 1.52315429e-11 2.54235391e-14 4.81986838e-266 2.94242205e-269 1.52315429e-11
1.04712855e-02 1.70133638e-11 1.70115517e-11 1.81205318e-15 1.95145375e-232 1.46401351e-235 1.70115517e-11
1.20226443e-02 1.70134667e-11 1.70115517e-11 1.91495379e-15 2.94551234e-203 4.86623851e-206 1.70115517e-11
1.38038426e-02 1.70141942e-11 1.70115517e-11 2.64250163e-15 7.76341767e-178 1.29531837e-180 1.70115517e-11
1.58489319e-02 1.70159193e-11 1.70115517e-11 4.36761768e-15 1.02135969e-155 3.01671996e-158 1.70115517e-11
1.81970086e-02 1.70178631e-11 1.70115517e-11 6.31143112e-15 1.77741314e-136 6.70736534e-139 1.70115517e-11
2.08929613e-02 1.70197464e-11 1.70115517e-11 8.19470277e-15 9.08654777e-120 4.56286074e-122 1.70115517e-11
2.39883292e-02 1.70212887e-11 1.70115517e-11 9.73698886e-15 3.12785531e-105 1.96445084e-107 1.70115517e-11
2.75422870e-02 1.70250741e-11 1.70115517e-11 1.35223564e-14 1.37740505e-92 1.13437735e-94 1.70115517e-11
3.16227766e-02 1.70291775e-11 1.70115517e-11 1.76257458e-14 1.32398877e-81 1.36543540e-83 1.70115517e-11
3.63078055e-02 1.70331558e-11 1.70115517e-11 2.16041326e-14 4.53474016e-72 5.50224874e-74 1.70115517e-11
4.16869383e-02 1.70411822e-11 1.70115517e-11 2.96305088e-14 8.54157407e-64 1.53810858e-65 1.70115517e-11
4.78630092e-02 1.70521050e-11 1.70115517e-11 4.05533291e-14 1.28031461e-56 3.17839041e-58 1.70115517e-11
5.49540874e-02 1.70648190e-11 1.70115517e-11 5.32672405e-14 2.11614947e-50 6.79661316e-52 1.70115517e-11
6.30957344e-02 1.70825532e-11 1.70115517e-11 7.10014565e-14 6.83280334e-45 2.88579285e-46 1.70115517e-11
7.24435960e-02 1.70841308e-11 1.70115517e-11 7.25790610e-14 3.95164629e-40 1.70848305e-41 1.70115517e-11
8.31763771e-02 1.70826911e-11 1.70115517e-11 7.11393970e-14 4.02529302e-36 1.74607426e-37 1.70115517e-11
9.54992586e-02 1.70872193e-11 1.70115517e-11 7.56675763e-14 1.12872617e-32 5.16068924e-34 1.70115517e-11
1.09647820e-01 1.63231752e-11 1.62459122e-11 7.72630388e-14 9.49627611e-30 4.48727290e-31 1.62459122e-11
1.25892541e-01 1.52273492e-11 1.51615674e-11 6.57818538e-14 3.05147590e-27 1.33675900e-28 1.51615674e-11
1.44543977e-01 1.42065379e-11 1.41495980e-11 5.69399592e-14 4.12757611e-25 1.67965838e-26 1.41495980e-11
1.65958691e-01 1.32652369e-11 1.32051732e-11 6.00637562e-14 2.08244157e-23 9.57883314e-25 1.32051732e-11
1.90546072e-01 1.23930421e-11 1.23237846e-11 6.92574420e-14 4.38312656e-22 2.53388959e-23 1.23237846e-11
2.18776162e-01 1.15770845e-11 1.15012250e-11 7.58594352e-14 5.20713064e-21 3.38775896e-22 1.15012250e-11
2.51188643e-01 1.08218822e-11 1.07335677e-11 8.83143708e-14 6.29593574e-20 5.09843563e-21 1.07335677e-11
2.88403150e-01 1.00952655e-11 1.00171482e-11 7.81167465e-14 5.21569814e-19 4.07457560e-20 1.00171482e-11
3.31131121e-01 9.41970441e-12 9.34854667e-12 7.11547508e-14 2.98209724e-18 2.25286442e-19 9.34854667e-12
3.80189396e-01 8.78939563e-12 8.72457139e-12 6.48117905e-14 1.24469774e-17 9.30481219e-19 8.72457139e-12
4.36515832e-01 8.20230241e-12 8.14224377e-12 6.00187669e-14 3.98770787e-17 3.01806961e-18 8.14224377e-12
5.01187234e-01 7.65490455e-12 7.59878402e-12 5.60154864e-14 1.05050133e-16 8.69443734e-18 7.59878402e-12
5.75439937e-01 7.14479043e-12 7.09159786e-12 5.29389203e-14 2.53647177e-16 2.54573615e-17 7.09159786e-12
6.60693448e-01 6.66903857e-12 6.61826421e-12 5.01437481e-14 6.30615493e-16 8.05167795e-17 6.61826421e-12
7.58577575e-01 6.22455397e-12 6.17652353e-12 4.63357651e-14 1.69467496e-15 2.59270389e-16 6.17652353e-12
8.70963590e-01 5.81169186e-12 5.76426715e-12 4.28425400e-14 4.58216479e-15 7.56013239e-16 5.76426715e-12
1.00000000e+00 5.42972055e-12 5.37952711e-12 3.87422178e-14 1.14512185e-14 1.86614333e-15 5.37952711e-12
1.14815362e+00 5.08101963e-12 5.02046681e-12 3.42157240e-14 2.63370881e-14 4.04304597e-15 5.02046681e-12
1.31825674e+00 4.76994864e-12 4.68537225e-12 2.90986559e-14 5.54777389e-14 7.64654170e-15 4.68537225e-12
1.51356125e+00 4.50074363e-12 4.37264380e-12 2.24447362e-14 1.05655098e-13 1.25201485e-14 4.37264380e-12
1.73780083e+00 4.27935825e-12 4.08078863e-12 1.73863196e-14 1.81183302e-13 1.80464378e-14 4.08078863e-12
1.99526231e+00 4.10287099e-12 3.80841354e-12 1.33044943e-14 2.81152954e-13 2.21577443e-14 3.80841354e-12
2.29086765e+00 3.95937741e-12 3.55421832e-12 9.28753027e-15 3.95871564e-13 2.35567201e-14 3.55421832e-12
2.63026799e+00 3.84086264e-12 3.31698953e-12 6.58841313e-15 5.17284699e-13 2.24196763e-14 3.31698953e-12
3.01995172e+00 3.73173688e-12 3.09559474e-12 4.36058105e-15 6.31781551e-13 1.93279135e-14 3.09559474e-12
3.46736850e+00 3.61944745e-12 2.88897711e-12 2.80237510e-15 7.27667969e-13 1.52126717e-14 2.88897711e-12
3.98107171e+00 3.49315632e-12 2.69615031e-12 1.71550626e-15 7.95290503e-13 1.10131725e-14 2.69615031e-12
4.57088190e+00 3.34849527e-12 2.51619387e-12 1.03305766e-15 8.31268339e-13 7.43436125e-15 2.51619387e-12
5.24807460e+00 2.92070151e-12 2.08050667e-12 5.46158976e-16 8.39648685e-13 4.76066524e-15 2.08050667e-12
6.02559586e+00 2.19926808e-12 1.37457712e-12 2.25758761e-16 8.24465199e-13 2.85115350e-15 1.37457712e-12
6.70000000e+00 1.80034634e-12 9.99872685e-13 1.06340742e-16 8.00367318e-13 1.83627345e-15 9.99872685e-13
6.92422916e+00 1.69583949e-12 9.05846924e-13 8.37186315e-17 7.89908845e-13 1.58944916e-15 9.05846924e-13
7.15596261e+00 1.60598023e-12 8.20663132e-13 6.60016070e-17 7.85251094e-13 1.35275645e-15 8.20663132e-13
7.39545150e+00 1.53837244e-12 7.43489831e-13 5.07970934e-17 7.94831808e-13 1.15819853e-15 7.43489831e-13
7.64295536e+00 1.52313255e-12 6.73573732e-13 3.72891130e-17 8.49521524e-13 9.98282147e-16 6.73573732e-13
7.89874245e+00 1.58662352e-12 6.10232385e-13 2.48449363e-17 9.76366292e-13 8.64040667e-16 6.10232385e-13
8.16308998e+00 1.71962487e-12 5.52847515e-13 1.63114266e-17 1.16676104e-12 7.36630533e-16 5.52847515e-13
8.43628443e+00 1.93512335e-12 5.00858987e-13 9.62455342e-18 1.43425474e-12 6.12708704e-16 5.00858987e-13
8.71862190e+00 2.09536420e-12 4.53759343e-13 6.04821647e-18 1.64159880e-12 4.67161216e-16 4.53759343e-13
9.01040836e+00 2.27428804e-12 4.11088843e-13 3.04484787e-18 1.86319616e-12 3.03767857e-16 4.11088843e-13
9.31196005e+00 2.42768293e-12 3.72430980e-13 0.00000000e+00 2.05525195e-12 0.00000000e+00 3.72430980e-13
9.62360379e+00 2.42763404e-12 3.37408415e-13 0.00000000e+00 2.09022562e-12 0.00000000e+00 3.37408415e-13
9.94567731e+00 2.29832688e-12 3.05679292e-13 0.00000000e+00 1.99264759e-12 0.00000000e+00 3.05679292e-13
1.02785297e+01 2.12996352e-12 2.76933904e-13 0.00000000e+00 1.85302962e-12 0.00000000e+00 2.76933904e-13
1.06225216e+01 1.96133936e-12 2.50891667e-13 0.00000000e+00 1.71044769e-12 0.00000000e+00 2.50891667e-13
1.09780260e+01 1.77333882e-12 2.27298384e-13 0.00000000e+00 1.54604044e-12 0.00000000e+00 2.27298384e-13
1.13454280e+01 1.60440060e-12 2.05923759e-13 0.00000000e+00 1.39847684e-12 0.00000000e+00 2.05923759e-13
1.17251259e+01 1.45758642e-12 1.86559155e-13 0.00000000e+00 1.27102726e-12 0.00000000e+00 1.86559155e-13
1.21175312e+01 1.32111826e-12 1.69015555e-13 0.00000000e+00 1.15210270e-12 0.00000000e+00 1.69015555e-13
1.25230691e+01 1.19914802e-12 1.53121715e-13 0.00000000e+00 1.04602631e-12 0.00000000e+00 1.53121715e-13
1.29421791e+01 1.09017693e-12 1.38722496e-13 0.00000000e+00 9.51454435e-13 0.00000000e+00 1.38722496e-13
1.33753155e+01 9.97790052e-13 1.25677347e-13 0.00000000e+00 8.72112705e-13 0.00000000e+00 1.25677347e-13
1.38229477e+01 9.37715965e-13 1.13858934e-13 0.00000000e+00 8.23857031e-13 0.00000000e+00 1.13858934e-13
1.42855609e+01 9.03652687e-13 1.03151898e-13 0.00000000e+00 8.00500789e-13 0.00000000e+00 1.03151898e-13
1.47636563e+01 9.15513907e-13 9.34517274e-14 0.00000000e+00 8.22062180e-13 0.00000000e+00 9.34517274e-14
1.52577522e+01 9.40707230e-13 8.46637387e-14 0.00000000e+00 8.56043492e-13 0.00000000e+00 8.46637387e-14
1.57683840e+01 9.76756399e-13 7.67021526e-14 0.00000000e+00 9.00054246e-13 0.00000000e+00 7.67021526e-14
1.62961051e+01 1.01594971e-12 6.94892560e-14 0.00000000e+00 9.46460456e-13 0.00000000e+00 6.94892560e-14
1.68414875e+01 1.05610859e-12 6.29546439e-14 0.00000000e+00 9.93153948e-13 0.00000000e+00 6.29546439e-14
1.74051222e+01 1.08292120e-12 5.70345319e-14 0.00000000e+00 1.02588666e-12 0.00000000e+00 5.70345319e-14
1.79876201e+01 1.09809228e-12 5.16711337e-14 0.00000000e+00 1.04642115e-12 0.00000000e+00 5.16711337e-14
1.85896125e+01 1.09461304e-12 4.68120974e-14 0.00000000e+00 1.04780095e-12 0.00000000e+00 4.68120974e-14
1.92117518e+01 1.06973849e-12 4.24099939e-14 0.00000000e+00 1.02732849e-12 0.00000000e+00 4.24099939e-14
1.98547123e+01 1.03342109e-12 3.84218542e-14 0.00000000e+00 9.94999234e-13 0.00000000e+00 3.84218542e-14
2.05191907e+01 9.91561767e-13 3.48087501e-14 0.00000000e+00 9.56753017e-13 0.00000000e+00 3.48087501e-14
2.12059073e+01 9.51063573e-13 3.15354141e-14 0.00000000e+00 9.19528159e-13 0.00000000e+00 3.15354141e-14
2.19156062e+01 9.15495245e-13 2.85698952e-14 0.00000000e+00 8.86925350e-13 0.00000000e+00 2.85698952e-14
2.26490567e+01 8.81254824e-13 2.58832470e-14 0.00000000e+00 8.55371577e-13 0.00000000e+00 2.58832470e-14
2.34070535e+01 8.48581942e-13 2.34492452e-14 0.00000000e+00 8.25132697e-13 0.00000000e+00 2.34492452e-14
2.41904183e+01 8.17835785e-13 2.12441313e-14 0.00000000e+00 7.96591653e-13 0.00000000e+00 2.12441313e-14
2.50000000e+01 7.88999909e-13 1.92463813e-14 0.00000000e+00 7.69753528e-13 0.00000000e+00 1.92463813e-14
2.75422870e+01 7.03538277e-13 1.43935895e-14 0.00000000e+00 6.89144687e-13 0.00000000e+00 1.43935895e-14
3.16227766e+01 5.82487848e-13 9.50975027e-15 0.00000000e+00 5.72978098e-13 0.00000000e+00 9.50975027e-15
3.63078055e+01 4.57824244e-13 6.28302969e-15 0.00000000e+00 4.51541214e-13 0.00000000e+00 6.28302969e-15
4.16869383e+01 3.36151191e-13 4.15115655e-15 0.00000000e+00 3.32000035e-13 0.00000000e+00 4.15115655e-15
4.78630092e+01 2.30531532e-13 2.74264194e-15 0.00000000e+00 2.27788890e-13 0.00000000e+00 2.74264194e-15
5.49540874e+01 1.49408054e-13 1.81204556e-15 0.00000000e+00 1.47596009e-13 0.00000000e+00 1.81204556e-15
6.30957344e+01 9.24999130e-14 1.19720663e-15 0.00000000e+00 9.13027064e-14 0.00000000e+00 1.19720663e-15
7.24435960e+01 5.52370483e-14 7.90986575e-16 0.00000000e+00 5.44460617e-14 0.00000000e+00 7.90986575e-16
8.31763771e+01 3.20934289e-14 5.22599647e-16 0.00000000e+00 3.15708293e-14 0.00000000e+00 5.22599647e-16
9.54992586e+01 1.82862046e-14 3.45278163e-16 0.00000000e+00 1.79409265e-14 0.00000000e+00 3.45278163e-16
1.09647820e+02 1.02568707e-14 2.28123020e-16 0.00000000e+00 1.00287477e-14 0.00000000e+00 2.28123020e-16
1.25892541e+02 5.75127882e-15 1.50719385e-16 0.00000000e+00 5.60055943e-15 0.00000000e+00 1.50719385e-16
1.44543977e+02 3.20526408e-15 9.95793099e-17 0.00000000e+00 3.10568477e-15 0.00000000e+00 9.95793099e-17
1.65958691e+02 1.70459573e-15 6.57913976e-17 0.00000000e+00 1.63880433e-15 0.00000000e+00 6.57913976e-17
1.90546072e+02 9.08119055e-16 4.34679453e-17 0.00000000e+00 8.64651110e-16 0.00000000e+00 4.34679453e-17
2.18776162e+02 4.83721910e-16 2.87189867e-17 0.00000000e+00 4.55002923e-16 0.00000000e+00 2.87189867e-17
2.51188643e+02 2.57366089e-16 1.89744463e-17 0.00000000e+00 2.38391643e-16 0.00000000e+00 1.89744463e-17
2.88403150e+02 1.36752402e-16 1.25362924e-17 0.00000000e+00 1.24216110e-16 0.00000000e+00 1.25362924e-17
3.31131121e+02 7.27793554e-17 8.28264623e-18 0.00000000e+00 6.44967092e-17 0.00000000e+00 8.28264623e-18
3.80189396e+02 3.88091678e-17 5.47229010e-18 0.00000000e+00 3.33368777e-17 0.00000000e+00 5.47229010e-18
4.36515832e+02 2.07933263e-17 3.61550621e-18 0.00000000e+00 1.71778201e-17 0.00000000e+00 3.61550621e-18
5.01187234e+02 1.12109852e-17 2.38874127e-18 0.00000000e+00 8.82224392e-18 0.00000000e+00 2.38874127e-18
5.75439937e+02 6.09686216e-18 1.57822570e-18 0.00000000e+00 4.51863646e-18 0.00000000e+00 1.57822570e-18
6.60693448e+02 3.35163034e-18 1.04272338e-18 0.00000000e+00 2.30890695e-18 0.00000000e+00 1.04272338e-18
7.58577575e+02 1.86627394e-18 6.88920507e-19 0.00000000e+00 1.17735344e-18 0.00000000e+00 6.88920507e-19
8.70963590e+02 1.05428692e-18 4.55165265e-19 0.00000000e+00 5.99121651e-19 0.00000000e+00 4.55165265e-19
1.00000000e+03 3.04296197e-19 0.00000000e+00 0.00000000e+00 3.04296197e-19 0.00000000e+00 0.00000000e+00
