# column 1: lambda (micron)
# column 2: total flux; lambda*F_lambda (W/m2)
# column 3: direct stellar flux; lambda*F_lambda (W/m2)
# column 4: scattered stellar flux; lambda*F_lambda (W/m2)
# column 5: total dust emission flux; lambda*F_lambda (W/m2)
# column 6: dust emission scattered flux; lambda*F_lambda (W/m2)
# column 7: transparent flux; lambda*F_lambda (W/m2)
1.00000000e-03 1.56240882e-19 9.86547725e-44 1.56240882e-19 0.00000000e+00 0.00000000e+00 2.19080387e-29
1.14815362e-03 1.02929944e-19 2.87483611e-48 1.02929944e-19 0.00000000e+00 0.00000000e+00 2.58585101e-29
1.31825674e-03 1.66678455e-19 2.43327046e-53 1.66678455e-19 0.00000000e+00 0.00000000e+00 3.05213331e-29
1.51356125e-03 1.11768457e-19 1.39738592e-57 1.11768457e-19 0.00000000e+00 0.00000000e+00 3.60249593e-29
1.73780083e-03 1.84195751e-19 8.38851453e-58 1.84195751e-19 0.00000000e+00 0.00000000e+00 4.25210029e-29
1.99526231e-03 2.25843361e-19 4.39313102e-67 2.25843361e-19 0.00000000e+00 0.00000000e+00 5.01884171e-29
2.29086765e-03 4.66634410e-19 2.60106003e-69 4.66634410e-19 0.00000000e+00 0.00000000e+00 5.92384244e-29
2.63026799e-03 7.98592224e-19 3.03398629e-77 7.98592224e-19 0.00000000e+00 0.00000000e+00 6.99203348e-29
3.01995172e-03 8.74681244e-19 1.26638890e-88 8.74681244e-19 0.00000000e+00 0.00000000e+00 8.25284140e-29
3.46736850e-03 6.20613123e-19 3.07315421e-99 6.20613123e-19 0.00000000e+00 0.00000000e+00 9.74099901e-29
3.98107171e-03 1.76575119e-18 2.29495602e-109 1.76575119e-18 0.00000000e+00 0.00000000e+00 1.14975021e-28
4.57088190e-03 5.41064518e-18 2.00477486e-82 5.41064518e-18 0.00000000e+00 0.00000000e+00 1.35707390e-28
5.24807460e-03 8.23893112e-18 2.81977557e-97 8.23893112e-18 0.00000000e+00 0.00000000e+00 1.60178233e-28
6.02559586e-03 7.87253236e-18 2.37741227e-111 7.87253236e-18 0.00000000e+00 0.00000000e+00 1.89061674e-28
6.91830971e-03 8.02034972e-18 4.68165559e-124 8.02034972e-18 0.00000000e+00 0.00000000e+00 2.23153395e-28
7.94328235e-03 1.45901443e-17 4.74364862e-135 1.45901443e-17 0.00000000e+00 0.00000000e+00 2.63392557e-28
9.12010839e-03 1.86821290e-17 1.09268799e-146 1.86821290e-17 0.00000000e+00 0.00000000e+00 3.10887671e-28
1.04712855e-02 1.58794090e-17 3.32600823e-154 1.58794090e-17 0.00000000e+00 0.00000000e+00 3.47219039e-28
1.20226443e-02 4.99969507e-17 1.21491758e-161 4.99969507e-17 0.00000000e+00 0.00000000e+00 3.47219039e-28
1.38038426e-02 6.37916820e-17 1.83230282e-170 6.37916820e-17 7.94805827e-295 7.94805827e-295 3.47219039e-28
1.58489319e-02 7.91844282e-17 2.64234661e-181 7.91844282e-17 1.50508154e-258 1.50508154e-258 3.47219039e-28
1.81970086e-02 2.77002386e-17 2.64911364e-191 2.77002386e-17 1.49113400e-226 1.49113400e-226 3.47219039e-28
2.08929613e-02 7.15261788e-17 1.29382764e-199 7.15261788e-17 1.34013388e-198 1.34013388e-198 3.47219039e-28
2.39883292e-02 2.00852004e-16 2.20457530e-210 2.00852004e-16 3.73572654e-174 3.73572654e-174 3.47219039e-28
2.75422870e-02 8.27096928e-17 6.57078990e-223 8.27096928e-17 3.26296437e-153 3.26296437e-153 3.47219039e-28
3.16227766e-02 3.20265570e-17 3.46509485e-235 3.20265570e-17 6.65749949e-135 6.65749949e-135 3.47219039e-28
3.63078055e-02 2.68684868e-17 8.11955457e-245 2.68684868e-17 6.46776568e-119 6.46776568e-119 3.47219039e-28
4.16869383e-02 1.01611287e-16 3.80322202e-253 1.01611287e-16 2.83821109e-105 2.83821109e-105 3.47219039e-28
4.78630092e-02 3.47616686e-17 4.17261721e-276 3.47616686e-17 1.38585232e-93 1.38585232e-93 3.47219039e-28
5.49540874e-02 8.69218808e-17 4.90373842e-308 8.69218808e-17 5.11511510e-83 5.11511510e-83 3.47219039e-28
6.30957344e-02 7.84132075e-18 0.00000000e+00 7.84132075e-18 3.76445146e-74 3.76445146e-74 3.47219039e-28
7.24435960e-02 3.54148694e-17 0.00000000e+00 3.54148694e-17 3.05907445e-66 3.05907445e-66 3.47219039e-28
8.31763771e-02 1.74793277e-17 0.00000000e+00 1.74793277e-17 2.04894490e-59 2.04894490e-59 3.47219039e-28
9.54992586e-02 1.48199615e-17 0.00000000e+00 1.48199615e-17 2.05631883e-53 2.05631883e-53 3.47219039e-28
1.09647820e-01 1.00893880e-17 0.00000000e+00 1.00893880e-17 3.34033830e-48 3.34033830e-48 3.31591739e-28
1.25892541e-01 1.13769892e-17 1.63242254e-316 1.13769892e-17 8.00320091e-44 8.00320091e-44 3.09459416e-28
1.44543977e-01 3.79983882e-17 3.31680728e-267 3.79983882e-17 8.43620055e-40 8.43620055e-40 2.88804331e-28
1.65958691e-01 3.91395619e-17 2.92257186e-237 3.91395619e-17 9.53446209e-37 9.53446209e-37 2.69527884e-28
1.90546072e-01 3.41254877e-17 2.92784089e-251 3.41254877e-17 2.71226846e-34 2.71226846e-34 2.51538057e-28
2.18776162e-01 1.34702681e-17 7.28334959e-290 1.34702681e-17 2.31488159e-32 2.31488159e-32 2.34748974e-28
2.51188643e-01 3.36963836e-17 1.59239738e-237 3.36963836e-17 4.62892722e-30 4.62892722e-30 2.19080489e-28
2.88403150e-01 4.03407244e-17 4.73691525e-202 4.03407244e-17 7.91268767e-28 7.91268767e-28 2.04457809e-28
3.31131121e-01 1.34563594e-16 8.29981173e-180 1.34563593e-16 2.99575797e-26 2.99575797e-26 1.90811129e-28
3.80189396e-01 6.37142454e-17 2.14801485e-161 6.37142447e-17 7.43159189e-25 7.43159189e-25 1.78075307e-28
4.36515832e-01 6.56344429e-17 3.46445977e-144 6.56344250e-17 1.78440972e-23 1.78440972e-23 1.66189546e-28
5.01187234e-01 9.77629900e-17 7.47996144e-128 9.77626983e-17 2.91720032e-22 2.91720032e-22 1.55097109e-28
5.75439937e-01 1.71938000e-16 5.91859023e-113 1.71935163e-16 2.83703963e-21 2.83703963e-21 1.44745044e-28
6.60693448e-01 1.59518835e-16 1.11310354e-99 1.59497084e-16 2.17514042e-20 2.17514040e-20 1.35083935e-28
7.58577575e-01 1.92241165e-16 8.92939359e-88 1.92135088e-16 1.06077012e-19 1.06076969e-19 1.26067663e-28
8.70963590e-01 3.18049007e-16 8.74385221e-77 3.17555696e-16 4.93311136e-19 4.93304918e-19 1.17653189e-28
1.00000000e+00 2.31893083e-16 3.24742940e-67 2.30023216e-16 1.86986706e-18 1.86940110e-18 1.09800344e-28
1.14815362e+00 2.80467129e-16 5.18181649e-59 2.74512455e-16 5.95467384e-18 5.93547712e-18 1.02471644e-28
1.31825674e+00 3.31357105e-16 3.73284494e-52 3.16726898e-16 1.46302074e-17 1.41778639e-17 9.56321020e-29
1.51356125e+00 3.18728160e-16 1.11273407e-46 2.79022280e-16 3.97058806e-17 3.36183416e-17 8.92490705e-29
1.73780083e+00 4.43972795e-16 2.81238318e-42 3.23637090e-16 1.20335705e-16 6.99030577e-17 8.32920789e-29
1.99526231e+00 7.41758922e-16 8.19066492e-39 3.16011321e-16 4.25747601e-16 1.33691391e-16 7.77326909e-29
2.29086765e+00 1.72023051e-15 3.12001412e-36 2.85951796e-16 1.43427872e-15 2.32564381e-16 7.25443681e-29
2.63026799e+00 4.25920586e-15 2.19182990e-34 2.75729786e-16 3.98347607e-15 3.44750061e-16 6.77023435e-29
3.01995172e+00 9.41928750e-15 4.53663531e-33 2.33634375e-16 9.18565313e-15 4.59456926e-16 6.31835032e-29
3.46736850e+00 1.81781344e-14 3.90510029e-32 2.12778334e-16 1.79653560e-14 5.21855237e-16 5.89662761e-29
3.98107171e+00 3.04640785e-14 1.86505546e-31 1.75645622e-16 3.02884329e-14 5.27332160e-16 5.50305308e-29
4.57088190e+00 4.54482926e-14 5.82642517e-31 1.40373476e-16 4.53079192e-14 4.73582313e-16 5.13574796e-29
5.24807460e+00 6.02538081e-14 1.16250038e-30 8.24704767e-17 6.01713376e-14 3.81501426e-16 4.24647639e-29
6.02559586e+00 7.23822733e-14 1.41087268e-30 3.90104563e-17 7.23432628e-14 2.74398622e-16 2.80561913e-29
6.70000000e+00 7.89178440e-14 1.44686087e-30 2.03437112e-17 7.88975003e-14 1.92936777e-16 2.04081814e-29
6.92422916e+00 8.04740268e-14 1.43821635e-30 1.72668752e-17 8.04567599e-14 1.71601135e-16 1.84890423e-29
7.15596261e+00 8.15975394e-14 1.36241093e-30 1.26527392e-17 8.15848867e-14 1.51253848e-16 1.67503746e-29
7.39545150e+00 8.13140007e-14 1.16251783e-30 1.02627460e-17 8.13037379e-14 1.27407337e-16 1.51752074e-29
7.64295536e+00 7.83087079e-14 7.36213914e-31 6.54627313e-18 7.83021617e-14 9.86731389e-17 1.37481653e-29
7.89874245e+00 7.10942097e-14 2.83714693e-31 3.75399611e-18 7.10904557e-14 6.94496558e-17 1.24553190e-29
8.16308998e+00 6.11875875e-14 6.83389034e-32 1.82344047e-18 6.11857640e-14 4.37127848e-17 1.12840490e-29
8.43628443e+00 4.98199708e-14 8.47907716e-33 7.94128731e-19 4.98191767e-14 2.56955881e-17 1.02229226e-29
8.71862190e+00 4.27325767e-14 1.51589499e-33 3.74547848e-19 4.27322022e-14 1.62557291e-17 9.26158212e-30
9.01040836e+00 3.73483344e-14 2.17453031e-34 1.87062060e-19 3.73481474e-14 9.97223673e-18 8.39064393e-30
9.31196005e+00 3.30422218e-14 3.64245902e-35 0.00000000e+00 3.30422218e-14 0.00000000e+00 7.60160679e-30
9.62360379e+00 3.43356903e-14 2.38981458e-35 0.00000000e+00 3.43356903e-14 0.00000000e+00 6.88676892e-30
9.94567731e+00 3.74458956e-14 4.70243716e-35 0.00000000e+00 3.74458956e-14 0.00000000e+00 6.23915278e-30
1.02785297e+01 4.12632559e-14 1.31183115e-34 0.00000000e+00 4.12632559e-14 0.00000000e+00 5.65243699e-30
1.06225216e+01 4.52685846e-14 3.64587779e-34 0.00000000e+00 4.52685846e-14 0.00000000e+00 5.12089462e-30
1.09780260e+01 5.05622971e-14 1.22582613e-33 0.00000000e+00 5.05622971e-14 0.00000000e+00 4.63933730e-30
1.13454280e+01 5.65279867e-14 3.34584878e-33 0.00000000e+00 5.65279867e-14 0.00000000e+00 4.20306453e-30
1.17251259e+01 6.14017305e-14 7.57148577e-33 0.00000000e+00 6.14017305e-14 0.00000000e+00 3.80781787e-30
1.21175312e+01 6.58749044e-14 1.56650941e-32 0.00000000e+00 6.58749044e-14 0.00000000e+00 3.44973931e-30
1.25230691e+01 6.99809883e-14 2.94186534e-32 0.00000000e+00 6.99809883e-14 0.00000000e+00 3.12533364e-30
1.29421791e+01 7.33249217e-14 4.86708666e-32 0.00000000e+00 7.33249217e-14 0.00000000e+00 2.83143435e-30
1.33753155e+01 7.66344066e-14 7.26391804e-32 0.00000000e+00 7.66344066e-14 0.00000000e+00 2.56517268e-30
1.38229477e+01 7.78483496e-14 8.82644578e-32 0.00000000e+00 7.78483496e-14 0.00000000e+00 2.32394966e-30
1.42855609e+01 7.90524990e-14 9.13377228e-32 0.00000000e+00 7.90524990e-14 0.00000000e+00 2.10541070e-30
1.47636563e+01 7.91937881e-14 7.12698195e-32 0.00000000e+00 7.91937881e-14 0.00000000e+00 1.90742265e-30
1.52577522e+01 7.94304005e-14 5.18858762e-32 0.00000000e+00 7.94304005e-14 0.00000000e+00 1.72805294e-30
1.57683840e+01 7.93578917e-14 3.54845462e-32 0.00000000e+00 7.93578917e-14 0.00000000e+00 1.56555076e-30
1.62961051e+01 7.98522086e-14 2.38439361e-32 0.00000000e+00 7.98522086e-14 0.00000000e+00 1.41832992e-30
1.68414875e+01 7.96539543e-14 1.58038719e-32 0.00000000e+00 7.96539543e-14 0.00000000e+00 1.28495339e-30
1.74051222e+01 8.06543883e-14 1.15827481e-32 0.00000000e+00 8.06543883e-14 0.00000000e+00 1.16411928e-30
1.79876201e+01 8.13542926e-14 9.11264285e-33 0.00000000e+00 8.13542926e-14 0.00000000e+00 1.05464814e-30
1.85896125e+01 8.27505111e-14 8.30622792e-33 0.00000000e+00 8.27505111e-14 0.00000000e+00 9.55471421e-31
1.92117518e+01 8.49948463e-14 8.69532018e-33 0.00000000e+00 8.49948463e-14 0.00000000e+00 8.65621054e-31
1.98547123e+01 8.63095063e-14 9.88702146e-33 0.00000000e+00 8.63095063e-14 0.00000000e+00 7.84220012e-31
2.05191907e+01 8.84128502e-14 1.15926966e-32 0.00000000e+00 8.84128502e-14 0.00000000e+00 7.10473740e-31
2.12059073e+01 9.00804145e-14 1.33953544e-32 0.00000000e+00 9.00804145e-14 0.00000000e+00 6.43662399e-31
2.19156062e+01 9.13934455e-14 1.49886486e-32 0.00000000e+00 9.13934455e-14 0.00000000e+00 5.83133846e-31
2.26490567e+01 9.29772542e-14 1.64882249e-32 0.00000000e+00 9.29772542e-14 0.00000000e+00 5.28297261e-31
2.34070535e+01 9.45990174e-14 1.78434308e-32 0.00000000e+00 9.45990174e-14 0.00000000e+00 4.78617384e-31
2.41904183e+01 9.55636681e-14 1.89842206e-32 0.00000000e+00 9.55636681e-14 0.00000000e+00 4.33609290e-31
2.50000000e+01 9.62806254e-14 1.99119554e-32 0.00000000e+00 9.62806254e-14 0.00000000e+00 3.92833655e-31
2.75422870e+01 9.77656994e-14 2.18113708e-32 0.00000000e+00 9.77656994e-14 0.00000000e+00 2.93784388e-31
3.16227766e+01 9.64239737e-14 2.23305708e-32 0.00000000e+00 9.64239737e-14 0.00000000e+00 1.94101420e-31
3.63078055e+01 9.05780260e-14 2.14382012e-32 0.00000000e+00 9.05780260e-14 0.00000000e+00 1.28241537e-31
4.16869383e+01 8.00019496e-14 2.00653996e-32 0.00000000e+00 8.00019496e-14 0.00000000e+00 8.47283431e-32
4.78630092e+01 6.60920410e-14 1.81927237e-32 0.00000000e+00 6.60920410e-14 0.00000000e+00 5.59794611e-32
5.49540874e+01 5.13026071e-14 1.56764766e-32 0.00000000e+00 5.13026071e-14 0.00000000e+00 3.69852632e-32
6.30957344e+01 3.75686209e-14 1.27928612e-32 0.00000000e+00 3.75686209e-14 0.00000000e+00 2.44359211e-32
7.24435960e+01 2.61347716e-14 9.94567072e-33 0.00000000e+00 2.61347716e-14 0.00000000e+00 1.61446529e-32
8.31763771e+01 1.73597855e-14 7.42652695e-33 0.00000000e+00 1.73597855e-14 0.00000000e+00 1.06666664e-32
9.54992586e+01 1.11024104e-14 5.37316245e-33 0.00000000e+00 1.11024104e-14 0.00000000e+00 7.04739662e-33
1.09647820e+02 6.87218644e-15 3.79727297e-33 0.00000000e+00 6.87218644e-15 0.00000000e+00 4.65616877e-33
1.25892541e+02 4.18434696e-15 2.63307384e-33 0.00000000e+00 4.18434696e-15 0.00000000e+00 3.07630020e-33
1.44543977e+02 2.49810285e-15 1.80342212e-33 0.00000000e+00 2.49810285e-15 0.00000000e+00 2.03249139e-33
1.65958691e+02 1.40775346e-15 1.22881898e-33 0.00000000e+00 1.40775346e-15 0.00000000e+00 1.34285374e-33
1.90546072e+02 7.84886544e-16 8.30125599e-34 0.00000000e+00 7.84886544e-16 0.00000000e+00 8.87214669e-34
2.18776162e+02 4.32689762e-16 5.57504958e-34 0.00000000e+00 4.32689762e-16 0.00000000e+00 5.86176919e-34
2.51188643e+02 2.35820832e-16 3.72866740e-34 0.00000000e+00 2.35820832e-16 0.00000000e+00 3.87283249e-34
2.88403150e+02 1.27052146e-16 2.48630723e-34 0.00000000e+00 1.27052146e-16 0.00000000e+00 2.55875505e-34
3.31131121e+02 6.78700944e-17 1.65411011e-34 0.00000000e+00 6.78700944e-17 0.00000000e+00 1.69055270e-34
3.80189396e+02 3.59398946e-17 1.09861630e-34 0.00000000e+00 3.59398946e-17 0.00000000e+00 1.11693709e-34
4.36515832e+02 1.89053913e-17 7.28739390e-35 0.00000000e+00 1.89053913e-17 0.00000000e+00 7.37953019e-35
5.01187234e+02 9.88220410e-18 4.82928205e-35 0.00000000e+00 9.88220410e-18 0.00000000e+00 4.87560724e-35
5.75439937e+02 5.13841648e-18 3.19799119e-35 0.00000000e+00 5.13841648e-18 0.00000000e+00 3.22128176e-35
6.60693448e+02 2.65980130e-18 2.11657028e-35 0.00000000e+00 2.65980130e-18 0.00000000e+00 2.12827975e-35
7.58577575e+02 1.37140399e-18 1.40025358e-35 0.00000000e+00 1.37140399e-18 0.00000000e+00 1.40614049e-35
8.70963590e+02 7.04551439e-19 9.26068924e-36 0.00000000e+00 7.04551439e-19 0.00000000e+00 9.29027808e-36
1.00000000e+03 3.60794456e-19 0.00000000e+00 0.00000000e+00 3.60794456e-19 0.00000000e+00 0.00000000e+00
