# column 1: lambda (micron)
# column 2: total flux; lambda*F_lambda (W/m2)
# column 3: direct stellar flux; lambda*F_lambda (W/m2)
# column 4: scattered stellar flux; lambda*F_lambda (W/m2)
# column 5: total dust emission flux; lambda*F_lambda (W/m2)
# column 6: dust emission scattered flux; lambda*F_lambda (W/m2)
# column 7: transparent flux; lambda*F_lambda (W/m2)
1.00000000e-03 6.34710687e-18 1.14152826e-18 5.20557861e-18 0.00000000e+00 0.00000000e+00 8.37058880e-14
1.14815362e-03 1.25718846e-18 3.68944397e-20 1.22029402e-18 0.00000000e+00 0.00000000e+00 9.87997869e-14
1.31825674e-03 1.35159819e-18 7.84065421e-22 1.35081413e-18 0.00000000e+00 0.00000000e+00 1.16615427e-13
1.51356125e-03 9.36186035e-19 3.18965451e-23 9.36154138e-19 0.00000000e+00 0.00000000e+00 1.37643595e-13
1.73780083e-03 1.54321432e-18 2.99340563e-23 1.54318439e-18 0.00000000e+00 0.00000000e+00 1.62463576e-13
1.99526231e-03 1.22699686e-18 2.37874707e-26 1.22699683e-18 0.00000000e+00 0.00000000e+00 1.91759111e-13
2.29086765e-03 1.91586534e-18 4.66106919e-27 1.91586534e-18 0.00000000e+00 0.00000000e+00 2.26337236e-13
2.63026799e-03 2.93873104e-18 1.06104498e-29 2.93873104e-18 0.00000000e+00 0.00000000e+00 2.67150510e-13
3.01995172e-03 2.92837729e-18 1.63775163e-33 2.92837729e-18 0.00000000e+00 0.00000000e+00 3.15323260e-13
3.46736850e-03 3.27734003e-18 4.59210700e-37 3.27734003e-18 0.00000000e+00 0.00000000e+00 3.72182551e-13
3.98107171e-03 3.58355550e-18 1.88507284e-40 3.58355550e-18 0.00000000e+00 0.00000000e+00 4.39294745e-13
4.57088190e-03 3.02801523e-17 2.88011125e-31 3.02801523e-17 0.00000000e+00 0.00000000e+00 5.18508652e-13
5.24807460e-03 2.90015382e-17 2.95352118e-36 2.90015382e-17 0.00000000e+00 0.00000000e+00 6.12006462e-13
6.02559586e-03 3.64649108e-17 5.55934065e-41 3.64649108e-17 0.00000000e+00 0.00000000e+00 7.22363856e-13
6.91830971e-03 1.17362922e-16 3.04627074e-45 1.17362922e-16 0.00000000e+00 0.00000000e+00 8.52620966e-13
7.94328235e-03 5.76915846e-17 6.35185324e-49 5.76915846e-17 3.42421626e-308 3.42421626e-308 1.00636612e-12
9.12010839e-03 7.89746568e-17 8.01424374e-53 7.89746568e-17 1.56981710e-269 1.56981710e-269 1.18783470e-12
1.04712855e-02 8.02048870e-17 2.43510439e-55 8.02048870e-17 7.31601461e-236 7.31601461e-236 1.32664902e-12
1.20226443e-02 1.00113609e-16 7.31658154e-58 1.00113609e-16 9.63196151e-205 9.63196151e-205 1.32664902e-12
1.38038426e-02 1.57375029e-16 7.45915226e-61 1.57375029e-16 6.47595301e-181 6.47595301e-181 1.32664902e-12
1.58489319e-02 2.13426114e-16 1.57115709e-64 2.13426114e-16 1.77171527e-158 1.77171527e-158 1.32664902e-12
1.81970086e-02 1.55015769e-16 6.38754729e-68 1.55015769e-16 2.30215619e-139 2.30215619e-139 1.32664902e-12
2.08929613e-02 2.17672593e-16 9.70018702e-71 2.17672593e-16 1.41056152e-122 1.41056152e-122 1.32664902e-12
2.39883292e-02 2.82765389e-16 2.16213081e-74 2.82765389e-16 6.86118426e-108 6.86118426e-108 1.32664902e-12
2.75422870e-02 2.62142616e-16 1.22204219e-78 2.62142616e-16 4.11695694e-95 4.11695694e-95 1.32664902e-12
3.16227766e-02 3.72503228e-16 8.38161234e-83 3.72503228e-16 3.89726278e-84 3.89726278e-84 1.32664902e-12
3.63078055e-02 4.35970732e-16 4.54443666e-86 4.35970732e-16 1.67407116e-74 1.67407116e-74 1.32664902e-12
4.16869383e-02 5.42703712e-16 6.80406942e-89 5.42703712e-16 6.68684115e-66 6.68684115e-66 1.32664902e-12
4.78630092e-02 4.90435760e-16 1.11305820e-96 4.90435760e-16 6.88315242e-59 6.88315242e-59 1.32664902e-12
5.49540874e-02 4.80173074e-16 1.65294344e-107 4.80173074e-16 1.39498804e-52 1.39498804e-52 1.32664902e-12
6.30957344e-02 4.52181837e-16 1.16520030e-134 4.52181837e-16 3.91820391e-47 3.91820391e-47 1.32664902e-12
7.24435960e-02 2.37839690e-16 8.02942254e-167 2.37839690e-16 1.95548627e-42 1.95548627e-42 1.32664902e-12
8.31763771e-02 1.94345224e-16 5.84258860e-164 1.94345224e-16 1.57942156e-38 1.57942156e-38 1.32664902e-12
9.54992586e-02 2.67344491e-16 1.44698809e-155 2.67344491e-16 4.99419785e-35 4.99419785e-35 1.32664902e-12
1.09647820e-01 3.80265876e-16 2.17199584e-131 3.80265876e-16 6.15852143e-32 6.15852143e-32 1.26694048e-12
1.25892541e-01 4.25995007e-16 2.04270602e-110 4.25995007e-16 2.13854447e-29 2.13854447e-29 1.18237765e-12
1.44543977e-01 7.44747021e-16 1.02796216e-93 7.44747021e-16 4.67632400e-27 4.67632400e-27 1.10345902e-12
1.65958691e-01 1.05917921e-15 1.40378556e-83 1.05917921e-15 2.79770746e-25 2.79770746e-25 1.02980788e-12
1.90546072e-01 1.10324486e-15 2.39868263e-88 1.10324485e-15 1.00894507e-23 1.00894507e-23 9.61072633e-13
2.18776162e-01 8.44621465e-16 1.85543048e-101 8.44621380e-16 8.48400228e-23 8.48400228e-23 8.96925168e-13
2.51188643e-01 1.78554273e-15 9.96299440e-84 1.78554060e-15 2.13479117e-21 2.13479117e-21 8.37059271e-13
2.88403150e-01 2.06720630e-15 1.01985550e-71 2.06718537e-15 2.09237790e-20 2.09237790e-20 7.81189165e-13
3.31131121e-01 2.54529253e-15 3.40479598e-64 2.54516490e-15 1.27629931e-19 1.27629931e-19 7.29048148e-13
3.80189396e-01 2.58878387e-15 5.70933384e-58 2.58808152e-15 7.02345007e-19 7.02345007e-19 6.80387319e-13
4.36515832e-01 3.16815292e-15 3.73514050e-52 3.16557449e-15 2.57843156e-18 2.57843156e-18 6.34974392e-13
5.01187234e-01 3.77060784e-15 1.23554297e-46 3.76261588e-15 7.99196053e-18 7.99194548e-18 5.92592582e-13
5.75439937e-01 4.83968403e-15 1.33180976e-41 4.81891581e-15 2.07682139e-17 2.07679876e-17 5.53039576e-13
6.60693448e-01 5.22106949e-15 4.03910368e-37 5.15857669e-15 6.24928019e-17 6.24892338e-17 5.16126563e-13
7.58577575e-01 6.54448876e-15 4.20256479e-33 6.33486399e-15 2.09624767e-16 2.09475420e-16 4.81677334e-13
8.70963590e-01 8.95466399e-15 2.14281195e-29 8.35309092e-15 6.01573069e-16 6.00020540e-16 4.49527444e-13
1.00000000e+00 1.14588460e-14 3.60197295e-26 9.51714464e-15 1.94170136e-15 1.92561226e-15 4.19523420e-13
1.14815362e+00 1.62964221e-14 2.08231793e-23 1.10788152e-14 5.21760681e-15 5.11203916e-15 3.91522036e-13
1.31825674e+00 2.66907358e-14 4.21015912e-21 1.26712282e-14 1.40195034e-14 1.32518138e-14 3.65389624e-13
1.51356125e+00 4.93740634e-14 2.89046954e-19 1.50877980e-14 3.42859763e-14 3.05787529e-14 3.41001438e-13
1.73780083e+00 9.66640315e-14 8.59423956e-18 1.74602703e-14 7.91951669e-14 6.20849915e-14 3.18241059e-13
1.99526231e+00 2.15533526e-13 1.22799737e-16 1.96858521e-14 1.95724874e-13 1.18061562e-13 2.96999837e-13
2.29086765e+00 4.98392208e-13 8.80239491e-16 2.08550599e-14 4.76656908e-13 1.94941302e-13 2.77176375e-13
2.63026799e+00 1.10739642e-12 3.55649469e-15 2.00865866e-14 1.08375334e-12 2.77880656e-13 2.58676044e-13
3.01995172e+00 2.19773829e-12 9.49426403e-15 1.75359721e-14 2.17070805e-12 3.30237373e-13 2.41410531e-13
3.46736850e+00 3.71655385e-12 1.88227739e-14 1.43102331e-14 3.68342084e-12 3.34439851e-13 2.25297416e-13
3.98107171e+00 5.54258131e-12 3.05593640e-14 1.06533955e-14 5.50136855e-12 2.97060282e-13 2.10259782e-13
4.57088190e+00 7.28520519e-12 4.29622851e-14 7.45044741e-15 7.23479245e-12 2.29426106e-13 1.96225846e-13
5.24807460e+00 8.72865889e-12 4.78906264e-14 4.37208902e-15 8.67639618e-12 1.61268452e-13 1.62248699e-13
6.02559586e+00 9.64619639e-12 3.88876734e-14 1.92704392e-15 9.60538167e-12 1.02301687e-13 1.07196652e-13
6.70000000e+00 9.99619284e-12 3.17813805e-14 9.80717156e-16 9.96343074e-12 6.83102564e-14 7.79752569e-14
6.92422916e+00 1.00159476e-11 2.97129219e-14 7.85337696e-16 9.98544938e-12 5.93757737e-14 7.06426405e-14
7.15596261e+00 1.00485879e-11 2.73291189e-14 6.21826286e-16 1.00206369e-11 5.11348493e-14 6.39995667e-14
7.39545150e+00 1.00671334e-11 2.42611928e-14 4.74818317e-16 1.00423973e-11 4.35925176e-14 5.79811925e-14
7.64295536e+00 1.00271324e-11 1.94664247e-14 3.31192595e-16 1.00073348e-11 3.61126016e-14 5.25287725e-14
7.89874245e+00 9.75339397e-12 1.31978047e-14 2.00304581e-16 9.73999586e-12 2.79594296e-14 4.75890858e-14
8.16308998e+00 9.08535274e-12 7.62964580e-15 1.09286499e-16 9.07761381e-12 2.02838735e-14 4.31139160e-14
8.43628443e+00 7.96566007e-12 3.52210984e-15 5.03957207e-17 7.96208756e-12 1.32104362e-14 3.90595811e-14
8.71862190e+00 7.20255253e-12 1.84034981e-15 2.47946075e-17 7.20068738e-12 8.80992580e-15 3.53865066e-14
9.01040836e+00 6.49743768e-12 8.92419801e-16 9.09741755e-18 6.49653616e-12 4.86992736e-15 3.20588397e-14
9.31196005e+00 6.08898392e-12 4.56112898e-16 0.00000000e+00 6.08852781e-12 0.00000000e+00 2.90440991e-14
9.62360379e+00 6.21939193e-12 3.70388181e-16 0.00000000e+00 6.21902155e-12 0.00000000e+00 2.63128578e-14
9.94567731e+00 6.64897187e-12 4.36517289e-16 0.00000000e+00 6.64853536e-12 0.00000000e+00 2.38384563e-14
1.02785297e+01 7.42525800e-12 5.79103256e-16 0.00000000e+00 7.42467889e-12 0.00000000e+00 2.15967419e-14
1.06225216e+01 8.02409634e-12 7.67286447e-16 0.00000000e+00 8.02332905e-12 0.00000000e+00 1.95658333e-14
1.09780260e+01 8.78129335e-12 1.08444035e-15 0.00000000e+00 8.78020891e-12 0.00000000e+00 1.77259066e-14
1.13454280e+01 9.43226496e-12 1.42805901e-15 0.00000000e+00 9.43083691e-12 0.00000000e+00 1.60590026e-14
1.17251259e+01 9.89892277e-12 1.76474059e-15 0.00000000e+00 9.89715803e-12 0.00000000e+00 1.45488504e-14
1.21175312e+01 1.02395035e-11 2.11551358e-15 0.00000000e+00 1.02373880e-11 0.00000000e+00 1.31807094e-14
1.25230691e+01 1.03984194e-11 2.45406687e-15 0.00000000e+00 1.03959653e-11 0.00000000e+00 1.19412254e-14
1.29421791e+01 1.04264572e-11 2.72703228e-15 0.00000000e+00 1.04237301e-11 0.00000000e+00 1.08182996e-14
1.33753155e+01 1.03773123e-11 2.92630880e-15 0.00000000e+00 1.03743860e-11 0.00000000e+00 9.80097124e-15
1.38229477e+01 1.02701882e-11 2.92867033e-15 0.00000000e+00 1.02672595e-11 0.00000000e+00 8.87931012e-15
1.42855609e+01 1.02197429e-11 2.77566191e-15 0.00000000e+00 1.02169672e-11 0.00000000e+00 8.04431992e-15
1.47636563e+01 1.03331110e-11 2.39046709e-15 0.00000000e+00 1.03307206e-11 0.00000000e+00 7.28785031e-15
1.52577522e+01 1.05051056e-11 2.01088489e-15 0.00000000e+00 1.05030947e-11 0.00000000e+00 6.60251738e-15
1.57683840e+01 1.07611747e-11 1.65608729e-15 0.00000000e+00 1.07595186e-11 0.00000000e+00 5.98163161e-15
1.62961051e+01 1.09427297e-11 1.35576508e-15 0.00000000e+00 1.09413740e-11 0.00000000e+00 5.41913253e-15
1.68414875e+01 1.11158187e-11 1.10475709e-15 0.00000000e+00 1.11147139e-11 0.00000000e+00 4.90952959e-15
1.74051222e+01 1.12731313e-11 9.31442970e-16 0.00000000e+00 1.12721999e-11 0.00000000e+00 4.44784855e-15
1.79876201e+01 1.13499040e-11 8.04425103e-16 0.00000000e+00 1.13490996e-11 0.00000000e+00 4.02958296e-15
1.85896125e+01 1.13504509e-11 7.30288060e-16 0.00000000e+00 1.13497206e-11 0.00000000e+00 3.65065011e-15
1.92117518e+01 1.12670550e-11 6.94851203e-16 0.00000000e+00 1.12663602e-11 0.00000000e+00 3.30735125e-15
1.98547123e+01 1.10515648e-11 6.79928798e-16 0.00000000e+00 1.10508849e-11 0.00000000e+00 2.99633543e-15
2.05191907e+01 1.08347351e-11 6.72293163e-16 0.00000000e+00 1.08340628e-11 0.00000000e+00 2.71456684e-15
2.12059073e+01 1.05240248e-11 6.61455685e-16 0.00000000e+00 1.05233633e-11 0.00000000e+00 2.45929512e-15
2.19156062e+01 1.02105759e-11 6.43736469e-16 0.00000000e+00 1.02099321e-11 0.00000000e+00 2.22802858e-15
2.26490567e+01 9.87559922e-12 6.22883762e-16 0.00000000e+00 9.87497633e-12 0.00000000e+00 2.01850983e-15
2.34070535e+01 9.55617141e-12 5.99371028e-16 0.00000000e+00 9.55557204e-12 0.00000000e+00 1.82869374e-15
2.41904183e+01 9.16928670e-12 5.73427247e-16 0.00000000e+00 9.16871327e-12 0.00000000e+00 1.65672752e-15
2.50000000e+01 8.79278646e-12 5.45959720e-16 0.00000000e+00 8.79224050e-12 0.00000000e+00 1.50093262e-15
2.75422870e+01 7.63550009e-12 4.64719042e-16 0.00000000e+00 7.63503537e-12 0.00000000e+00 1.12248675e-15
3.16227766e+01 5.94912213e-12 3.56203345e-16 0.00000000e+00 5.94876592e-12 0.00000000e+00 7.41619640e-16
3.63078055e+01 4.35794239e-12 2.67137148e-16 0.00000000e+00 4.35767525e-12 0.00000000e+00 4.89983237e-16
4.16869383e+01 2.97144356e-12 1.98623366e-16 0.00000000e+00 2.97124494e-12 0.00000000e+00 3.23728714e-16
4.78630092e+01 1.88987377e-12 1.46097642e-16 0.00000000e+00 1.88972767e-12 0.00000000e+00 2.13885440e-16
5.49540874e+01 1.13828283e-12 1.05623770e-16 0.00000000e+00 1.13817720e-12 0.00000000e+00 1.41312709e-16
6.30957344e+01 6.57790713e-13 7.49662972e-17 0.00000000e+00 6.57715747e-13 0.00000000e+00 9.33643811e-17
7.24435960e+01 3.68296819e-13 5.23396585e-17 0.00000000e+00 3.68244479e-13 0.00000000e+00 6.16852348e-17
8.31763771e+01 2.01659470e-13 3.60459117e-17 0.00000000e+00 2.01623424e-13 0.00000000e+00 4.07550305e-17
9.54992586e+01 1.08864966e-13 2.45602385e-17 0.00000000e+00 1.08840406e-13 0.00000000e+00 2.69265816e-17
1.09647820e+02 5.81690234e-14 1.66015737e-17 0.00000000e+00 5.81524218e-14 0.00000000e+00 1.77902161e-17
1.25892541e+02 3.12354216e-14 1.11498219e-17 0.00000000e+00 3.12242718e-14 0.00000000e+00 1.17538792e-17
1.44543977e+02 1.67429599e-14 7.45709971e-18 0.00000000e+00 1.67355028e-14 0.00000000e+00 7.76571097e-18
1.65958691e+02 8.56960104e-15 4.97864346e-18 0.00000000e+00 8.56462240e-15 0.00000000e+00 5.13075436e-18
1.90546072e+02 4.40420676e-15 3.31425251e-18 0.00000000e+00 4.40089250e-15 0.00000000e+00 3.38985579e-18
2.18776162e+02 2.26592772e-15 2.20188717e-18 0.00000000e+00 2.26372584e-15 0.00000000e+00 2.23965551e-18
2.51188643e+02 1.16439682e-15 1.46081122e-18 0.00000000e+00 1.16293600e-15 0.00000000e+00 1.47972572e-18
2.88403150e+02 5.96735571e-16 9.68168591e-19 0.00000000e+00 5.95767403e-16 0.00000000e+00 9.77645088e-19
3.31131121e+02 3.05482701e-16 6.41167693e-19 0.00000000e+00 3.04841533e-16 0.00000000e+00 6.45923704e-19
3.80189396e+02 1.56005333e-16 4.24370698e-19 0.00000000e+00 1.55580962e-16 0.00000000e+00 4.26757559e-19
4.36515832e+02 7.95746384e-17 2.80757128e-19 0.00000000e+00 7.92938812e-17 0.00000000e+00 2.81955923e-19
5.01187234e+02 4.05263408e-17 1.85684288e-19 0.00000000e+00 4.03406565e-17 0.00000000e+00 1.86286431e-19
5.75439937e+02 2.06163229e-17 1.22775718e-19 0.00000000e+00 2.04935472e-17 0.00000000e+00 1.23078224e-19
6.60693448e+02 1.04789667e-17 8.11649769e-20 0.00000000e+00 1.03978017e-17 0.00000000e+00 8.13169765e-20
7.58577575e+02 5.32322739e-18 5.36492095e-20 0.00000000e+00 5.26957818e-18 0.00000000e+00 5.37255936e-20
8.70963590e+02 2.70281078e-18 3.54577682e-20 0.00000000e+00 2.66735301e-18 0.00000000e+00 3.54961477e-20
1.00000000e+03 1.34852789e-18 0.00000000e+00 0.00000000e+00 1.34852789e-18 0.00000000e+00 0.00000000e+00
