# column 1: lambda (micron)
# column 2: total flux; lambda*F_lambda (W/m2)
# column 3: direct stellar flux; lambda*F_lambda (W/m2)
# column 4: scattered stellar flux; lambda*F_lambda (W/m2)
# column 5: total dust emission flux; lambda*F_lambda (W/m2)
# column 6: dust emission scattered flux; lambda*F_lambda (W/m2)
# column 7: transparent flux; lambda*F_lambda (W/m2)
1.00000000e-03 1.71068097e-18 2.80594749e-20 1.68262150e-18 0.00000000e+00 0.00000000e+00 8.37058880e-14
1.14815362e-03 1.46582854e-18 2.75853164e-22 1.46555268e-18 0.00000000e+00 0.00000000e+00 9.87997869e-14
1.31825674e-03 1.10883849e-18 1.55224909e-24 1.10883693e-18 0.00000000e+00 0.00000000e+00 1.16615427e-13
1.51356125e-03 1.07969756e-18 2.07266455e-26 1.07969754e-18 0.00000000e+00 0.00000000e+00 1.37643595e-13
1.73780083e-03 2.22512264e-18 1.80306346e-26 2.22512262e-18 0.00000000e+00 0.00000000e+00 1.62463576e-13
1.99526231e-03 2.31461174e-18 1.27929931e-30 2.31461174e-18 0.00000000e+00 0.00000000e+00 1.91759111e-13
2.29086765e-03 3.19499358e-18 1.38399559e-31 3.19499358e-18 0.00000000e+00 0.00000000e+00 2.26337236e-13
2.63026799e-03 3.99424545e-18 3.98434046e-35 3.99424545e-18 0.00000000e+00 0.00000000e+00 2.67150510e-13
3.01995172e-03 4.90274058e-18 3.19324863e-40 4.90274058e-18 0.00000000e+00 0.00000000e+00 3.15323260e-13
3.46736850e-03 4.88675504e-18 5.66392199e-45 4.88675504e-18 0.00000000e+00 0.00000000e+00 3.72182551e-13
3.98107171e-03 5.13579810e-18 1.66846776e-49 5.13579810e-18 0.00000000e+00 0.00000000e+00 4.39294745e-13
4.57088190e-03 3.78252544e-17 2.63408929e-37 3.78252544e-17 0.00000000e+00 0.00000000e+00 5.18508652e-13
5.24807460e-03 4.72297027e-17 5.71984907e-44 4.72297027e-17 0.00000000e+00 0.00000000e+00 6.12006462e-13
6.02559586e-03 5.14367170e-17 2.78701304e-50 5.14367170e-17 0.00000000e+00 0.00000000e+00 7.22363856e-13
6.91830971e-03 6.18737675e-17 5.62943587e-56 6.18737675e-17 0.00000000e+00 0.00000000e+00 8.52620966e-13
7.94328235e-03 7.52511358e-17 6.73234823e-61 7.52511358e-17 3.09518941e-309 3.09518941e-309 1.00636612e-12
9.12010839e-03 8.45486644e-17 4.12599680e-66 8.45486644e-17 1.12219365e-270 1.12219365e-270 1.18783470e-12
1.04712855e-02 9.61037102e-17 1.77656228e-69 9.61037102e-17 4.16265692e-236 4.16265692e-236 1.32664902e-12
1.20226443e-02 3.01898254e-16 7.81693745e-73 3.01898254e-16 2.18508931e-207 2.18508931e-207 1.32664902e-12
1.38038426e-02 2.74841555e-16 8.16216086e-77 2.74841555e-16 2.66688587e-182 2.66688587e-182 1.32664902e-12
1.58489319e-02 1.67735488e-16 1.04514649e-81 1.67735488e-16 4.38335159e-160 4.38335159e-160 1.32664902e-12
1.81970086e-02 1.79108428e-16 3.21072769e-86 1.79108428e-16 4.40441776e-140 4.40441776e-140 1.32664902e-12
2.08929613e-02 3.11044812e-16 5.69751750e-90 3.11044812e-16 7.24891657e-124 7.24891657e-124 1.32664902e-12
2.39883292e-02 2.52126913e-16 7.86606646e-95 2.52126913e-16 5.27679856e-109 5.27679856e-109 1.32664902e-12
2.75422870e-02 4.07006926e-16 1.74908909e-100 4.07006926e-16 1.07918426e-96 1.07918426e-96 1.32664902e-12
3.16227766e-02 3.23599541e-16 5.03155774e-106 3.23599541e-16 2.00340728e-85 2.00340728e-85 1.32664902e-12
3.63078055e-02 2.55835820e-16 2.26740278e-110 2.55835820e-16 6.33175632e-76 6.33175632e-76 1.32664902e-12
4.16869383e-02 3.44148815e-16 3.94836022e-114 3.44148815e-16 1.13183205e-67 1.13183205e-67 1.32664902e-12
4.78630092e-02 4.37956274e-16 1.71598101e-124 4.37956274e-16 2.69178326e-60 2.69178326e-60 1.32664902e-12
5.49540874e-02 2.93726577e-16 6.67294546e-139 2.93726577e-16 2.80325600e-54 2.80325600e-54 1.32664902e-12
6.30957344e-02 3.20094492e-16 4.90636097e-175 3.20094492e-16 9.61543522e-49 9.61543522e-49 1.32664902e-12
7.24435960e-02 1.66676879e-16 7.76436459e-218 1.66676879e-16 4.20133645e-44 4.20133645e-44 1.32664902e-12
8.31763771e-02 2.06025435e-16 4.99730987e-214 2.06025435e-16 2.69297856e-40 2.69297856e-40 1.32664902e-12
9.54992586e-02 2.64453587e-16 7.40019820e-203 2.64453587e-16 1.07419015e-36 1.07419015e-36 1.32664902e-12
1.09647820e-01 2.37645735e-16 1.12120564e-170 2.37645735e-16 1.09328070e-33 1.09328070e-33 1.26694048e-12
1.25892541e-01 3.56326391e-16 9.35052142e-143 3.56326391e-16 4.98066008e-31 4.98066008e-31 1.18237765e-12
1.44543977e-01 4.33824164e-16 1.61210972e-120 4.33824164e-16 8.78329887e-29 8.78329887e-29 1.10345902e-12
1.65958691e-01 7.10665095e-16 5.07407895e-107 7.10665095e-16 7.31488870e-27 7.31488870e-27 1.02980788e-12
1.90546072e-01 9.37548234e-16 2.34933248e-113 9.37548234e-16 1.85154190e-25 1.85154190e-25 9.61072633e-13
2.18776162e-01 5.60683362e-16 8.55285928e-131 5.60683360e-16 1.65438163e-24 1.65438163e-24 8.96925168e-13
2.51188643e-01 1.14532899e-15 3.44317348e-107 1.14532895e-15 4.60052863e-23 4.60052863e-23 8.37059271e-13
2.88403150e-01 1.69838147e-15 3.38789197e-91 1.69838091e-15 5.67100778e-22 5.67100778e-22 7.81189165e-13
3.31131121e-01 1.85592748e-15 3.56582435e-81 1.85592386e-15 3.62313223e-21 3.62313212e-21 7.29048148e-13
3.80189396e-01 2.19742439e-15 7.00826004e-73 2.19740763e-15 1.67601560e-20 1.67601271e-20 6.80387319e-13
4.36515832e-01 2.57900580e-15 3.93611327e-65 2.57891199e-15 9.38059633e-20 9.38023966e-20 6.34974392e-13
5.01187234e-01 2.82276487e-15 8.92036449e-58 2.82215557e-15 6.09301248e-19 6.09174109e-19 5.92592582e-13
5.75439937e-01 3.56852817e-15 4.54616190e-51 3.56518689e-15 3.34128065e-18 3.33729437e-18 5.53039576e-13
6.60693448e-01 4.45331051e-15 4.28531827e-45 4.43508644e-15 1.82240731e-17 1.81365241e-17 5.16126563e-13
7.58577575e-01 5.28668635e-15 9.72783177e-40 5.19616041e-15 9.05259421e-17 8.93527036e-17 4.81677334e-13
8.70963590e-01 6.64749902e-15 8.54716798e-35 6.27948338e-15 3.68015643e-16 3.56004065e-16 4.49527444e-13
1.00000000e+00 8.18770085e-15 1.71514421e-30 6.93608522e-15 1.25161563e-15 1.16209180e-15 4.19523420e-13
1.14815362e+00 1.25505313e-14 8.31551706e-27 8.70563920e-15 3.84489208e-15 3.28859805e-15 3.91522036e-13
1.31825674e+00 2.08731347e-14 9.96083647e-24 9.54693673e-15 1.13261980e-14 8.73334803e-15 3.65389624e-13
1.51356125e+00 4.07020838e-14 2.83433317e-21 1.02936371e-14 3.04084439e-14 1.97678555e-14 3.41001438e-13
1.73780083e+00 8.54723911e-14 2.64821983e-19 1.15383315e-14 7.39337947e-14 3.81940789e-14 3.18241059e-13
1.99526231e+00 1.86650777e-13 9.33110036e-18 1.24339381e-14 1.74207508e-13 7.07897499e-14 2.96999837e-13
2.29086765e+00 4.03043876e-13 1.31287495e-16 1.31146944e-14 3.89797894e-13 1.13178361e-13 2.77176375e-13
2.63026799e+00 8.16253282e-13 8.61330277e-16 1.29842139e-14 8.02407738e-13 1.58840142e-13 2.58676044e-13
3.01995172e+00 1.47223450e-12 3.25534239e-15 1.20522723e-14 1.45692688e-12 1.91323212e-13 2.41410531e-13
3.46736850e+00 2.42554165e-12 8.28061368e-15 1.02211093e-14 2.40703993e-12 2.00850681e-13 2.25297416e-13
3.98107171e+00 3.54887642e-12 1.61460548e-14 8.14519372e-15 3.52458517e-12 1.85400282e-13 2.10259782e-13
4.57088190e+00 4.67413554e-12 2.59939435e-14 6.07939750e-15 4.64206220e-12 1.49547870e-13 1.96225846e-13
5.24807460e+00 5.64851189e-12 3.19854195e-14 3.69954873e-15 5.61282692e-12 1.10105556e-13 1.62248699e-13
6.02559586e+00 6.35473083e-12 2.78060935e-14 1.71090063e-15 6.32521383e-12 7.33748839e-14 1.07196652e-13
6.70000000e+00 6.73096391e-12 2.36175102e-14 8.90500357e-16 6.70645590e-12 5.08626100e-14 7.79752569e-14
6.92422916e+00 6.80350980e-12 2.23113681e-14 7.23478983e-16 6.78047495e-12 4.50675203e-14 7.06426405e-14
7.15596261e+00 6.86554770e-12 2.06243299e-14 5.73916269e-16 6.84434945e-12 3.94533689e-14 6.39995667e-14
7.39545150e+00 6.89950741e-12 1.81864346e-14 4.38257631e-16 6.88088272e-12 3.36471595e-14 5.79811925e-14
7.64295536e+00 6.80364607e-12 1.40177006e-14 2.97663286e-16 6.78933071e-12 2.73412575e-14 5.25287725e-14
7.89874245e+00 6.47049363e-12 8.63469429e-15 1.70726339e-16 6.46168821e-12 2.03220258e-14 4.75890858e-14
8.16308998e+00 5.87421468e-12 4.30238301e-15 8.80748941e-17 5.86982422e-12 1.40622402e-14 4.31139160e-14
8.43628443e+00 4.98442170e-12 1.58908437e-15 3.90158772e-17 4.98279360e-12 8.68701668e-15 3.90595811e-14
8.71862190e+00 4.48636483e-12 6.92118158e-16 2.03051104e-17 4.48565241e-12 5.92681021e-15 3.53865066e-14
9.01040836e+00 4.01840078e-12 2.72933986e-16 9.11639934e-18 4.01811873e-12 3.61900896e-15 3.20588397e-14
9.31196005e+00 3.72635150e-12 1.15431096e-16 0.00000000e+00 3.72623607e-12 0.00000000e+00 2.90440991e-14
9.62360379e+00 3.76438557e-12 9.04037478e-17 0.00000000e+00 3.76429516e-12 0.00000000e+00 2.63128578e-14
9.94567731e+00 4.10740592e-12 1.16230173e-16 0.00000000e+00 4.10728969e-12 0.00000000e+00 2.38384563e-14
1.02785297e+01 4.55825136e-12 1.74931414e-16 0.00000000e+00 4.55807643e-12 0.00000000e+00 2.15967419e-14
1.06225216e+01 5.08044140e-12 2.62833521e-16 0.00000000e+00 5.08017856e-12 0.00000000e+00 1.95658333e-14
1.09780260e+01 5.68579152e-12 4.30346230e-16 0.00000000e+00 5.68536117e-12 0.00000000e+00 1.77259066e-14
1.13454280e+01 6.26949823e-12 6.41341964e-16 0.00000000e+00 6.26885689e-12 0.00000000e+00 1.60590026e-14
1.17251259e+01 6.74790949e-12 8.78261195e-16 0.00000000e+00 6.74703123e-12 0.00000000e+00 1.45488504e-14
1.21175312e+01 7.19785680e-12 1.15502539e-15 0.00000000e+00 7.19670178e-12 0.00000000e+00 1.31807094e-14
1.25230691e+01 7.55308375e-12 1.45404023e-15 0.00000000e+00 7.55162971e-12 0.00000000e+00 1.19412254e-14
1.29421791e+01 7.81235960e-12 1.72870056e-15 0.00000000e+00 7.81063090e-12 0.00000000e+00 1.08182996e-14
1.33753155e+01 8.00621984e-12 1.96186728e-15 0.00000000e+00 8.00425797e-12 0.00000000e+00 9.80097124e-15
1.38229477e+01 8.09694954e-12 2.02919419e-15 0.00000000e+00 8.09492034e-12 0.00000000e+00 8.87931012e-15
1.42855609e+01 8.23192011e-12 1.95208458e-15 0.00000000e+00 8.22996803e-12 0.00000000e+00 8.04431992e-15
1.47636563e+01 8.42121474e-12 1.65325315e-15 0.00000000e+00 8.41956149e-12 0.00000000e+00 7.28785031e-15
1.52577522e+01 8.59217529e-12 1.35703273e-15 0.00000000e+00 8.59081826e-12 0.00000000e+00 6.60251738e-15
1.57683840e+01 8.82277473e-12 1.08289602e-15 0.00000000e+00 8.82169183e-12 0.00000000e+00 5.98163161e-15
1.62961051e+01 8.97529311e-12 8.57294530e-16 0.00000000e+00 8.97443581e-12 0.00000000e+00 5.41913253e-15
1.68414875e+01 9.19880041e-12 6.74507295e-16 0.00000000e+00 9.19812591e-12 0.00000000e+00 4.90952959e-15
1.74051222e+01 9.38427379e-12 5.55326618e-16 0.00000000e+00 9.38371846e-12 0.00000000e+00 4.44784855e-15
1.79876201e+01 9.53762225e-12 4.72067022e-16 0.00000000e+00 9.53715019e-12 0.00000000e+00 4.02958296e-15
1.85896125e+01 9.65197992e-12 4.28853994e-16 0.00000000e+00 9.65155106e-12 0.00000000e+00 3.65065011e-15
1.92117518e+01 9.73392994e-12 4.14714169e-16 0.00000000e+00 9.73351523e-12 0.00000000e+00 3.30735125e-15
1.98547123e+01 9.74589288e-12 4.16283693e-16 0.00000000e+00 9.74547660e-12 0.00000000e+00 2.99633543e-15
2.05191907e+01 9.71750854e-12 4.23691702e-16 0.00000000e+00 9.71708485e-12 0.00000000e+00 2.71456684e-15
2.12059073e+01 9.64552064e-12 4.28395648e-16 0.00000000e+00 9.64509225e-12 0.00000000e+00 2.45929512e-15
2.19156062e+01 9.55238448e-12 4.26912850e-16 0.00000000e+00 9.55195757e-12 0.00000000e+00 2.22802858e-15
2.26490567e+01 9.41016416e-12 4.22177567e-16 0.00000000e+00 9.40974199e-12 0.00000000e+00 2.01850983e-15
2.34070535e+01 9.25488692e-12 4.14422809e-16 0.00000000e+00 9.25447250e-12 0.00000000e+00 1.82869374e-15
2.41904183e+01 9.05701119e-12 4.03698342e-16 0.00000000e+00 9.05660750e-12 0.00000000e+00 1.65672752e-15
2.50000000e+01 8.79712382e-12 3.90728608e-16 0.00000000e+00 8.79673309e-12 0.00000000e+00 1.50093262e-15
2.75422870e+01 7.97457127e-12 3.47135487e-16 0.00000000e+00 7.97422414e-12 0.00000000e+00 1.12248675e-15
3.16227766e+01 6.56617097e-12 2.79476509e-16 0.00000000e+00 6.56589149e-12 0.00000000e+00 7.41619640e-16
3.63078055e+01 5.04361121e-12 2.18568381e-16 0.00000000e+00 5.04339264e-12 0.00000000e+00 4.89983237e-16
4.16869383e+01 3.58723788e-12 1.68986445e-16 0.00000000e+00 3.58706890e-12 0.00000000e+00 3.23728714e-16
4.78630092e+01 2.38181749e-12 1.28790564e-16 0.00000000e+00 2.38168870e-12 0.00000000e+00 2.13885440e-16
5.49540874e+01 1.48463085e-12 9.59274051e-17 0.00000000e+00 1.48453492e-12 0.00000000e+00 1.41312709e-16
6.30957344e+01 8.83894762e-13 6.97166121e-17 0.00000000e+00 8.83825046e-13 0.00000000e+00 9.33643811e-17
7.24435960e+01 5.07638746e-13 4.95710987e-17 0.00000000e+00 5.07589175e-13 0.00000000e+00 6.16852348e-17
8.31763771e+01 2.83677288e-13 3.46111715e-17 0.00000000e+00 2.83642676e-13 0.00000000e+00 4.07550305e-17
9.54992586e+01 1.55637882e-13 2.38241693e-17 0.00000000e+00 1.55614058e-13 0.00000000e+00 2.69265816e-17
1.09647820e+02 8.42962200e-14 1.62261255e-17 0.00000000e+00 8.42799939e-14 0.00000000e+00 1.77902161e-17
1.25892541e+02 4.57177448e-14 1.09569159e-17 0.00000000e+00 4.57067879e-14 0.00000000e+00 1.17538792e-17
1.44543977e+02 2.47116914e-14 7.35773646e-18 0.00000000e+00 2.47043337e-14 0.00000000e+00 7.76571097e-18
1.65958691e+02 1.27448282e-14 4.92932518e-18 0.00000000e+00 1.27398989e-14 0.00000000e+00 5.13075436e-18
1.90546072e+02 6.58978092e-15 3.28961632e-18 0.00000000e+00 6.58649131e-15 0.00000000e+00 3.38985579e-18
2.18776162e+02 3.40710984e-15 2.18953431e-18 0.00000000e+00 3.40492030e-15 0.00000000e+00 2.23965551e-18
2.51188643e+02 1.75773163e-15 1.45460776e-18 0.00000000e+00 1.75627702e-15 0.00000000e+00 1.47972572e-18
2.88403150e+02 9.03733437e-16 9.65054075e-19 0.00000000e+00 9.02768383e-16 0.00000000e+00 9.77645088e-19
3.31131121e+02 4.63859727e-16 6.39602149e-19 0.00000000e+00 4.63220125e-16 0.00000000e+00 6.45923704e-19
3.80189396e+02 2.37394060e-16 4.23584078e-19 0.00000000e+00 2.36970476e-16 0.00000000e+00 4.26757559e-19
4.36515832e+02 1.21292987e-16 2.80361695e-19 0.00000000e+00 1.21012626e-16 0.00000000e+00 2.81955923e-19
5.01187234e+02 6.18535395e-17 1.85485531e-19 0.00000000e+00 6.16680540e-17 0.00000000e+00 1.86286431e-19
5.75439937e+02 3.14945116e-17 1.22675814e-19 0.00000000e+00 3.13718358e-17 0.00000000e+00 1.23078224e-19
6.60693448e+02 1.60169997e-17 8.11147587e-20 0.00000000e+00 1.59358849e-17 0.00000000e+00 8.13169765e-20
7.58577575e+02 8.13797099e-18 5.36239659e-20 0.00000000e+00 8.08434703e-18 0.00000000e+00 5.37255936e-20
8.70963590e+02 4.13108676e-18 3.54450815e-20 0.00000000e+00 4.09564168e-18 0.00000000e+00 3.54961477e-20
1.00000000e+03 2.07212853e-18 0.00000000e+00 0.00000000e+00 2.07212853e-18 0.00000000e+00 0.00000000e+00
