# column 1: lambda (micron)
# column 2: total flux; lambda*F_lambda (W/m2)
# column 3: direct stellar flux; lambda*F_lambda (W/m2)
# column 4: scattered stellar flux; lambda*F_lambda (W/m2)
# column 5: total dust emission flux; lambda*F_lambda (W/m2)
# column 6: dust emission scattered flux; lambda*F_lambda (W/m2)
# column 7: transparent flux; lambda*F_lambda (W/m2)
1.00000000e-03 1.43352150e-17 5.86482337e-26 1.43352149e-17 0.00000000e+00 0.00000000e+00 6.93993746e-13
1.14815362e-03 1.33315905e-17 4.38237056e-30 1.33315905e-17 0.00000000e+00 0.00000000e+00 8.19135139e-13
1.31825674e-03 1.51256443e-17 1.06145608e-34 1.51256443e-17 0.00000000e+00 0.00000000e+00 9.66842108e-13
1.51356125e-03 1.62481118e-17 1.47175635e-38 1.62481118e-17 0.00000000e+00 0.00000000e+00 1.14118369e-12
1.73780083e-03 3.45023752e-17 9.38138897e-39 3.45023752e-17 0.00000000e+00 0.00000000e+00 1.34696266e-12
1.99526231e-03 3.88276532e-17 3.32287933e-47 3.88276532e-17 0.00000000e+00 0.00000000e+00 1.58984782e-12
2.29086765e-03 6.25181776e-17 3.14777667e-49 6.25181776e-17 0.00000000e+00 0.00000000e+00 1.87653019e-12
2.63026799e-03 8.83030271e-17 1.88537576e-56 8.83030271e-17 0.00000000e+00 0.00000000e+00 2.21490731e-12
3.01995172e-03 1.08155186e-16 8.17286640e-67 1.08155186e-16 0.00000000e+00 0.00000000e+00 2.61430080e-12
3.46736850e-03 1.23810159e-16 1.76181922e-76 1.23810159e-16 0.00000000e+00 0.00000000e+00 3.08571319e-12
3.98107171e-03 1.34186858e-16 1.05776975e-85 1.34186858e-16 0.00000000e+00 0.00000000e+00 3.64213095e-12
4.57088190e-03 7.02577823e-16 3.80874105e-61 7.02577823e-16 0.00000000e+00 0.00000000e+00 4.29888232e-12
5.24807460e-03 1.12270854e-15 1.13125827e-74 1.12270854e-15 0.00000000e+00 0.00000000e+00 5.07405951e-12
6.02559586e-03 3.03843527e-15 1.71811138e-87 3.03843527e-15 0.00000000e+00 0.00000000e+00 5.98901715e-12
6.91830971e-03 1.97210615e-15 4.60773107e-99 1.97210615e-15 0.00000000e+00 0.00000000e+00 7.06896053e-12
7.94328235e-03 1.92569202e-15 4.48163681e-109 1.92569202e-15 1.84877000e-307 1.84876964e-307 8.34363998e-12
9.12010839e-03 2.78471068e-15 1.13020780e-119 2.78471068e-15 3.13961295e-268 3.13961293e-268 9.84817045e-12
1.04712855e-02 5.79622990e-15 1.61440337e-126 5.79622990e-15 4.47086363e-234 4.47086362e-234 1.09990604e-11
1.20226443e-02 3.94720388e-15 2.69632531e-133 3.94720388e-15 4.83859386e-206 4.83859384e-206 1.09990604e-11
1.38038426e-02 6.55457575e-15 2.46727616e-141 6.55457575e-15 2.35189202e-180 2.35189202e-180 1.09990604e-11
1.58489319e-02 7.96560558e-15 3.26175338e-151 7.96560558e-15 5.49355204e-158 5.49355204e-158 1.09990604e-11
1.81970086e-02 5.56334508e-15 2.52381125e-160 5.56334508e-15 1.06059116e-138 1.06059116e-138 1.09990604e-11
2.08929613e-02 6.01497986e-15 6.73800916e-168 6.01497986e-15 3.86063031e-122 3.86063031e-122 1.09990604e-11
2.39883292e-02 6.18972015e-15 1.03702634e-177 6.18972015e-15 1.46745270e-107 1.46745270e-107 1.09990604e-11
2.75422870e-02 3.96998341e-15 3.99812278e-189 3.96998341e-15 4.00433518e-95 4.00433518e-95 1.09990604e-11
3.16227766e-02 2.94410469e-15 2.59258120e-200 2.94410469e-15 3.43387760e-84 3.43387760e-84 1.09990604e-11
3.63078055e-02 1.79134741e-15 4.34828760e-209 1.79134741e-15 7.22676791e-75 7.22676791e-75 1.09990604e-11
4.16869383e-02 2.12226107e-15 1.11750165e-216 2.12226107e-15 1.57052864e-66 1.57052864e-66 1.09990604e-11
4.78630092e-02 1.25155177e-15 1.33781793e-237 1.25155177e-15 2.19196839e-59 2.19196839e-59 1.09990604e-11
5.49540874e-02 9.74810978e-16 1.07297945e-266 9.74810978e-16 3.00797172e-53 3.00797172e-53 1.09990604e-11
6.30957344e-02 6.34761646e-16 0.00000000e+00 6.34761646e-16 1.03527586e-47 1.03527586e-47 1.09990604e-11
7.24435960e-02 5.14403061e-16 0.00000000e+00 5.14403061e-16 5.78135482e-43 5.78135482e-43 1.09990604e-11
8.31763771e-02 4.13490895e-16 0.00000000e+00 4.13490895e-16 4.46495634e-39 4.46495634e-39 1.09990604e-11
9.54992586e-02 4.21911576e-16 0.00000000e+00 4.21911576e-16 1.48991879e-35 1.48991879e-35 1.09990604e-11
1.09647820e-01 6.82963822e-16 0.00000000e+00 6.82963822e-16 1.63119611e-32 1.63119611e-32 1.05040253e-11
1.25892541e-01 8.61848632e-16 1.99955540e-274 8.61848632e-16 4.90905453e-30 4.90905453e-30 9.80292679e-12
1.44543977e-01 1.12030261e-15 1.69676639e-229 1.12030261e-15 8.77164181e-28 8.77164181e-28 9.14862359e-12
1.65958691e-01 1.98305491e-15 3.26664079e-202 1.98305491e-15 4.80922759e-26 4.80922759e-26 8.53799231e-12
1.90546072e-01 1.62050760e-15 5.68567981e-215 1.62050760e-15 1.33996251e-24 1.33996251e-24 7.96811805e-12
2.18776162e-01 8.58943126e-16 3.75308684e-250 8.58943112e-16 1.37568874e-23 1.37568874e-23 7.43628044e-12
2.51188643e-01 2.01825795e-15 1.84419295e-202 2.01825772e-15 2.31495046e-22 2.31495046e-22 6.93994070e-12
2.88403150e-01 3.30712095e-15 3.87246712e-170 3.30711782e-15 3.13264074e-21 3.13263908e-21 6.47672950e-12
3.31131121e-01 5.05223291e-15 7.15438723e-150 5.05220976e-15 2.31493352e-20 2.31449656e-20 6.04443567e-12
3.80189396e-01 5.57189172e-15 4.27125460e-133 5.57175980e-15 1.31924639e-19 1.31675216e-19 5.64099558e-12
4.36515832e-01 7.39748686e-15 2.03308536e-117 7.39687123e-15 6.15633596e-19 6.07382543e-19 5.26448339e-12
5.01187234e-01 9.90018745e-15 1.54859538e-102 9.89790610e-15 2.28135661e-18 2.08420473e-18 4.91310176e-12
5.75439937e-01 1.19024174e-14 5.79734207e-89 1.18910243e-14 1.13930452e-17 8.84908747e-18 4.58517335e-12
6.60693448e-01 1.47171836e-14 7.18891923e-77 1.46528912e-14 6.42923508e-17 3.97963047e-17 4.27913275e-12
7.58577575e-01 1.68624197e-14 5.03118694e-66 1.65200179e-14 3.42401820e-16 1.86787337e-16 3.99351904e-12
8.70963590e-01 1.90494865e-14 5.18018213e-56 1.74242237e-14 1.62526271e-15 7.78046924e-16 3.72696882e-12
1.00000000e+00 2.54315831e-14 2.70462223e-47 1.93819213e-14 6.04966182e-15 2.61506327e-15 3.47820968e-12
1.14815362e+00 3.92850060e-14 8.02228860e-40 1.93951984e-14 1.98898075e-14 7.29627043e-15 3.24605414e-12
1.31825674e+00 7.61264892e-14 1.41423314e-33 1.88870924e-14 5.72393967e-14 1.85921914e-14 3.02939399e-12
1.51356125e+00 1.61564535e-13 1.36870473e-28 1.90181834e-14 1.42546352e-13 3.89992019e-14 2.82719497e-12
1.73780083e+00 3.31461550e-13 1.39814039e-24 1.82380913e-14 3.13223459e-13 7.36418234e-14 2.63849186e-12
1.99526231e+00 6.59372342e-13 1.99364831e-21 1.76310491e-14 6.41741291e-13 1.19251852e-13 2.46238388e-12
2.29086765e+00 1.16921997e-12 4.45399482e-19 1.66061767e-14 1.15261335e-12 1.74489252e-13 2.29803035e-12
2.63026799e+00 1.95998231e-12 2.13220879e-17 1.50623309e-14 1.94489865e-12 2.22264492e-13 2.14464670e-12
3.01995172e+00 3.03064392e-12 3.35191608e-16 1.32560686e-14 3.01705266e-12 2.64230790e-13 2.00150076e-12
3.46736850e+00 4.37217341e-12 2.36890534e-15 1.14171056e-14 4.35838740e-12 2.83629399e-13 1.86790919e-12
3.98107171e+00 6.03352898e-12 9.78749601e-15 9.09124241e-15 6.01465025e-12 2.76384654e-13 1.74323429e-12
4.57088190e+00 7.96644212e-12 2.74668630e-14 6.91369912e-15 7.93206156e-12 2.48881031e-13 1.62688090e-12
5.24807460e+00 9.99169327e-12 5.06808265e-14 4.38639873e-15 9.93662605e-12 2.04219778e-13 1.34518114e-12
6.02559586e+00 1.18324030e-11 5.82770463e-14 2.08224335e-15 1.17720437e-11 1.52113615e-13 8.88752369e-13
6.70000000e+00 1.30391156e-11 5.79691371e-14 1.12555804e-15 1.29800209e-11 1.14615639e-13 6.46481889e-13
6.92422916e+00 1.34531977e-11 5.71502860e-14 9.17964526e-16 1.33951294e-11 1.03468214e-13 5.85688198e-13
7.15596261e+00 1.36380638e-11 5.39240747e-14 7.31365658e-16 1.35834084e-11 9.22799740e-14 5.30611407e-13
7.39545150e+00 1.38712518e-11 4.62576537e-14 5.55526311e-16 1.38244386e-11 7.92571708e-14 4.80713913e-13
7.64295536e+00 1.37903203e-11 3.02406126e-14 3.66105453e-16 1.37597136e-11 6.31940921e-14 4.35508666e-13
7.89874245e+00 1.34626709e-11 1.25724157e-14 2.00003490e-16 1.34498985e-11 4.55348582e-14 3.94554418e-13
8.16308998e+00 1.28526145e-11 3.40620113e-15 9.87988925e-17 1.28491095e-11 3.08657185e-14 3.57451415e-13
8.43628443e+00 1.20117225e-11 5.04183139e-16 4.31591486e-17 1.20111751e-11 1.94902750e-14 3.23837494e-13
8.71862190e+00 1.15138430e-11 1.04103544e-16 2.25490335e-17 1.15137164e-11 1.38455821e-14 2.93384550e-13
9.01040836e+00 1.12492608e-11 1.75875794e-17 1.13535840e-17 1.12492319e-11 9.67067236e-15 2.65795332e-13
9.31196005e+00 1.12954512e-11 3.42218173e-18 0.00000000e+00 1.12954478e-11 0.00000000e+00 2.40800541e-13
9.62360379e+00 1.16315984e-11 2.31052881e-18 0.00000000e+00 1.16315961e-11 0.00000000e+00 2.18156204e-13
9.94567731e+00 1.22193644e-11 4.24396419e-18 0.00000000e+00 1.22193602e-11 0.00000000e+00 1.97641289e-13
1.02785297e+01 1.29846213e-11 1.07145171e-17 0.00000000e+00 1.29846106e-11 0.00000000e+00 1.79055550e-13
1.06225216e+01 1.37846234e-11 2.69579875e-17 0.00000000e+00 1.37845965e-11 0.00000000e+00 1.62217572e-13
1.09780260e+01 1.45127530e-11 8.06797058e-17 0.00000000e+00 1.45126723e-11 0.00000000e+00 1.46962999e-13
1.13454280e+01 1.53637015e-11 1.99677398e-16 0.00000000e+00 1.53635018e-11 0.00000000e+00 1.33142932e-13
1.17251259e+01 1.58912393e-11 4.16596987e-16 0.00000000e+00 1.58908227e-11 0.00000000e+00 1.20622472e-13
1.21175312e+01 1.64669224e-11 8.01004966e-16 0.00000000e+00 1.64661214e-11 0.00000000e+00 1.09279408e-13
1.25230691e+01 1.67708239e-11 1.41002101e-15 0.00000000e+00 1.67694139e-11 0.00000000e+00 9.90030204e-14
1.29421791e+01 1.70529814e-11 2.21135308e-15 0.00000000e+00 1.70507700e-11 0.00000000e+00 8.96930008e-14
1.33753155e+01 1.70975966e-11 3.15731309e-15 0.00000000e+00 1.70944393e-11 0.00000000e+00 8.12584743e-14
1.38229477e+01 1.69682472e-11 3.73779371e-15 0.00000000e+00 1.69645094e-11 0.00000000e+00 7.36171115e-14
1.42855609e+01 1.69697646e-11 3.82255219e-15 0.00000000e+00 1.69659420e-11 0.00000000e+00 6.66943252e-14
1.47636563e+01 1.69777719e-11 3.02249338e-15 0.00000000e+00 1.69747494e-11 0.00000000e+00 6.04225420e-14
1.52577522e+01 1.70913208e-11 2.24356176e-15 0.00000000e+00 1.70890773e-11 0.00000000e+00 5.47405431e-14
1.57683840e+01 1.70846876e-11 1.57314018e-15 0.00000000e+00 1.70831145e-11 0.00000000e+00 4.95928665e-14
1.62961051e+01 1.69279626e-11 1.08548679e-15 0.00000000e+00 1.69268771e-11 0.00000000e+00 4.49292657e-14
1.68414875e+01 1.68773398e-11 7.39702215e-16 0.00000000e+00 1.68766001e-11 0.00000000e+00 4.07042194e-14
1.74051222e+01 1.66855978e-11 5.52428906e-16 0.00000000e+00 1.66850453e-11 0.00000000e+00 3.68764869e-14
1.79876201e+01 1.64884395e-11 4.40096659e-16 0.00000000e+00 1.64879994e-11 0.00000000e+00 3.34087056e-14
1.85896125e+01 1.62598178e-11 4.00933558e-16 0.00000000e+00 1.62594169e-11 0.00000000e+00 3.02670267e-14
1.92117518e+01 1.58091748e-11 4.14364532e-16 0.00000000e+00 1.58087604e-11 0.00000000e+00 2.74207841e-14
1.98547123e+01 1.55027455e-11 4.61747557e-16 0.00000000e+00 1.55022838e-11 0.00000000e+00 2.48421957e-14
2.05191907e+01 1.50469722e-11 5.29153610e-16 0.00000000e+00 1.50464430e-11 0.00000000e+00 2.25060919e-14
2.12059073e+01 1.46212640e-11 5.98374695e-16 0.00000000e+00 1.46206657e-11 0.00000000e+00 2.03896700e-14
2.19156062e+01 1.40220963e-11 6.57116573e-16 0.00000000e+00 1.40214392e-11 0.00000000e+00 1.84722717e-14
2.26490567e+01 1.34802933e-11 7.10511833e-16 0.00000000e+00 1.34795827e-11 0.00000000e+00 1.67351811e-14
2.34070535e+01 1.29494040e-11 7.56874811e-16 0.00000000e+00 1.29486471e-11 0.00000000e+00 1.51614426e-14
2.41904183e+01 1.23705110e-11 7.93857734e-16 0.00000000e+00 1.23697172e-11 0.00000000e+00 1.37356949e-14
2.50000000e+01 1.17962691e-11 8.21897662e-16 0.00000000e+00 1.17954472e-11 0.00000000e+00 1.24440213e-14
2.75422870e+01 1.01051318e-11 8.70312093e-16 0.00000000e+00 1.01042614e-11 0.00000000e+00 9.30637977e-15
3.16227766e+01 7.70929494e-12 8.57054333e-16 0.00000000e+00 7.70843789e-12 0.00000000e+00 6.14866414e-15
3.63078055e+01 5.59906571e-12 7.95961845e-16 0.00000000e+00 5.59826975e-12 0.00000000e+00 4.06238211e-15
4.16869383e+01 3.83815941e-12 7.22313992e-16 0.00000000e+00 3.83743710e-12 0.00000000e+00 2.68398924e-15
4.78630092e+01 2.47161467e-12 6.36760290e-16 0.00000000e+00 2.47097791e-12 0.00000000e+00 1.77329411e-15
5.49540874e+01 1.51062463e-12 5.35905544e-16 0.00000000e+00 1.51008872e-12 0.00000000e+00 1.17160380e-15
6.30957344e+01 8.85759088e-13 4.29206749e-16 0.00000000e+00 8.85329881e-13 0.00000000e+00 7.74070953e-16
7.24435960e+01 5.01246338e-13 3.28897541e-16 0.00000000e+00 5.00917441e-13 0.00000000e+00 5.11423607e-16
8.31763771e+01 2.76545772e-13 2.42937525e-16 0.00000000e+00 2.76302834e-13 0.00000000e+00 3.37894226e-16
9.54992586e+01 1.49725859e-13 1.74356350e-16 0.00000000e+00 1.49551503e-13 0.00000000e+00 2.23244502e-16
1.09647820e+02 8.00914866e-14 1.22485344e-16 0.00000000e+00 7.99690013e-14 0.00000000e+00 1.47496179e-16
1.25892541e+02 4.29317447e-14 8.45691921e-17 0.00000000e+00 4.28471755e-14 0.00000000e+00 9.74497594e-17
1.44543977e+02 2.29503549e-14 5.77376151e-17 0.00000000e+00 2.28926173e-14 0.00000000e+00 6.43844175e-17
1.65958691e+02 1.17410359e-14 3.92338407e-17 0.00000000e+00 1.17018021e-14 0.00000000e+00 4.25383628e-17
1.90546072e+02 6.02297205e-15 2.64520704e-17 0.00000000e+00 5.99651998e-15 0.00000000e+00 2.81048176e-17
2.18776162e+02 3.09292715e-15 1.77391975e-17 0.00000000e+00 3.07518795e-15 0.00000000e+00 1.85686688e-17
2.51188643e+02 1.58671494e-15 1.18513553e-17 0.00000000e+00 1.57486358e-15 0.00000000e+00 1.22681978e-17
2.88403150e+02 8.12219218e-16 7.89612524e-18 0.00000000e+00 8.04323093e-16 0.00000000e+00 8.10551794e-18
3.31131121e+02 4.15597316e-16 5.24996634e-18 0.00000000e+00 4.10347350e-16 0.00000000e+00 5.35526259e-18
3.80189396e+02 2.12329514e-16 3.48526356e-18 0.00000000e+00 2.08844250e-16 0.00000000e+00 3.53818691e-18
4.36515832e+02 1.08482701e-16 2.31104613e-18 0.00000000e+00 1.06171655e-16 0.00000000e+00 2.33765691e-18
5.01187234e+02 5.54177393e-17 1.53109676e-18 0.00000000e+00 5.38866425e-17 0.00000000e+00 1.54447460e-18
5.75439937e+02 2.83314027e-17 1.01369905e-18 0.00000000e+00 2.73177037e-17 0.00000000e+00 1.02042425e-18
6.60693448e+02 1.45043643e-17 6.70806745e-19 0.00000000e+00 1.38335576e-17 0.00000000e+00 6.74187617e-19
7.58577575e+02 7.44254069e-18 4.43731715e-19 0.00000000e+00 6.99880897e-18 0.00000000e+00 4.45431341e-19
8.70963590e+02 3.83072958e-18 2.93439339e-19 0.00000000e+00 3.53729024e-18 0.00000000e+00 2.94293569e-19
1.00000000e+03 1.78591159e-18 0.00000000e+00 0.00000000e+00 1.78591159e-18 0.00000000e+00 0.00000000e+00
