# column 1: lambda (micron)
# column 2: total flux; lambda*F_lambda (W/m2)
# column 3: direct stellar flux; lambda*F_lambda (W/m2)
# column 4: scattered stellar flux; lambda*F_lambda (W/m2)
# column 5: total dust emission flux; lambda*F_lambda (W/m2)
# column 6: dust emission scattered flux; lambda*F_lambda (W/m2)
# column 7: transparent flux; lambda*F_lambda (W/m2)
1.00000000e-03 6.93997179e-13 6.93993165e-13 4.01357534e-18 0.00000000e+00 0.00000000e+00 6.93993746e-13
1.14815362e-03 8.19140609e-13 8.19134234e-13 6.37469920e-18 0.00000000e+00 0.00000000e+00 8.19135139e-13
1.31825674e-03 9.66850512e-13 9.66840750e-13 9.76216078e-18 0.00000000e+00 0.00000000e+00 9.66842108e-13
1.51356125e-03 1.14119753e-12 1.14118180e-12 1.57323119e-17 0.00000000e+00 0.00000000e+00 1.14118369e-12
1.73780083e-03 1.34698655e-12 1.34696041e-12 2.61430192e-17 0.00000000e+00 0.00000000e+00 1.34696266e-12
1.99526231e-03 1.58988870e-12 1.58984430e-12 4.44046778e-17 0.00000000e+00 0.00000000e+00 1.58984782e-12
2.29086765e-03 1.87659609e-12 1.87652578e-12 7.03159544e-17 0.00000000e+00 0.00000000e+00 1.87653019e-12
2.63026799e-03 2.21504103e-12 2.21490107e-12 1.39960060e-16 0.00000000e+00 0.00000000e+00 2.21490731e-12
3.01995172e-03 2.61452024e-12 2.61429169e-12 2.28550749e-16 0.00000000e+00 0.00000000e+00 2.61430080e-12
3.46736850e-03 3.08614670e-12 3.08570051e-12 4.46191572e-16 0.00000000e+00 0.00000000e+00 3.08571319e-12
3.98107171e-03 3.64279683e-12 3.64211382e-12 6.83014282e-16 0.00000000e+00 0.00000000e+00 3.64213095e-12
4.57088190e-03 4.30026738e-12 4.29886883e-12 1.39855470e-15 0.00000000e+00 0.00000000e+00 4.29888232e-12
5.24807460e-03 5.07673049e-12 5.07403917e-12 2.69132007e-15 0.00000000e+00 0.00000000e+00 5.07405951e-12
6.02559586e-03 5.99410368e-12 5.98898821e-12 5.11547280e-15 0.00000000e+00 0.00000000e+00 5.98901715e-12
6.91830971e-03 7.07629785e-12 7.06892110e-12 7.37674730e-15 0.00000000e+00 0.00000000e+00 7.06896053e-12
7.94328235e-03 8.35632729e-12 8.34358806e-12 1.27392307e-14 3.32786240e-304 1.27882382e-306 8.34363998e-12
9.12010839e-03 9.86913074e-12 9.84810245e-12 2.10282966e-14 1.41818475e-265 6.11482709e-268 9.84817045e-12
1.04712855e-02 1.10417639e-11 1.09989796e-11 4.27842530e-14 5.85590158e-232 3.64860834e-234 1.09990604e-11
1.20226443e-02 1.10467166e-11 1.09989749e-11 4.77417420e-14 8.99849665e-203 8.47809671e-205 1.09990604e-11
1.38038426e-02 1.10650846e-11 1.09989692e-11 6.61153765e-14 2.41370154e-177 3.23403296e-179 1.09990604e-11
1.58489319e-02 1.10900852e-11 1.09989623e-11 9.11229027e-14 3.21617424e-155 5.01393811e-157 1.09990604e-11
1.81970086e-02 1.11279913e-11 1.09989559e-11 1.29035446e-13 5.69786362e-136 1.35995501e-137 1.09990604e-11
2.08929613e-02 1.11722627e-11 1.09989505e-11 1.73312174e-13 2.95888159e-119 9.36385290e-121 1.09990604e-11
2.39883292e-02 1.12154882e-11 1.09989436e-11 2.16544621e-13 1.03427946e-104 4.15582098e-106 1.09990604e-11
2.75422870e-02 1.12582925e-11 1.09989356e-11 2.59356935e-13 4.60976452e-92 2.17299558e-93 1.09990604e-11
3.16227766e-02 1.13089132e-11 1.09989277e-11 3.09985447e-13 4.48337887e-81 2.45288967e-82 1.09990604e-11
3.63078055e-02 1.13291492e-11 1.09989215e-11 3.30227690e-13 1.54698361e-71 9.06151703e-73 1.09990604e-11
4.16869383e-02 1.14014542e-11 1.09989162e-11 4.02537962e-13 2.93526238e-63 1.96360885e-64 1.09990604e-11
4.78630092e-02 1.14196340e-11 1.09989015e-11 4.20732471e-13 4.42571402e-56 3.33350406e-57 1.09990604e-11
5.49540874e-02 1.14153825e-11 1.09988810e-11 4.16501467e-13 7.30692525e-50 5.72362639e-51 1.09990604e-11
6.30957344e-02 1.14010346e-11 1.09988297e-11 4.02204959e-13 2.34072018e-44 1.83595792e-45 1.09990604e-11
7.24435960e-02 1.13511007e-11 1.09987689e-11 3.52331847e-13 1.34086378e-39 9.22939455e-41 1.09990604e-11
8.31763771e-02 1.13184485e-11 1.09987743e-11 3.19674235e-13 1.36566631e-35 9.11239548e-37 1.09990604e-11
9.54992586e-02 1.13336905e-11 1.09987902e-11 3.34900354e-13 3.83733725e-32 2.64266069e-33 1.09990604e-11
1.09647820e-01 1.08653633e-11 1.05038109e-11 3.61552444e-13 3.25552926e-29 2.47597322e-30 1.05040253e-11
1.25892541e-01 1.01725398e-11 9.80276206e-12 3.69777728e-13 1.05574301e-26 8.38024279e-28 9.80292679e-12
1.44543977e-01 9.49186458e-12 9.14849617e-12 3.43368414e-13 1.43305657e-24 1.11926352e-25 9.14862359e-12
1.65958691e-01 8.88668300e-12 8.53788831e-12 3.48794694e-13 7.24915886e-23 6.11414918e-24 8.53799231e-12
1.90546072e-01 8.31111443e-12 7.96801450e-12 3.43099932e-13 1.52607548e-21 1.45077244e-22 7.96811805e-12
2.18776162e-01 7.75140136e-12 7.43616708e-12 3.15234265e-13 1.79561363e-20 1.66631721e-21 7.43628044e-12
2.51188643e-01 7.28911652e-12 6.93985609e-12 3.49260214e-13 2.18423676e-19 2.46063687e-20 6.93994070e-12
2.88403150e-01 6.80453759e-12 6.47666395e-12 3.27871828e-13 1.81625349e-18 2.03957213e-19 6.47672950e-12
3.31131121e-01 6.35043205e-12 6.04438233e-12 3.06039287e-13 1.04244748e-17 1.16667385e-18 6.04443567e-12
3.80189396e-01 5.91978415e-12 5.64095187e-12 2.78788458e-13 4.38140833e-17 4.90495003e-18 5.64099558e-12
4.36515832e-01 5.51665475e-12 5.26444789e-12 2.52061462e-13 1.45405529e-16 1.77751802e-17 5.26448339e-12
5.01187234e-01 5.13818715e-12 4.91307332e-12 2.24681693e-13 4.32136927e-16 6.75194615e-17 4.91310176e-12
5.75439937e-01 4.79685042e-12 4.58515079e-12 2.10334130e-13 1.36549264e-15 2.88152751e-16 4.58517335e-12
6.60693448e-01 4.47682143e-12 4.27911502e-12 1.92950030e-13 4.75638261e-15 1.24788803e-15 4.27913275e-12
7.58577575e-01 4.18253954e-12 3.99350527e-12 1.72715684e-13 1.63185817e-14 4.56547273e-15 3.99351904e-12
8.70963590e-01 3.92918495e-12 3.72695836e-12 1.52417398e-13 4.98091899e-14 1.37740307e-14 3.72696882e-12
1.00000000e+00 3.74109172e-12 3.47820187e-12 1.32355921e-13 1.30533930e-13 3.41731446e-14 3.47820968e-12
1.14815362e+00 3.65414678e-12 3.24604841e-12 1.10997545e-13 2.97100824e-13 7.09174416e-14 3.24605414e-12
1.31825674e+00 3.73457263e-12 3.02938986e-12 9.13225856e-14 6.13860189e-13 1.28715945e-13 3.02939399e-12
1.51356125e+00 4.02102125e-12 2.82719202e-12 7.27153807e-14 1.12111385e-12 2.01982915e-13 2.82719497e-12
1.73780083e+00 4.52377699e-12 2.63848979e-12 5.75124620e-14 1.82777474e-12 2.75731447e-13 2.63849186e-12
1.99526231e+00 5.17295518e-12 2.46238245e-12 4.42702420e-14 2.66630249e-12 3.21140531e-13 2.46238388e-12
2.29086765e+00 5.84729080e-12 2.29802936e-12 3.28075355e-14 3.51645391e-12 3.26275655e-13 2.29803035e-12
2.63026799e+00 6.46592476e-12 2.14464602e-12 2.35271343e-14 4.29775161e-12 2.97348787e-13 2.14464670e-12
3.01995172e+00 6.87262275e-12 2.00150028e-12 1.62155285e-14 4.85490694e-12 2.44348218e-13 2.00150076e-12
3.46736850e+00 7.03998084e-12 1.86790885e-12 1.08356235e-14 5.16123637e-12 1.84992656e-13 1.86790919e-12
3.98107171e+00 6.97222338e-12 1.74323404e-12 7.08968720e-15 5.22189966e-12 1.29757204e-13 1.74323429e-12
4.57088190e+00 6.70751595e-12 1.62688071e-12 4.43558192e-15 5.07619966e-12 8.38969004e-14 1.62688090e-12
5.24807460e+00 6.18830098e-12 1.34518102e-12 2.40845234e-15 4.84071151e-12 5.20534296e-14 1.34518114e-12
6.02559586e+00 5.42571471e-12 8.88752301e-13 9.98664277e-16 4.53596374e-12 3.02781359e-14 8.88752369e-13
6.70000000e+00 4.91757182e-12 6.46481846e-13 4.94696953e-16 4.27059527e-12 1.92731110e-14 6.46481889e-13
6.92422916e+00 4.78198095e-12 5.85688160e-13 3.92157551e-16 4.19590063e-12 1.66228961e-14 5.85688198e-13
7.15596261e+00 4.67596938e-12 5.30611373e-13 3.05454617e-16 4.14505255e-12 1.42549552e-14 5.30611407e-13
7.39545150e+00 4.64997517e-12 4.80713882e-13 2.36685395e-16 4.16902460e-12 1.21439538e-14 4.80713913e-13
7.64295536e+00 4.85856005e-12 4.35508634e-13 1.68831404e-16 4.42288258e-12 1.04016344e-14 4.35508666e-13
7.89874245e+00 5.39408964e-12 3.94554380e-13 1.11896791e-16 4.99942337e-12 8.81937887e-15 3.94554418e-13
8.16308998e+00 6.12725953e-12 3.57451369e-13 6.86014756e-17 5.76973956e-12 7.36982177e-15 3.57451415e-13
8.43628443e+00 7.08147268e-12 3.23837436e-13 3.93975471e-17 6.75759584e-12 5.81368905e-15 3.23837494e-13
8.71862190e+00 7.69713710e-12 2.93384485e-13 2.42316093e-17 7.40372838e-12 4.54203921e-15 2.93384550e-13
9.01040836e+00 8.27193383e-12 2.65795261e-13 1.28619497e-17 8.00612571e-12 3.20337740e-15 2.65795332e-13
9.31196005e+00 8.65759563e-12 2.40800466e-13 0.00000000e+00 8.41679516e-12 0.00000000e+00 2.40800541e-13
9.62360379e+00 8.60251809e-12 2.18156135e-13 0.00000000e+00 8.38436196e-12 0.00000000e+00 2.18156204e-13
9.94567731e+00 8.17356490e-12 1.97641230e-13 0.00000000e+00 7.97592367e-12 0.00000000e+00 1.97641289e-13
1.02785297e+01 7.64492576e-12 1.79055502e-13 0.00000000e+00 7.46587026e-12 0.00000000e+00 1.79055550e-13
1.06225216e+01 7.09039628e-12 1.62217533e-13 0.00000000e+00 6.92817874e-12 0.00000000e+00 1.62217572e-13
1.09780260e+01 6.52553609e-12 1.46962969e-13 0.00000000e+00 6.37857312e-12 0.00000000e+00 1.46962999e-13
1.13454280e+01 6.02522456e-12 1.33142908e-13 0.00000000e+00 5.89208166e-12 0.00000000e+00 1.33142932e-13
1.17251259e+01 5.58313036e-12 1.20622453e-13 0.00000000e+00 5.46250791e-12 0.00000000e+00 1.20622472e-13
1.21175312e+01 5.14768581e-12 1.09279393e-13 0.00000000e+00 5.03840641e-12 0.00000000e+00 1.09279408e-13
1.25230691e+01 4.77904666e-12 9.90030088e-14 0.00000000e+00 4.68004365e-12 0.00000000e+00 9.90030204e-14
1.29421791e+01 4.43661473e-12 8.96929916e-14 0.00000000e+00 4.34692174e-12 0.00000000e+00 8.96930008e-14
1.33753155e+01 4.13853906e-12 8.12584669e-14 0.00000000e+00 4.05728060e-12 0.00000000e+00 8.12584743e-14
1.38229477e+01 3.94445909e-12 7.36171054e-14 0.00000000e+00 3.87084199e-12 0.00000000e+00 7.36171115e-14
1.42855609e+01 3.84906706e-12 6.66943199e-14 0.00000000e+00 3.78237274e-12 0.00000000e+00 6.66943252e-14
1.47636563e+01 3.91807601e-12 6.04225370e-14 0.00000000e+00 3.85765347e-12 0.00000000e+00 6.04225420e-14
1.52577522e+01 4.02150980e-12 5.47405382e-14 0.00000000e+00 3.96676926e-12 0.00000000e+00 5.47405431e-14
1.57683840e+01 4.15595233e-12 4.95928617e-14 0.00000000e+00 4.10635947e-12 0.00000000e+00 4.95928665e-14
1.62961051e+01 4.30103752e-12 4.49292611e-14 0.00000000e+00 4.25610826e-12 0.00000000e+00 4.49292657e-14
1.68414875e+01 4.43446159e-12 4.07042149e-14 0.00000000e+00 4.39375737e-12 0.00000000e+00 4.07042194e-14
1.74051222e+01 4.54383029e-12 3.68764826e-14 0.00000000e+00 4.50695381e-12 0.00000000e+00 3.68764869e-14
1.79876201e+01 4.58879827e-12 3.34087016e-14 0.00000000e+00 4.55538957e-12 0.00000000e+00 3.34087056e-14
1.85896125e+01 4.58123285e-12 3.02670230e-14 0.00000000e+00 4.55096583e-12 0.00000000e+00 3.02670267e-14
1.92117518e+01 4.51440869e-12 2.74207809e-14 0.00000000e+00 4.48698791e-12 0.00000000e+00 2.74207841e-14
1.98547123e+01 4.40124597e-12 2.48421929e-14 0.00000000e+00 4.37640377e-12 0.00000000e+00 2.48421957e-14
2.05191907e+01 4.27475533e-12 2.25060895e-14 0.00000000e+00 4.25224924e-12 0.00000000e+00 2.25060919e-14
2.12059073e+01 4.13100258e-12 2.03896680e-14 0.00000000e+00 4.11061291e-12 0.00000000e+00 2.03896700e-14
2.19156062e+01 4.00335330e-12 1.84722700e-14 0.00000000e+00 3.98488103e-12 0.00000000e+00 1.84722717e-14
2.26490567e+01 3.86446889e-12 1.67351796e-14 0.00000000e+00 3.84773371e-12 0.00000000e+00 1.67351811e-14
2.34070535e+01 3.74138996e-12 1.51614413e-14 0.00000000e+00 3.72622852e-12 0.00000000e+00 1.51614426e-14
2.41904183e+01 3.61578420e-12 1.37356938e-14 0.00000000e+00 3.60204851e-12 0.00000000e+00 1.37356949e-14
2.50000000e+01 3.48914074e-12 1.24440203e-14 0.00000000e+00 3.47669672e-12 0.00000000e+00 1.24440213e-14
2.75422870e+01 3.09023346e-12 9.30637916e-15 0.00000000e+00 3.08092708e-12 0.00000000e+00 9.30637977e-15
3.16227766e+01 2.51386125e-12 6.14866380e-15 0.00000000e+00 2.50771259e-12 0.00000000e+00 6.14866414e-15
3.63078055e+01 1.91493085e-12 4.06238193e-15 0.00000000e+00 1.91086847e-12 0.00000000e+00 4.06238211e-15
4.16869383e+01 1.35856644e-12 2.68398915e-15 0.00000000e+00 1.35588245e-12 0.00000000e+00 2.68398924e-15
4.78630092e+01 8.97542497e-13 1.77329406e-15 0.00000000e+00 8.95769203e-13 0.00000000e+00 1.77329411e-15
5.49540874e+01 5.58877553e-13 1.17160377e-15 0.00000000e+00 5.57705949e-13 0.00000000e+00 1.17160380e-15
6.30957344e+01 3.33399353e-13 7.74070941e-16 0.00000000e+00 3.32625282e-13 0.00000000e+00 7.74070953e-16
7.24435960e+01 1.91995114e-13 5.11423601e-16 0.00000000e+00 1.91483690e-13 0.00000000e+00 5.11423607e-16
8.31763771e+01 1.07858873e-13 3.37894223e-16 0.00000000e+00 1.07520978e-13 0.00000000e+00 3.37894226e-16
9.54992586e+01 5.95169115e-14 2.23244500e-16 0.00000000e+00 5.92936670e-14 0.00000000e+00 2.23244502e-16
1.09647820e+02 3.24531526e-14 1.47496179e-16 0.00000000e+00 3.23056565e-14 0.00000000e+00 1.47496179e-16
1.25892541e+02 1.77286556e-14 9.74497590e-17 0.00000000e+00 1.76312058e-14 0.00000000e+00 9.74497594e-17
1.44543977e+02 9.65231398e-15 6.43844173e-17 0.00000000e+00 9.58792956e-15 0.00000000e+00 6.43844175e-17
1.65958691e+02 5.01243189e-15 4.25383627e-17 0.00000000e+00 4.96989352e-15 0.00000000e+00 4.25383628e-17
1.90546072e+02 2.61014305e-15 2.81048176e-17 0.00000000e+00 2.58203823e-15 0.00000000e+00 2.81048176e-17
2.18776162e+02 1.35935751e-15 1.85686688e-17 0.00000000e+00 1.34078884e-15 0.00000000e+00 1.85686688e-17
2.51188643e+02 7.06765173e-16 1.22681978e-17 0.00000000e+00 6.94496976e-16 0.00000000e+00 1.22681978e-17
2.88403150e+02 3.66417352e-16 8.10551793e-18 0.00000000e+00 3.58311835e-16 0.00000000e+00 8.10551794e-18
3.31131121e+02 1.89821803e-16 5.35526259e-18 0.00000000e+00 1.84466540e-16 0.00000000e+00 5.35526259e-18
3.80189396e+02 9.81862530e-17 3.53818691e-18 0.00000000e+00 9.46480660e-17 0.00000000e+00 3.53818691e-18
4.36515832e+02 5.07982469e-17 2.33765691e-18 0.00000000e+00 4.84605900e-17 0.00000000e+00 2.33765691e-18
5.01187234e+02 2.62967345e-17 1.54447460e-18 0.00000000e+00 2.47522599e-17 0.00000000e+00 1.54447460e-18
5.75439937e+02 1.36380628e-17 1.02042425e-18 0.00000000e+00 1.26176386e-17 0.00000000e+00 1.02042425e-18
6.60693448e+02 7.09501117e-18 6.74187616e-19 0.00000000e+00 6.42082356e-18 0.00000000e+00 6.74187617e-19
7.58577575e+02 3.70790012e-18 4.45431341e-19 0.00000000e+00 3.26246878e-18 0.00000000e+00 4.45431341e-19
8.70963590e+02 1.94937607e-18 2.94293568e-19 0.00000000e+00 1.65508250e-18 0.00000000e+00 2.94293569e-19
1.00000000e+03 8.38380830e-19 0.00000000e+00 0.00000000e+00 8.38380830e-19 0.00000000e+00 0.00000000e+00
