# column 1: lambda (micron)
# column 2: total flux; lambda*F_lambda (W/m2)
# column 3: direct stellar flux; lambda*F_lambda (W/m2)
# column 4: scattered stellar flux; lambda*F_lambda (W/m2)
# column 5: total dust emission flux; lambda*F_lambda (W/m2)
# column 6: dust emission scattered flux; lambda*F_lambda (W/m2)
# column 7: transparent flux; lambda*F_lambda (W/m2)
1.00000000e-03 4.20720346e-14 9.99613306e-15 3.20759015e-14 0.00000000e+00 0.00000000e+00 8.37058880e-14
1.14815362e-03 5.98811060e-15 5.96247472e-15 2.56358736e-17 0.00000000e+00 0.00000000e+00 9.87997869e-14
1.31825674e-03 3.29635984e-15 3.28458581e-15 1.17740329e-17 0.00000000e+00 0.00000000e+00 1.16615427e-13
1.51356125e-03 2.05113998e-15 2.04658151e-15 4.55847094e-18 0.00000000e+00 0.00000000e+00 1.37643595e-13
1.73780083e-03 2.97717451e-15 2.31280728e-15 6.64367232e-16 0.00000000e+00 0.00000000e+00 1.62463576e-13
1.99526231e-03 7.07699748e-16 6.83057377e-16 2.46423702e-17 0.00000000e+00 0.00000000e+00 1.91759111e-13
2.29086765e-03 6.16713056e-16 5.73482345e-16 4.32307113e-17 0.00000000e+00 0.00000000e+00 2.26337236e-13
2.63026799e-03 2.29097183e-16 2.06795685e-16 2.23014977e-17 0.00000000e+00 0.00000000e+00 2.67150510e-13
3.01995172e-03 7.32346568e-17 4.47567235e-17 2.84779333e-17 0.00000000e+00 0.00000000e+00 3.15323260e-13
3.46736850e-03 5.54535752e-17 1.08481037e-17 4.46054714e-17 0.00000000e+00 0.00000000e+00 3.72182551e-13
3.98107171e-03 4.10427984e-17 2.82653276e-18 3.82162657e-17 0.00000000e+00 0.00000000e+00 4.39294745e-13
4.57088190e-03 3.86325751e-16 1.78559443e-16 2.07766308e-16 0.00000000e+00 0.00000000e+00 5.18508652e-13
5.24807460e-03 3.12549726e-16 2.31055507e-17 2.89444176e-16 0.00000000e+00 0.00000000e+00 6.12006462e-13
6.02559586e-03 3.20667227e-16 3.35492407e-18 3.17312303e-16 0.00000000e+00 0.00000000e+00 7.22363856e-13
6.91830971e-03 1.07169697e-15 5.96595468e-19 1.07110037e-15 0.00000000e+00 0.00000000e+00 8.52620966e-13
7.94328235e-03 1.10454823e-14 1.36701874e-19 1.10453456e-14 0.00000000e+00 0.00000000e+00 1.00636612e-12
9.12010839e-03 7.70840625e-16 2.84762604e-20 7.70812148e-16 0.00000000e+00 0.00000000e+00 1.18783470e-12
1.04712855e-02 7.11861595e-16 1.03716136e-20 7.11851223e-16 0.00000000e+00 0.00000000e+00 1.32664902e-12
1.20226443e-02 1.89981297e-15 3.44661159e-21 1.89980952e-15 1.58942220e-315 1.58942220e-315 1.32664902e-12
1.38038426e-02 1.61045086e-15 9.33024610e-22 1.61044992e-15 8.60511604e-277 8.60511604e-277 1.32664902e-12
1.58489319e-02 1.68010650e-15 1.87275117e-22 1.68010632e-15 2.32767331e-242 2.32767331e-242 1.32664902e-12
1.81970086e-02 1.81297563e-15 4.25835023e-23 1.81297559e-15 1.42392919e-212 1.42392919e-212 1.32664902e-12
2.08929613e-02 2.67445470e-15 1.24328841e-23 2.67445468e-15 3.10805588e-186 3.10805588e-186 1.32664902e-12
2.39883292e-02 2.50322500e-15 2.52243526e-24 2.50322500e-15 5.68217069e-164 5.68217069e-164 1.32664902e-12
2.75422870e-02 2.47214329e-15 3.94483234e-25 2.47214329e-15 2.67438660e-144 2.67438660e-144 1.32664902e-12
3.16227766e-02 2.19520636e-15 6.39997994e-26 2.19520636e-15 2.81286081e-127 2.81286081e-127 1.32664902e-12
3.63078055e-02 2.10382753e-15 1.53694796e-26 2.10382753e-15 1.61611750e-112 1.61611750e-112 1.32664902e-12
4.16869383e-02 3.01205149e-15 4.47529484e-27 3.01205149e-15 1.14809738e-99 1.14809738e-99 1.32664902e-12
4.78630092e-02 1.87489031e-15 1.49210042e-28 1.87489031e-15 1.59315803e-88 1.59315803e-88 1.32664902e-12
5.49540874e-02 1.33968237e-15 1.31739605e-30 1.33968237e-15 7.40782536e-79 7.40782536e-79 1.32664902e-12
6.30957344e-02 6.35739882e-16 9.31337970e-36 6.35739882e-16 1.76464242e-70 1.76464242e-70 1.32664902e-12
7.24435960e-02 2.86999361e-16 7.38152631e-42 2.86999361e-16 3.49227308e-63 3.49227308e-63 1.32664902e-12
8.31763771e-02 3.57873403e-16 2.57657164e-41 3.57873403e-16 1.16809592e-56 1.16809592e-56 1.32664902e-12
9.54992586e-02 3.83357882e-16 1.00769014e-39 3.83357882e-16 6.09715422e-51 6.09715422e-51 1.32664902e-12
1.09647820e-01 5.82345806e-16 3.74365219e-35 5.82345806e-16 9.20640861e-46 9.20640861e-46 1.26694048e-12
1.25892541e-01 8.84423264e-16 3.36941384e-31 8.84423264e-16 3.86451987e-41 3.86451987e-41 1.18237765e-12
1.44543977e-01 1.85419988e-15 4.69365092e-28 1.85419988e-15 3.52908831e-37 3.52908831e-37 1.10345902e-12
1.65958691e-01 2.26012892e-15 3.71394851e-26 2.26012892e-15 8.35241081e-34 8.35241080e-34 1.02980788e-12
1.90546072e-01 2.02718831e-15 4.37705407e-27 2.02718831e-15 3.79724588e-31 3.79717927e-31 9.61072633e-13
2.18776162e-01 1.43526039e-15 1.34791775e-29 1.43526039e-15 4.74605984e-29 4.74605984e-29 8.96925168e-13
2.51188643e-01 2.39420419e-15 2.94212213e-26 2.39420419e-15 1.15665604e-26 1.15665604e-26 8.37059271e-13
2.88403150e-01 3.44840944e-15 5.27999274e-24 3.44840943e-15 1.16636130e-24 1.16636122e-24 7.81189165e-13
3.31131121e-01 4.60895880e-15 1.33510333e-22 4.60895861e-15 5.96208965e-23 5.96208711e-23 7.29048148e-13
3.80189396e-01 5.05993236e-15 1.91412287e-21 5.05992886e-15 1.58148472e-21 1.58124655e-21 6.80387319e-13
4.36515832e-01 5.69930396e-15 2.29552494e-20 5.69925273e-15 2.82762700e-20 2.82712071e-20 6.34974392e-13
5.01187234e-01 6.50579180e-15 2.41886557e-19 6.50520322e-15 3.46694229e-19 3.46593161e-19 5.92592582e-13
5.75439937e-01 7.67792490e-15 2.06046695e-18 7.67321205e-15 2.65238570e-18 2.65019475e-18 5.53039576e-13
6.60693448e-01 7.99172277e-15 1.37989455e-17 7.96313555e-15 1.47882774e-17 1.47531976e-17 5.16126563e-13
7.58577575e-01 8.80828312e-15 7.54380869e-17 8.66618453e-15 6.66605029e-17 6.62541225e-17 4.81677334e-13
8.70963590e-01 9.91581782e-15 3.60226058e-16 9.31606656e-15 2.39525203e-16 2.34121980e-16 4.49527444e-13
1.00000000e+00 1.17065044e-14 1.39361363e-15 9.61847123e-15 6.94419497e-16 6.57712767e-16 4.19523420e-13
1.14815362e+00 1.59007989e-14 4.40327620e-15 9.56751705e-15 1.93000561e-15 1.67861461e-15 3.91522036e-13
1.31825674e+00 2.60786427e-14 1.13988103e-14 9.56274470e-15 5.11708767e-15 3.74357988e-15 3.65389624e-13
1.51356125e+00 4.64094497e-14 2.40414161e-14 9.57839987e-15 1.27896337e-14 7.48138006e-15 3.41001438e-13
1.73780083e+00 8.28694581e-14 4.32632411e-14 8.91021080e-15 3.06960061e-14 1.35469671e-14 3.18241059e-13
1.99526231e+00 1.46984272e-13 6.77496976e-14 8.43416662e-15 7.08004078e-14 2.21969202e-14 2.96999837e-13
2.29086765e+00 2.51343612e-13 9.30818879e-14 7.96197985e-15 1.50299745e-13 3.20387941e-14 2.77176375e-13
2.63026799e+00 4.07429775e-13 1.14707550e-13 7.09696103e-15 2.85625264e-13 4.04110272e-14 2.58676044e-13
3.01995172e+00 6.35432270e-13 1.30670290e-13 6.03291526e-15 4.98729064e-13 4.53221023e-14 2.41410531e-13
3.46736850e+00 9.31978296e-13 1.40685631e-13 4.91417972e-15 7.86378485e-13 4.64361284e-14 2.25297416e-13
3.98107171e+00 1.28463199e-12 1.45835840e-13 3.78732858e-15 1.13500882e-12 4.17676483e-14 2.10259782e-13
4.57088190e+00 1.64510613e-12 1.47102286e-13 2.72225251e-15 1.49528160e-12 3.41525043e-14 1.96225846e-13
5.24807460e+00 1.94804030e-12 1.28722743e-13 1.64020366e-15 1.81767736e-12 2.56674914e-14 1.62248699e-13
6.02559586e+00 2.15509683e-12 8.84391924e-14 7.37564096e-16 2.06592007e-12 1.75622999e-14 1.07196652e-13
6.70000000e+00 2.26135241e-12 6.57682355e-14 3.85829067e-16 2.19519834e-12 1.24078404e-14 7.79752569e-14
6.92422916e+00 2.28570873e-12 5.99401776e-14 3.12884904e-16 2.22545567e-12 1.09231584e-14 7.06426405e-14
7.15596261e+00 2.29784002e-12 5.44596029e-14 2.47668372e-16 2.24313275e-12 9.59282949e-15 6.39995667e-14
7.39545150e+00 2.30605557e-12 4.91485576e-14 1.88048380e-16 2.25671896e-12 8.21023114e-15 5.79811925e-14
7.64295536e+00 2.26621498e-12 4.35128015e-14 1.28707170e-16 2.22257347e-12 6.63351325e-15 5.25287725e-14
7.89874245e+00 2.15630879e-12 3.73117315e-14 7.38524790e-17 2.11892321e-12 4.87924120e-15 4.75890858e-14
8.16308998e+00 1.97392028e-12 3.10416173e-14 3.88391308e-17 1.94283982e-12 3.34634281e-15 4.31139160e-14
8.43628443e+00 1.73345469e-12 2.47462361e-14 1.80587475e-17 1.70869039e-12 2.10040927e-15 3.90595811e-14
8.71862190e+00 1.58631753e-12 2.01966543e-14 9.53044622e-18 1.56611135e-12 1.42593704e-15 3.53865066e-14
9.01040836e+00 1.45645830e-12 1.62516743e-14 4.45400836e-18 1.44020217e-12 8.72230097e-16 3.20588397e-14
9.31196005e+00 1.35029260e-12 1.32083443e-14 0.00000000e+00 1.33708426e-12 0.00000000e+00 2.90440991e-14
9.62360379e+00 1.35006601e-12 1.17204181e-14 0.00000000e+00 1.33834559e-12 0.00000000e+00 2.63128578e-14
9.94567731e+00 1.44382131e-12 1.11615121e-14 0.00000000e+00 1.43265980e-12 0.00000000e+00 2.38384563e-14
1.02785297e+01 1.56146621e-12 1.08706445e-14 0.00000000e+00 1.55059557e-12 0.00000000e+00 2.15967419e-14
1.06225216e+01 1.68544386e-12 1.05847998e-14 0.00000000e+00 1.67485906e-12 0.00000000e+00 1.95658333e-14
1.09780260e+01 1.83869120e-12 1.04335077e-14 0.00000000e+00 1.82825769e-12 0.00000000e+00 1.77259066e-14
1.13454280e+01 1.98739403e-12 1.01473562e-14 0.00000000e+00 1.97724668e-12 0.00000000e+00 1.60590026e-14
1.17251259e+01 2.13392140e-12 9.75076648e-15 0.00000000e+00 2.12417064e-12 0.00000000e+00 1.45488504e-14
1.21175312e+01 2.25767161e-12 9.31581071e-15 0.00000000e+00 2.24835580e-12 0.00000000e+00 1.31807094e-14
1.25230691e+01 2.37091733e-12 8.84497596e-15 0.00000000e+00 2.36207235e-12 0.00000000e+00 1.19412254e-14
1.29421791e+01 2.47765868e-12 8.32974401e-15 0.00000000e+00 2.46932893e-12 0.00000000e+00 1.08182996e-14
1.33753155e+01 2.55061554e-12 7.79270431e-15 0.00000000e+00 2.54282283e-12 0.00000000e+00 9.80097124e-15
1.38229477e+01 2.61388781e-12 7.19450338e-15 0.00000000e+00 2.60669330e-12 0.00000000e+00 8.87931012e-15
1.42855609e+01 2.65301947e-12 6.57394881e-15 0.00000000e+00 2.64644553e-12 0.00000000e+00 8.04431992e-15
1.47636563e+01 2.73417718e-12 5.89880804e-15 0.00000000e+00 2.72827837e-12 0.00000000e+00 7.28785031e-15
1.52577522e+01 2.79960763e-12 5.26944740e-15 0.00000000e+00 2.79433818e-12 0.00000000e+00 6.60251738e-15
1.57683840e+01 2.88904014e-12 4.68833978e-15 0.00000000e+00 2.88435180e-12 0.00000000e+00 5.98163161e-15
1.62961051e+01 2.97851987e-12 4.16659091e-15 0.00000000e+00 2.97435327e-12 0.00000000e+00 5.41913253e-15
1.68414875e+01 3.06596194e-12 3.69964176e-15 0.00000000e+00 3.06226230e-12 0.00000000e+00 4.90952959e-15
1.74051222e+01 3.15814419e-12 3.30633870e-15 0.00000000e+00 3.15483785e-12 0.00000000e+00 4.44784855e-15
1.79876201e+01 3.26666263e-12 2.96835210e-15 0.00000000e+00 3.26369428e-12 0.00000000e+00 4.02958296e-15
1.85896125e+01 3.38187910e-12 2.69027058e-15 0.00000000e+00 3.37918883e-12 0.00000000e+00 3.65065011e-15
1.92117518e+01 3.47130053e-12 2.46005170e-15 0.00000000e+00 3.46884048e-12 0.00000000e+00 3.30735125e-15
1.98547123e+01 3.56647254e-12 2.26152749e-15 0.00000000e+00 3.56421101e-12 0.00000000e+00 2.99633543e-15
2.05191907e+01 3.63464886e-12 2.08313601e-15 0.00000000e+00 3.63256573e-12 0.00000000e+00 2.71456684e-15
2.12059073e+01 3.70158539e-12 1.91701242e-15 0.00000000e+00 3.69966837e-12 0.00000000e+00 2.45929512e-15
2.19156062e+01 3.75846681e-12 1.76049206e-15 0.00000000e+00 3.75670631e-12 0.00000000e+00 2.22802858e-15
2.26490567e+01 3.78239418e-12 1.61498083e-15 0.00000000e+00 3.78077920e-12 0.00000000e+00 2.01850983e-15
2.34070535e+01 3.81956230e-12 1.47993783e-15 0.00000000e+00 3.81808236e-12 0.00000000e+00 1.82869374e-15
2.41904183e+01 3.82234852e-12 1.35470322e-15 0.00000000e+00 3.82099381e-12 0.00000000e+00 1.65672752e-15
2.50000000e+01 3.82629912e-12 1.23892904e-15 0.00000000e+00 3.82506019e-12 0.00000000e+00 1.50093262e-15
2.75422870e+01 3.74784301e-12 9.49574980e-16 0.00000000e+00 3.74689344e-12 0.00000000e+00 1.12248675e-15
3.16227766e+01 3.42023692e-12 6.45306600e-16 0.00000000e+00 3.41959162e-12 0.00000000e+00 7.41619640e-16
3.63078055e+01 2.89210664e-12 4.36723229e-16 0.00000000e+00 2.89166992e-12 0.00000000e+00 4.89983237e-16
4.16869383e+01 2.24421163e-12 2.95078093e-16 0.00000000e+00 2.24391656e-12 0.00000000e+00 3.23728714e-16
4.78630092e+01 1.61756700e-12 1.98966179e-16 0.00000000e+00 1.61736803e-12 0.00000000e+00 2.13885440e-16
5.49540874e+01 1.08293918e-12 1.33721084e-16 0.00000000e+00 1.08280546e-12 0.00000000e+00 1.41312709e-16
6.30957344e+01 6.87927567e-13 8.95571535e-17 0.00000000e+00 6.87838010e-13 0.00000000e+00 9.33643811e-17
7.24435960e+01 4.17368546e-13 5.97924462e-17 0.00000000e+00 4.17308754e-13 0.00000000e+00 6.16852348e-17
8.31763771e+01 2.44708927e-13 3.98167331e-17 0.00000000e+00 2.44669111e-13 0.00000000e+00 4.07550305e-17
9.54992586e+01 1.39890396e-13 2.64608085e-17 0.00000000e+00 1.39863935e-13 0.00000000e+00 2.69265816e-17
1.09647820e+02 7.84695676e-14 1.75583729e-17 0.00000000e+00 7.84520092e-14 0.00000000e+00 1.77902161e-17
1.25892541e+02 4.38548704e-14 1.16368290e-17 0.00000000e+00 4.38432336e-14 0.00000000e+00 1.17538792e-17
1.44543977e+02 2.42991221e-14 7.70620269e-18 0.00000000e+00 2.42914159e-14 0.00000000e+00 7.76571097e-18
1.65958691e+02 1.28154415e-14 5.10154655e-18 0.00000000e+00 1.28103399e-14 0.00000000e+00 5.13075436e-18
1.90546072e+02 6.75259837e-15 3.37538275e-18 0.00000000e+00 6.74922299e-15 0.00000000e+00 3.38985579e-18
2.18776162e+02 3.54748607e-15 2.23244154e-18 0.00000000e+00 3.54525363e-15 0.00000000e+00 2.23965551e-18
2.51188643e+02 1.85547189e-15 1.47611898e-18 0.00000000e+00 1.85399577e-15 0.00000000e+00 1.47972572e-18
2.88403150e+02 9.65173227e-16 9.75840329e-19 0.00000000e+00 9.64197387e-16 0.00000000e+00 9.77645088e-19
3.31131121e+02 5.00376934e-16 6.45018802e-19 0.00000000e+00 4.99731915e-16 0.00000000e+00 6.45923704e-19
3.80189396e+02 2.58281661e-16 4.26303751e-19 0.00000000e+00 2.57855358e-16 0.00000000e+00 4.26757559e-19
4.36515832e+02 1.32937387e-16 2.81728123e-19 0.00000000e+00 1.32655659e-16 0.00000000e+00 2.81955923e-19
5.01187234e+02 6.82182379e-17 1.86172057e-19 0.00000000e+00 6.80320658e-17 0.00000000e+00 1.86286431e-19
5.75439937e+02 3.49215938e-17 1.23020783e-19 0.00000000e+00 3.47985730e-17 0.00000000e+00 1.23078224e-19
6.60693448e+02 1.78413338e-17 8.12881209e-20 0.00000000e+00 1.77600457e-17 0.00000000e+00 8.13169765e-20
7.58577575e+02 9.10033653e-18 5.37110954e-20 0.00000000e+00 9.04662544e-18 0.00000000e+00 5.37255936e-20
8.70963590e+02 4.63471797e-18 3.54888640e-20 0.00000000e+00 4.59922910e-18 0.00000000e+00 3.54961477e-20
1.00000000e+03 2.33399873e-18 0.00000000e+00 0.00000000e+00 2.33399873e-18 0.00000000e+00 0.00000000e+00
