# column 1: lambda (micron)
# column 2: total flux; lambda*F_lambda (W/m2)
# column 3: direct stellar flux; lambda*F_lambda (W/m2)
# column 4: scattered stellar flux; lambda*F_lambda (W/m2)
# column 5: total dust emission flux; lambda*F_lambda (W/m2)
# column 6: dust emission scattered flux; lambda*F_lambda (W/m2)
# column 7: transparent flux; lambda*F_lambda (W/m2)
1.00000000e-03 9.33192670e-18 3.20137171e-18 6.13055499e-18 0.00000000e+00 0.00000000e+00 8.37058880e-14
1.14815362e-03 8.15421873e-19 1.44092473e-19 6.71329399e-19 0.00000000e+00 0.00000000e+00 9.87997869e-14
1.31825674e-03 4.00648086e-19 4.43225154e-21 3.96215834e-19 0.00000000e+00 0.00000000e+00 1.16615427e-13
1.51356125e-03 3.30120837e-19 2.45838155e-22 3.29874999e-19 0.00000000e+00 0.00000000e+00 1.37643595e-13
1.73780083e-03 7.00376352e-19 2.35633702e-22 7.00140718e-19 0.00000000e+00 0.00000000e+00 1.62463576e-13
1.99526231e-03 4.88322680e-19 3.66764076e-25 4.88322313e-19 0.00000000e+00 0.00000000e+00 1.91759111e-13
2.29086765e-03 6.33631344e-19 8.47833672e-26 6.33631259e-19 0.00000000e+00 0.00000000e+00 2.26337236e-13
2.63026799e-03 1.00605394e-18 3.43125172e-28 1.00605394e-18 0.00000000e+00 0.00000000e+00 2.67150510e-13
3.01995172e-03 7.59908379e-19 1.20626521e-31 7.59908379e-19 0.00000000e+00 0.00000000e+00 3.15323260e-13
3.46736850e-03 6.59680892e-19 7.29153096e-35 6.59680892e-19 0.00000000e+00 0.00000000e+00 3.72182551e-13
3.98107171e-03 7.25241673e-19 6.23028195e-38 7.25241673e-19 0.00000000e+00 0.00000000e+00 4.39294745e-13
4.57088190e-03 8.28212189e-18 1.37980957e-29 8.28212189e-18 0.00000000e+00 0.00000000e+00 5.18508652e-13
5.24807460e-03 8.66190131e-18 4.13640301e-34 8.66190131e-18 0.00000000e+00 0.00000000e+00 6.12006462e-13
6.02559586e-03 8.82365891e-18 2.15228821e-38 8.82365891e-18 0.00000000e+00 0.00000000e+00 7.22363856e-13
6.91830971e-03 8.26175247e-18 2.95476524e-42 8.26175247e-18 0.00000000e+00 0.00000000e+00 8.52620966e-13
7.94328235e-03 9.50254218e-18 1.36492100e-45 9.50254218e-18 0.00000000e+00 0.00000000e+00 1.00636612e-12
9.12010839e-03 1.03158281e-17 3.99580956e-49 1.03158281e-17 0.00000000e+00 0.00000000e+00 1.18783470e-12
1.04712855e-02 1.09822633e-17 2.09122403e-51 1.09822633e-17 0.00000000e+00 0.00000000e+00 1.32664902e-12
1.20226443e-02 1.48521121e-17 1.07241107e-53 1.48521121e-17 0.00000000e+00 0.00000000e+00 1.32664902e-12
1.38038426e-02 2.48280166e-17 2.06120840e-56 2.48280166e-17 2.78828168e-296 2.78828168e-296 1.32664902e-12
1.58489319e-02 2.15808601e-17 9.46394357e-60 2.15808601e-17 4.73483127e-259 4.73483127e-259 1.32664902e-12
1.81970086e-02 1.76772230e-17 7.89439113e-63 1.76772230e-17 1.35934087e-226 1.35934087e-226 1.32664902e-12
2.08929613e-02 1.96855205e-17 2.17877972e-65 1.96855205e-17 1.10614462e-198 1.10614462e-198 1.32664902e-12
2.39883292e-02 3.85135438e-17 1.05310930e-68 3.85135438e-17 3.38487340e-174 3.38487340e-174 1.32664902e-12
2.75422870e-02 4.34480910e-17 1.46449704e-72 4.34480910e-17 1.08656985e-152 1.08656985e-152 1.32664902e-12
3.16227766e-02 3.98580134e-17 2.42775604e-76 3.98580134e-17 1.01482611e-133 1.01482611e-133 1.32664902e-12
3.63078055e-02 1.44824641e-16 2.63014520e-79 1.44824641e-16 3.52052149e-118 3.52052149e-118 1.32664902e-12
4.16869383e-02 8.90170211e-17 7.16611695e-82 8.90170211e-17 1.00670951e-103 1.00670951e-103 1.32664902e-12
4.78630092e-02 1.47437226e-16 6.10604006e-89 1.47437226e-16 1.25459065e-91 1.25459065e-91 1.32664902e-12
5.49540874e-02 1.89532029e-16 9.00003481e-99 1.89532029e-16 4.71363720e-81 4.71363720e-81 1.32664902e-12
6.30957344e-02 1.78993828e-16 2.00319406e-123 1.78993828e-16 1.00169352e-71 1.00169352e-71 1.32664902e-12
7.24435960e-02 1.17772779e-16 1.26038125e-152 1.17772779e-16 7.72360426e-64 7.72360426e-64 1.32664902e-12
8.31763771e-02 1.27336429e-16 5.00014134e-150 1.27336429e-16 5.45909083e-57 5.45909083e-57 1.32664902e-12
9.54992586e-02 1.28518768e-16 2.09018511e-142 1.28518768e-16 7.25308551e-51 7.25308551e-51 1.32664902e-12
1.09647820e-01 1.78266393e-16 1.85906170e-120 1.78266393e-16 1.02610134e-45 1.02610134e-45 1.26694048e-12
1.25892541e-01 2.01817425e-16 2.03833985e-101 2.01817425e-16 3.00931527e-41 3.00931527e-41 1.18237765e-12
1.44543977e-01 2.41067138e-16 2.95721925e-86 2.41067138e-16 1.80808814e-37 1.80808814e-37 1.10345902e-12
1.65958691e-01 3.03758292e-16 4.68259090e-77 3.03758292e-16 3.31515914e-34 3.31515914e-34 1.02980788e-12
1.90546072e-01 4.58116371e-16 2.18388936e-81 4.58116371e-16 1.88891081e-31 1.88891081e-31 9.61072633e-13
2.18776162e-01 3.65256708e-16 2.70309266e-93 3.65256708e-16 3.25307054e-29 3.25307054e-29 8.96925168e-13
2.51188643e-01 5.33650640e-16 3.36510094e-77 5.33650640e-16 6.46621574e-27 6.46621574e-27 8.37059271e-13
2.88403150e-01 7.65975114e-16 2.68440299e-66 7.65975113e-16 5.23264362e-25 5.23264362e-25 7.81189165e-13
3.31131121e-01 7.99468070e-16 1.80756325e-59 7.99468040e-16 2.94788830e-23 2.94788830e-23 7.29048148e-13
3.80189396e-01 8.71598487e-16 8.05118587e-54 8.71597560e-16 9.26966702e-22 9.26966702e-22 6.80387319e-13
4.36515832e-01 9.97076605e-16 1.52574171e-48 9.97060221e-16 1.63838774e-20 1.63838774e-20 6.34974392e-13
5.01187234e-01 1.14263138e-15 1.55666149e-43 1.14242758e-15 2.03802994e-19 2.03802994e-19 5.92592582e-13
5.75439937e-01 1.44771821e-15 5.73807452e-39 1.44590499e-15 1.81322258e-18 1.81322258e-18 5.53039576e-13
6.60693448e-01 1.98923299e-15 6.68794314e-35 1.97758281e-15 1.16501762e-17 1.16501762e-17 5.16126563e-13
7.58577575e-01 2.25418960e-15 2.95102822e-31 2.19264291e-15 6.15466921e-17 6.15466903e-17 4.81677334e-13
8.70963590e-01 3.44570522e-15 6.81408984e-28 3.12295178e-15 3.22753440e-16 3.22753224e-16 4.49527444e-13
1.00000000e+00 5.40724407e-15 5.74499091e-25 4.25878252e-15 1.14846155e-15 1.14844059e-15 4.19523420e-13
1.14815362e+00 9.79996665e-15 1.83776904e-22 5.96309971e-15 3.83686675e-15 3.83574139e-15 3.91522036e-13
1.31825674e+00 1.88868462e-14 2.26483106e-20 8.11393760e-15 1.07728860e-14 1.07375843e-14 3.65389624e-13
1.51356125e+00 4.00886865e-14 1.04683492e-18 1.12175588e-14 2.88700808e-14 2.82290449e-14 3.41001438e-13
1.73780083e+00 8.55432101e-14 2.26330809e-17 1.49071536e-14 7.06134235e-14 6.36493946e-14 3.18241059e-13
1.99526231e+00 2.00175178e-13 2.51567763e-16 1.89228005e-14 1.81000810e-13 1.29796334e-13 2.96999837e-13
2.29086765e+00 5.03078755e-13 1.49470940e-15 2.11151296e-14 4.80468916e-13 2.28721279e-13 2.77176375e-13
2.63026799e+00 1.19047435e-12 5.27709990e-15 2.13972043e-14 1.16380005e-12 3.33743038e-13 2.58676044e-13
3.01995172e+00 2.42720681e-12 1.27884851e-14 1.89507374e-14 2.39546759e-12 3.98370763e-13 2.41410531e-13
3.46736850e+00 4.22377767e-12 2.36548672e-14 1.52375272e-14 4.18488528e-12 4.06858069e-13 2.25297416e-13
3.98107171e+00 6.29944797e-12 3.64961225e-14 1.13590897e-14 6.25159276e-12 3.54431517e-13 2.10259782e-13
4.57088190e+00 8.28397928e-12 4.94094566e-14 7.81184989e-15 8.22675798e-12 2.70237991e-13 1.96225846e-13
5.24807460e+00 9.80099931e-12 5.35834646e-14 4.55056377e-15 9.74286529e-12 1.85791808e-13 1.62248699e-13
6.02559586e+00 1.05989885e-11 4.26921550e-14 1.97019512e-15 1.05543261e-11 1.14766085e-13 1.07196652e-13
6.70000000e+00 1.07961229e-11 3.45185458e-14 1.00191158e-15 1.07606024e-11 7.46076696e-14 7.79752569e-14
6.92422916e+00 1.08044395e-11 3.21786232e-14 8.03387598e-16 1.07714575e-11 6.43497136e-14 7.06426405e-14
7.15596261e+00 1.07771040e-11 2.95558152e-14 6.35484857e-16 1.07469127e-11 5.52668084e-14 6.39995667e-14
7.39545150e+00 1.07197979e-11 2.62870393e-14 4.87336945e-16 1.06930235e-11 4.66057302e-14 5.79811925e-14
7.64295536e+00 1.06268774e-11 2.13289801e-14 3.41454865e-16 1.06052069e-11 3.86340731e-14 5.25287725e-14
7.89874245e+00 1.03389889e-11 1.48516336e-14 2.09766585e-16 1.03239275e-11 3.02071194e-14 4.75890858e-14
8.16308998e+00 9.55482067e-12 8.94821895e-15 1.15923631e-16 9.54575653e-12 2.21447295e-14 4.31139160e-14
8.43628443e+00 8.18919947e-12 4.39529989e-15 5.32113946e-17 8.18475096e-12 1.43293104e-14 3.90595811e-14
8.71862190e+00 7.27193771e-12 2.41594574e-15 2.51898089e-17 7.26949657e-12 9.18677269e-15 3.53865066e-14
9.01040836e+00 6.40374344e-12 1.24091560e-15 7.87188781e-18 6.40249465e-12 4.62801943e-15 3.20588397e-14
9.31196005e+00 5.77171312e-12 6.68543607e-16 0.00000000e+00 5.77104458e-12 0.00000000e+00 2.90440991e-14
9.62360379e+00 5.90306240e-12 5.48389622e-16 0.00000000e+00 5.90251401e-12 0.00000000e+00 2.63128578e-14
9.94567731e+00 6.49183774e-12 6.30838608e-16 0.00000000e+00 6.49120690e-12 0.00000000e+00 2.38384563e-14
1.02785297e+01 7.13202671e-12 8.08025754e-16 0.00000000e+00 7.13121868e-12 0.00000000e+00 2.15967419e-14
1.06225216e+01 7.89152214e-12 1.03378449e-15 0.00000000e+00 7.89048835e-12 0.00000000e+00 1.95658333e-14
1.09780260e+01 8.67855956e-12 1.40248990e-15 0.00000000e+00 8.67715707e-12 0.00000000e+00 1.77259066e-14
1.13454280e+01 9.29454291e-12 1.78438460e-15 0.00000000e+00 9.29275852e-12 0.00000000e+00 1.60590026e-14
1.17251259e+01 9.73907029e-12 2.14295248e-15 0.00000000e+00 9.73692733e-12 0.00000000e+00 1.45488504e-14
1.21175312e+01 1.00591910e-11 2.50352472e-15 0.00000000e+00 1.00566875e-11 0.00000000e+00 1.31807094e-14
1.25230691e+01 1.01650389e-11 2.83883335e-15 0.00000000e+00 1.01622000e-11 0.00000000e+00 1.19412254e-14
1.29421791e+01 1.01637612e-11 3.09584705e-15 0.00000000e+00 1.01606654e-11 0.00000000e+00 1.08182996e-14
1.33753155e+01 9.98552640e-12 3.27070862e-15 0.00000000e+00 9.98225569e-12 0.00000000e+00 9.80097124e-15
1.38229477e+01 9.80784899e-12 3.24348516e-15 0.00000000e+00 9.80460550e-12 0.00000000e+00 8.87931012e-15
1.42855609e+01 9.71226814e-12 3.06129441e-15 0.00000000e+00 9.70920684e-12 0.00000000e+00 8.04431992e-15
1.47636563e+01 9.79653923e-12 2.64877975e-15 0.00000000e+00 9.79389045e-12 0.00000000e+00 7.28785031e-15
1.52577522e+01 9.91027007e-12 2.24344192e-15 0.00000000e+00 9.90802663e-12 0.00000000e+00 6.60251738e-15
1.57683840e+01 1.01043633e-11 1.86390178e-15 0.00000000e+00 1.01024994e-11 0.00000000e+00 5.98163161e-15
1.62961051e+01 1.02888255e-11 1.54019345e-15 0.00000000e+00 1.02872853e-11 0.00000000e+00 5.41913253e-15
1.68414875e+01 1.04350047e-11 1.26734394e-15 0.00000000e+00 1.04337374e-11 0.00000000e+00 4.90952959e-15
1.74051222e+01 1.05579066e-11 1.07561744e-15 0.00000000e+00 1.05568310e-11 0.00000000e+00 4.44784855e-15
1.79876201e+01 1.06874217e-11 9.33039557e-16 0.00000000e+00 1.06864887e-11 0.00000000e+00 4.02958296e-15
1.85896125e+01 1.06924015e-11 8.46887918e-16 0.00000000e+00 1.06915546e-11 0.00000000e+00 3.65065011e-15
1.92117518e+01 1.05892444e-11 8.02165592e-16 0.00000000e+00 1.05884423e-11 0.00000000e+00 3.30735125e-15
1.98547123e+01 1.03661263e-11 7.79391221e-16 0.00000000e+00 1.03653470e-11 0.00000000e+00 2.99633543e-15
2.05191907e+01 1.01052079e-11 7.64459047e-16 0.00000000e+00 1.01044435e-11 0.00000000e+00 2.71456684e-15
2.12059073e+01 9.83032763e-12 7.46445222e-16 0.00000000e+00 9.82958119e-12 0.00000000e+00 2.45929512e-15
2.19156062e+01 9.51689996e-12 7.21676879e-16 0.00000000e+00 9.51617829e-12 0.00000000e+00 2.22802858e-15
2.26490567e+01 9.18792596e-12 6.94080881e-16 0.00000000e+00 9.18723188e-12 0.00000000e+00 2.01850983e-15
2.34070535e+01 8.85700682e-12 6.64185008e-16 0.00000000e+00 8.85634264e-12 0.00000000e+00 1.82869374e-15
2.41904183e+01 8.52908699e-12 6.32255462e-16 0.00000000e+00 8.52845474e-12 0.00000000e+00 1.65672752e-15
2.50000000e+01 8.17706385e-12 5.99223922e-16 0.00000000e+00 8.17646463e-12 0.00000000e+00 1.50093262e-15
2.75422870e+01 7.10968729e-12 5.04016642e-16 0.00000000e+00 7.10918328e-12 0.00000000e+00 1.12248675e-15
3.16227766e+01 5.56446187e-12 3.81078516e-16 0.00000000e+00 5.56408079e-12 0.00000000e+00 7.41619640e-16
3.63078055e+01 4.08072512e-12 2.82478014e-16 0.00000000e+00 4.08044264e-12 0.00000000e+00 4.89983237e-16
4.16869383e+01 2.78781117e-12 2.07758541e-16 0.00000000e+00 2.78760341e-12 0.00000000e+00 3.23728714e-16
4.78630092e+01 1.77740681e-12 1.51314667e-16 0.00000000e+00 1.77725550e-12 0.00000000e+00 2.13885440e-16
5.49540874e+01 1.07208144e-12 1.08492226e-16 0.00000000e+00 1.07197294e-12 0.00000000e+00 1.41312709e-16
6.30957344e+01 6.20705215e-13 7.64961976e-17 0.00000000e+00 6.20628719e-13 0.00000000e+00 9.33643811e-17
7.24435960e+01 3.48714730e-13 5.31372046e-17 0.00000000e+00 3.48661593e-13 0.00000000e+00 6.16852348e-17
8.31763771e+01 1.91514212e-13 3.64556306e-17 0.00000000e+00 1.91477756e-13 0.00000000e+00 4.07550305e-17
9.54992586e+01 1.03721454e-13 2.47690793e-17 0.00000000e+00 1.03696685e-13 0.00000000e+00 2.69265816e-17
1.09647820e+02 5.56216690e-14 1.67075861e-17 0.00000000e+00 5.56049615e-14 0.00000000e+00 1.77902161e-17
1.25892541e+02 2.99639370e-14 1.12041033e-17 0.00000000e+00 2.99527329e-14 0.00000000e+00 1.17538792e-17
1.44543977e+02 1.61124814e-14 7.48498739e-18 0.00000000e+00 1.61049964e-14 0.00000000e+00 7.76571097e-18
1.65958691e+02 8.27083531e-15 4.99245479e-18 0.00000000e+00 8.26584286e-15 0.00000000e+00 5.13075436e-18
1.90546072e+02 4.26214713e-15 3.32114077e-18 0.00000000e+00 4.25882599e-15 0.00000000e+00 3.38985579e-18
2.18776162e+02 2.19823990e-15 2.20533697e-18 0.00000000e+00 2.19603456e-15 0.00000000e+00 2.23965551e-18
2.51188643e+02 1.13215696e-15 1.46254215e-18 0.00000000e+00 1.13069442e-15 0.00000000e+00 1.47972572e-18
2.88403150e+02 5.81382424e-16 9.69037053e-19 0.00000000e+00 5.80413387e-16 0.00000000e+00 9.77645088e-19
3.31131121e+02 2.98146044e-16 6.41604018e-19 0.00000000e+00 2.97504440e-16 0.00000000e+00 6.45923704e-19
3.80189396e+02 1.52503346e-16 4.24589850e-19 0.00000000e+00 1.52078756e-16 0.00000000e+00 4.26757559e-19
4.36515832e+02 7.79004462e-17 2.80867264e-19 0.00000000e+00 7.76195789e-17 0.00000000e+00 2.81955923e-19
5.01187234e+02 3.97229381e-17 1.85739634e-19 0.00000000e+00 3.95371985e-17 0.00000000e+00 1.86286431e-19
5.75439937e+02 2.02299379e-17 1.22803533e-19 0.00000000e+00 2.01071344e-17 0.00000000e+00 1.23078224e-19
6.60693448e+02 1.02926189e-17 8.11789566e-20 0.00000000e+00 1.02114400e-17 0.00000000e+00 8.13169765e-20
7.58577575e+02 5.23316703e-18 5.36562361e-20 0.00000000e+00 5.17951079e-18 0.00000000e+00 5.37255936e-20
8.70963590e+02 2.65914190e-18 3.54612993e-20 0.00000000e+00 2.62368060e-18 0.00000000e+00 3.54961477e-20
1.00000000e+03 1.32730652e-18 0.00000000e+00 0.00000000e+00 1.32730652e-18 0.00000000e+00 0.00000000e+00
