# column 1: lambda (micron)
# column 2: total flux; lambda*F_lambda (W/m2)
# column 3: direct stellar flux; lambda*F_lambda (W/m2)
# column 4: scattered stellar flux; lambda*F_lambda (W/m2)
# column 5: total dust emission flux; lambda*F_lambda (W/m2)
# column 6: dust emission scattered flux; lambda*F_lambda (W/m2)
# column 7: transparent flux; lambda*F_lambda (W/m2)
1.00000000e-03 6.74176288e-19 3.13249645e-21 6.71043791e-19 0.00000000e+00 0.00000000e+00 2.06075710e-13
1.14815362e-03 2.30959778e-19 1.14031446e-23 2.30948375e-19 0.00000000e+00 0.00000000e+00 2.43235413e-13
1.31825674e-03 1.48429615e-19 2.11623875e-26 1.48429594e-19 0.00000000e+00 0.00000000e+00 2.87095777e-13
1.51356125e-03 9.40551872e-20 1.11495735e-28 9.40551871e-20 0.00000000e+00 0.00000000e+00 3.38865070e-13
1.73780083e-03 1.64890157e-19 9.10423560e-29 1.64890157e-19 0.00000000e+00 0.00000000e+00 3.99969435e-13
1.99526231e-03 8.43094692e-20 8.59730440e-34 8.43094692e-20 0.00000000e+00 0.00000000e+00 4.72092178e-13
2.29086765e-03 9.28337653e-20 5.66473084e-35 9.28337653e-20 0.00000000e+00 0.00000000e+00 5.57220139e-13
2.63026799e-03 1.21208142e-19 2.90248110e-39 1.21208142e-19 0.00000000e+00 0.00000000e+00 6.57698429e-13
3.01995172e-03 8.48208510e-20 1.96919378e-45 8.48208510e-20 0.00000000e+00 0.00000000e+00 7.76295028e-13
3.46736850e-03 6.66166672e-20 3.48660747e-51 6.66166672e-20 0.00000000e+00 0.00000000e+00 9.16277040e-13
3.98107171e-03 5.94681834e-20 1.13906379e-56 5.94681834e-20 0.00000000e+00 0.00000000e+00 1.08150070e-12
4.57088190e-03 1.25589886e-18 5.90206370e-42 1.25589886e-18 0.00000000e+00 0.00000000e+00 1.27651759e-12
5.24807460e-03 1.29749756e-18 5.13134826e-50 1.29749756e-18 0.00000000e+00 0.00000000e+00 1.50670006e-12
6.02559586e-03 1.46953193e-18 1.18383204e-57 1.46953193e-18 0.00000000e+00 0.00000000e+00 1.77838917e-12
6.91830971e-03 2.52101815e-18 1.52076744e-64 2.52101815e-18 0.00000000e+00 0.00000000e+00 2.09906943e-12
7.94328235e-03 2.38606875e-18 1.67291964e-70 2.38606875e-18 2.00018518e-309 2.00018518e-309 2.47757497e-12
9.12010839e-03 3.99892879e-18 8.20926256e-77 3.99892879e-18 3.03954797e-270 3.03954797e-270 2.92433286e-12
1.04712855e-02 3.92042280e-18 6.91799380e-81 3.92042280e-18 1.59904205e-236 1.59904205e-236 3.26608014e-12
1.20226443e-02 8.81629592e-18 6.12310905e-85 8.81629592e-18 2.40753027e-207 2.40753027e-207 3.26608014e-12
1.38038426e-02 2.08363786e-17 9.54238367e-90 2.08363786e-17 1.23472272e-181 1.23472272e-181 3.26608014e-12
1.58489319e-02 1.39367527e-17 1.17987364e-95 1.39367527e-17 1.95099957e-159 1.95099957e-159 3.26608014e-12
1.81970086e-02 3.52424547e-17 4.19689004e-101 3.52424547e-17 5.30614793e-139 5.30614793e-139 3.26608014e-12
2.08929613e-02 3.59515129e-17 1.24083769e-105 3.59515129e-17 4.45679936e-123 4.45679936e-123 3.26608014e-12
2.39883292e-02 4.87424683e-17 1.68026810e-111 4.87424683e-17 3.68986421e-108 3.68986421e-108 3.26608014e-12
2.75422870e-02 7.53288833e-17 2.50886776e-118 7.53288833e-17 1.71900744e-95 1.71900744e-95 3.26608014e-12
3.16227766e-02 8.54891847e-17 5.11232634e-125 8.54891847e-17 3.04086569e-84 3.04086569e-84 3.26608014e-12
3.63078055e-02 1.52405895e-16 2.88826895e-130 1.52405895e-16 7.56071589e-75 7.56071589e-75 3.26608014e-12
4.16869383e-02 2.45198508e-16 8.34700520e-135 2.45198508e-16 2.57789340e-66 2.57789340e-66 3.26608014e-12
4.78630092e-02 2.69209703e-16 2.56796002e-147 2.69209703e-16 6.94419910e-59 6.94419910e-59 3.26608014e-12
5.49540874e-02 5.12815496e-16 1.02177950e-164 5.12815496e-16 1.11560253e-52 1.11560253e-52 3.26608014e-12
6.30957344e-02 5.62078014e-16 2.38937648e-208 5.62078014e-16 2.55461050e-47 2.55461050e-47 3.26608014e-12
7.24435960e-02 4.59442541e-16 4.97428708e-260 4.59442541e-16 1.44016482e-42 1.44016482e-42 3.26608014e-12
8.31763771e-02 4.94039901e-16 1.97529086e-255 4.94039901e-16 1.30102314e-38 1.30102314e-38 3.26608014e-12
9.54992586e-02 5.24107235e-16 6.08074640e-242 5.24107235e-16 4.76916160e-35 4.76916160e-35 3.26608014e-12
1.09647820e-01 5.00435632e-16 4.42398182e-203 5.00435632e-16 5.72307091e-32 5.72307091e-32 3.11908354e-12
1.25892541e-01 7.43860224e-16 2.32634363e-169 7.43860224e-16 2.08084494e-29 2.08084494e-29 2.91089813e-12
1.44543977e-01 4.27100936e-16 1.67271166e-142 4.27100936e-16 3.07728350e-27 3.07728350e-27 2.71660820e-12
1.65958691e-01 5.90956884e-16 3.37568203e-126 5.90956884e-16 1.85884187e-25 1.85884187e-25 2.53528629e-12
1.90546072e-01 7.31913765e-16 7.68807892e-134 7.31913760e-16 5.60730234e-24 5.60730234e-24 2.36606683e-12
2.18776162e-01 7.12912828e-16 6.83514240e-155 7.12912769e-16 5.86417770e-23 5.86417770e-23 2.20814205e-12
2.51188643e-01 1.11065136e-15 2.20645969e-126 1.11065025e-15 1.11026601e-21 1.11026601e-21 2.06075806e-12
2.88403150e-01 1.00615430e-15 4.58505880e-107 1.00614511e-15 9.18089179e-21 9.18089179e-21 1.92321132e-12
3.31131121e-01 1.03538509e-15 5.87973576e-95 1.03532587e-15 5.92173716e-20 5.92173716e-20 1.79484524e-12
3.80189396e-01 8.72156193e-16 6.16422115e-85 8.71942316e-16 2.13876818e-19 2.13876815e-19 1.67504704e-12
4.36515832e-01 8.24703253e-16 1.42406627e-75 8.23718689e-16 9.84564469e-19 9.84563065e-19 1.56324485e-12
5.01187234e-01 7.38123898e-16 1.09965752e-66 7.34904751e-16 3.21914725e-18 3.21909541e-18 1.45890498e-12
5.75439937e-01 7.72387874e-16 1.40108541e-58 7.61208019e-16 1.11798558e-17 1.11777740e-17 1.36152935e-12
6.60693448e-01 8.06337430e-16 2.32632259e-51 7.67148022e-16 3.91894075e-17 3.91417715e-17 1.27065312e-12
7.58577575e-01 1.02498272e-15 6.92269373e-45 8.83688797e-16 1.41293926e-16 1.40554097e-16 1.18584249e-12
8.70963590e-01 1.23622860e-15 6.54815164e-39 8.03784395e-16 4.32444201e-16 4.24995005e-16 1.10669260e-12
1.00000000e+00 2.04647322e-15 1.04126810e-33 7.91874809e-16 1.25459841e-15 1.19231892e-15 1.03282563e-12
1.14815362e+00 3.95778594e-15 2.97930784e-29 9.85497709e-16 2.97228823e-15 2.59258831e-15 9.63888963e-13
1.31825674e+00 8.14402272e-15 1.57579309e-25 1.04898709e-15 7.09503563e-15 5.33238090e-15 8.99553520e-13
1.51356125e+00 1.79309280e-14 1.46927401e-22 1.35257191e-15 1.65783559e-14 1.01818953e-14 8.39512191e-13
1.73780083e+00 3.82904751e-14 3.57025572e-20 1.63876720e-15 3.66516723e-14 1.70673599e-14 7.83478363e-13
1.99526231e+00 7.65637070e-14 2.67234536e-18 1.94424598e-15 7.46167887e-14 2.56163187e-14 7.31184552e-13
2.29086765e+00 1.51123669e-13 6.60194469e-17 2.48566983e-15 1.48571979e-13 3.69359090e-14 6.82381128e-13
2.63026799e+00 2.95328441e-13 6.49164768e-16 2.98870487e-15 2.91690572e-13 5.14502500e-14 6.36835122e-13
3.01995172e+00 5.45944592e-13 3.27959076e-15 3.34612421e-15 5.39318877e-13 6.53939441e-14 5.94329117e-13
3.46736850e+00 9.41069687e-13 1.02716987e-14 3.39546804e-15 9.27402520e-13 7.72164819e-14 5.54660204e-13
3.98107171e+00 1.47234071e-12 2.33370103e-14 3.14338627e-15 1.44586032e-12 8.07629289e-14 5.17639021e-13
4.57088190e+00 2.11368869e-12 4.20713897e-14 2.68171082e-15 2.06893559e-12 7.59466226e-14 4.83088843e-13
5.24807460e+00 2.75215125e-12 5.62201078e-14 1.81578324e-15 2.69411536e-12 6.22466217e-14 3.99440428e-13
6.02559586e+00 3.24776799e-12 5.17380959e-14 9.03779966e-16 3.19512611e-12 4.53136215e-14 2.63907674e-13
6.70000000e+00 3.49079809e-12 4.53808683e-14 4.96578599e-16 3.44492064e-12 3.26856090e-14 1.91967457e-13
6.92422916e+00 3.55852663e-12 4.32451642e-14 4.04933176e-16 3.51487654e-12 2.91627505e-14 1.73915272e-13
7.15596261e+00 3.57711162e-12 4.01425939e-14 3.21929278e-16 3.53664710e-12 2.56136051e-14 1.57560674e-13
7.39545150e+00 3.54909412e-12 3.51995141e-14 2.45747620e-16 3.51364886e-12 2.16435553e-14 1.42744025e-13
7.64295536e+00 3.37119114e-12 2.62363692e-14 1.59594100e-16 3.34479518e-12 1.67044233e-14 1.29320701e-13
7.89874245e+00 2.96523815e-12 1.49179899e-14 8.22671740e-17 2.95023790e-12 1.11812096e-14 1.17159675e-13
8.16308998e+00 2.42371370e-12 6.56593954e-15 3.70813523e-17 2.41711068e-12 6.80377144e-15 1.06142245e-13
8.43628443e+00 1.82772149e-12 2.01316756e-15 1.41618433e-17 1.82569416e-12 3.61418715e-15 9.61608686e-14
8.71862190e+00 1.49497268e-12 7.53206430e-16 6.67613993e-18 1.49421279e-12 2.22661838e-15 8.71181185e-14
9.01040836e+00 1.24694667e-12 2.49941049e-16 3.08678631e-18 1.24669365e-12 1.29977545e-15 7.89257281e-14
9.31196005e+00 1.08839965e-12 9.02514714e-17 0.00000000e+00 1.08830940e-12 0.00000000e+00 7.15037315e-14
9.62360379e+00 1.09905245e-12 6.85795463e-17 0.00000000e+00 1.09898387e-12 0.00000000e+00 6.47796826e-14
9.94567731e+00 1.24021890e-12 9.48136474e-17 0.00000000e+00 1.24012409e-12 0.00000000e+00 5.86879481e-14
1.02785297e+01 1.40870749e-12 1.58547581e-16 0.00000000e+00 1.40854894e-12 0.00000000e+00 5.31690665e-14
1.06225216e+01 1.61953001e-12 2.64581635e-16 0.00000000e+00 1.61926542e-12 0.00000000e+00 4.81691679e-14
1.09780260e+01 1.89291887e-12 4.89811145e-16 0.00000000e+00 1.89242906e-12 0.00000000e+00 4.36394486e-14
1.13454280e+01 2.17073108e-12 8.09380336e-16 0.00000000e+00 2.16992170e-12 0.00000000e+00 3.95356937e-14
1.17251259e+01 2.42694026e-12 1.20758070e-15 0.00000000e+00 2.42573268e-12 0.00000000e+00 3.58178467e-14
1.21175312e+01 2.68440616e-12 1.71580761e-15 0.00000000e+00 2.68269036e-12 0.00000000e+00 3.24496176e-14
1.25230691e+01 2.90739466e-12 2.31259303e-15 0.00000000e+00 2.90508206e-12 0.00000000e+00 2.93981291e-14
1.29421791e+01 3.10068149e-12 2.90893361e-15 0.00000000e+00 3.09777256e-12 0.00000000e+00 2.66335956e-14
1.33753155e+01 3.22117172e-12 3.45927325e-15 0.00000000e+00 3.21771244e-12 0.00000000e+00 2.41290327e-14
1.38229477e+01 3.30524491e-12 3.67772197e-15 0.00000000e+00 3.30156719e-12 0.00000000e+00 2.18599931e-14
1.42855609e+01 3.32435222e-12 3.58230236e-15 0.00000000e+00 3.32076992e-12 0.00000000e+00 1.98043289e-14
1.47636563e+01 3.33579085e-12 2.99178053e-15 0.00000000e+00 3.33279907e-12 0.00000000e+00 1.79419747e-14
1.52577522e+01 3.34283148e-12 2.40595588e-15 0.00000000e+00 3.34042553e-12 0.00000000e+00 1.62547521e-14
1.57683840e+01 3.31362969e-12 1.87002886e-15 0.00000000e+00 3.31175966e-12 0.00000000e+00 1.47261920e-14
1.62961051e+01 3.31408354e-12 1.43959163e-15 0.00000000e+00 3.31264395e-12 0.00000000e+00 1.33413743e-14
1.68414875e+01 3.31058140e-12 1.09998343e-15 0.00000000e+00 3.30948141e-12 0.00000000e+00 1.20867817e-14
1.74051222e+01 3.32682459e-12 8.87824134e-16 0.00000000e+00 3.32593676e-12 0.00000000e+00 1.09501681e-14
1.79876201e+01 3.35644472e-12 7.44807208e-16 0.00000000e+00 3.35569991e-12 0.00000000e+00 9.92043915e-15
1.85896125e+01 3.38574579e-12 6.77014181e-16 0.00000000e+00 3.38506877e-12 0.00000000e+00 8.98754353e-15
1.92117518e+01 3.41284992e-12 6.63613719e-16 0.00000000e+00 3.41218631e-12 0.00000000e+00 8.14237531e-15
1.98547123e+01 3.46113937e-12 6.80449184e-16 0.00000000e+00 3.46045892e-12 0.00000000e+00 7.37668479e-15
2.05191907e+01 3.44978321e-12 7.09488232e-16 0.00000000e+00 3.44907373e-12 0.00000000e+00 6.68299807e-15
2.12059073e+01 3.46714021e-12 7.33896235e-16 0.00000000e+00 3.46640632e-12 0.00000000e+00 6.05454408e-15
2.19156062e+01 3.42025990e-12 7.45960452e-16 0.00000000e+00 3.41951394e-12 0.00000000e+00 5.48518847e-15
2.26490567e+01 3.40454984e-12 7.51218071e-16 0.00000000e+00 3.40379862e-12 0.00000000e+00 4.96937378e-15
2.34070535e+01 3.35023793e-12 7.49796309e-16 0.00000000e+00 3.34948813e-12 0.00000000e+00 4.50206513e-15
2.41904183e+01 3.28747679e-12 7.41469610e-16 0.00000000e+00 3.28673532e-12 0.00000000e+00 4.07870113e-15
2.50000000e+01 3.22225922e-12 7.27559272e-16 0.00000000e+00 3.22153166e-12 0.00000000e+00 3.69514932e-15
2.75422870e+01 2.95473599e-12 6.69905518e-16 0.00000000e+00 2.95406609e-12 0.00000000e+00 2.76345259e-15
3.16227766e+01 2.46321977e-12 5.61917408e-16 0.00000000e+00 2.46265786e-12 0.00000000e+00 1.82579502e-15
3.63078055e+01 1.92272281e-12 4.55105234e-16 0.00000000e+00 1.92226770e-12 0.00000000e+00 1.20629081e-15
4.16869383e+01 1.38519711e-12 3.63530521e-16 0.00000000e+00 1.38483358e-12 0.00000000e+00 7.96988434e-16
4.78630092e+01 9.28657004e-13 2.85393705e-16 0.00000000e+00 9.28371610e-13 0.00000000e+00 5.26565037e-16
5.49540874e+01 5.87053715e-13 2.17923931e-16 0.00000000e+00 5.86835791e-13 0.00000000e+00 3.47898070e-16
6.30957344e+01 3.52446205e-13 1.61542739e-16 0.00000000e+00 3.52284663e-13 0.00000000e+00 2.29853975e-16
7.24435960e+01 2.04311823e-13 1.16626484e-16 0.00000000e+00 2.04195197e-13 0.00000000e+00 1.51863015e-16
8.31763771e+01 1.15113030e-13 8.23687099e-17 0.00000000e+00 1.15030661e-13 0.00000000e+00 1.00334899e-16
9.54992586e+01 6.36082025e-14 5.71817494e-17 0.00000000e+00 6.35510207e-14 0.00000000e+00 6.62906105e-17
1.09647820e+02 3.46449266e-14 3.91915844e-17 0.00000000e+00 3.46057350e-14 0.00000000e+00 4.37977720e-17
1.25892541e+02 1.89069392e-14 2.65847154e-17 0.00000000e+00 1.88803545e-14 0.00000000e+00 2.89369010e-17
1.44543977e+02 1.02671088e-14 1.79123257e-17 0.00000000e+00 1.02491965e-14 0.00000000e+00 1.91184209e-17
1.65958691e+02 5.31950980e-15 1.20350849e-17 0.00000000e+00 5.30747472e-15 0.00000000e+00 1.26314154e-17
1.90546072e+02 2.76225155e-15 8.04842962e-18 0.00000000e+00 2.75420312e-15 0.00000000e+00 8.34549342e-18
2.18776162e+02 1.43350959e-15 5.36516386e-18 0.00000000e+00 1.42814443e-15 0.00000000e+00 5.51381282e-18
2.51188643e+02 7.42345616e-16 3.56840311e-18 0.00000000e+00 7.38777213e-16 0.00000000e+00 3.64294000e-18
2.88403150e+02 3.83042481e-16 2.36948705e-18 0.00000000e+00 3.80672994e-16 0.00000000e+00 2.40686659e-18
3.31131121e+02 1.97317707e-16 1.57142782e-18 0.00000000e+00 1.95746279e-16 0.00000000e+00 1.59020099e-18
3.80189396e+02 1.01367869e-16 1.04120875e-18 0.00000000e+00 1.00326660e-16 0.00000000e+00 1.05063537e-18
4.36515832e+02 5.20067952e-17 6.89411477e-19 0.00000000e+00 5.13173837e-17 0.00000000e+00 6.94147908e-19
5.01187234e+02 2.66442538e-17 4.56239175e-19 0.00000000e+00 2.61880147e-17 0.00000000e+00 4.58618975e-19
5.75439937e+02 1.36409153e-17 3.01810699e-19 0.00000000e+00 1.33391046e-17 0.00000000e+00 3.03006552e-19
6.60693448e+02 6.98268641e-18 1.99593459e-19 0.00000000e+00 6.78309295e-18 0.00000000e+00 2.00194443e-19
7.58577575e+02 3.57635472e-18 1.31965104e-19 0.00000000e+00 3.44438961e-18 0.00000000e+00 1.32267157e-19
8.70963590e+02 1.83363842e-18 8.72362607e-20 0.00000000e+00 1.74640216e-18 0.00000000e+00 8.73880441e-20
1.00000000e+03 8.84201959e-19 0.00000000e+00 0.00000000e+00 8.84201959e-19 0.00000000e+00 0.00000000e+00
