# column 1: lambda (micron)
# column 2: total flux; lambda*F_lambda (W/m2)
# column 3: direct stellar flux; lambda*F_lambda (W/m2)
# column 4: scattered stellar flux; lambda*F_lambda (W/m2)
# column 5: total dust emission flux; lambda*F_lambda (W/m2)
# column 6: dust emission scattered flux; lambda*F_lambda (W/m2)
# column 7: transparent flux; lambda*F_lambda (W/m2)
1.00000000e-03 1.08853048e-17 1.01312235e-18 9.87218242e-18 0.00000000e+00 0.00000000e+00 3.57785423e-13
1.14815362e-03 4.01556525e-18 1.97643964e-20 3.99580085e-18 0.00000000e+00 0.00000000e+00 4.22301518e-13
1.31825674e-03 2.97650775e-18 2.39041110e-22 2.97626871e-18 0.00000000e+00 0.00000000e+00 4.98451197e-13
1.51356125e-03 2.90985638e-18 6.06221942e-24 2.90985032e-18 0.00000000e+00 0.00000000e+00 5.88332233e-13
1.73780083e-03 5.09870762e-18 5.50910245e-24 5.09870211e-18 0.00000000e+00 0.00000000e+00 6.94420676e-13
1.99526231e-03 4.66415472e-18 1.57107246e-27 4.66415472e-18 0.00000000e+00 0.00000000e+00 8.19639053e-13
2.29086765e-03 6.11417818e-18 2.39278498e-28 6.11417818e-18 0.00000000e+00 0.00000000e+00 9.67436888e-13
2.63026799e-03 8.98310997e-18 2.26579037e-31 8.98310997e-18 0.00000000e+00 0.00000000e+00 1.14188572e-12
3.01995172e-03 7.44486962e-18 9.97254023e-36 7.44486962e-18 0.00000000e+00 0.00000000e+00 1.34779128e-12
3.46736850e-03 7.71080036e-18 8.67000454e-40 7.71080036e-18 0.00000000e+00 0.00000000e+00 1.59082586e-12
3.98107171e-03 7.74440602e-18 1.16416679e-43 7.74440602e-18 0.00000000e+00 0.00000000e+00 1.87768459e-12
4.57088190e-03 6.85512594e-17 3.37829518e-33 6.85512594e-17 0.00000000e+00 0.00000000e+00 2.21626987e-12
5.24807460e-03 8.29009238e-17 6.75246755e-39 8.29009238e-17 0.00000000e+00 0.00000000e+00 2.61590907e-12
6.02559586e-03 8.20113036e-17 2.69767328e-44 8.20113036e-17 0.00000000e+00 0.00000000e+00 3.08761145e-12
6.91830971e-03 8.51692951e-17 3.64497947e-49 8.51692951e-17 0.00000000e+00 0.00000000e+00 3.64437151e-12
7.94328235e-03 1.14520864e-16 2.26061735e-53 1.14520864e-16 0.00000000e+00 0.00000000e+00 4.30152690e-12
9.12010839e-03 1.42089737e-16 7.90634403e-58 1.42089737e-16 0.00000000e+00 0.00000000e+00 5.07718096e-12
1.04712855e-02 1.57818880e-16 1.04872885e-60 1.57818880e-16 0.00000000e+00 0.00000000e+00 5.67051724e-12
1.20226443e-02 2.36559005e-16 1.39488717e-63 2.36559005e-16 4.61535405e-316 4.61535405e-316 5.67051724e-12
1.38038426e-02 2.80210177e-16 5.40926617e-67 2.80210177e-16 1.80911119e-276 1.80911119e-276 5.67051724e-12
1.58489319e-02 3.31017154e-16 3.47367068e-71 3.31017154e-16 4.57887542e-242 4.57887542e-242 5.67051724e-12
1.81970086e-02 3.31723249e-16 4.72167763e-75 3.31723249e-16 4.78639847e-212 4.78639847e-212 5.67051724e-12
2.08929613e-02 6.73371716e-16 2.88432807e-78 6.73371716e-16 5.51956333e-186 5.51956333e-186 5.67051724e-12
2.39883292e-02 3.31800753e-16 1.97567069e-82 3.31800753e-16 5.36273794e-163 5.36273794e-163 5.67051724e-12
2.75422870e-02 4.08588602e-16 2.83055025e-87 4.08588602e-16 1.42958766e-143 1.42958766e-143 5.67051724e-12
3.16227766e-02 8.13141130e-16 5.05657387e-92 8.13141130e-16 1.70356343e-126 1.70356343e-126 5.67051724e-12
3.63078055e-02 5.99233987e-16 9.54436972e-96 5.99233987e-16 1.30812828e-111 1.30812828e-111 5.67051724e-12
4.16869383e-02 5.95906568e-16 5.73686054e-99 5.95906568e-16 1.20639984e-98 1.20639984e-98 5.67051724e-12
4.78630092e-02 1.01796942e-15 7.58336232e-108 1.01796942e-15 2.29102396e-87 2.29102396e-87 5.67051724e-12
5.49540874e-02 8.73275230e-16 3.40555258e-120 8.73275230e-16 1.00209541e-77 1.00209541e-77 5.67051724e-12
6.30957344e-02 7.99426778e-16 3.71877004e-151 7.99426778e-16 4.11813468e-69 4.11813468e-69 5.67051724e-12
7.24435960e-02 5.91658779e-16 7.86632846e-188 5.91658779e-16 5.75059248e-62 5.75059248e-62 5.67051724e-12
8.31763771e-02 5.56021263e-16 1.44303196e-184 5.56021263e-16 1.65087087e-55 1.65087087e-55 5.67051724e-12
9.54992586e-02 7.07982886e-16 5.38215862e-175 7.07982886e-16 9.08303258e-50 9.08303258e-50 5.67051724e-12
1.09647820e-01 8.66155843e-16 2.00711692e-147 8.66155843e-16 1.07449432e-44 1.07449432e-44 5.41530405e-12
1.25892541e-01 8.87293245e-16 1.67145788e-123 8.87293245e-16 2.80670844e-40 2.80670844e-40 5.05385580e-12
1.44543977e-01 1.00840984e-15 1.87351808e-104 1.00840984e-15 1.49727202e-36 1.49727202e-36 4.71653266e-12
1.65958691e-01 1.62654133e-15 6.82925121e-93 1.62654133e-15 2.55050689e-33 2.55050689e-33 4.40172439e-12
1.90546072e-01 1.44844614e-15 2.52526144e-98 1.44844614e-15 1.32547141e-30 1.32547141e-30 4.10792822e-12
2.18776162e-01 1.35292893e-15 2.85224471e-113 1.35292893e-15 1.98157908e-28 1.98157908e-28 3.83374167e-12
2.51188643e-01 2.35546178e-15 4.75549650e-93 2.35546178e-15 3.79340298e-26 3.79340298e-26 3.57785591e-12
2.88403150e-01 2.55651953e-15 2.38127972e-79 2.55651952e-15 2.97048244e-24 2.97048244e-24 3.33904941e-12
3.31131121e-01 2.75321870e-15 9.12583056e-71 2.75321857e-15 1.21716534e-22 1.21716534e-22 3.11618222e-12
3.80189396e-01 3.14103130e-15 1.15449830e-63 3.14102795e-15 3.34810284e-21 3.34810271e-21 2.90819046e-12
4.36515832e-01 3.70735249e-15 4.99324202e-57 3.70729632e-15 5.61675885e-20 5.61675593e-20 2.71408126e-12
5.01187234e-01 3.67146095e-15 9.92299741e-51 3.67081943e-15 6.41515374e-19 6.41512034e-19 2.53292801e-12
5.75439937e-01 5.17280570e-15 5.49042214e-45 5.16679354e-15 6.01216513e-18 6.01192770e-18 2.36386595e-12
6.60693448e-01 5.52014868e-15 7.15397431e-40 5.48281005e-15 3.73386243e-17 3.73290568e-17 2.20608807e-12
7.58577575e-01 7.18417262e-15 2.75220877e-35 6.99781485e-15 1.86357768e-16 1.86122621e-16 2.05884118e-12
8.70963590e-01 9.06908610e-15 4.69451046e-31 8.27461561e-15 7.94470491e-16 7.90080767e-16 1.92142238e-12
1.00000000e+00 1.26501458e-14 2.25924973e-27 1.01300019e-14 2.52014396e-15 2.46536159e-15 1.79317570e-12
1.14815362e+00 1.89143049e-14 3.21916597e-24 1.14707946e-14 7.44351030e-15 6.89706178e-15 1.67348894e-12
1.31825674e+00 3.65137829e-14 1.38435017e-21 1.37102310e-14 2.28035506e-14 1.85792380e-14 1.56179075e-12
1.51356125e+00 8.27851291e-14 1.73718368e-19 1.67552880e-14 6.60296674e-14 4.25164140e-14 1.45754793e-12
1.73780083e+00 2.07173163e-13 8.39495398e-18 1.90958829e-14 1.88068885e-13 8.77693761e-14 1.36026288e-12
1.99526231e+00 5.10212559e-13 1.75907889e-16 2.05108100e-14 4.89525841e-13 1.58585050e-13 1.26947118e-12
2.29086765e+00 1.12493415e-12 1.67852556e-15 2.09293190e-14 1.10232631e-12 2.48580669e-13 1.18473944e-12
2.63026799e+00 2.12613999e-12 8.33012459e-15 1.94004467e-14 2.09840942e-12 3.33224281e-13 1.10566318e-12
3.01995172e+00 3.50331516e-12 2.57713921e-14 1.64874237e-14 3.46105635e-12 3.80681224e-13 1.03186491e-12
3.46736850e+00 5.17112890e-12 5.67905167e-14 1.31079569e-14 5.10123043e-12 3.78952964e-13 9.62992369e-13
3.98107171e+00 6.87129587e-12 9.96501124e-14 9.65812985e-15 6.76198763e-12 3.29212093e-13 8.98716770e-13
4.57088190e+00 8.32282733e-12 1.48384900e-13 6.66223188e-15 8.16778020e-12 2.50258204e-13 8.38731291e-13
5.24807460e+00 9.32127575e-12 1.72487498e-13 3.87495921e-15 9.14491329e-12 1.71742877e-13 6.93502223e-13
6.02559586e+00 9.74228006e-12 1.44173775e-13 1.70499662e-15 9.59640129e-12 1.06210557e-13 4.58192375e-13
6.70000000e+00 9.70107345e-12 1.19769200e-13 8.66385024e-16 9.58043786e-12 6.92693132e-14 3.33290895e-13
6.92422916e+00 9.67796905e-12 1.12469526e-13 6.96240981e-16 9.56480328e-12 5.99648249e-14 3.01948975e-13
7.15596261e+00 9.61411579e-12 1.03666170e-13 5.51718121e-16 9.50989791e-12 5.13141089e-14 2.73554377e-13
7.39545150e+00 9.56210933e-12 9.17667713e-14 4.19658798e-16 9.46992290e-12 4.34019361e-14 2.47829944e-13
7.64295536e+00 9.56941594e-12 7.23868382e-14 2.92801910e-16 9.49673630e-12 3.58829848e-14 2.24524577e-13
7.89874245e+00 9.50368225e-12 4.71204751e-14 1.77074722e-16 9.45638470e-12 2.78882656e-14 2.03410795e-13
8.16308998e+00 9.07625245e-12 2.55761397e-14 9.78540372e-17 9.05057846e-12 2.03371041e-14 1.84282505e-13
8.43628443e+00 8.22468407e-12 1.07410412e-14 4.61921807e-17 8.21389683e-12 1.32531637e-14 1.66952996e-13
8.71862190e+00 7.54112514e-12 5.19524188e-15 2.30709347e-17 7.53590682e-12 8.74493821e-15 1.51253114e-13
9.01040836e+00 6.82832133e-12 2.30773600e-15 8.72247701e-18 6.82600487e-12 5.06075451e-15 1.37029614e-13
9.31196005e+00 6.26569840e-12 1.08844106e-15 0.00000000e+00 6.26460996e-12 0.00000000e+00 1.24143660e-13
9.62360379e+00 6.32845463e-12 8.70404158e-16 0.00000000e+00 6.32758422e-12 0.00000000e+00 1.12469472e-13
9.94567731e+00 6.67435955e-12 1.06437474e-15 0.00000000e+00 6.67329517e-12 0.00000000e+00 1.01893097e-13
1.02785297e+01 7.09982497e-12 1.48967742e-15 0.00000000e+00 7.09833530e-12 0.00000000e+00 9.23113014e-14
1.06225216e+01 7.56490740e-12 2.08189717e-15 0.00000000e+00 7.56282550e-12 0.00000000e+00 8.36305558e-14
1.09780260e+01 8.03642666e-12 3.13190383e-15 0.00000000e+00 8.03329475e-12 0.00000000e+00 7.57661279e-14
1.13454280e+01 8.39015894e-12 4.34651345e-15 0.00000000e+00 8.38581242e-12 0.00000000e+00 6.86412529e-14
1.17251259e+01 8.63234699e-12 5.61040547e-15 0.00000000e+00 8.62673658e-12 0.00000000e+00 6.21863851e-14
1.21175312e+01 8.78783684e-12 6.99512547e-15 0.00000000e+00 8.78084171e-12 0.00000000e+00 5.63385184e-14
1.25230691e+01 8.77989892e-12 8.40099712e-15 0.00000000e+00 8.77149792e-12 0.00000000e+00 5.10405718e-14
1.29421791e+01 8.66779816e-12 9.60683151e-15 0.00000000e+00 8.65819133e-12 0.00000000e+00 4.62408321e-14
1.33753155e+01 8.46899289e-12 1.05566542e-14 0.00000000e+00 8.45843623e-12 0.00000000e+00 4.18924490e-14
1.38229477e+01 8.29304632e-12 1.07138132e-14 0.00000000e+00 8.28233251e-12 0.00000000e+00 3.79529781e-14
1.42855609e+01 8.14846284e-12 1.02185303e-14 0.00000000e+00 8.13824431e-12 0.00000000e+00 3.43839660e-14
1.47636563e+01 8.19990212e-12 8.73812935e-15 0.00000000e+00 8.19116399e-12 0.00000000e+00 3.11505758e-14
1.52577522e+01 8.30771947e-12 7.27451146e-15 0.00000000e+00 8.30044496e-12 0.00000000e+00 2.82212462e-14
1.57683840e+01 8.44124081e-12 5.91137684e-15 0.00000000e+00 8.43532943e-12 0.00000000e+00 2.55673842e-14
1.62961051e+01 8.53732404e-12 4.77105659e-15 0.00000000e+00 8.53255298e-12 0.00000000e+00 2.31630853e-14
1.68414875e+01 8.69496793e-12 3.83034891e-15 0.00000000e+00 8.69113758e-12 0.00000000e+00 2.09848813e-14
1.74051222e+01 8.76351980e-12 3.19703175e-15 0.00000000e+00 8.76032277e-12 0.00000000e+00 1.90115106e-14
1.79876201e+01 8.82060194e-12 2.74258662e-15 0.00000000e+00 8.81785936e-12 0.00000000e+00 1.72237112e-14
1.85896125e+01 8.78137138e-12 2.49054854e-15 0.00000000e+00 8.77888083e-12 0.00000000e+00 1.56040325e-14
1.92117518e+01 8.72181197e-12 2.38605073e-15 0.00000000e+00 8.71942592e-12 0.00000000e+00 1.41366646e-14
1.98547123e+01 8.55747209e-12 2.36018797e-15 0.00000000e+00 8.55511191e-12 0.00000000e+00 1.28072847e-14
2.05191907e+01 8.36929222e-12 2.36250046e-15 0.00000000e+00 8.36692972e-12 0.00000000e+00 1.16029167e-14
2.12059073e+01 8.11834320e-12 2.35148318e-15 0.00000000e+00 8.11599171e-12 0.00000000e+00 1.05118047e-14
2.19156062e+01 7.87141868e-12 2.31160052e-15 0.00000000e+00 7.86910708e-12 0.00000000e+00 9.52329842e-15
2.26490567e+01 7.62480349e-12 2.25747650e-15 0.00000000e+00 7.62254601e-12 0.00000000e+00 8.62774902e-15
2.34070535e+01 7.37289363e-12 2.19071229e-15 0.00000000e+00 7.37070292e-12 0.00000000e+00 7.81641505e-15
2.41904183e+01 7.08622531e-12 2.11197916e-15 0.00000000e+00 7.08411333e-12 0.00000000e+00 7.08137710e-15
2.50000000e+01 6.82024974e-12 2.02487817e-15 0.00000000e+00 6.81822487e-12 0.00000000e+00 6.41546044e-15
2.75422870e+01 5.96695877e-12 1.75515749e-15 0.00000000e+00 5.96520361e-12 0.00000000e+00 4.79786316e-15
3.16227766e+01 4.72317984e-12 1.37364741e-15 0.00000000e+00 4.72180619e-12 0.00000000e+00 3.16991676e-15
3.63078055e+01 3.50863268e-12 1.04865883e-15 0.00000000e+00 3.50758402e-12 0.00000000e+00 2.09434323e-15
4.16869383e+01 2.42230186e-12 7.92735121e-16 0.00000000e+00 2.42150913e-12 0.00000000e+00 1.38371885e-15
4.78630092e+01 1.56187005e-12 5.91945406e-16 0.00000000e+00 1.56127810e-12 0.00000000e+00 9.14213979e-16
5.49540874e+01 9.51346591e-13 4.33400282e-16 0.00000000e+00 9.50913191e-13 0.00000000e+00 6.04015186e-16
6.30957344e+01 5.55711983e-13 3.10712077e-16 0.00000000e+00 5.55401271e-13 0.00000000e+00 3.99068876e-16
7.24435960e+01 3.14189025e-13 2.18617884e-16 0.00000000e+00 3.13970407e-13 0.00000000e+00 2.63662192e-16
8.31763771e+01 1.73747072e-13 1.51439822e-16 0.00000000e+00 1.73595632e-13 0.00000000e+00 1.74199882e-16
9.54992586e+01 9.46687607e-14 1.03631945e-16 0.00000000e+00 9.45651288e-14 0.00000000e+00 1.15092721e-16
1.09647820e+02 5.10182263e-14 7.02751573e-17 0.00000000e+00 5.09479511e-14 0.00000000e+00 7.60410067e-17
1.25892541e+02 2.76079515e-14 4.73063442e-17 0.00000000e+00 2.75606452e-14 0.00000000e+00 5.02397949e-17
1.44543977e+02 1.49056033e-14 3.16931483e-17 0.00000000e+00 1.48739101e-14 0.00000000e+00 3.31931033e-17
1.65958691e+02 7.67900472e-15 2.11906198e-17 0.00000000e+00 7.65781411e-15 0.00000000e+00 2.19304659e-17
1.90546072e+02 3.97057977e-15 1.41213986e-17 0.00000000e+00 3.95645837e-15 0.00000000e+00 1.44893151e-17
2.18776162e+02 2.05432330e-15 9.38912831e-18 0.00000000e+00 2.04493417e-15 0.00000000e+00 9.57299556e-18
2.51188643e+02 1.06129769e-15 6.23270753e-18 0.00000000e+00 1.05506498e-15 0.00000000e+00 6.32481544e-18
2.88403150e+02 5.46660481e-16 4.13260637e-18 0.00000000e+00 5.42527875e-16 0.00000000e+00 4.17876412e-18
3.31131121e+02 2.81247545e-16 2.73771288e-18 0.00000000e+00 2.78509832e-16 0.00000000e+00 2.76088208e-18
3.80189396e+02 1.44366542e-16 1.81246751e-18 0.00000000e+00 1.42554074e-16 0.00000000e+00 1.82409670e-18
4.36515832e+02 7.40379324e-17 1.19932745e-18 0.00000000e+00 7.28386050e-17 0.00000000e+00 1.20516874e-18
5.01187234e+02 3.79314733e-17 7.93312859e-19 0.00000000e+00 3.71381604e-17 0.00000000e+00 7.96247089e-19
5.75439937e+02 1.94274423e-17 5.24601047e-19 0.00000000e+00 1.89028413e-17 0.00000000e+00 5.26075235e-19
6.60693448e+02 9.95366008e-18 3.46833699e-19 0.00000000e+00 9.60682638e-18 0.00000000e+00 3.47574461e-19
7.58577575e+02 5.10513870e-18 2.29267903e-19 0.00000000e+00 4.87587080e-18 0.00000000e+00 2.29640169e-19
8.70963590e+02 2.62275888e-18 1.51534704e-19 0.00000000e+00 2.47122418e-18 0.00000000e+00 1.51721755e-19
1.00000000e+03 1.25076826e-18 0.00000000e+00 0.00000000e+00 1.25076826e-18 0.00000000e+00 0.00000000e+00
