# column 1: lambda (micron)
# column 2: total flux; lambda*F_lambda (W/m2)
# column 3: direct stellar flux; lambda*F_lambda (W/m2)
# column 4: scattered stellar flux; lambda*F_lambda (W/m2)
# column 5: total dust emission flux; lambda*F_lambda (W/m2)
# column 6: dust emission scattered flux; lambda*F_lambda (W/m2)
# column 7: transparent flux; lambda*F_lambda (W/m2)
1.00000000e-03 6.83744320e-13 1.82974240e-13 5.00770080e-13 0.00000000e+00 0.00000000e+00 6.93993746e-13
1.14815362e-03 1.41041938e-13 1.40750470e-13 2.91467692e-16 0.00000000e+00 0.00000000e+00 8.19135139e-13
1.31825674e-03 1.04729523e-13 1.03001120e-13 1.72840342e-15 0.00000000e+00 0.00000000e+00 9.66842108e-13
1.51356125e-03 8.68833121e-14 8.14314094e-14 5.45190271e-15 0.00000000e+00 0.00000000e+00 1.14118369e-12
1.73780083e-03 6.62345826e-12 9.35281170e-14 6.52993014e-12 0.00000000e+00 0.00000000e+00 1.34696266e-12
1.99526231e-03 5.96215105e-14 4.62910333e-14 1.33304772e-14 0.00000000e+00 0.00000000e+00 1.58984782e-12
2.29086765e-03 4.49783957e-14 4.41258865e-14 8.52509152e-16 0.00000000e+00 0.00000000e+00 1.87653019e-12
2.63026799e-03 2.58560881e-14 2.47536241e-14 1.10246399e-15 0.00000000e+00 0.00000000e+00 2.21490731e-12
3.01995172e-03 1.69206592e-14 1.00810355e-14 6.83962369e-15 0.00000000e+00 0.00000000e+00 2.61430080e-12
3.46736850e-03 1.18068599e-13 4.40780255e-15 1.13660797e-13 0.00000000e+00 0.00000000e+00 3.08571319e-12
3.98107171e-03 2.03658256e-14 2.01669296e-15 1.83491326e-14 0.00000000e+00 0.00000000e+00 3.64213095e-12
4.57088190e-03 2.63872397e-13 2.89051166e-14 2.34967280e-13 0.00000000e+00 0.00000000e+00 4.29888232e-12
5.24807460e-03 8.87332945e-13 8.52528682e-15 8.78807659e-13 0.00000000e+00 0.00000000e+00 5.07405951e-12
6.02559586e-03 5.23805125e-14 2.70289843e-15 4.96776141e-14 0.00000000e+00 0.00000000e+00 5.98901715e-12
6.91830971e-03 7.54219106e-14 9.73136352e-16 7.44487743e-14 0.00000000e+00 0.00000000e+00 7.06896053e-12
7.94328235e-03 9.89420390e-14 4.10755621e-16 9.85312834e-14 0.00000000e+00 0.00000000e+00 8.34363998e-12
9.12010839e-03 1.67819457e-13 1.63316922e-16 1.67656141e-13 0.00000000e+00 0.00000000e+00 9.84817045e-12
1.04712855e-02 1.22567628e-13 9.03141765e-17 1.22477314e-13 0.00000000e+00 0.00000000e+00 1.09990604e-11
1.20226443e-02 1.84297423e-13 4.52494977e-17 1.84252173e-13 0.00000000e+00 0.00000000e+00 1.09990604e-11
1.38038426e-02 2.20839057e-13 1.99348064e-17 2.20819122e-13 7.78782743e-294 5.46169306e-295 1.09990604e-11
1.58489319e-02 1.72467471e-13 7.27969530e-18 1.72460192e-13 1.53241068e-256 1.45374656e-257 1.09990604e-11
1.81970086e-02 1.26383148e-13 2.87474176e-18 1.26380273e-13 4.73308056e-224 6.34553164e-225 1.09990604e-11
2.08929613e-02 1.10553335e-13 1.32798065e-18 1.10552007e-13 7.74273145e-196 7.94981194e-197 1.09990604e-11
2.39883292e-02 1.04345085e-13 4.88221562e-19 1.04344597e-13 3.07625821e-171 3.64257384e-172 1.09990604e-11
2.75422870e-02 1.27255749e-13 1.52451086e-19 1.27255597e-13 7.90843940e-150 8.59970556e-151 1.09990604e-11
3.16227766e-02 1.18365149e-13 4.87129561e-20 1.18365100e-13 3.42966622e-131 3.99121801e-132 1.09990604e-11
3.63078055e-02 1.26819793e-13 1.99071735e-20 1.26819773e-13 5.53426834e-115 6.60994372e-116 1.09990604e-11
4.16869383e-02 1.51806789e-13 9.18057316e-21 1.51806780e-13 7.18137965e-101 9.49392317e-102 1.09990604e-11
4.78630092e-02 1.79414017e-13 1.08719704e-21 1.79414016e-13 1.30562520e-88 2.02073596e-89 1.09990604e-11
5.49540874e-02 1.97602209e-13 5.59433611e-23 1.97602209e-13 5.69198014e-78 9.91552059e-79 1.09990604e-11
6.30957344e-02 2.18297827e-13 3.28613652e-26 2.18297827e-13 1.30908557e-68 2.63557177e-69 1.09990604e-11
7.24435960e-02 1.98249711e-13 4.89159996e-30 1.98249711e-13 1.65389410e-60 3.25547281e-61 1.09990604e-11
8.31763771e-02 1.93970168e-13 1.07156539e-29 1.93970168e-13 1.49758585e-53 2.87737990e-54 1.09990604e-11
9.54992586e-02 2.06050547e-13 1.06877302e-28 2.06050547e-13 1.57039274e-47 3.11309808e-48 1.09990604e-11
1.09647820e-01 2.20372368e-13 7.73124299e-26 2.20372368e-13 2.50381294e-42 5.30333636e-43 1.05040253e-11
1.25892541e-01 2.04674610e-13 2.27845971e-23 2.04674610e-13 7.75492783e-38 1.59327847e-38 9.80292679e-12
1.44543977e-01 1.91240872e-13 2.08313375e-21 1.91240870e-13 5.72650789e-34 1.12053748e-34 9.14862359e-12
1.65958691e-01 2.11616655e-13 3.15055920e-20 2.11616624e-13 9.80839367e-31 2.08504098e-31 8.53799231e-12
1.90546072e-01 2.30631942e-13 8.02873316e-21 2.30631934e-13 4.43559766e-28 1.11404017e-28 7.96811805e-12
2.18776162e-01 2.19754792e-13 2.07945282e-22 2.19754792e-13 7.67867536e-26 2.06418556e-26 7.43628044e-12
2.51188643e-01 2.68240845e-13 2.51986496e-20 2.68240820e-13 1.11961219e-23 3.54841207e-24 6.93994070e-12
2.88403150e-01 2.55104702e-13 6.37017534e-19 2.55104065e-13 8.40398811e-22 2.70088791e-22 6.47672950e-12
3.31131121e-01 2.37364248e-13 4.71001057e-18 2.37359505e-13 3.36659925e-20 1.09014239e-20 6.04443567e-12
3.80189396e-01 2.20751690e-13 2.43952261e-17 2.20726478e-13 8.16313469e-19 2.64151015e-19 5.64099558e-12
4.36515832e-01 2.08784113e-13 1.12965016e-16 2.08658769e-13 1.23785026e-17 4.01069969e-18 5.26448339e-12
5.01187234e-01 1.98350635e-13 4.82324003e-16 1.97741274e-13 1.27037305e-16 4.17387506e-17 4.91310176e-12
5.75439937e-01 1.87756255e-13 1.80212497e-15 1.85034231e-13 9.19898563e-16 2.97889540e-16 4.58517335e-12
6.60693448e-01 1.86304637e-13 5.79019056e-15 1.75641140e-13 4.87330598e-15 1.56790676e-15 4.27913275e-12
7.58577575e-01 2.01675902e-13 1.63799267e-14 1.65177418e-13 2.01185577e-14 6.35234678e-15 3.99351904e-12
8.70963590e-01 2.57912369e-13 4.25666752e-14 1.49027072e-13 6.63186218e-14 2.00164284e-14 3.72696882e-12
1.00000000e+00 4.09657617e-13 9.69348563e-14 1.33653504e-13 1.79069257e-13 5.09753268e-14 3.47820968e-12
1.14815362e+00 7.25357287e-13 1.94414174e-13 1.15562318e-13 4.15380795e-13 1.06926904e-13 3.24605414e-12
1.31825674e+00 1.29010644e-12 3.44097609e-13 9.41431566e-14 8.51865672e-13 1.95382805e-13 3.02939399e-12
1.51356125e+00 2.15469959e-12 5.35568241e-13 7.70729103e-14 1.54205844e-12 3.06866341e-13 2.82719497e-12
1.73780083e+00 3.30177496e-12 7.54570490e-13 5.99882278e-14 2.48721624e-12 4.11641817e-13 2.63849186e-12
1.99526231e+00 4.56958682e-12 9.74346146e-13 4.46055709e-14 3.55063510e-12 4.70301206e-13 2.46238388e-12
2.29086765e+00 5.80205401e-12 1.15898019e-12 3.25070699e-14 4.61056674e-12 4.78773522e-13 2.29803035e-12
2.63026799e+00 6.79192560e-12 1.28768596e-12 2.38869048e-14 5.48035273e-12 4.32797277e-13 2.14464670e-12
3.01995172e+00 7.52587181e-12 1.36183999e-12 1.75790513e-14 6.14645277e-12 3.72764643e-13 2.00150076e-12
3.46736850e+00 7.98592308e-12 1.39016209e-12 1.26570647e-14 6.58310392e-12 2.99614680e-13 1.86790919e-12
3.98107171e+00 8.20084608e-12 1.38573502e-12 9.12901720e-15 6.80598204e-12 2.31167416e-13 1.74323429e-12
4.57088190e+00 8.18403367e-12 1.35786115e-12 6.40749294e-15 6.81976502e-12 1.66391050e-13 1.62688090e-12
5.24807460e+00 7.92003427e-12 1.16337352e-12 3.83720530e-15 6.75282355e-12 1.13535799e-13 1.34518114e-12
6.02559586e+00 7.41637997e-12 7.87729228e-13 1.76250078e-15 6.62688824e-12 7.42272894e-14 8.88752369e-13
6.70000000e+00 7.06992047e-12 5.80994707e-13 9.26204978e-16 6.48799955e-12 5.07019059e-14 6.46481889e-13
6.92422916e+00 6.91053053e-12 5.28333463e-13 7.52068555e-16 6.38144500e-12 4.45744204e-14 5.85688198e-13
7.15596261e+00 6.84583303e-12 4.79512657e-13 6.04296231e-16 6.36571608e-12 3.89503514e-14 5.30611407e-13
7.39545150e+00 6.79273074e-12 4.33371333e-13 4.55260374e-16 6.35890414e-12 3.31038584e-14 4.80713913e-13
7.64295536e+00 6.88260171e-12 3.86985519e-13 3.09443636e-16 6.49530674e-12 2.66992560e-14 4.35508666e-13
7.89874245e+00 7.21139791e-12 3.38706400e-13 1.79766741e-16 6.87251174e-12 1.98780019e-14 3.94554418e-13
8.16308998e+00 7.62430922e-12 2.90881289e-13 9.87244175e-17 7.33332921e-12 1.43633194e-14 3.57451415e-13
8.43628443e+00 8.18135549e-12 2.43209986e-13 5.17560859e-17 7.93809375e-12 1.01227786e-14 3.23837494e-13
8.71862190e+00 8.51236607e-12 2.06371196e-13 3.17883627e-17 8.30596308e-12 7.78322232e-15 2.93384550e-13
9.01040836e+00 8.87844647e-12 1.73563244e-13 1.99964106e-17 8.70486323e-12 5.90525692e-15 2.65795332e-13
9.31196005e+00 9.16996516e-12 1.46887119e-13 0.00000000e+00 9.02307805e-12 0.00000000e+00 2.40800541e-13
9.62360379e+00 8.98118599e-12 1.31352494e-13 0.00000000e+00 8.84983350e-12 0.00000000e+00 2.18156204e-13
9.94567731e+00 8.62562676e-12 1.22784139e-13 0.00000000e+00 8.50284263e-12 0.00000000e+00 1.97641289e-13
1.02785297e+01 8.26841311e-12 1.16402959e-13 0.00000000e+00 8.15201016e-12 0.00000000e+00 1.79055550e-13
1.06225216e+01 7.84781496e-12 1.10336692e-13 0.00000000e+00 7.73747827e-12 0.00000000e+00 1.62217572e-13
1.09780260e+01 7.45765501e-12 1.05393405e-13 0.00000000e+00 7.35226160e-12 0.00000000e+00 1.46962999e-13
1.13454280e+01 7.23893336e-12 9.98280784e-14 0.00000000e+00 7.13910528e-12 0.00000000e+00 1.33142932e-13
1.17251259e+01 6.96953047e-12 9.38440861e-14 0.00000000e+00 6.87568638e-12 0.00000000e+00 1.20622472e-13
1.21175312e+01 6.84883568e-12 8.79002961e-14 0.00000000e+00 6.76093538e-12 0.00000000e+00 1.09279408e-13
1.25230691e+01 6.74908542e-12 8.20117938e-14 0.00000000e+00 6.66707362e-12 0.00000000e+00 9.90030204e-14
1.29421791e+01 6.64677394e-12 7.61273923e-14 0.00000000e+00 6.57064655e-12 0.00000000e+00 8.96930008e-14
1.33753155e+01 6.62368957e-12 7.03719999e-14 0.00000000e+00 6.55331757e-12 0.00000000e+00 8.12584743e-14
1.38229477e+01 6.58885270e-12 6.45142387e-14 0.00000000e+00 6.52433847e-12 0.00000000e+00 7.36171115e-14
1.42855609e+01 6.64674663e-12 5.87619786e-14 0.00000000e+00 6.58798465e-12 0.00000000e+00 6.66943252e-14
1.47636563e+01 6.78171472e-12 5.29162735e-14 0.00000000e+00 6.72879844e-12 0.00000000e+00 6.04225420e-14
1.52577522e+01 6.98861020e-12 4.75189567e-14 0.00000000e+00 6.94109124e-12 0.00000000e+00 5.47405431e-14
1.57683840e+01 7.21930478e-12 4.25646181e-14 0.00000000e+00 7.17674017e-12 0.00000000e+00 4.95928665e-14
1.62961051e+01 7.42858745e-12 3.80997219e-14 0.00000000e+00 7.39048773e-12 0.00000000e+00 4.49292657e-14
1.68414875e+01 7.65531722e-12 3.40843194e-14 0.00000000e+00 7.62123290e-12 0.00000000e+00 4.07042194e-14
1.74051222e+01 7.88361805e-12 3.06160733e-14 0.00000000e+00 7.85300197e-12 0.00000000e+00 3.68764869e-14
1.79876201e+01 8.06658335e-12 2.75795194e-14 0.00000000e+00 8.03900383e-12 0.00000000e+00 3.34087056e-14
1.85896125e+01 8.26854667e-12 2.49921559e-14 0.00000000e+00 8.24355451e-12 0.00000000e+00 3.02670267e-14
1.92117518e+01 8.41261691e-12 2.27744049e-14 0.00000000e+00 8.38984250e-12 0.00000000e+00 2.74207841e-14
1.98547123e+01 8.53512718e-12 2.08227966e-14 0.00000000e+00 8.51430438e-12 0.00000000e+00 2.48421957e-14
2.05191907e+01 8.60234262e-12 1.90620405e-14 0.00000000e+00 8.58328058e-12 0.00000000e+00 2.25060919e-14
2.12059073e+01 8.70893638e-12 1.74398799e-14 0.00000000e+00 8.69149650e-12 0.00000000e+00 2.03896700e-14
2.19156062e+01 8.72968384e-12 1.59350769e-14 0.00000000e+00 8.71374876e-12 0.00000000e+00 1.84722717e-14
2.26490567e+01 8.69640486e-12 1.45501118e-14 0.00000000e+00 8.68185475e-12 0.00000000e+00 1.67351811e-14
2.34070535e+01 8.72388726e-12 1.32767472e-14 0.00000000e+00 8.71061051e-12 0.00000000e+00 1.51614426e-14
2.41904183e+01 8.72481721e-12 1.21065058e-14 0.00000000e+00 8.71271070e-12 0.00000000e+00 1.37356949e-14
2.50000000e+01 8.66766369e-12 1.10330606e-14 0.00000000e+00 8.65663063e-12 0.00000000e+00 1.24440213e-14
2.75422870e+01 8.38222063e-12 8.37924686e-15 0.00000000e+00 8.37384138e-12 0.00000000e+00 9.30637977e-15
3.16227766e+01 7.56470728e-12 5.63483705e-15 0.00000000e+00 7.55907244e-12 0.00000000e+00 6.14866414e-15
3.63078055e+01 6.35124145e-12 3.77946792e-15 0.00000000e+00 6.34746198e-12 0.00000000e+00 4.06238211e-15
4.16869383e+01 4.93645661e-12 2.53241501e-15 0.00000000e+00 4.93392419e-12 0.00000000e+00 2.68398924e-15
4.78630092e+01 3.55176113e-12 1.69465695e-15 0.00000000e+00 3.55006647e-12 0.00000000e+00 1.77329411e-15
5.49540874e+01 2.38451602e-12 1.13171450e-15 0.00000000e+00 2.38338431e-12 0.00000000e+00 1.17160380e-15
6.30957344e+01 1.51298344e-12 7.54116243e-16 0.00000000e+00 1.51222933e-12 0.00000000e+00 7.74070953e-16
7.24435960e+01 9.18456523e-13 5.01522131e-16 0.00000000e+00 9.17955000e-13 0.00000000e+00 5.11423607e-16
8.31763771e+01 5.37716471e-13 3.32992987e-16 0.00000000e+00 5.37383478e-13 0.00000000e+00 3.37894226e-16
9.54992586e+01 3.06945102e-13 2.20814147e-16 0.00000000e+00 3.06724287e-13 0.00000000e+00 2.23244502e-16
1.09647820e+02 1.71884213e-13 1.46287419e-16 0.00000000e+00 1.71737925e-13 0.00000000e+00 1.47496179e-16
1.25892541e+02 9.57999371e-14 9.68398474e-17 0.00000000e+00 9.57030973e-14 0.00000000e+00 9.74497594e-17
1.44543977e+02 5.29713369e-14 6.40744718e-17 0.00000000e+00 5.29072625e-14 0.00000000e+00 6.43844175e-17
1.65958691e+02 2.78962096e-14 4.23862916e-17 0.00000000e+00 2.78538233e-14 0.00000000e+00 4.25383628e-17
1.90546072e+02 1.46747292e-14 2.80294834e-17 0.00000000e+00 1.46466997e-14 0.00000000e+00 2.81048176e-17
2.18776162e+02 7.69917408e-15 1.85311265e-17 0.00000000e+00 7.68064295e-15 0.00000000e+00 1.85686688e-17
2.51188643e+02 4.02214962e-15 1.22494307e-17 0.00000000e+00 4.00990019e-15 0.00000000e+00 1.22681978e-17
2.88403150e+02 2.09041272e-15 8.09612817e-18 0.00000000e+00 2.08231660e-15 0.00000000e+00 8.10551794e-18
3.31131121e+02 1.08314116e-15 5.35055498e-18 0.00000000e+00 1.07779061e-15 0.00000000e+00 5.35526259e-18
3.80189396e+02 5.58973883e-16 3.53582618e-18 0.00000000e+00 5.55438057e-16 0.00000000e+00 3.53818691e-18
4.36515832e+02 2.87781939e-16 2.33647194e-18 0.00000000e+00 2.85445467e-16 0.00000000e+00 2.33765691e-18
5.01187234e+02 1.47789275e-16 1.54387967e-18 0.00000000e+00 1.46245396e-16 0.00000000e+00 1.54447460e-18
5.75439937e+02 7.57614048e-17 1.02012547e-18 0.00000000e+00 7.47412794e-17 0.00000000e+00 1.02042425e-18
6.60693448e+02 3.87912914e-17 6.74037529e-19 0.00000000e+00 3.81172538e-17 0.00000000e+00 6.74187617e-19
7.58577575e+02 1.98484332e-17 4.45355932e-19 0.00000000e+00 1.94030773e-17 0.00000000e+00 4.45431341e-19
8.70963590e+02 1.01527121e-17 2.94255685e-19 0.00000000e+00 9.85845645e-18 0.00000000e+00 2.94293569e-19
1.00000000e+03 5.00038860e-18 0.00000000e+00 0.00000000e+00 5.00038860e-18 0.00000000e+00 0.00000000e+00
