# column 1: lambda (micron)
# column 2: total flux; lambda*F_lambda (W/m2)
# column 3: direct stellar flux; lambda*F_lambda (W/m2)
# column 4: scattered stellar flux; lambda*F_lambda (W/m2)
# column 5: total dust emission flux; lambda*F_lambda (W/m2)
# column 6: dust emission scattered flux; lambda*F_lambda (W/m2)
# column 7: transparent flux; lambda*F_lambda (W/m2)
1.00000000e-03 5.96867654e-19 5.32395274e-39 5.96867654e-19 0.00000000e+00 0.00000000e+00 2.19080387e-29
1.14815362e-03 6.61029397e-19 5.13442186e-42 6.61029397e-19 0.00000000e+00 0.00000000e+00 2.58585101e-29
1.31825674e-03 7.41694313e-19 2.16237400e-45 7.41694313e-19 0.00000000e+00 0.00000000e+00 3.05213331e-29
1.51356125e-03 8.91203960e-19 3.28576581e-48 8.91203960e-19 0.00000000e+00 0.00000000e+00 3.60249593e-29
1.73780083e-03 4.20886583e-18 2.46523380e-48 4.20886583e-18 0.00000000e+00 0.00000000e+00 4.25210029e-29
1.99526231e-03 2.10357366e-18 1.57021042e-54 2.10357366e-18 0.00000000e+00 0.00000000e+00 5.01884171e-29
2.29086765e-03 3.22759062e-18 5.33154918e-56 3.22759062e-18 0.00000000e+00 0.00000000e+00 5.92384244e-29
2.63026799e-03 4.52878543e-18 2.71750767e-61 4.52878543e-18 0.00000000e+00 0.00000000e+00 6.99203348e-29
3.01995172e-03 5.85707554e-18 6.79088429e-69 5.85707554e-18 0.00000000e+00 0.00000000e+00 8.25284140e-29
3.46736850e-03 7.19687114e-18 5.52066156e-76 7.19687114e-18 0.00000000e+00 0.00000000e+00 9.74099901e-29
3.98107171e-03 9.30328847e-18 9.53251163e-83 9.30328847e-18 0.00000000e+00 0.00000000e+00 1.14975021e-28
4.57088190e-03 4.21488476e-17 1.14234671e-64 4.21488476e-17 0.00000000e+00 0.00000000e+00 1.35707390e-28
5.24807460e-03 5.80193436e-17 1.34432454e-74 5.80193436e-17 0.00000000e+00 0.00000000e+00 1.60178233e-28
6.02559586e-03 8.18966003e-17 5.25312058e-84 8.18966003e-17 0.00000000e+00 0.00000000e+00 1.89061674e-28
6.91830971e-03 1.10227176e-16 1.69579796e-92 1.10227176e-16 0.00000000e+00 0.00000000e+00 2.23153395e-28
7.94328235e-03 6.21750001e-16 7.67796770e-100 6.21750001e-16 0.00000000e+00 0.00000000e+00 2.63392557e-28
9.12010839e-03 1.87250245e-16 1.28821404e-107 1.87250245e-16 0.00000000e+00 0.00000000e+00 3.10887671e-28
1.04712855e-02 3.32023915e-16 1.22617234e-112 3.32023915e-16 0.00000000e+00 0.00000000e+00 3.47219039e-28
1.20226443e-02 2.95264214e-16 1.27161683e-117 2.95264214e-16 9.45275306e-316 9.45275306e-316 3.47219039e-28
1.38038426e-02 4.59289860e-15 1.55793911e-123 4.59289860e-15 1.48446654e-276 1.48446654e-276 3.47219039e-28
1.58489319e-02 6.25490207e-16 8.46047667e-131 6.25490207e-16 5.83810604e-242 5.83810604e-242 3.47219039e-28
1.81970086e-02 5.94281287e-16 1.68495759e-137 5.94281287e-16 2.37461300e-212 2.37461300e-212 3.47219039e-28
2.08929613e-02 8.08264514e-16 4.53712058e-143 8.08264514e-16 9.99949520e-187 9.99949520e-187 3.47219039e-28
2.39883292e-02 8.91023621e-16 2.75537943e-150 8.91023621e-16 4.82932045e-164 4.82932045e-164 3.47219039e-28
2.75422870e-02 1.06250963e-15 1.11177182e-158 1.06250963e-15 2.04935924e-144 2.04935924e-144 3.47219039e-28
3.16227766e-02 9.88072846e-16 6.57533092e-167 9.88072846e-16 1.42386162e-127 1.42386162e-127 3.47219039e-28
3.63078055e-02 1.00938130e-15 2.31314107e-173 1.00938130e-15 5.78171869e-113 5.78171869e-113 3.47219039e-28
4.16869383e-02 1.33902985e-15 6.05655814e-179 1.33902985e-15 4.49829054e-100 4.49829054e-100 3.47219039e-28
4.78630092e-02 1.16600524e-15 2.48678716e-194 1.16600524e-15 7.99242599e-89 7.99242599e-89 3.47219039e-28
5.49540874e-02 8.11612839e-16 9.94645198e-216 8.11612839e-16 2.28341525e-79 2.28341525e-79 3.47219039e-28
6.30957344e-02 4.44544825e-16 2.19920506e-269 4.44544825e-16 4.69497517e-71 4.69497517e-71 3.47219039e-28
7.24435960e-02 1.76717750e-16 0.00000000e+00 1.76717750e-16 8.33051947e-64 8.33051947e-64 3.47219039e-28
8.31763771e-02 1.77355332e-16 0.00000000e+00 1.77355332e-16 1.39251958e-57 1.39251958e-57 3.47219039e-28
9.54992586e-02 2.34137615e-16 1.07046194e-310 2.34137615e-16 1.32787343e-51 1.32787343e-51 3.47219039e-28
1.09647820e-01 4.68355195e-16 6.67751985e-263 4.68355195e-16 2.24299227e-46 2.24299227e-46 3.31591739e-28
1.25892541e-01 7.71403656e-16 1.99437246e-221 7.71403656e-16 9.65263565e-42 9.65263565e-42 3.09459416e-28
1.44543977e-01 1.39816686e-15 2.15694810e-188 1.39816686e-15 7.36157010e-38 7.36157010e-38 2.88804331e-28
1.65958691e-01 2.06204636e-15 2.46471526e-168 2.06204636e-15 3.30762322e-34 3.30762322e-34 2.69527884e-28
1.90546072e-01 2.25344620e-15 1.00051885e-177 2.25344620e-15 1.21795673e-31 1.21795673e-31 2.51538057e-28
2.18776162e-01 1.19815249e-15 1.31680148e-203 1.19815249e-15 1.45277126e-29 1.45277126e-29 2.34748974e-28
2.51188643e-01 3.28952389e-15 1.53232757e-168 3.28952389e-15 5.21248623e-27 5.21248623e-27 2.19080489e-28
2.88403150e-01 4.54950425e-15 8.87489427e-145 4.54950425e-15 6.02368018e-25 6.02368018e-25 2.04457809e-28
3.31131121e-01 5.99411426e-15 6.99696736e-130 5.99411423e-15 3.33649394e-23 3.33649394e-23 1.90811129e-28
3.80189396e-01 6.71034009e-15 1.49471454e-117 6.71033908e-15 1.01473264e-21 1.01473264e-21 1.78075307e-28
4.36515832e-01 8.22188903e-15 4.97074370e-106 8.22187005e-15 1.89786305e-20 1.89786305e-20 1.66189546e-28
5.01187234e-01 9.31260294e-15 4.29551303e-95 9.31233885e-15 2.64090015e-19 2.64090015e-19 1.55097109e-28
5.75439937e-01 1.07916822e-14 4.04858259e-85 1.07894659e-14 2.21630534e-18 2.21630534e-18 1.44745044e-28
6.60693448e-01 1.22946906e-14 3.11356626e-76 1.22803809e-14 1.43096314e-17 1.43096314e-17 1.35083935e-28
7.58577575e-01 1.41119154e-14 2.89121333e-68 1.40394980e-14 7.24173116e-17 7.24046505e-17 1.26067663e-28
8.70963590e-01 1.56513057e-14 6.55811206e-61 1.53797226e-14 2.71583012e-16 2.71573548e-16 1.17653189e-28
1.00000000e+00 1.73722177e-14 1.66019000e-54 1.64785952e-14 8.93622520e-16 8.92245546e-16 1.09800344e-28
1.14815362e+00 1.94772950e-14 5.09924020e-49 1.72105273e-14 2.26676770e-15 2.26394846e-15 1.02471644e-28
1.31825674e+00 2.33663579e-14 1.96443215e-44 1.78113192e-14 5.55503876e-15 5.48236936e-15 9.56321020e-29
1.51356125e+00 2.91252078e-14 8.95376761e-41 1.72822575e-14 1.18429502e-14 1.13035435e-14 8.92490705e-29
1.73780083e+00 4.18833099e-14 7.80891478e-38 1.70409722e-14 2.48423377e-14 2.15286640e-14 8.32920789e-29
1.99526231e+00 6.95773858e-14 1.60057604e-35 1.62511589e-14 5.33262269e-14 3.63996641e-14 7.77326909e-29
2.29086765e+00 1.39608140e-13 8.39348115e-34 1.52138554e-14 1.24394285e-13 5.58994476e-14 7.25443681e-29
2.63026799e+00 3.10407362e-13 1.41771438e-32 1.38657260e-14 2.96541635e-13 7.96661770e-14 6.77023435e-29
3.01995172e+00 6.51057398e-13 1.05576802e-31 1.21730786e-14 6.38884319e-13 1.00649609e-13 6.31835032e-29
3.46736850e+00 1.22770864e-12 4.36716866e-31 1.01752845e-14 1.21753336e-12 1.13107649e-13 5.89662761e-29
3.98107171e+00 2.06001949e-12 1.21725002e-30 7.94519139e-15 2.05207430e-12 1.15371734e-13 5.50305308e-29
4.57088190e+00 3.06249741e-12 2.55280193e-30 5.93277613e-15 3.05656463e-12 1.05423224e-13 5.13574796e-29
5.24807460e+00 4.16094648e-12 3.80908448e-30 3.67850354e-15 4.15726797e-12 8.67265924e-14 4.24647639e-29
6.02559586e+00 5.21364260e-12 3.78272708e-30 1.71626442e-15 5.21192633e-12 6.54206332e-14 2.80561913e-29
6.70000000e+00 5.90057386e-12 3.46372315e-30 9.11242377e-16 5.89966261e-12 4.91289100e-14 2.04081814e-29
6.92422916e+00 6.06519440e-12 3.33927393e-30 7.36058532e-16 6.06445835e-12 4.44231321e-14 1.84890423e-29
7.15596261e+00 6.23809896e-12 3.11706313e-30 5.89043267e-16 6.23750991e-12 3.96450175e-14 1.67503746e-29
7.39545150e+00 6.28165734e-12 2.71280894e-30 4.44593521e-16 6.28121274e-12 3.41371541e-14 1.51752074e-29
7.64295536e+00 6.08298892e-12 1.93337627e-30 2.98695460e-16 6.08269023e-12 2.68421422e-14 1.37481653e-29
7.89874245e+00 5.53992410e-12 9.87741495e-31 1.67584424e-16 5.53975651e-12 1.86551310e-14 1.24553190e-29
8.16308998e+00 4.83597994e-12 3.68296154e-31 8.35448772e-17 4.83589640e-12 1.19291803e-14 1.12840490e-29
8.43628443e+00 4.04550973e-12 8.80391123e-32 3.68446111e-17 4.04547288e-12 7.08075039e-15 1.02229226e-29
8.71862190e+00 3.65961629e-12 2.68823657e-32 1.86635878e-17 3.65959763e-12 4.72119494e-15 9.26158212e-30
9.01040836e+00 3.36153748e-12 7.08233211e-33 8.64139285e-18 3.36152884e-12 3.02195814e-15 8.39064393e-30
9.31196005e+00 3.22477680e-12 2.07018209e-33 0.00000000e+00 3.22477680e-12 0.00000000e+00 7.60160679e-30
9.62360379e+00 3.35339635e-12 1.51078528e-33 0.00000000e+00 3.35339635e-12 0.00000000e+00 6.88676892e-30
9.94567731e+00 3.68722206e-12 2.30172637e-33 0.00000000e+00 3.68722206e-12 0.00000000e+00 6.23915278e-30
1.02785297e+01 4.17990279e-12 4.43095725e-33 0.00000000e+00 4.17990279e-12 0.00000000e+00 5.65243699e-30
1.06225216e+01 4.74502349e-12 8.50841292e-33 0.00000000e+00 4.74502349e-12 0.00000000e+00 5.12089462e-30
1.09780260e+01 5.32349518e-12 1.85619295e-32 0.00000000e+00 5.32349518e-12 0.00000000e+00 4.63933730e-30
1.13454280e+01 6.05527792e-12 3.52140185e-32 0.00000000e+00 6.05527792e-12 0.00000000e+00 4.20306453e-30
1.17251259e+01 6.65819995e-12 5.89190418e-32 0.00000000e+00 6.65819995e-12 0.00000000e+00 3.80781787e-30
1.21175312e+01 7.40726561e-12 9.28349230e-32 0.00000000e+00 7.40726561e-12 0.00000000e+00 3.44973931e-30
1.25230691e+01 8.01832336e-12 1.37081532e-31 0.00000000e+00 8.01832336e-12 0.00000000e+00 3.12533364e-30
1.29421791e+01 8.65929680e-12 1.85934014e-31 0.00000000e+00 8.65929680e-12 0.00000000e+00 2.83143435e-30
1.33753155e+01 9.17181227e-12 2.35371044e-31 0.00000000e+00 9.17181227e-12 0.00000000e+00 2.56517268e-30
1.38229477e+01 9.56711344e-12 2.59603853e-31 0.00000000e+00 9.56711344e-12 0.00000000e+00 2.32394966e-30
1.42855609e+01 9.94676665e-12 2.57113879e-31 0.00000000e+00 9.94676665e-12 0.00000000e+00 2.10541070e-30
1.47636563e+01 1.02676230e-11 2.10752615e-31 0.00000000e+00 1.02676230e-11 0.00000000e+00 1.90742265e-30
1.52577522e+01 1.06424265e-11 1.64907622e-31 0.00000000e+00 1.06424265e-11 0.00000000e+00 1.72805294e-30
1.57683840e+01 1.09620187e-11 1.23740396e-31 0.00000000e+00 1.09620187e-11 0.00000000e+00 1.56555076e-30
1.62961051e+01 1.13930755e-11 9.17602617e-32 0.00000000e+00 1.13930755e-11 0.00000000e+00 1.41832992e-30
1.68414875e+01 1.17636200e-11 6.74230287e-32 0.00000000e+00 1.17636200e-11 0.00000000e+00 1.28495339e-30
1.74051222e+01 1.21410274e-11 5.29934943e-32 0.00000000e+00 1.21410274e-11 0.00000000e+00 1.16411928e-30
1.79876201e+01 1.24996782e-11 4.36784610e-32 0.00000000e+00 1.24996782e-11 0.00000000e+00 1.05464814e-30
1.85896125e+01 1.28836166e-11 3.97331444e-32 0.00000000e+00 1.28836166e-11 0.00000000e+00 9.55471421e-31
1.92117518e+01 1.33052483e-11 3.96579047e-32 0.00000000e+00 1.33052483e-11 0.00000000e+00 8.65621054e-31
1.98547123e+01 1.36735396e-11 4.18373270e-32 0.00000000e+00 1.36735396e-11 0.00000000e+00 7.84220012e-31
2.05191907e+01 1.39500548e-11 4.50544151e-32 0.00000000e+00 1.39500548e-11 0.00000000e+00 7.10473740e-31
2.12059073e+01 1.41095167e-11 4.80458405e-32 0.00000000e+00 1.41095167e-11 0.00000000e+00 6.43662399e-31
2.19156062e+01 1.42595593e-11 5.01438746e-32 0.00000000e+00 1.42595593e-11 0.00000000e+00 5.83133846e-31
2.26490567e+01 1.42747171e-11 5.17395859e-32 0.00000000e+00 1.42747171e-11 0.00000000e+00 5.28297261e-31
2.34070535e+01 1.43396656e-11 5.28038074e-32 0.00000000e+00 1.43396656e-11 0.00000000e+00 4.78617384e-31
2.41904183e+01 1.43393381e-11 5.32788758e-32 0.00000000e+00 1.43393381e-11 0.00000000e+00 4.33609290e-31
2.50000000e+01 1.41863653e-11 5.32469104e-32 0.00000000e+00 1.41863653e-11 0.00000000e+00 3.92833655e-31
2.75422870e+01 1.35127822e-11 5.14270935e-32 0.00000000e+00 1.35127822e-11 0.00000000e+00 2.93784388e-31
3.16227766e+01 1.19252546e-11 4.55687134e-32 0.00000000e+00 1.19252546e-11 0.00000000e+00 1.94101420e-31
3.63078055e+01 9.69693356e-12 3.86745469e-32 0.00000000e+00 9.69693356e-12 0.00000000e+00 1.28241537e-31
4.16869383e+01 7.34629467e-12 3.22695217e-32 0.00000000e+00 7.34629467e-12 0.00000000e+00 8.47283431e-32
4.78630092e+01 5.13107473e-12 2.63575644e-32 0.00000000e+00 5.13107473e-12 0.00000000e+00 5.59794611e-32
5.49540874e+01 3.36899600e-12 2.08069369e-32 0.00000000e+00 3.36899600e-12 0.00000000e+00 3.69852632e-32
6.30957344e+01 2.09462838e-12 1.58370488e-32 0.00000000e+00 2.09462838e-12 0.00000000e+00 2.44359211e-32
7.24435960e+01 1.24586765e-12 1.16689476e-32 0.00000000e+00 1.24586765e-12 0.00000000e+00 1.61446529e-32
8.31763771e+01 7.17639717e-13 8.36857589e-33 0.00000000e+00 7.17639717e-13 0.00000000e+00 1.06666664e-32
9.54992586e+01 4.03683988e-13 5.87604745e-33 0.00000000e+00 4.03683988e-13 0.00000000e+00 7.04739662e-33
1.09647820e+02 2.22984350e-13 4.06145705e-33 0.00000000e+00 2.22984350e-13 0.00000000e+00 4.65616877e-33
1.25892541e+02 1.22890820e-13 2.77171924e-33 0.00000000e+00 1.22890820e-13 0.00000000e+00 3.07630020e-33
1.44543977e+02 6.72899793e-14 1.87597341e-33 0.00000000e+00 6.72899793e-14 0.00000000e+00 2.03249139e-33
1.65958691e+02 3.51362355e-14 1.26532008e-33 0.00000000e+00 3.51362355e-14 0.00000000e+00 1.34285374e-33
1.90546072e+02 1.83413665e-14 8.48538102e-34 0.00000000e+00 1.83413665e-14 0.00000000e+00 8.87214669e-34
2.18776162e+02 9.55689627e-15 5.66803797e-34 0.00000000e+00 9.55689627e-15 0.00000000e+00 5.86176919e-34
2.51188643e+02 4.96197070e-15 3.77561640e-34 0.00000000e+00 4.96197070e-15 0.00000000e+00 3.87283249e-34
2.88403150e+02 2.56449565e-15 2.50997418e-34 0.00000000e+00 2.56449565e-15 0.00000000e+00 2.55875505e-34
3.31131121e+02 1.32188915e-15 1.66604285e-34 0.00000000e+00 1.32188915e-15 0.00000000e+00 1.69055270e-34
3.80189396e+02 6.78816687e-16 1.10462586e-34 0.00000000e+00 6.78816687e-16 0.00000000e+00 1.11693709e-34
4.36515832e+02 3.47766354e-16 7.31765674e-35 0.00000000e+00 3.47766354e-16 0.00000000e+00 7.37953019e-35
5.01187234e+02 1.77698852e-16 4.84451333e-35 0.00000000e+00 1.77698852e-16 0.00000000e+00 4.87560724e-35
5.75439937e+02 9.06076113e-17 3.20565479e-35 0.00000000e+00 9.06076113e-17 0.00000000e+00 3.22128176e-35
6.60693448e+02 4.61151453e-17 2.12042545e-35 0.00000000e+00 4.61151453e-17 0.00000000e+00 2.12827975e-35
7.58577575e+02 2.34333787e-17 1.40219262e-35 0.00000000e+00 2.34333787e-17 0.00000000e+00 1.40614049e-35
8.70963590e+02 1.18883388e-17 9.27043854e-36 0.00000000e+00 1.18883388e-17 0.00000000e+00 9.29027808e-36
1.00000000e+03 6.02202418e-18 0.00000000e+00 0.00000000e+00 6.02202418e-18 0.00000000e+00 0.00000000e+00
