# column 1: lambda (micron)
# column 2: total flux; lambda*F_lambda (W/m2)
# column 3: direct stellar flux; lambda*F_lambda (W/m2)
# column 4: scattered stellar flux; lambda*F_lambda (W/m2)
# column 5: total dust emission flux; lambda*F_lambda (W/m2)
# column 6: dust emission scattered flux; lambda*F_lambda (W/m2)
# column 7: transparent flux; lambda*F_lambda (W/m2)
1.00000000e-03 4.14321872e-18 1.62648926e-18 2.51672946e-18 0.00000000e+00 0.00000000e+00 8.37058880e-14
1.14815362e-03 1.83066876e-18 5.88990563e-20 1.77176970e-18 0.00000000e+00 0.00000000e+00 9.87997869e-14
1.31825674e-03 2.99624777e-18 1.42114125e-21 2.99482663e-18 0.00000000e+00 0.00000000e+00 1.16615427e-13
1.51356125e-03 3.66836532e-18 6.43063178e-23 3.66830101e-18 0.00000000e+00 0.00000000e+00 1.37643595e-13
1.73780083e-03 5.13322643e-18 6.07886765e-23 5.13316564e-18 0.00000000e+00 0.00000000e+00 1.62463576e-13
1.99526231e-03 5.72733178e-18 6.08484003e-26 5.72733172e-18 0.00000000e+00 0.00000000e+00 1.91759111e-13
2.29086765e-03 7.78082035e-18 1.26192528e-26 7.78082034e-18 0.00000000e+00 0.00000000e+00 2.26337236e-13
2.63026799e-03 1.14447711e-17 3.50009898e-29 1.14447711e-17 0.00000000e+00 0.00000000e+00 2.67150510e-13
3.01995172e-03 1.75204857e-17 7.16688277e-33 1.75204857e-17 0.00000000e+00 0.00000000e+00 3.15323260e-13
3.46736850e-03 2.09175059e-17 2.61599265e-36 2.09175059e-17 0.00000000e+00 0.00000000e+00 3.72182551e-13
3.98107171e-03 1.62653872e-17 1.38121957e-39 1.62653872e-17 0.00000000e+00 0.00000000e+00 4.39294745e-13
4.57088190e-03 1.11750221e-16 1.08732868e-30 1.11750221e-16 0.00000000e+00 0.00000000e+00 5.18508652e-13
5.24807460e-03 1.45322612e-16 1.61155215e-35 1.45322612e-16 0.00000000e+00 0.00000000e+00 6.12006462e-13
6.02559586e-03 1.79926454e-16 4.30075283e-40 1.79926454e-16 0.00000000e+00 0.00000000e+00 7.22363856e-13
6.91830971e-03 2.41116388e-16 3.23027993e-44 2.41116388e-16 0.00000000e+00 0.00000000e+00 8.52620966e-13
7.94328235e-03 3.27106841e-16 8.85074301e-48 3.27106841e-16 0.00000000e+00 0.00000000e+00 1.00636612e-12
9.12010839e-03 2.18309361e-16 1.49088654e-51 2.18309361e-16 0.00000000e+00 0.00000000e+00 1.18783470e-12
1.04712855e-02 3.20485356e-16 5.45979258e-54 3.20485356e-16 0.00000000e+00 0.00000000e+00 1.32664902e-12
1.20226443e-02 7.60743376e-16 1.97096997e-56 7.60743376e-16 3.10446114e-316 3.10446114e-316 1.32664902e-12
1.38038426e-02 1.10116560e-15 2.49810079e-59 1.10116560e-15 5.29961221e-277 5.29961221e-277 1.32664902e-12
1.58489319e-02 1.01774159e-15 6.87595743e-63 1.01774159e-15 4.29269644e-242 4.29269644e-242 1.32664902e-12
1.81970086e-02 1.84126442e-15 3.57779150e-66 1.84126442e-15 8.03597578e-213 8.03597578e-213 1.32664902e-12
2.08929613e-02 5.67159978e-16 6.67021865e-69 5.67159978e-16 7.68620069e-187 7.68620069e-187 1.32664902e-12
2.39883292e-02 5.11831472e-16 1.93936002e-72 5.11831472e-16 2.82271343e-164 2.82271343e-164 1.32664902e-12
2.75422870e-02 1.33537484e-15 1.49318027e-76 1.33537484e-15 1.02647666e-144 1.02647666e-144 1.32664902e-12
3.16227766e-02 2.74726575e-16 1.38658735e-80 2.74726575e-16 1.32720132e-127 1.32720132e-127 1.32664902e-12
3.63078055e-02 1.63594055e-16 9.53488105e-84 1.63594055e-16 6.95776330e-113 6.95776330e-113 1.32664902e-12
4.16869383e-02 2.94926254e-16 1.75338636e-86 2.94926254e-16 9.07998721e-100 9.07998721e-100 1.32664902e-12
4.78630092e-02 4.81832494e-16 5.05484134e-94 4.81832494e-16 6.52600305e-89 6.52600305e-89 1.32664902e-12
5.49540874e-02 2.26342432e-16 1.65070577e-104 2.26342432e-16 7.24011763e-79 7.24011763e-79 1.32664902e-12
6.30957344e-02 1.21206117e-16 8.39332125e-131 1.21206117e-16 1.49923390e-70 1.49923390e-70 1.32664902e-12
7.24435960e-02 1.18612167e-16 6.00721769e-162 1.18612167e-16 3.02241098e-63 3.02241098e-63 1.32664902e-12
8.31763771e-02 1.45667188e-16 3.54931634e-159 1.45667188e-16 1.06501220e-56 1.06501220e-56 1.32664902e-12
9.54992586e-02 1.11998715e-16 4.77221941e-151 1.11998715e-16 6.32080197e-51 6.32080197e-51 1.32664902e-12
1.09647820e-01 2.93829979e-16 1.23139923e-127 2.93829979e-16 9.12105620e-46 9.12105620e-46 1.26694048e-12
1.25892541e-01 2.06237271e-16 2.51156795e-107 2.06237271e-16 2.66746729e-41 2.66746729e-41 1.18237765e-12
1.44543977e-01 5.42952553e-16 3.74038662e-91 5.42952553e-16 2.14407717e-37 2.14407715e-37 1.10345902e-12
1.65958691e-01 4.58617388e-16 2.43764186e-81 4.58617388e-16 4.26921397e-34 4.26921276e-34 1.02980788e-12
1.90546072e-01 3.85842500e-16 5.87980503e-86 3.85842500e-16 1.71997541e-31 1.71997451e-31 9.61072633e-13
2.18776162e-01 3.60478170e-16 1.17833918e-98 3.60478170e-16 2.51765712e-29 2.51765681e-29 8.96925168e-13
2.51188643e-01 5.62143735e-16 1.73748421e-81 5.62143735e-16 4.73185713e-27 4.73185519e-27 8.37059271e-13
2.88403150e-01 7.07557630e-16 7.40536426e-70 7.07557629e-16 4.29198508e-25 4.29194776e-25 7.81189165e-13
3.31131121e-01 1.13085476e-15 1.42683066e-62 1.13085474e-15 2.16058392e-23 2.16050306e-23 7.29048148e-13
3.80189396e-01 1.22734083e-15 1.51773675e-56 1.22734035e-15 4.77279633e-22 4.77178344e-22 6.80387319e-13
4.36515832e-01 1.34026878e-15 6.48883448e-51 1.34026127e-15 7.50545597e-21 7.50033300e-21 6.34974392e-13
5.01187234e-01 1.60268297e-15 1.43326561e-45 1.60259830e-15 8.46606676e-20 8.44911880e-20 5.92592582e-13
5.75439937e-01 2.42908711e-15 1.06883444e-40 2.42839321e-15 6.93891736e-19 6.90890490e-19 5.53039576e-13
6.60693448e-01 2.14624420e-15 2.33431036e-36 2.14169307e-15 4.55113125e-18 4.51441658e-18 5.16126563e-13
7.58577575e-01 2.65442789e-15 1.80916112e-32 2.63641189e-15 1.80160029e-17 1.76663487e-17 4.81677334e-13
8.70963590e-01 3.13449445e-15 7.02790581e-29 3.06694125e-15 6.75532032e-17 6.52662510e-17 4.49527444e-13
1.00000000e+00 3.43324275e-15 9.32163305e-26 3.19626115e-15 2.36981603e-16 2.17682348e-16 4.19523420e-13
1.14815362e+00 4.14172577e-15 4.39803367e-23 3.53345563e-15 6.08270093e-16 5.21311152e-16 3.91522036e-13
1.31825674e+00 4.98418660e-15 7.50221840e-21 3.44597259e-15 1.53820651e-15 1.19020521e-15 3.65389624e-13
1.51356125e+00 6.89034034e-15 4.49639413e-19 3.30409710e-15 3.58579360e-15 2.31861924e-15 3.41001438e-13
1.73780083e+00 1.15355607e-14 1.19837923e-17 3.30043525e-15 8.22314162e-15 3.99455883e-15 3.18241059e-13
1.99526231e+00 2.18506134e-14 1.57084454e-16 3.12848675e-15 1.85650422e-14 6.45180965e-15 2.96999837e-13
2.29086765e+00 4.41630439e-14 1.05573244e-15 2.98488715e-15 4.01224243e-14 9.03158695e-15 2.77176375e-13
2.63026799e+00 9.32609717e-14 4.07250275e-15 2.74521316e-15 8.64432558e-14 1.22538351e-14 2.58676044e-13
3.01995172e+00 1.71712475e-13 1.05165910e-14 2.38289674e-15 1.58812987e-13 1.42923465e-14 2.41410531e-13
3.46736850e+00 2.97110281e-13 2.03589604e-14 2.05341724e-15 2.74697903e-13 1.53763875e-14 2.25297416e-13
3.98107171e+00 4.49115423e-13 3.24800462e-14 1.72605565e-15 4.14909321e-13 1.47186622e-14 2.10259782e-13
4.57088190e+00 6.19000077e-13 4.50750164e-14 1.29329606e-15 5.72631765e-13 1.27856012e-14 1.96225846e-13
5.24807460e+00 7.70864095e-13 4.97735625e-14 8.27199777e-16 7.20263332e-13 1.01344596e-14 1.62248699e-13
6.02559586e+00 8.80585287e-13 4.01540747e-14 3.95125332e-16 8.40036087e-13 7.27495372e-15 1.07196652e-13
6.70000000e+00 9.38701253e-13 3.26957796e-14 2.15181189e-16 9.05790292e-13 5.28095673e-15 7.79752569e-14
6.92422916e+00 9.53142045e-13 3.05374314e-14 1.78688489e-16 9.22425925e-13 4.75934034e-15 7.06426405e-14
7.15596261e+00 9.60711901e-13 2.80740537e-14 1.37978114e-16 9.32499869e-13 4.17296187e-15 6.39995667e-14
7.39545150e+00 9.52493981e-13 2.49385105e-14 1.05584575e-16 9.27449886e-13 3.52198586e-15 5.79811925e-14
7.64295536e+00 9.15111757e-13 2.00868231e-14 6.89100345e-17 8.94956024e-13 2.77960494e-15 5.25287725e-14
7.89874245e+00 8.23560547e-13 1.37437611e-14 3.78798947e-17 8.09778906e-13 1.88865439e-15 4.75890858e-14
8.16308998e+00 7.07918702e-13 8.05887751e-15 1.79766656e-17 6.99841848e-13 1.18263554e-15 4.31139160e-14
8.43628443e+00 5.89461111e-13 3.80038194e-15 7.70632093e-18 5.85653023e-13 6.99710073e-16 3.90595811e-14
8.71862190e+00 5.20955601e-13 2.02059191e-15 3.95032788e-18 5.18931059e-13 4.52902499e-16 3.53865066e-14
9.01040836e+00 4.60538650e-13 9.99369754e-16 1.95047769e-18 4.59537330e-13 2.82642177e-16 3.20588397e-14
9.31196005e+00 4.31537408e-13 5.20099531e-16 0.00000000e+00 4.31017309e-13 0.00000000e+00 2.90440991e-14
9.62360379e+00 4.38826119e-13 4.23811995e-16 0.00000000e+00 4.38402307e-13 0.00000000e+00 2.63128578e-14
9.94567731e+00 4.51666882e-13 4.95344398e-16 0.00000000e+00 4.51171537e-13 0.00000000e+00 2.38384563e-14
1.02785297e+01 4.97956760e-13 6.49272036e-16 0.00000000e+00 4.97307488e-13 0.00000000e+00 2.15967419e-14
1.06225216e+01 5.45305017e-13 8.49983672e-16 0.00000000e+00 5.44455033e-13 0.00000000e+00 1.95658333e-14
1.09780260e+01 5.98926136e-13 1.18455352e-15 0.00000000e+00 5.97741583e-13 0.00000000e+00 1.77259066e-14
1.13454280e+01 6.56835428e-13 1.54156428e-15 0.00000000e+00 6.55293864e-13 0.00000000e+00 1.60590026e-14
1.17251259e+01 7.14091614e-13 1.88640653e-15 0.00000000e+00 7.12205207e-13 0.00000000e+00 1.45488504e-14
1.21175312e+01 7.76348432e-13 2.24143598e-15 0.00000000e+00 7.74106996e-13 0.00000000e+00 1.31807094e-14
1.25230691e+01 8.43400039e-13 2.57990574e-15 0.00000000e+00 8.40820133e-13 0.00000000e+00 1.19412254e-14
1.29421791e+01 8.94052722e-13 2.84842376e-15 0.00000000e+00 8.91204299e-13 0.00000000e+00 1.08182996e-14
1.33753155e+01 9.47648108e-13 3.04026134e-15 0.00000000e+00 9.44607847e-13 0.00000000e+00 9.80097124e-15
1.38229477e+01 9.81039898e-13 3.03315542e-15 0.00000000e+00 9.78006743e-13 0.00000000e+00 8.87931012e-15
1.42855609e+01 1.01298340e-12 2.87059376e-15 0.00000000e+00 1.01011280e-12 0.00000000e+00 8.04431992e-15
1.47636563e+01 1.02691665e-12 2.47618477e-15 0.00000000e+00 1.02444047e-12 0.00000000e+00 7.28785031e-15
1.52577522e+01 1.04368521e-12 2.08787903e-15 0.00000000e+00 1.04159733e-12 0.00000000e+00 6.60251738e-15
1.57683840e+01 1.05973974e-12 1.72468672e-15 0.00000000e+00 1.05801506e-12 0.00000000e+00 5.98163161e-15
1.62961051e+01 1.08324721e-12 1.41645349e-15 0.00000000e+00 1.08183075e-12 0.00000000e+00 5.41913253e-15
1.68414875e+01 1.10506994e-12 1.15808212e-15 0.00000000e+00 1.10391185e-12 0.00000000e+00 4.90952959e-15
1.74051222e+01 1.13284561e-12 9.78623282e-16 0.00000000e+00 1.13186699e-12 0.00000000e+00 4.44784855e-15
1.79876201e+01 1.17286735e-12 8.46450675e-16 0.00000000e+00 1.17202090e-12 0.00000000e+00 4.02958296e-15
1.85896125e+01 1.21099081e-12 7.68390250e-16 0.00000000e+00 1.21022242e-12 0.00000000e+00 3.65065011e-15
1.92117518e+01 1.26961727e-12 7.29972799e-16 0.00000000e+00 1.26888730e-12 0.00000000e+00 3.30735125e-15
1.98547123e+01 1.31613323e-12 7.12558892e-16 0.00000000e+00 1.31542067e-12 0.00000000e+00 2.99633543e-15
2.05191907e+01 1.38350881e-12 7.02611931e-16 0.00000000e+00 1.38280620e-12 0.00000000e+00 2.71456684e-15
2.12059073e+01 1.42407395e-12 6.89485484e-16 0.00000000e+00 1.42338446e-12 0.00000000e+00 2.45929512e-15
2.19156062e+01 1.47442428e-12 6.69498601e-16 0.00000000e+00 1.47375479e-12 0.00000000e+00 2.22802858e-15
2.26490567e+01 1.52048038e-12 6.46465026e-16 0.00000000e+00 1.51983391e-12 0.00000000e+00 2.01850983e-15
2.34070535e+01 1.56348428e-12 6.20878196e-16 0.00000000e+00 1.56286340e-12 0.00000000e+00 1.82869374e-15
2.41904183e+01 1.60701874e-12 5.92981071e-16 0.00000000e+00 1.60642576e-12 0.00000000e+00 1.65672752e-15
2.50000000e+01 1.63658502e-12 5.63691296e-16 0.00000000e+00 1.63602132e-12 0.00000000e+00 1.50093262e-15
2.75422870e+01 1.68141786e-12 4.77853432e-16 0.00000000e+00 1.68094000e-12 0.00000000e+00 1.12248675e-15
3.16227766e+01 1.66810859e-12 3.64555374e-16 0.00000000e+00 1.66774404e-12 0.00000000e+00 7.41619640e-16
3.63078055e+01 1.51877210e-12 2.72308000e-16 0.00000000e+00 1.51849979e-12 0.00000000e+00 4.89983237e-16
4.16869383e+01 1.27923751e-12 2.01713640e-16 0.00000000e+00 1.27903580e-12 0.00000000e+00 3.23728714e-16
4.78630092e+01 9.87731556e-13 1.47868258e-16 0.00000000e+00 9.87583688e-13 0.00000000e+00 2.13885440e-16
5.49540874e+01 7.09129496e-13 1.06599973e-16 0.00000000e+00 7.09022896e-13 0.00000000e+00 1.41312709e-16
6.30957344e+01 4.76924995e-13 7.54880924e-17 0.00000000e+00 4.76849507e-13 0.00000000e+00 9.33643811e-17
7.24435960e+01 3.04759314e-13 5.26121293e-17 0.00000000e+00 3.04706702e-13 0.00000000e+00 6.16852348e-17
8.31763771e+01 1.86466730e-13 3.61860628e-17 0.00000000e+00 1.86430543e-13 0.00000000e+00 4.07550305e-17
9.54992586e+01 1.10561017e-13 2.46317426e-17 0.00000000e+00 1.10536385e-13 0.00000000e+00 2.69265816e-17
1.09647820e+02 6.39327845e-14 1.66378959e-17 0.00000000e+00 6.39161466e-14 0.00000000e+00 1.77902161e-17
1.25892541e+02 3.66227444e-14 1.11684292e-17 0.00000000e+00 3.66115759e-14 0.00000000e+00 1.17538792e-17
1.44543977e+02 2.07208554e-14 7.46666293e-18 0.00000000e+00 2.07133887e-14 0.00000000e+00 7.76571097e-18
1.65958691e+02 1.11322654e-14 4.98338113e-18 0.00000000e+00 1.11272820e-14 0.00000000e+00 5.13075436e-18
1.90546072e+02 5.95659843e-15 3.31661591e-18 0.00000000e+00 5.95328181e-15 0.00000000e+00 3.38985579e-18
2.18776162e+02 3.16889093e-15 2.20307101e-18 0.00000000e+00 3.16668786e-15 0.00000000e+00 2.23965551e-18
2.51188643e+02 1.67531709e-15 1.46140528e-18 0.00000000e+00 1.67385568e-15 0.00000000e+00 1.47972572e-18
2.88403150e+02 8.79421760e-16 9.68466681e-19 0.00000000e+00 8.78453294e-16 0.00000000e+00 9.77645088e-19
3.31131121e+02 4.59353915e-16 6.41317467e-19 0.00000000e+00 4.58712598e-16 0.00000000e+00 6.45923704e-19
3.80189396e+02 2.38646321e-16 4.24445929e-19 0.00000000e+00 2.38221875e-16 0.00000000e+00 4.26757559e-19
4.36515832e+02 1.23502252e-16 2.80794937e-19 0.00000000e+00 1.23221457e-16 0.00000000e+00 2.81955923e-19
5.01187234e+02 6.36742872e-17 1.85703289e-19 0.00000000e+00 6.34885839e-17 0.00000000e+00 1.86286431e-19
5.75439937e+02 3.27269623e-17 1.22785267e-19 0.00000000e+00 3.26041770e-17 0.00000000e+00 1.23078224e-19
6.60693448e+02 1.67776192e-17 8.11697764e-20 0.00000000e+00 1.66964495e-17 0.00000000e+00 8.13169765e-20
7.58577575e+02 8.58306439e-18 5.36516219e-20 0.00000000e+00 8.52941277e-18 0.00000000e+00 5.37255936e-20
8.70963590e+02 4.38254300e-18 3.54589805e-20 0.00000000e+00 4.34708402e-18 0.00000000e+00 3.54961477e-20
1.00000000e+03 2.21077642e-18 0.00000000e+00 0.00000000e+00 2.21077642e-18 0.00000000e+00 0.00000000e+00
