# column 1: lambda (micron)
# column 2: total flux; lambda*F_lambda (W/m2)
# column 3: direct stellar flux; lambda*F_lambda (W/m2)
# column 4: scattered stellar flux; lambda*F_lambda (W/m2)
# column 5: total dust emission flux; lambda*F_lambda (W/m2)
# column 6: dust emission scattered flux; lambda*F_lambda (W/m2)
# column 7: transparent flux; lambda*F_lambda (W/m2)
1.00000000e-03 9.68076224e-13 9.68073281e-13 2.94313018e-18 0.00000000e+00 0.00000000e+00 9.68073281e-13
1.14815362e-03 1.14264147e-12 1.14263687e-12 4.59536645e-18 0.00000000e+00 0.00000000e+00 1.14263687e-12
1.31825674e-03 1.34868477e-12 1.34867788e-12 6.89229931e-18 0.00000000e+00 0.00000000e+00 1.34867788e-12
1.51356125e-03 1.59188296e-12 1.59187233e-12 1.06288379e-17 0.00000000e+00 0.00000000e+00 1.59187233e-12
1.73780083e-03 1.87893890e-12 1.87891976e-12 1.91367154e-17 0.00000000e+00 0.00000000e+00 1.87891976e-12
1.99526231e-03 2.21776215e-12 2.21772777e-12 3.43891777e-17 0.00000000e+00 0.00000000e+00 2.21772777e-12
2.29086765e-03 2.61768379e-12 2.61762985e-12 5.39468455e-17 0.00000000e+00 0.00000000e+00 2.61762985e-12
2.63026799e-03 3.08975418e-12 3.08964252e-12 1.11652527e-16 0.00000000e+00 0.00000000e+00 3.08964252e-12
3.01995172e-03 3.64695755e-12 3.64676883e-12 1.88719125e-16 0.00000000e+00 0.00000000e+00 3.64676883e-12
3.46736850e-03 4.30467887e-12 4.30435650e-12 3.22367500e-16 0.00000000e+00 0.00000000e+00 4.30435650e-12
3.98107171e-03 5.08105013e-12 5.08052080e-12 5.29327960e-16 0.00000000e+00 0.00000000e+00 5.08052080e-12
4.57088190e-03 5.99778505e-12 5.99664354e-12 1.14151415e-15 0.00000000e+00 0.00000000e+00 5.99664354e-12
5.24807460e-03 7.07999857e-12 7.07796211e-12 2.03645890e-15 0.00000000e+00 0.00000000e+00 7.07796211e-12
6.02559586e-03 8.35920074e-12 8.35426474e-12 4.93599976e-15 0.00000000e+00 0.00000000e+00 8.35426474e-12
6.91830971e-03 9.86671996e-12 9.86071107e-12 6.00889196e-15 0.00000000e+00 0.00000000e+00 9.86071107e-12
7.94328235e-03 1.16487043e-11 1.16388008e-11 9.90352810e-15 3.07326672e-304 5.46489721e-307 1.16388008e-11
9.12010839e-03 1.37536672e-11 1.37375167e-11 1.61505111e-14 1.34092437e-265 3.30530220e-268 1.37375167e-11
1.04712855e-02 1.53662521e-11 1.53429287e-11 2.33234518e-14 5.64695348e-232 2.08801019e-234 1.53429287e-11
1.20226443e-02 1.53847898e-11 1.53429287e-11 4.18611626e-14 8.82920825e-203 5.75148664e-205 1.53429287e-11
1.38038426e-02 1.53995404e-11 1.53429287e-11 5.66116890e-14 2.39640910e-177 1.64656897e-179 1.53429287e-11
1.58489319e-02 1.54230805e-11 1.53429287e-11 8.01517929e-14 3.24223657e-155 3.51870367e-157 1.53429287e-11
1.81970086e-02 1.54500451e-11 1.53429287e-11 1.07116480e-13 5.79750802e-136 9.70284393e-138 1.53429287e-11
2.08929613e-02 1.54913976e-11 1.53429287e-11 1.48468913e-13 3.02424337e-119 5.73566933e-121 1.53429287e-11
2.39883292e-02 1.55335280e-11 1.53429287e-11 1.90599288e-13 1.06482768e-104 2.76833613e-106 1.53429287e-11
2.75422870e-02 1.55919428e-11 1.53429287e-11 2.49014115e-13 4.79214869e-92 1.67159656e-93 1.53429287e-11
3.16227766e-02 1.56471441e-11 1.53429287e-11 3.04215402e-13 4.68885021e-81 1.96083928e-82 1.53429287e-11
3.63078055e-02 1.56922582e-11 1.53429287e-11 3.49329495e-13 1.62973992e-71 7.67654044e-73 1.53429287e-11
4.16869383e-02 1.58061095e-11 1.53429287e-11 4.63180882e-13 3.13669406e-63 2.00878394e-64 1.53429287e-11
4.78630092e-02 1.59260987e-11 1.53429287e-11 5.83170051e-13 4.79167344e-56 3.85082774e-57 1.53429287e-11
5.49540874e-02 1.59950208e-11 1.53429287e-11 6.52092129e-13 8.00414737e-50 7.22883088e-51 1.53429287e-11
6.30957344e-02 1.60557735e-11 1.53429287e-11 7.12844797e-13 2.60289045e-44 2.61919414e-45 1.53429287e-11
7.24435960e-02 1.59928905e-11 1.53429287e-11 6.49961855e-13 1.50165234e-39 1.41941670e-40 1.53429287e-11
8.31763771e-02 1.59689182e-11 1.53429287e-11 6.25989562e-13 1.53434332e-35 1.42800881e-36 1.53429287e-11
9.54992586e-02 1.59946105e-11 1.53429287e-11 6.51681871e-13 4.31839872e-32 4.09355994e-33 1.53429287e-11
1.09647820e-01 1.53243393e-11 1.46523889e-11 6.71950371e-13 3.67211345e-29 3.76195006e-30 1.46523889e-11
1.25892541e-01 1.43151633e-11 1.36744049e-11 6.40758329e-13 1.18973533e-26 1.23307449e-27 1.36744049e-11
1.44543977e-01 1.33464350e-11 1.27616972e-11 5.84737811e-13 1.61123688e-24 1.59889008e-25 1.27616972e-11
1.65958691e-01 1.24945618e-11 1.19099088e-11 5.84652946e-13 8.17441313e-23 8.74549393e-24 1.19099088e-11
1.90546072e-01 1.17269541e-11 1.11149736e-11 6.11980466e-13 1.73615765e-21 2.15551144e-22 1.11149736e-11
2.18776162e-01 1.09465568e-11 1.03730969e-11 5.73459795e-13 2.05709885e-20 2.61355724e-21 1.03730969e-11
2.51188643e-01 1.03103568e-11 9.68073733e-12 6.29619237e-13 2.51296539e-19 3.75078197e-20 9.68073733e-12
2.88403150e-01 9.61561178e-12 9.03458975e-12 5.81019939e-13 2.09146950e-18 3.12081575e-19 9.03458975e-12
3.31131121e-01 8.96449609e-12 8.43156974e-12 5.32914397e-13 1.19486443e-17 1.72960390e-18 8.43156974e-12
3.80189396e-01 8.34155759e-12 7.86879872e-12 4.72708825e-13 5.00431866e-17 7.12014419e-18 7.86879872e-12
4.36515832e-01 7.77704255e-12 7.34359025e-12 4.33288671e-13 1.63623244e-16 2.39046516e-17 7.34359025e-12
5.01187234e-01 7.24710250e-12 6.85343719e-12 3.93197616e-13 4.67693838e-16 7.85461613e-17 6.85343719e-12
5.75439937e-01 6.74591473e-12 6.39599973e-12 3.48535147e-13 1.37985007e-15 2.92423611e-16 6.39599973e-12
6.60693448e-01 6.28704768e-12 5.96909425e-12 3.13425322e-13 4.52810145e-15 1.14858595e-15 5.96909425e-12
7.58577575e-01 5.86139411e-12 5.57068288e-12 2.75550720e-13 1.51605019e-14 4.10507025e-15 5.57068288e-12
8.70963590e-01 5.48160833e-12 5.19886376e-12 2.36209099e-13 4.65354659e-14 1.24495084e-14 5.19886376e-12
1.00000000e+00 5.17281385e-12 4.85186196e-12 1.97009120e-13 1.23942767e-13 3.08823450e-14 4.85186196e-12
1.14815362e+00 4.98203810e-12 4.52802104e-12 1.62455661e-13 2.91561398e-13 6.59863209e-14 4.52802104e-12
1.31825674e+00 4.96537666e-12 4.22579511e-12 1.27833512e-13 6.11748037e-13 1.20570521e-13 4.22579511e-12
1.51356125e+00 5.19310510e-12 3.94374146e-12 9.87357982e-14 1.15062783e-12 1.94996367e-13 3.94374146e-12
1.73780083e+00 5.69797016e-12 3.68051368e-12 7.55586871e-14 1.94189779e-12 2.71655365e-13 3.68051368e-12
1.99526231e+00 6.42713040e-12 3.43485522e-12 5.63365422e-14 2.93593864e-12 3.29675949e-13 3.43485522e-12
2.29086765e+00 7.27477282e-12 3.20559341e-12 4.09612332e-14 4.02821817e-12 3.51936518e-13 3.20559341e-12
2.63026799e+00 8.13687237e-12 2.99163384e-12 2.95257202e-14 5.11571281e-12 3.37805550e-13 2.99163384e-12
3.01995172e+00 8.89945968e-12 2.79195514e-12 2.05280597e-14 6.08697648e-12 2.98185804e-13 2.79195514e-12
3.46736850e+00 9.45558761e-12 2.60560415e-12 1.43738358e-14 6.83560963e-12 2.47129309e-13 2.60560415e-12
3.98107171e+00 9.77937084e-12 2.43169128e-12 9.79130454e-15 7.33788826e-12 1.91795237e-13 2.43169128e-12
4.57088190e+00 9.82340114e-12 2.26938634e-12 6.45431704e-15 7.54756048e-12 1.39404253e-13 2.26938634e-12
5.24807460e+00 9.48414872e-12 1.87643467e-12 3.68714680e-15 7.60402690e-12 9.59398485e-14 1.87643467e-12
6.02559586e+00 8.75643738e-12 1.23974809e-12 1.59019329e-15 7.51509909e-12 6.26141491e-14 1.23974809e-12
6.70000000e+00 8.29618642e-12 9.01797527e-13 8.12114295e-16 7.39357678e-12 4.31355079e-14 9.01797527e-13
6.92422916e+00 8.14836394e-12 8.16994532e-13 6.54367468e-16 7.33071504e-12 3.79632962e-14 8.16994532e-13
7.15596261e+00 8.06480869e-12 7.40166218e-13 5.17293534e-16 7.32412518e-12 3.32312190e-14 7.40166218e-13
7.39545150e+00 8.06069007e-12 6.70562664e-13 3.95832838e-16 7.38973157e-12 2.86570025e-14 6.70562664e-13
7.64295536e+00 8.35282954e-12 6.07504471e-13 2.77216232e-16 7.74504785e-12 2.38190055e-14 6.07504471e-13
7.89874245e+00 9.05133004e-12 5.50376127e-13 1.70166393e-16 8.50078374e-12 1.86509584e-14 5.50376127e-13
8.16308998e+00 1.00872282e-11 4.98620004e-13 9.87753463e-17 9.58850941e-12 1.42793899e-14 4.98620004e-13
8.43628443e+00 1.14132510e-11 4.51730909e-13 5.48453317e-17 1.09614652e-11 1.07029722e-14 4.51730909e-13
8.71862190e+00 1.23190141e-11 4.09251158e-13 3.38609002e-17 1.19097291e-11 8.38465358e-15 4.09251158e-13
9.01040836e+00 1.32392686e-11 3.70766106e-13 2.03692763e-17 1.28684821e-11 6.37800232e-15 3.70766106e-13
9.31196005e+00 1.39563572e-11 3.35900102e-13 0.00000000e+00 1.36204571e-11 0.00000000e+00 3.35900102e-13
9.62360379e+00 1.40077166e-11 3.04312818e-13 0.00000000e+00 1.37034038e-11 0.00000000e+00 3.04312818e-13
9.94567731e+00 1.34250548e-11 2.75695930e-13 0.00000000e+00 1.31493588e-11 0.00000000e+00 2.75695930e-13
1.02785297e+01 1.27445435e-11 2.49770110e-13 0.00000000e+00 1.24947734e-11 0.00000000e+00 2.49770110e-13
1.06225216e+01 1.20346577e-11 2.26282295e-13 0.00000000e+00 1.18083754e-11 0.00000000e+00 2.26282295e-13
1.09780260e+01 1.12890955e-11 2.05003220e-13 0.00000000e+00 1.10840923e-11 0.00000000e+00 2.05003220e-13
1.13454280e+01 1.06837247e-11 1.85725182e-13 0.00000000e+00 1.04979995e-11 0.00000000e+00 1.85725182e-13
1.17251259e+01 1.01017831e-11 1.68260007e-13 0.00000000e+00 9.93352310e-12 0.00000000e+00 1.68260007e-13
1.21175312e+01 9.64648165e-12 1.52437217e-13 0.00000000e+00 9.49404443e-12 0.00000000e+00 1.52437217e-13
1.25230691e+01 9.18750925e-12 1.38102367e-13 0.00000000e+00 9.04940689e-12 0.00000000e+00 1.38102367e-13
1.29421791e+01 8.80014534e-12 1.25115533e-13 0.00000000e+00 8.67502981e-12 0.00000000e+00 1.25115533e-13
1.33753155e+01 8.46842132e-12 1.13349952e-13 0.00000000e+00 8.35507136e-12 0.00000000e+00 1.13349952e-13
1.38229477e+01 8.29573170e-12 1.02690779e-13 0.00000000e+00 8.19304092e-12 0.00000000e+00 1.02690779e-13
1.42855609e+01 8.23339875e-12 9.30339713e-14 0.00000000e+00 8.14036478e-12 0.00000000e+00 9.30339713e-14
1.47636563e+01 8.37335592e-12 8.42852675e-14 0.00000000e+00 8.28907065e-12 0.00000000e+00 8.42852675e-14
1.52577522e+01 8.65414352e-12 7.63592720e-14 0.00000000e+00 8.57778424e-12 0.00000000e+00 7.63592720e-14
1.57683840e+01 8.89358993e-12 6.91786191e-14 0.00000000e+00 8.82441131e-12 0.00000000e+00 6.91786191e-14
1.62961051e+01 9.16813128e-12 6.26732185e-14 0.00000000e+00 9.10545806e-12 0.00000000e+00 6.26732185e-14
1.68414875e+01 9.38926302e-12 5.67795711e-14 0.00000000e+00 9.33248345e-12 0.00000000e+00 5.67795711e-14
1.74051222e+01 9.58593484e-12 5.14401489e-14 0.00000000e+00 9.53449469e-12 0.00000000e+00 5.14401489e-14
1.79876201e+01 9.66808526e-12 4.66028339e-14 0.00000000e+00 9.62148242e-12 0.00000000e+00 4.66028339e-14
1.85896125e+01 9.74952019e-12 4.22204090e-14 0.00000000e+00 9.70729978e-12 0.00000000e+00 4.22204090e-14
1.92117518e+01 9.65718317e-12 3.82500974e-14 0.00000000e+00 9.61893308e-12 0.00000000e+00 3.82500974e-14
1.98547123e+01 9.55383928e-12 3.46531450e-14 0.00000000e+00 9.51918613e-12 0.00000000e+00 3.46531450e-14
2.05191907e+01 9.37099302e-12 3.13944418e-14 0.00000000e+00 9.33959858e-12 0.00000000e+00 3.13944418e-14
2.12059073e+01 9.20959302e-12 2.84421796e-14 0.00000000e+00 9.18115084e-12 0.00000000e+00 2.84421796e-14
2.19156062e+01 8.96198987e-12 2.57675415e-14 0.00000000e+00 8.93622232e-12 0.00000000e+00 2.57675415e-14
2.26490567e+01 8.78397732e-12 2.33444203e-14 0.00000000e+00 8.76063290e-12 0.00000000e+00 2.33444203e-14
2.34070535e+01 8.56306780e-12 2.11491639e-14 0.00000000e+00 8.54191864e-12 0.00000000e+00 2.11491639e-14
2.41904183e+01 8.33685712e-12 1.91603445e-14 0.00000000e+00 8.31769678e-12 0.00000000e+00 1.91603445e-14
2.50000000e+01 8.09133038e-12 1.73585491e-14 0.00000000e+00 8.07397183e-12 0.00000000e+00 1.73585491e-14
2.75422870e+01 7.33712836e-12 1.29817562e-14 0.00000000e+00 7.32414661e-12 0.00000000e+00 1.29817562e-14
3.16227766e+01 6.08841006e-12 8.57696126e-15 0.00000000e+00 6.07983310e-12 0.00000000e+00 8.57696126e-15
3.63078055e+01 4.73630873e-12 5.66674211e-15 0.00000000e+00 4.73064199e-12 0.00000000e+00 5.66674211e-15
4.16869383e+01 3.44022808e-12 3.74397938e-15 0.00000000e+00 3.43648411e-12 0.00000000e+00 3.74397938e-15
4.78630092e+01 2.32499768e-12 2.47362265e-15 0.00000000e+00 2.32252406e-12 0.00000000e+00 2.47362265e-15
5.49540874e+01 1.48260825e-12 1.63430628e-15 0.00000000e+00 1.48097395e-12 0.00000000e+00 1.63430628e-15
6.30957344e+01 9.01278854e-13 1.07977545e-15 0.00000000e+00 9.00199079e-13 0.00000000e+00 1.07977545e-15
7.24435960e+01 5.26632111e-13 7.13400564e-16 0.00000000e+00 5.25918710e-13 0.00000000e+00 7.13400564e-16
8.31763771e+01 2.98920644e-13 4.71339078e-16 0.00000000e+00 2.98449305e-13 0.00000000e+00 4.71339078e-16
9.54992586e+01 1.66168913e-13 3.11410641e-16 0.00000000e+00 1.65857503e-13 0.00000000e+00 3.11410641e-16
1.09647820e+02 9.10149798e-14 2.05746970e-16 0.00000000e+00 9.08092329e-14 0.00000000e+00 2.05746970e-16
1.25892541e+02 4.98153254e-14 1.35935675e-16 0.00000000e+00 4.96793897e-14 0.00000000e+00 1.35935675e-16
1.44543977e+02 2.71479033e-14 8.98118099e-17 0.00000000e+00 2.70580915e-14 0.00000000e+00 8.98118099e-17
1.65958691e+02 1.41035720e-14 5.93380743e-17 0.00000000e+00 1.40442339e-14 0.00000000e+00 5.93380743e-17
1.90546072e+02 7.34051370e-15 3.92042769e-17 0.00000000e+00 7.30130942e-15 0.00000000e+00 3.92042769e-17
2.18776162e+02 3.81767797e-15 2.59020089e-17 0.00000000e+00 3.79177596e-15 0.00000000e+00 2.59020089e-17
2.51188643e+02 1.98043079e-15 1.71132876e-17 0.00000000e+00 1.96331750e-15 0.00000000e+00 1.71132876e-17
2.88403150e+02 1.02371702e-15 1.13066370e-17 0.00000000e+00 1.01241039e-15 0.00000000e+00 1.13066370e-17
3.31131121e+02 5.28335470e-16 7.47022097e-18 0.00000000e+00 5.20865249e-16 0.00000000e+00 7.47022097e-18
3.80189396e+02 2.72004109e-16 4.93552605e-18 0.00000000e+00 2.67068583e-16 0.00000000e+00 4.93552605e-18
4.36515832e+02 1.39905645e-16 3.26086972e-18 0.00000000e+00 1.36644775e-16 0.00000000e+00 3.26086972e-18
5.01187234e+02 7.19012371e-17 2.15443526e-18 0.00000000e+00 6.97468018e-17 0.00000000e+00 2.15443526e-18
5.75439937e+02 3.69541327e-17 1.42342126e-18 0.00000000e+00 3.55307114e-17 0.00000000e+00 1.42342126e-18
6.60693448e+02 1.90099960e-17 9.40445101e-19 0.00000000e+00 1.80695509e-17 0.00000000e+00 9.40445101e-19
7.58577575e+02 9.79744961e-18 6.21345916e-19 0.00000000e+00 9.17610370e-18 0.00000000e+00 6.21345916e-19
8.70963590e+02 5.06325359e-18 4.10519176e-19 0.00000000e+00 4.65273441e-18 0.00000000e+00 4.10519176e-19
1.00000000e+03 2.35573222e-18 0.00000000e+00 0.00000000e+00 2.35573222e-18 0.00000000e+00 0.00000000e+00
