# column 1: lambda (micron)
# column 2: total flux; lambda*F_lambda (W/m2)
# column 3: direct stellar flux; lambda*F_lambda (W/m2)
# column 4: scattered stellar flux; lambda*F_lambda (W/m2)
# column 5: total dust emission flux; lambda*F_lambda (W/m2)
# column 6: dust emission scattered flux; lambda*F_lambda (W/m2)
# column 7: transparent flux; lambda*F_lambda (W/m2)
1.00000000e-03 7.56089506e-14 7.26473323e-14 2.96161835e-15 0.00000000e+00 0.00000000e+00 6.93993746e-13
1.14815362e-03 4.38707449e-14 4.15374725e-14 2.33327245e-15 0.00000000e+00 0.00000000e+00 8.19135139e-13
1.31825674e-03 2.25454375e-14 2.18262358e-14 7.19201716e-16 0.00000000e+00 0.00000000e+00 9.66842108e-13
1.51356125e-03 1.72026007e-14 1.30715804e-14 4.13102028e-15 0.00000000e+00 0.00000000e+00 1.14118369e-12
1.73780083e-03 1.57934082e-14 1.47321976e-14 1.06121061e-15 0.00000000e+00 0.00000000e+00 1.34696266e-12
1.99526231e-03 9.02644998e-14 3.99288766e-15 8.62716121e-14 0.00000000e+00 0.00000000e+00 1.58984782e-12
2.29086765e-03 6.58011562e-15 3.28230821e-15 3.29780741e-15 0.00000000e+00 0.00000000e+00 1.87653019e-12
2.63026799e-03 3.96983997e-15 1.09970789e-15 2.87013208e-15 0.00000000e+00 0.00000000e+00 2.21490731e-12
3.01995172e-03 7.05815526e-15 2.14253184e-16 6.84390207e-15 0.00000000e+00 0.00000000e+00 2.61430080e-12
3.46736850e-03 3.22614476e-15 4.70765404e-17 3.17906821e-15 0.00000000e+00 0.00000000e+00 3.08571319e-12
3.98107171e-03 1.83279485e-14 1.11694866e-17 1.83167790e-14 0.00000000e+00 0.00000000e+00 3.64213095e-12
4.57088190e-03 7.95503858e-14 9.03052981e-16 7.86473328e-14 0.00000000e+00 0.00000000e+00 4.29888232e-12
5.24807460e-03 5.64534330e-13 1.01890189e-16 5.64432440e-13 0.00000000e+00 0.00000000e+00 5.07405951e-12
6.02559586e-03 4.33108080e-13 1.29922959e-17 4.33095087e-13 0.00000000e+00 0.00000000e+00 5.98901715e-12
6.91830971e-03 2.39969156e-14 2.05460027e-18 2.39948610e-14 0.00000000e+00 0.00000000e+00 7.06896053e-12
7.94328235e-03 4.51699976e-14 4.25295665e-19 4.51695723e-14 1.74525797e-304 1.01104384e-305 8.34363998e-12
9.12010839e-03 5.65316692e-14 7.95615113e-20 5.65315897e-14 9.35364836e-266 1.07114092e-266 9.84817045e-12
1.04712855e-02 1.56081078e-13 2.70333503e-20 1.56081051e-13 4.41891981e-232 4.48529859e-233 1.09990604e-11
1.20226443e-02 1.32891366e-13 8.39047605e-21 1.32891358e-13 9.08803060e-203 2.00687931e-203 1.09990604e-11
1.38038426e-02 1.71765188e-13 2.09463411e-21 1.71765186e-13 2.42178696e-177 3.18244092e-178 1.09990604e-11
1.58489319e-02 8.94169328e-14 3.80594607e-22 8.94169325e-14 3.34611288e-155 2.48136028e-156 1.09990604e-11
1.81970086e-02 1.02343854e-13 7.89495519e-23 1.02343854e-13 6.13426128e-136 2.18261259e-137 1.09990604e-11
2.08929613e-02 9.24428849e-14 2.13567961e-23 9.24428849e-14 3.59813093e-119 2.68184848e-120 1.09990604e-11
2.39883292e-02 8.20676171e-14 3.92500913e-24 8.20676171e-14 1.27964678e-104 7.76994237e-106 1.09990604e-11
2.75422870e-02 8.73612969e-14 5.47139805e-25 8.73612969e-14 6.01955378e-92 3.88442474e-93 1.09990604e-11
3.16227766e-02 9.27850545e-14 7.93022859e-26 9.27850545e-14 6.12510459e-81 4.45287145e-82 1.09990604e-11
3.63078055e-02 1.04301154e-13 1.74326073e-26 1.04301154e-13 2.18684090e-71 1.61682213e-72 1.09990604e-11
4.16869383e-02 1.28870537e-13 4.70227860e-27 1.28870537e-13 4.37968759e-63 4.14599789e-64 1.09990604e-11
4.78630092e-02 1.46776252e-13 1.26976779e-28 1.46776252e-13 6.79195389e-56 7.95778532e-57 1.09990604e-11
5.49540874e-02 1.64474537e-13 8.36200500e-31 1.64474537e-13 1.16121727e-49 1.58941668e-50 1.09990604e-11
6.30957344e-02 1.76953080e-13 2.83410517e-36 1.76953080e-13 3.81680597e-44 6.27620010e-45 1.09990604e-11
7.24435960e-02 1.65053746e-13 9.40280096e-43 1.65053746e-13 2.16350056e-39 3.47638836e-40 1.09990604e-11
8.31763771e-02 1.61447671e-13 3.54656016e-42 1.61447671e-13 2.24010473e-35 3.53614123e-36 1.09990604e-11
9.54992586e-02 1.69117779e-13 1.74099527e-40 1.69117779e-13 6.43133068e-32 1.07901320e-32 1.09990604e-11
1.09647820e-01 1.77848625e-13 1.24536731e-35 1.77848625e-13 5.78312129e-29 1.02121828e-29 1.05040253e-11
1.25892541e-01 1.68362711e-13 1.97942876e-31 1.68362711e-13 1.95872173e-26 3.26272615e-27 9.80292679e-12
1.44543977e-01 1.57140259e-13 4.33759848e-28 1.57140259e-13 2.74474858e-24 4.36419914e-25 9.14862359e-12
1.65958691e-01 1.72670087e-13 4.51971444e-26 1.72670086e-13 1.45510752e-22 2.64090999e-23 8.53799231e-12
1.90546072e-01 1.88265560e-13 4.68543176e-27 1.88265557e-13 3.15850232e-21 6.91527893e-22 7.96811805e-12
2.18776162e-01 1.81175270e-13 1.01251664e-29 1.81175232e-13 3.76021975e-20 8.74245180e-21 7.43628044e-12
2.51188643e-01 2.26714629e-13 3.57472853e-26 2.26714120e-13 5.09051559e-19 1.47209516e-19 6.93994070e-12
2.88403150e-01 2.13867898e-13 8.88789232e-24 2.13863575e-13 4.32313145e-18 1.21124503e-18 6.47672950e-12
3.31131121e-01 1.96289287e-13 2.75742958e-22 1.96264337e-13 2.49502774e-17 6.69894929e-18 6.04443567e-12
3.80189396e-01 1.81915154e-13 4.68282050e-21 1.81809614e-13 1.05535019e-16 2.78898378e-17 5.64099558e-12
4.36515832e-01 1.73021474e-13 6.57901690e-20 1.72665807e-13 3.55600812e-16 9.34736953e-17 5.26448339e-12
5.01187234e-01 1.67441646e-13 8.05655285e-19 1.66439774e-13 1.00106594e-15 2.71856110e-16 4.91310176e-12
5.75439937e-01 1.60947880e-13 7.87109879e-18 1.58131525e-13 2.80848357e-15 8.21935536e-16 4.58517335e-12
6.60693448e-01 1.60550325e-13 5.95623035e-17 1.51868980e-13 8.62178318e-15 2.69794848e-15 4.27913275e-12
7.58577575e-01 1.68680063e-13 3.63336163e-16 1.40164527e-13 2.81521997e-14 9.13825432e-15 3.99351904e-12
8.70963590e-01 2.17881574e-13 1.91974222e-15 1.31822048e-13 8.41397844e-14 2.66233209e-14 3.72696882e-12
1.00000000e+00 3.49398754e-13 8.11134865e-15 1.17913565e-13 2.23373841e-13 6.66294764e-14 3.47820968e-12
1.14815362e+00 6.41772645e-13 2.76413028e-14 1.03200285e-13 5.10931057e-13 1.37914226e-13 3.24605414e-12
1.31825674e+00 1.20291334e-12 7.62269925e-14 8.55501035e-14 1.04113625e-12 2.51317898e-13 3.02939399e-12
1.51356125e+00 2.11538913e-12 1.69106359e-13 7.04555555e-14 1.87582721e-12 3.88932614e-13 2.82719497e-12
1.73780083e+00 3.35335167e-12 3.16953758e-13 5.54226200e-14 2.98097530e-12 5.12596028e-13 2.63849186e-12
1.99526231e+00 4.73608540e-12 5.12529426e-13 4.26194158e-14 4.18093656e-12 5.76740789e-13 2.46238388e-12
2.29086765e+00 6.08085482e-12 7.21254116e-13 3.19564241e-14 5.32764428e-12 5.73957227e-13 2.29803035e-12
2.63026799e+00 7.16881838e-12 9.04271742e-13 2.33745084e-14 6.24117213e-12 5.20740979e-13 2.14464670e-12
3.01995172e+00 8.00888902e-12 1.04292047e-12 1.74001773e-14 6.94856836e-12 4.46449934e-13 2.00150076e-12
3.46736850e+00 8.56597188e-12 1.13284886e-12 1.27378586e-14 7.42038516e-12 3.71908499e-13 1.86790919e-12
3.98107171e+00 8.91368686e-12 1.18199089e-12 9.29069064e-15 7.72240528e-12 2.93786490e-13 1.74323429e-12
4.57088190e+00 9.10342443e-12 1.19801363e-12 6.59591876e-15 7.89881487e-12 2.20333530e-13 1.62688090e-12
5.24807460e+00 9.05733219e-12 1.05201819e-12 3.99036333e-15 8.00132364e-12 1.53949930e-13 1.34518114e-12
6.02559586e+00 8.83397412e-12 7.24545904e-13 1.82314716e-15 8.10760507e-12 1.02125524e-13 8.88752369e-13
6.70000000e+00 8.60116518e-12 5.39550590e-13 9.69331552e-16 8.06064526e-12 7.05911524e-14 6.46481889e-13
6.92422916e+00 8.51054016e-12 4.91920212e-13 7.84598086e-16 8.01783535e-12 6.21657180e-14 5.85688198e-13
7.15596261e+00 8.47131094e-12 4.47021460e-13 6.22330795e-16 8.02366714e-12 5.42935782e-14 5.30611407e-13
7.39545150e+00 8.43609784e-12 4.03330365e-13 4.75158371e-16 8.03229232e-12 4.60893163e-14 4.80713913e-13
7.64295536e+00 8.50175351e-12 3.56571849e-13 3.19210323e-16 8.14486245e-12 3.69916529e-14 4.35508666e-13
7.89874245e+00 8.67784674e-12 3.04715808e-13 1.86013125e-16 8.37294492e-12 2.74294860e-14 3.94554418e-13
8.16308998e+00 9.01706494e-12 2.52173592e-13 1.00592004e-16 8.76479075e-12 1.95912605e-14 3.57451415e-13
8.43628443e+00 9.35898146e-12 1.99444090e-13 5.17868900e-17 9.15948558e-12 1.32917879e-14 3.23837494e-13
8.71862190e+00 9.63529693e-12 1.61726372e-13 3.16757730e-17 9.47353889e-12 1.00429256e-14 2.93384550e-13
9.01040836e+00 9.91723830e-12 1.29183658e-13 2.01268277e-17 9.78803451e-12 7.52266998e-15 2.65795332e-13
9.31196005e+00 1.01232297e-11 1.04288019e-13 0.00000000e+00 1.00189416e-11 0.00000000e+00 2.40800541e-13
9.62360379e+00 9.95059244e-12 9.24209182e-14 0.00000000e+00 9.85817152e-12 0.00000000e+00 2.18156204e-13
9.94567731e+00 9.70401560e-12 8.82863404e-14 0.00000000e+00 9.61572926e-12 0.00000000e+00 1.97641289e-13
1.02785297e+01 9.43272220e-12 8.63721301e-14 0.00000000e+00 9.34635007e-12 0.00000000e+00 1.79055550e-13
1.06225216e+01 9.15690838e-12 8.44777491e-14 0.00000000e+00 9.07243063e-12 0.00000000e+00 1.62217572e-13
1.09780260e+01 8.96157896e-12 8.37068861e-14 0.00000000e+00 8.87787208e-12 0.00000000e+00 1.46962999e-13
1.13454280e+01 8.76664019e-12 8.17699645e-14 0.00000000e+00 8.68487022e-12 0.00000000e+00 1.33142932e-13
1.17251259e+01 8.64764492e-12 7.88615113e-14 0.00000000e+00 8.56878341e-12 0.00000000e+00 1.20622472e-13
1.21175312e+01 8.48460905e-12 7.55922395e-14 0.00000000e+00 8.40901681e-12 0.00000000e+00 1.09279408e-13
1.25230691e+01 8.40121570e-12 7.19806380e-14 0.00000000e+00 8.32923506e-12 0.00000000e+00 9.90030204e-14
1.29421791e+01 8.30842390e-12 6.79506572e-14 0.00000000e+00 8.24047324e-12 0.00000000e+00 8.96930008e-14
1.33753155e+01 8.14519799e-12 6.36963786e-14 0.00000000e+00 8.08150161e-12 0.00000000e+00 8.12584743e-14
1.38229477e+01 8.09367985e-12 5.88756666e-14 0.00000000e+00 8.03480418e-12 0.00000000e+00 7.36171115e-14
1.42855609e+01 8.09212998e-12 5.38259434e-14 0.00000000e+00 8.03830404e-12 0.00000000e+00 6.66943252e-14
1.47636563e+01 8.14522305e-12 4.82692959e-14 0.00000000e+00 8.09695376e-12 0.00000000e+00 6.04225420e-14
1.52577522e+01 8.27727750e-12 4.30817226e-14 0.00000000e+00 8.23419578e-12 0.00000000e+00 5.47405431e-14
1.57683840e+01 8.49091744e-12 3.82877695e-14 0.00000000e+00 8.45262967e-12 0.00000000e+00 4.95928665e-14
1.62961051e+01 8.57405552e-12 3.39863353e-14 0.00000000e+00 8.54006918e-12 0.00000000e+00 4.49292657e-14
1.68414875e+01 8.73350625e-12 3.01399063e-14 0.00000000e+00 8.70336634e-12 0.00000000e+00 4.07042194e-14
1.74051222e+01 8.88466025e-12 2.69130200e-14 0.00000000e+00 8.85774723e-12 0.00000000e+00 3.68764869e-14
1.79876201e+01 8.96111512e-12 2.41482766e-14 0.00000000e+00 8.93696685e-12 0.00000000e+00 3.34087056e-14
1.85896125e+01 8.95582705e-12 2.18865473e-14 0.00000000e+00 8.93394050e-12 0.00000000e+00 3.02670267e-14
1.92117518e+01 8.99781091e-12 2.00251534e-14 0.00000000e+00 8.97778576e-12 0.00000000e+00 2.74207841e-14
1.98547123e+01 8.89925054e-12 1.84258262e-14 0.00000000e+00 8.88082472e-12 0.00000000e+00 2.48421957e-14
2.05191907e+01 8.75159896e-12 1.69898444e-14 0.00000000e+00 8.73460911e-12 0.00000000e+00 2.25060919e-14
2.12059073e+01 8.63533824e-12 1.56501340e-14 0.00000000e+00 8.61968811e-12 0.00000000e+00 2.03896700e-14
2.19156062e+01 8.51781335e-12 1.43844376e-14 0.00000000e+00 8.50342891e-12 0.00000000e+00 1.84722717e-14
2.26490567e+01 8.32127799e-12 1.32057286e-14 0.00000000e+00 8.30807227e-12 0.00000000e+00 1.67351811e-14
2.34070535e+01 8.14697851e-12 1.21100604e-14 0.00000000e+00 8.13486845e-12 0.00000000e+00 1.51614426e-14
2.41904183e+01 7.92682224e-12 1.10923961e-14 0.00000000e+00 7.91572984e-12 0.00000000e+00 1.37356949e-14
2.50000000e+01 7.71732614e-12 1.01503569e-14 0.00000000e+00 7.70717579e-12 0.00000000e+00 1.24440213e-14
2.75422870e+01 6.96189718e-12 7.79157272e-15 0.00000000e+00 6.95410561e-12 0.00000000e+00 9.30637977e-15
3.16227766e+01 5.73018889e-12 5.30420783e-15 0.00000000e+00 5.72488468e-12 0.00000000e+00 6.14866414e-15
3.63078055e+01 4.43643677e-12 3.59507457e-15 0.00000000e+00 4.43284169e-12 0.00000000e+00 4.06238211e-15
4.16869383e+01 3.18919849e-12 2.43243801e-15 0.00000000e+00 3.18676605e-12 0.00000000e+00 2.68398924e-15
4.78630092e+01 2.13093271e-12 1.64222329e-15 0.00000000e+00 2.12929049e-12 0.00000000e+00 1.77329411e-15
5.49540874e+01 1.34588107e-12 1.10487422e-15 0.00000000e+00 1.34477620e-12 0.00000000e+00 1.17160380e-15
6.30957344e+01 8.09560870e-13 7.40591964e-16 0.00000000e+00 8.08820278e-13 0.00000000e+00 7.74070953e-16
7.24435960e+01 4.68926621e-13 4.94773971e-16 0.00000000e+00 4.68431847e-13 0.00000000e+00 5.11423607e-16
8.31763771e+01 2.63889630e-13 3.29638636e-16 0.00000000e+00 2.63559992e-13 0.00000000e+00 3.37894226e-16
9.54992586e+01 1.45861115e-13 2.19145669e-16 0.00000000e+00 1.45641969e-13 0.00000000e+00 2.23244502e-16
1.09647820e+02 7.94450947e-14 1.45455673e-16 0.00000000e+00 7.92996391e-14 0.00000000e+00 1.47496179e-16
1.25892541e+02 4.33095135e-14 9.64194744e-17 0.00000000e+00 4.32130941e-14 0.00000000e+00 9.74497594e-17
1.44543977e+02 2.35085099e-14 6.38605833e-17 0.00000000e+00 2.34446493e-14 0.00000000e+00 6.43844175e-17
1.65958691e+02 1.21764491e-14 4.22812391e-17 0.00000000e+00 1.21341679e-14 0.00000000e+00 4.25383628e-17
1.90546072e+02 6.32101401e-15 2.79774022e-17 0.00000000e+00 6.29303661e-15 0.00000000e+00 2.81048176e-17
2.18776162e+02 3.28030488e-15 1.85051576e-17 0.00000000e+00 3.26179973e-15 0.00000000e+00 1.85686688e-17
2.51188643e+02 1.69844111e-15 1.22364436e-17 0.00000000e+00 1.68620467e-15 0.00000000e+00 1.22681978e-17
2.88403150e+02 8.76491936e-16 8.08962829e-18 0.00000000e+00 8.68402308e-16 0.00000000e+00 8.10551794e-18
3.31131121e+02 4.51661722e-16 5.34729545e-18 0.00000000e+00 4.46314427e-16 0.00000000e+00 5.35526259e-18
3.80189396e+02 2.32182410e-16 3.53419134e-18 0.00000000e+00 2.28648218e-16 0.00000000e+00 3.53818691e-18
4.36515832e+02 1.19240370e-16 2.33565122e-18 0.00000000e+00 1.16904719e-16 0.00000000e+00 2.33765691e-18
5.01187234e+02 6.11789489e-17 1.54346758e-18 0.00000000e+00 5.96354813e-17 0.00000000e+00 1.54447460e-18
5.75439937e+02 3.13844611e-17 1.01991850e-18 0.00000000e+00 3.03645426e-17 0.00000000e+00 1.02042425e-18
6.60693448e+02 1.61099868e-17 6.73933551e-19 0.00000000e+00 1.54360533e-17 0.00000000e+00 6.74187617e-19
7.58577575e+02 8.28131894e-18 4.45303689e-19 0.00000000e+00 7.83601525e-18 0.00000000e+00 4.45431341e-19
8.70963590e+02 4.26630972e-18 2.94229438e-19 0.00000000e+00 3.97208028e-18 0.00000000e+00 2.94293569e-19
1.00000000e+03 2.01060821e-18 0.00000000e+00 0.00000000e+00 2.01060821e-18 0.00000000e+00 0.00000000e+00
