# column 1: lambda (micron)
# column 2: total flux; lambda*F_lambda (W/m2)
# column 3: direct stellar flux; lambda*F_lambda (W/m2)
# column 4: scattered stellar flux; lambda*F_lambda (W/m2)
# column 5: total dust emission flux; lambda*F_lambda (W/m2)
# column 6: dust emission scattered flux; lambda*F_lambda (W/m2)
# column 7: transparent flux; lambda*F_lambda (W/m2)
1.00000000e-03 3.79415225e-13 3.78802044e-13 6.13180188e-16 0.00000000e+00 0.00000000e+00 5.25636674e-13
1.14815362e-03 4.08502185e-13 4.02457410e-13 6.04477513e-15 0.00000000e+00 0.00000000e+00 6.20419813e-13
1.31825674e-03 4.25648607e-13 4.22379623e-13 3.26898405e-15 0.00000000e+00 0.00000000e+00 7.32294308e-13
1.51356125e-03 4.52202538e-13 4.51785629e-13 4.16909506e-16 0.00000000e+00 0.00000000e+00 8.64342083e-13
1.73780083e-03 5.30773073e-13 5.29688429e-13 1.08464442e-15 0.00000000e+00 0.00000000e+00 1.02020080e-12
1.99526231e-03 5.08541681e-13 5.04973001e-13 3.56868078e-15 0.00000000e+00 0.00000000e+00 1.20416405e-12
2.29086765e-03 6.28634423e-13 5.65539456e-13 6.30949675e-14 0.00000000e+00 0.00000000e+00 1.42129968e-12
2.63026799e-03 9.65495320e-13 5.56002043e-13 4.09493277e-13 0.00000000e+00 0.00000000e+00 1.67758934e-12
3.01995172e-03 1.11866612e-12 5.05257760e-13 6.13408359e-13 0.00000000e+00 0.00000000e+00 1.98009332e-12
3.46736850e-03 4.90500123e-13 4.67230026e-13 2.32700975e-14 0.00000000e+00 0.00000000e+00 2.33714500e-12
3.98107171e-03 5.15514610e-13 4.36907681e-13 7.86069287e-14 0.00000000e+00 0.00000000e+00 2.75858048e-12
4.57088190e-03 1.44052362e-12 9.52469404e-13 4.88054213e-13 0.00000000e+00 0.00000000e+00 3.25600946e-12
5.24807460e-03 8.85284408e-13 7.99561703e-13 8.57227051e-14 0.00000000e+00 0.00000000e+00 3.84313516e-12
6.02559586e-03 1.24139108e-12 6.83228151e-13 5.58162925e-13 0.00000000e+00 0.00000000e+00 4.53613173e-12
6.91830971e-03 9.00669917e-13 6.02351395e-13 2.98318522e-13 0.00000000e+00 0.00000000e+00 5.35408989e-12
7.94328235e-03 2.34040212e-12 5.52212372e-13 1.78818975e-12 2.81083204e-305 1.72315528e-305 6.31954278e-12
9.12010839e-03 9.48867901e-13 4.98864363e-13 4.50003538e-13 1.16428360e-266 8.07006970e-267 7.45908676e-12
1.04712855e-02 1.12671927e-12 4.68775645e-13 6.57943622e-13 1.11250355e-232 9.88316168e-233 8.33078048e-12
1.20226443e-02 8.43769194e-13 3.95556902e-13 4.48212292e-13 3.34920286e-204 1.72513536e-204 8.33078048e-12
1.38038426e-02 6.18502423e-13 3.23389654e-13 2.95112769e-13 2.14305095e-178 1.78823825e-178 8.33078048e-12
1.58489319e-02 4.55619210e-13 2.52473859e-13 2.03145351e-13 7.21152074e-157 3.54288408e-157 8.33078048e-12
1.81970086e-02 3.08238993e-13 2.00936095e-13 1.07302898e-13 1.54071021e-137 1.02438517e-137 8.33078048e-12
2.08929613e-02 2.58703140e-13 1.66201900e-13 9.25012400e-14 6.26336074e-121 4.06062149e-121 8.33078048e-12
2.39883292e-02 2.17886897e-13 1.29970510e-13 8.79163871e-14 1.97221873e-106 1.38362176e-106 8.33078048e-12
2.75422870e-02 1.67041413e-13 9.76400602e-14 6.94013531e-14 7.24199604e-94 5.28633039e-94 8.33078048e-12
3.16227766e-02 1.35055101e-13 7.37681213e-14 6.12869801e-14 5.42129408e-83 3.99999679e-83 8.33078048e-12
3.63078055e-02 1.16702974e-13 5.92061339e-14 5.74968398e-14 1.75350601e-73 1.36409148e-73 8.33078048e-12
4.16869383e-02 1.06922324e-13 4.89513499e-14 5.79709744e-14 3.18947281e-65 2.58449673e-65 8.33078048e-12
4.78630092e-02 7.64815012e-14 2.89783800e-14 4.75031212e-14 3.85059653e-58 3.33801531e-58 8.33078048e-12
5.49540874e-02 5.07707470e-14 1.39774241e-14 3.67933228e-14 4.89111130e-52 4.49769963e-52 8.33078048e-12
6.30957344e-02 2.24043991e-14 2.24613066e-15 2.01582684e-14 7.92548200e-47 7.73336922e-47 8.33078048e-12
7.24435960e-02 9.54951395e-15 2.57597333e-16 9.29191662e-15 2.21106655e-42 2.19898183e-42 8.33078048e-12
8.31763771e-02 9.97043738e-15 3.12342802e-16 9.65809458e-15 2.36994768e-38 2.35477232e-38 8.33078048e-12
9.54992586e-02 1.23544853e-14 5.49654972e-16 1.18048303e-14 8.57883761e-35 8.50385046e-35 8.33078048e-12
1.09647820e-01 2.20848410e-14 2.67705250e-15 1.94077885e-14 1.18283759e-31 1.14865608e-31 7.95583672e-12
1.25892541e-01 3.86380468e-14 1.02766202e-14 2.83614266e-14 6.52676963e-29 6.04403068e-29 7.42481883e-12
1.44543977e-01 6.95711400e-14 2.95890862e-14 3.99820538e-14 1.31651319e-26 1.10405695e-26 6.92924411e-12
1.65958691e-01 1.05547912e-13 5.47510564e-14 5.07968553e-14 1.02449691e-24 8.01655148e-25 6.46674687e-12
1.90546072e-01 8.37246365e-14 3.71415910e-14 4.65830455e-14 1.99506586e-23 1.66389040e-23 6.03511933e-12
2.18776162e-01 4.49094534e-14 1.43655421e-14 3.05439111e-14 1.50782700e-22 1.35396208e-22 5.63230107e-12
2.51188643e-01 9.72492572e-14 4.43271484e-14 5.29221052e-14 3.64371193e-21 2.99671778e-21 5.25636919e-12
2.88403150e-01 1.55073263e-13 9.30584018e-14 6.20148148e-14 4.59605676e-20 3.31422563e-20 4.90552916e-12
3.31131121e-01 2.13770806e-13 1.44424689e-13 6.93457590e-14 3.57350773e-19 2.28719781e-19 4.57810618e-12
3.80189396e-01 2.77532153e-13 2.05371134e-13 7.21591853e-14 1.83450244e-18 9.84569661e-19 4.27253728e-12
4.36515832e-01 3.57619434e-13 2.84108194e-13 7.35031444e-14 8.09574790e-18 3.93036202e-18 3.98736380e-12
5.01187234e-01 4.60001456e-13 3.85271875e-13 7.47013618e-14 2.82195840e-17 1.20575845e-17 3.72122441e-12
5.75439937e-01 5.80703676e-13 5.05604189e-13 7.50086866e-14 9.08008439e-17 3.75442884e-17 3.47284869e-12
6.60693448e-01 7.14458801e-13 6.39365033e-13 7.47977376e-14 2.96030338e-16 1.32712438e-16 3.24105097e-12
7.58577575e-01 8.56989769e-13 7.83611091e-13 7.23729224e-14 1.00575612e-15 4.91242308e-16 3.02472476e-12
8.70963590e-01 1.01298996e-12 9.40576388e-13 6.90293486e-14 3.38422637e-15 1.59577256e-15 2.82283739e-12
1.00000000e+00 1.16788245e-12 1.09293706e-12 6.45658603e-14 1.03795318e-14 4.61156012e-15 2.63442513e-12
1.14815362e+00 1.32096263e-12 1.23095113e-12 6.00700838e-14 2.99414206e-14 1.19215824e-14 2.45858859e-12
1.31825674e+00 1.47711464e-12 1.34444909e-12 5.42314161e-14 7.84341389e-14 2.66079437e-14 2.29448837e-12
1.51356125e+00 1.65884698e-12 1.42275698e-12 4.76453963e-14 1.88444606e-13 5.35945305e-14 2.14134114e-12
1.73780083e+00 1.91325964e-12 1.46922873e-12 4.22539659e-14 4.01776950e-13 9.21679029e-14 1.99841583e-12
1.99526231e+00 2.30548609e-12 1.48505197e-12 3.59014978e-14 7.84532624e-13 1.40895457e-13 1.86503017e-12
2.29086765e+00 2.87584765e-12 1.47106950e-12 2.97086027e-14 1.37506955e-12 1.86874393e-13 1.74054743e-12
2.63026799e+00 3.65521433e-12 1.43299222e-12 2.41004093e-14 2.19812170e-12 2.20429419e-13 1.62437337e-12
3.01995172e+00 4.68733496e-12 1.37908591e-12 1.87229345e-14 3.28952612e-12 2.36878643e-13 1.51595343e-12
3.46736850e+00 5.82522154e-12 1.31570998e-12 1.39703700e-14 4.49554120e-12 2.31585584e-13 1.41477006e-12
3.98107171e+00 7.11604074e-12 1.24793474e-12 9.99667675e-15 5.85810933e-12 2.06417977e-13 1.32034025e-12
4.57088190e+00 8.31115378e-12 1.17867860e-12 6.83750091e-15 7.12563768e-12 1.68312193e-13 1.23221321e-12
5.24807460e+00 9.26778848e-12 9.83137581e-13 3.96137810e-15 8.28068952e-12 1.26362956e-13 1.01885146e-12
6.02559586e+00 9.79333725e-12 6.53481521e-13 1.73671470e-15 9.13811902e-12 8.76761311e-14 6.73148485e-13
6.70000000e+00 1.00985518e-11 4.76966797e-13 8.90188395e-16 9.62069485e-12 6.30031781e-14 4.89650796e-13
6.92422916e+00 1.02140697e-11 4.32511625e-13 7.12077355e-16 9.78084602e-12 5.64394891e-14 4.43605145e-13
7.15596261e+00 1.02571833e-11 3.92012597e-13 5.64553239e-16 9.86460615e-12 4.93685296e-14 4.01889522e-13
7.39545150e+00 1.03126893e-11 3.54937681e-13 4.28461556e-16 9.95732314e-12 4.25068089e-14 3.64096743e-13
7.64295536e+00 1.04069480e-11 3.20420339e-13 2.97274913e-16 1.00862304e-11 3.45620066e-14 3.29857910e-13
7.89874245e+00 1.04932583e-11 2.87838375e-13 1.76915156e-16 1.02052430e-11 2.60507559e-14 2.98838820e-13
8.16308998e+00 1.05100770e-11 2.57367288e-13 9.78811256e-17 1.02526119e-11 1.88085732e-14 2.70736695e-13
8.43628443e+00 1.04244964e-11 2.28612972e-13 4.86174508e-17 1.01958348e-11 1.26781701e-14 2.45277229e-13
8.71862190e+00 1.04311516e-11 2.03808184e-13 2.65896501e-17 1.02273168e-11 9.21896448e-15 2.22211915e-13
9.01040836e+00 1.03788810e-11 1.81298440e-13 1.32445411e-17 1.01975693e-11 6.28972355e-15 2.01315610e-13
9.31196005e+00 1.04270853e-11 1.61522955e-13 0.00000000e+00 1.02655623e-11 0.00000000e+00 1.82384346e-13
9.62360379e+00 1.05462722e-11 1.45866175e-13 0.00000000e+00 1.04004061e-11 0.00000000e+00 1.65233336e-13
9.94567731e+00 1.09045910e-11 1.33169636e-13 0.00000000e+00 1.07714214e-11 0.00000000e+00 1.49695167e-13
1.02785297e+01 1.10729566e-11 1.21999824e-13 0.00000000e+00 1.09509568e-11 0.00000000e+00 1.35618173e-13
1.06225216e+01 1.13079439e-11 1.11762736e-13 0.00000000e+00 1.11961812e-11 0.00000000e+00 1.22864947e-13
1.09780260e+01 1.16304174e-11 1.02578183e-13 0.00000000e+00 1.15278392e-11 0.00000000e+00 1.11311006e-13
1.13454280e+01 1.19050021e-11 9.39539416e-14 0.00000000e+00 1.18110481e-11 0.00000000e+00 1.00843571e-13
1.17251259e+01 1.21493367e-11 8.58949720e-14 0.00000000e+00 1.20634417e-11 0.00000000e+00 9.13604705e-14
1.21175312e+01 1.22536532e-11 7.84575033e-14 0.00000000e+00 1.21751957e-11 0.00000000e+00 8.27691389e-14
1.25230691e+01 1.23844116e-11 7.15952314e-14 0.00000000e+00 1.23128163e-11 0.00000000e+00 7.49857166e-14
1.29421791e+01 1.24510787e-11 6.52511015e-14 0.00000000e+00 1.23858276e-11 0.00000000e+00 6.79342298e-14
1.33753155e+01 1.23602469e-11 5.94084018e-14 0.00000000e+00 1.23008385e-11 0.00000000e+00 6.15458488e-14
1.38229477e+01 1.23412250e-11 5.39787020e-14 0.00000000e+00 1.22872463e-11 0.00000000e+00 5.57582167e-14
1.42855609e+01 1.24271022e-11 4.89672024e-14 0.00000000e+00 1.23781350e-11 0.00000000e+00 5.05148403e-14
1.47636563e+01 1.26513454e-11 4.42967886e-14 0.00000000e+00 1.26070486e-11 0.00000000e+00 4.57645392e-14
1.52577522e+01 1.29700418e-11 4.00442877e-14 0.00000000e+00 1.29299975e-11 0.00000000e+00 4.14609457e-14
1.57683840e+01 1.33048211e-11 3.61775893e-14 0.00000000e+00 1.32686435e-11 0.00000000e+00 3.75620523e-14
1.62961051e+01 1.35990634e-11 3.26785515e-14 0.00000000e+00 1.35663848e-11 0.00000000e+00 3.40298020e-14
1.68414875e+01 1.38691836e-11 2.95139226e-14 0.00000000e+00 1.38396697e-11 0.00000000e+00 3.08297166e-14
1.74051222e+01 1.41375213e-11 2.66823496e-14 0.00000000e+00 1.41108389e-11 0.00000000e+00 2.79305599e-14
1.79876201e+01 1.41803731e-11 2.41394013e-14 0.00000000e+00 1.41562337e-11 0.00000000e+00 2.53040334e-14
1.85896125e+01 1.43258781e-11 2.18707098e-14 0.00000000e+00 1.43040074e-11 0.00000000e+00 2.29244994e-14
1.92117518e+01 1.42080422e-11 1.98424589e-14 0.00000000e+00 1.41881997e-11 0.00000000e+00 2.07687314e-14
1.98547123e+01 1.41015235e-11 1.80170674e-14 0.00000000e+00 1.40835065e-11 0.00000000e+00 1.88156870e-14
2.05191907e+01 1.39369604e-11 1.63645851e-14 0.00000000e+00 1.39205959e-11 0.00000000e+00 1.70463024e-14
2.12059073e+01 1.35544410e-11 1.48615097e-14 0.00000000e+00 1.35395795e-11 0.00000000e+00 1.54433068e-14
2.19156062e+01 1.33464162e-11 1.34921886e-14 0.00000000e+00 1.33329240e-11 0.00000000e+00 1.39910532e-14
2.26490567e+01 1.30021648e-11 1.22469664e-14 0.00000000e+00 1.29899179e-11 0.00000000e+00 1.26753663e-14
2.34070535e+01 1.26788037e-11 1.11148644e-14 0.00000000e+00 1.26676888e-11 0.00000000e+00 1.14834036e-14
2.41904183e+01 1.23231017e-11 1.00857111e-14 0.00000000e+00 1.23130160e-11 0.00000000e+00 1.04035303e-14
2.50000000e+01 1.19082898e-11 9.15055551e-15 0.00000000e+00 1.18991393e-11 0.00000000e+00 9.42520591e-15
2.75422870e+01 1.06207655e-11 6.86927986e-15 0.00000000e+00 1.06138963e-11 0.00000000e+00 7.04872996e-15
3.16227766e+01 8.58981948e-12 4.55824413e-15 0.00000000e+00 8.58526123e-12 0.00000000e+00 4.65704970e-15
3.63078055e+01 6.49386011e-12 3.02278312e-15 0.00000000e+00 6.49083732e-12 0.00000000e+00 3.07688223e-15
4.16869383e+01 4.57281232e-12 2.00404293e-15 0.00000000e+00 4.57080827e-12 0.00000000e+00 2.03287593e-15
4.78630092e+01 3.01542903e-12 1.32822027e-15 0.00000000e+00 3.01410081e-12 0.00000000e+00 1.34310781e-15
5.49540874e+01 1.87576269e-12 8.79860925e-16 0.00000000e+00 1.87488283e-12 0.00000000e+00 8.87382527e-16
6.30957344e+01 1.11304468e-12 5.82537122e-16 0.00000000e+00 1.11246215e-12 0.00000000e+00 5.86287821e-16
7.24435960e+01 6.37473208e-13 3.85500016e-16 0.00000000e+00 6.37087708e-13 0.00000000e+00 3.87356522e-16
8.31763771e+01 3.55617193e-13 2.55006648e-16 0.00000000e+00 3.55362186e-13 0.00000000e+00 2.55923916e-16
9.54992586e+01 1.94764461e-13 1.68633040e-16 0.00000000e+00 1.94595828e-13 0.00000000e+00 1.69087255e-16
1.09647820e+02 1.05254414e-13 1.11489164e-16 0.00000000e+00 1.05142925e-13 0.00000000e+00 1.11714841e-16
1.25892541e+02 5.70066041e-14 7.36954759e-17 0.00000000e+00 5.69329086e-14 0.00000000e+00 7.38092637e-17
1.44543977e+02 3.07652937e-14 4.87075038e-17 0.00000000e+00 3.07165862e-14 0.00000000e+00 4.87652969e-17
1.65958691e+02 1.58456345e-14 3.21905699e-17 0.00000000e+00 1.58134439e-14 0.00000000e+00 3.22189122e-17
1.90546072e+02 8.18606325e-15 2.12727885e-17 0.00000000e+00 8.16479046e-15 0.00000000e+00 2.12868242e-17
2.18776162e+02 4.22871354e-15 1.40570724e-17 0.00000000e+00 4.21465647e-15 0.00000000e+00 1.40640653e-17
2.51188643e+02 2.18087847e-15 9.28854075e-18 0.00000000e+00 2.17158993e-15 0.00000000e+00 9.29203577e-18
2.88403150e+02 1.12117059e-15 6.13743873e-18 0.00000000e+00 1.11503315e-15 0.00000000e+00 6.13918715e-18
3.31131121e+02 5.75648994e-16 4.05524424e-18 0.00000000e+00 5.71593750e-16 0.00000000e+00 4.05612073e-18
3.80189396e+02 2.94837977e-16 2.67941289e-18 0.00000000e+00 2.92158564e-16 0.00000000e+00 2.67985239e-18
4.36515832e+02 1.50856515e-16 1.77034032e-18 0.00000000e+00 1.49086174e-16 0.00000000e+00 1.77056092e-18
5.01187234e+02 7.70927296e-17 1.16968725e-18 0.00000000e+00 7.59230424e-17 0.00000000e+00 1.16979800e-18
5.75439937e+02 3.93731449e-17 7.72822255e-19 0.00000000e+00 3.86003226e-17 0.00000000e+00 7.72877871e-19
6.60693448e+02 2.01083850e-17 5.10607409e-19 0.00000000e+00 1.95977776e-17 0.00000000e+00 5.10635346e-19
7.58577575e+02 1.02749647e-17 3.37359391e-19 0.00000000e+00 9.93760527e-18 0.00000000e+00 3.37373427e-19
8.70963590e+02 5.25536166e-18 2.22893362e-19 0.00000000e+00 5.03246830e-18 0.00000000e+00 2.22900413e-19
1.00000000e+03 2.54524149e-18 0.00000000e+00 0.00000000e+00 2.54524149e-18 0.00000000e+00 0.00000000e+00
