# column 1: lambda (micron)
# column 2: total flux; lambda*F_lambda (W/m2)
# column 3: direct stellar flux; lambda*F_lambda (W/m2)
# column 4: scattered stellar flux; lambda*F_lambda (W/m2)
# column 5: total dust emission flux; lambda*F_lambda (W/m2)
# column 6: dust emission scattered flux; lambda*F_lambda (W/m2)
# column 7: transparent flux; lambda*F_lambda (W/m2)
1.00000000e-03 4.62799729e-18 7.08355953e-20 4.55716169e-18 0.00000000e+00 0.00000000e+00 2.06075710e-13
1.14815362e-03 3.73360149e-18 7.02022453e-22 3.73289947e-18 0.00000000e+00 0.00000000e+00 2.43235413e-13
1.31825674e-03 6.47285585e-18 3.98605650e-24 6.47285186e-18 0.00000000e+00 0.00000000e+00 2.87095777e-13
1.51356125e-03 2.72504161e-18 5.36275805e-26 2.72504156e-18 0.00000000e+00 0.00000000e+00 3.38865070e-13
1.73780083e-03 4.11224585e-18 4.66759656e-26 4.11224580e-18 0.00000000e+00 0.00000000e+00 3.99969435e-13
1.99526231e-03 5.47212458e-18 3.36636575e-30 5.47212458e-18 0.00000000e+00 0.00000000e+00 4.72092178e-13
2.29086765e-03 6.88763629e-18 3.65654745e-31 6.88763629e-18 0.00000000e+00 0.00000000e+00 5.57220139e-13
2.63026799e-03 8.67315599e-18 1.06751914e-34 8.67315599e-18 0.00000000e+00 0.00000000e+00 6.57698429e-13
3.01995172e-03 1.13206094e-17 8.72877654e-40 1.13206094e-17 0.00000000e+00 0.00000000e+00 7.76295028e-13
3.46736850e-03 1.49840105e-17 1.57746029e-44 1.49840105e-17 0.00000000e+00 0.00000000e+00 9.16277040e-13
3.98107171e-03 9.28616641e-18 4.73051671e-49 9.28616641e-18 0.00000000e+00 0.00000000e+00 1.08150070e-12
4.57088190e-03 1.16863174e-16 7.12532302e-37 1.16863174e-16 0.00000000e+00 0.00000000e+00 1.27651759e-12
5.24807460e-03 1.28012107e-16 1.58817574e-43 1.28012107e-16 0.00000000e+00 0.00000000e+00 1.50670006e-12
6.02559586e-03 1.41587682e-16 7.93235145e-50 1.41587682e-16 0.00000000e+00 0.00000000e+00 1.77838917e-12
6.91830971e-03 1.41634884e-16 1.63846434e-55 1.41634884e-16 0.00000000e+00 0.00000000e+00 2.09906943e-12
7.94328235e-03 6.95795983e-15 1.99777896e-60 6.95795983e-15 0.00000000e+00 0.00000000e+00 2.47757497e-12
9.12010839e-03 2.82242346e-16 1.24970449e-65 2.82242346e-16 0.00000000e+00 0.00000000e+00 2.92433286e-12
1.04712855e-02 3.03006603e-16 5.45264021e-69 3.03006603e-16 0.00000000e+00 0.00000000e+00 3.26608014e-12
1.20226443e-02 5.28756914e-16 2.43060479e-72 5.28756914e-16 6.55888301e-316 6.55888301e-316 3.26608014e-12
1.38038426e-02 1.06536311e-15 2.57742442e-76 1.06536311e-15 8.05539901e-276 8.05539901e-276 3.26608014e-12
1.58489319e-02 3.72838581e-16 3.36353168e-81 3.72838581e-16 5.91089390e-242 5.91089390e-242 3.26608014e-12
1.81970086e-02 8.65421758e-16 1.05152478e-85 8.65421758e-16 3.68838869e-212 3.68838869e-212 3.26608014e-12
2.08929613e-02 5.61016738e-16 1.89328943e-89 5.61016738e-16 6.22978398e-186 6.22978398e-186 3.26608014e-12
2.39883292e-02 8.75742657e-16 2.66361507e-94 8.75742657e-16 1.60309848e-163 1.60309848e-163 3.26608014e-12
2.75422870e-02 4.84795113e-16 6.05401471e-100 4.84795113e-16 7.58337308e-144 7.58337308e-144 3.26608014e-12
3.16227766e-02 3.69001153e-16 1.77935825e-105 3.69001153e-16 7.19811853e-127 7.19811853e-127 3.26608014e-12
3.63078055e-02 5.08187495e-16 8.15468388e-110 5.08187495e-16 5.82208746e-112 5.82208746e-112 3.26608014e-12
4.16869383e-02 3.26367636e-16 1.44086842e-113 3.26367636e-16 5.58961919e-99 5.58961919e-99 3.26608014e-12
4.78630092e-02 4.59962645e-16 6.51877591e-124 4.59962645e-16 9.27614796e-88 9.27614796e-88 3.26608014e-12
5.49540874e-02 4.91308371e-16 2.68060701e-138 4.91308371e-16 4.75968118e-78 4.75968118e-78 3.26608014e-12
6.30957344e-02 3.81969069e-16 2.26731585e-174 3.81969069e-16 1.66619596e-69 1.66619596e-69 3.26608014e-12
7.24435960e-02 3.40637816e-16 4.23565506e-217 3.40637816e-16 3.92890289e-62 3.92890289e-62 3.26608014e-12
8.31763771e-02 4.14848101e-16 2.68620079e-213 4.14848101e-16 9.00996695e-56 9.00996695e-56 3.26608014e-12
9.54992586e-02 3.57331096e-16 3.80923799e-202 3.57331096e-16 3.43089845e-50 3.43089845e-50 3.26608014e-12
1.09647820e-01 4.97419396e-16 5.09407270e-170 4.97419396e-16 3.12920017e-45 3.12920017e-45 3.11908354e-12
1.25892541e-01 4.89390258e-16 3.81202033e-142 4.89390258e-16 1.00632980e-40 1.00632980e-40 2.91089813e-12
1.44543977e-01 6.07447684e-16 6.02871091e-120 6.07447684e-16 6.00934393e-37 6.00934393e-37 2.71660820e-12
1.65958691e-01 8.46744499e-16 1.80057190e-106 8.46744499e-16 9.99332074e-34 9.99332074e-34 2.53528629e-12
1.90546072e-01 8.53258562e-16 8.54303678e-113 8.53258562e-16 4.44746337e-31 4.44746337e-31 2.36606683e-12
2.18776162e-01 8.26776753e-16 3.32728372e-130 8.26776753e-16 6.68367337e-29 6.68367337e-29 2.20814205e-12
2.51188643e-01 1.29538259e-15 1.22220527e-106 1.29538259e-15 1.32251646e-26 1.32251646e-26 2.06075806e-12
2.88403150e-01 1.45665713e-15 1.13015346e-90 1.45665713e-15 9.34854090e-25 9.34854090e-25 1.92321132e-12
3.31131121e-01 1.72505161e-15 1.14404520e-80 1.72505156e-15 4.41947255e-23 4.41947255e-23 1.79484524e-12
3.80189396e-01 1.68063320e-15 2.17710567e-72 1.68063212e-15 1.08628664e-21 1.08628664e-21 1.67504704e-12
4.36515832e-01 1.98177392e-15 1.18642108e-64 1.98175501e-15 1.89096366e-20 1.89096366e-20 1.56324485e-12
5.01187234e-01 2.06709761e-15 2.61287986e-57 2.06691174e-15 1.85878516e-19 1.85878476e-19 1.45890498e-12
5.75439937e-01 2.61870416e-15 1.29729403e-50 2.61720402e-15 1.50013308e-18 1.50012744e-18 1.36152935e-12
6.60693448e-01 2.68918142e-15 1.19472316e-44 2.68007155e-15 9.10986970e-18 9.10982675e-18 1.27065312e-12
7.58577575e-01 3.12517044e-15 2.65602376e-39 3.08668971e-15 3.84807291e-17 3.84778535e-17 1.18584249e-12
8.70963590e-01 3.46263078e-15 2.28909544e-34 3.31400351e-15 1.48627269e-16 1.48550485e-16 1.10669260e-12
1.00000000e+00 4.26545144e-15 4.51697662e-30 3.81808354e-15 4.47367897e-16 4.46915459e-16 1.03282563e-12
1.14815362e+00 5.13297067e-15 2.15864208e-26 3.95682860e-15 1.17614207e-15 1.16715202e-15 9.63888963e-13
1.31825674e+00 6.74283978e-15 2.55478091e-23 4.07798873e-15 2.66485102e-15 2.60098198e-15 8.99553520e-13
1.51356125e+00 9.76944651e-15 7.19989655e-21 4.12604496e-15 5.64339435e-15 5.17855598e-15 8.39512191e-13
1.73780083e+00 1.58403221e-14 6.67515269e-19 4.19297589e-15 1.16466787e-14 9.13285242e-15 7.83478363e-13
1.99526231e+00 3.11487122e-14 2.33767925e-17 4.01502292e-15 2.71103125e-14 1.51065640e-14 7.31184552e-13
2.29086765e+00 6.54883237e-14 3.27409722e-16 3.95849489e-15 6.12024191e-14 2.16030776e-14 6.82381128e-13
2.63026799e+00 1.36617990e-13 2.14097672e-15 3.72734915e-15 1.30749664e-13 2.81290136e-14 6.36835122e-13
3.01995172e+00 2.61585976e-13 8.07265141e-15 3.28699798e-15 2.50226327e-13 3.12459017e-14 5.94329117e-13
3.46736850e+00 4.41947784e-13 2.04997644e-14 2.86599508e-15 4.18582025e-13 3.18032442e-14 5.54660204e-13
3.98107171e+00 6.61850004e-13 3.99221559e-14 2.29547723e-15 6.19632371e-13 2.86379289e-14 5.17639021e-13
4.57088190e+00 8.82208359e-13 6.42127150e-14 1.69295340e-15 8.16302690e-13 2.29756801e-14 4.83088843e-13
5.24807460e+00 1.06934524e-12 7.89605600e-14 1.08499799e-15 9.89299678e-13 1.66446290e-14 3.99440428e-13
6.02559586e+00 1.16386629e-12 6.86115886e-14 5.01341494e-16 1.09475336e-12 1.09340559e-14 2.63907674e-13
6.70000000e+00 1.20201946e-12 5.82610444e-14 2.63083991e-16 1.14349534e-12 7.47344428e-15 1.91967457e-13
6.92422916e+00 1.20390184e-12 5.50350977e-14 2.13175059e-16 1.14865356e-12 6.53227569e-15 1.73915272e-13
7.15596261e+00 1.20172904e-12 5.08719830e-14 1.72848118e-16 1.15068420e-12 5.67293472e-15 1.57560674e-13
7.39545150e+00 1.19093897e-12 4.48607112e-14 1.29897889e-16 1.14594836e-12 4.84058249e-15 1.42744025e-13
7.64295536e+00 1.15594273e-12 3.45870508e-14 8.85239434e-17 1.12126715e-12 3.87092553e-15 1.29320701e-13
7.89874245e+00 1.07569749e-12 2.13189495e-14 4.81163147e-17 1.05433042e-12 2.79192851e-15 1.17159675e-13
8.16308998e+00 9.55429720e-13 1.06332265e-14 2.49422266e-17 9.44771551e-13 1.90379915e-15 1.06142245e-13
8.43628443e+00 8.06936199e-13 3.93331774e-15 1.12073409e-17 8.02991674e-13 1.18109514e-15 9.61608686e-14
8.71862190e+00 7.10729370e-13 1.71525168e-15 5.81553841e-18 7.09008303e-13 7.90682580e-16 8.71181185e-14
9.01040836e+00 6.47226274e-13 6.77350452e-16 2.87639201e-18 6.46546047e-13 5.04841016e-16 7.89257281e-14
9.31196005e+00 5.96922231e-13 2.86837322e-16 0.00000000e+00 5.96635394e-13 0.00000000e+00 7.15037315e-14
9.62360379e+00 5.94269460e-13 2.24701391e-16 0.00000000e+00 5.94044759e-13 0.00000000e+00 6.47796826e-14
9.94567731e+00 6.35877969e-13 2.88723579e-16 0.00000000e+00 6.35589245e-13 0.00000000e+00 5.86879481e-14
1.02785297e+01 6.89255990e-13 4.34170220e-16 0.00000000e+00 6.88821819e-13 0.00000000e+00 5.31690665e-14
1.06225216e+01 7.38587665e-13 6.51783062e-16 0.00000000e+00 7.37935882e-13 0.00000000e+00 4.81691679e-14
1.09780260e+01 8.04950407e-13 1.06612364e-15 0.00000000e+00 8.03884283e-13 0.00000000e+00 4.36394486e-14
1.13454280e+01 8.66167004e-13 1.58750566e-15 0.00000000e+00 8.64579499e-13 0.00000000e+00 3.95356937e-14
1.17251259e+01 9.21479307e-13 2.17243719e-15 0.00000000e+00 9.19306870e-13 0.00000000e+00 3.58178467e-14
1.21175312e+01 9.80933251e-13 2.85523956e-15 0.00000000e+00 9.78078011e-13 0.00000000e+00 3.24496176e-14
1.25230691e+01 1.02409174e-12 3.59241820e-15 0.00000000e+00 1.02049932e-12 0.00000000e+00 2.93981291e-14
1.29421791e+01 1.06610103e-12 4.26905263e-15 0.00000000e+00 1.06183198e-12 0.00000000e+00 2.66335956e-14
1.33753155e+01 1.08567286e-12 4.84302410e-15 0.00000000e+00 1.08082983e-12 0.00000000e+00 2.41290327e-14
1.38229477e+01 1.10514671e-12 5.00810854e-15 0.00000000e+00 1.10013860e-12 0.00000000e+00 2.18599931e-14
1.42855609e+01 1.11970624e-12 4.81731302e-15 0.00000000e+00 1.11488893e-12 0.00000000e+00 1.98043289e-14
1.47636563e+01 1.13821797e-12 4.08032612e-15 0.00000000e+00 1.13413764e-12 0.00000000e+00 1.79419747e-14
1.52577522e+01 1.15712407e-12 3.34979323e-15 0.00000000e+00 1.15377428e-12 0.00000000e+00 1.62547521e-14
1.57683840e+01 1.17977695e-12 2.67366646e-15 0.00000000e+00 1.17710328e-12 0.00000000e+00 1.47261920e-14
1.62961051e+01 1.20300979e-12 2.11713782e-15 0.00000000e+00 1.20089265e-12 0.00000000e+00 1.33413743e-14
1.68414875e+01 1.23136696e-12 1.66612991e-15 0.00000000e+00 1.22970083e-12 0.00000000e+00 1.20867817e-14
1.74051222e+01 1.26027989e-12 1.37195748e-15 0.00000000e+00 1.25890794e-12 0.00000000e+00 1.09501681e-14
1.79876201e+01 1.29459263e-12 1.16638624e-15 0.00000000e+00 1.29342624e-12 0.00000000e+00 9.92043915e-15
1.85896125e+01 1.34683873e-12 1.05961030e-15 0.00000000e+00 1.34577912e-12 0.00000000e+00 8.98754353e-15
1.92117518e+01 1.37492380e-12 1.02456116e-15 0.00000000e+00 1.37389924e-12 0.00000000e+00 8.14237531e-15
1.98547123e+01 1.41587367e-12 1.02826118e-15 0.00000000e+00 1.41484541e-12 0.00000000e+00 7.37668479e-15
2.05191907e+01 1.45142726e-12 1.04635460e-15 0.00000000e+00 1.45038090e-12 0.00000000e+00 6.68299807e-15
2.12059073e+01 1.48231736e-12 1.05777596e-15 0.00000000e+00 1.48125959e-12 0.00000000e+00 6.05454408e-15
2.19156062e+01 1.51041248e-12 1.05394560e-15 0.00000000e+00 1.50935854e-12 0.00000000e+00 5.48518847e-15
2.26490567e+01 1.53700696e-12 1.04210160e-15 0.00000000e+00 1.53596486e-12 0.00000000e+00 4.96937378e-15
2.34070535e+01 1.56044002e-12 1.02282163e-15 0.00000000e+00 1.55941719e-12 0.00000000e+00 4.50206513e-15
2.41904183e+01 1.57635167e-12 9.96231290e-16 0.00000000e+00 1.57535544e-12 0.00000000e+00 4.07870113e-15
2.50000000e+01 1.58853757e-12 9.64117769e-16 0.00000000e+00 1.58757345e-12 0.00000000e+00 3.69514932e-15
2.75422870e+01 1.59741613e-12 8.56303947e-16 0.00000000e+00 1.59655982e-12 0.00000000e+00 2.76345259e-15
3.16227766e+01 1.52842338e-12 6.89175304e-16 0.00000000e+00 1.52773421e-12 0.00000000e+00 1.82579502e-15
3.63078055e+01 1.35530722e-12 5.38825843e-16 0.00000000e+00 1.35476839e-12 0.00000000e+00 1.20629081e-15
4.16869383e+01 1.10466780e-12 4.16483706e-16 0.00000000e+00 1.10425132e-12 0.00000000e+00 7.96988434e-16
4.78630092e+01 8.32227620e-13 3.17340681e-16 0.00000000e+00 8.31910279e-13 0.00000000e+00 5.26565037e-16
5.49540874e+01 5.82012040e-13 2.36317972e-16 0.00000000e+00 5.81775722e-13 0.00000000e+00 3.47898070e-16
6.30957344e+01 3.84296970e-13 1.71719903e-16 0.00000000e+00 3.84125250e-13 0.00000000e+00 2.29853975e-16
7.24435960e+01 2.41354575e-13 1.22084129e-16 0.00000000e+00 2.41232491e-13 0.00000000e+00 1.51863015e-16
8.31763771e+01 1.45905668e-13 8.52327649e-17 0.00000000e+00 1.45820435e-13 0.00000000e+00 1.00334899e-16
9.54992586e+01 8.56345405e-14 5.86648646e-17 0.00000000e+00 8.55758757e-14 0.00000000e+00 6.62906105e-17
1.09647820e+02 4.91701461e-14 3.99533240e-17 0.00000000e+00 4.91301928e-14 0.00000000e+00 4.37977720e-17
1.25892541e+02 2.80285766e-14 2.69780443e-17 0.00000000e+00 2.80015986e-14 0.00000000e+00 2.89369010e-17
1.44543977e+02 1.57985095e-14 1.81156735e-17 0.00000000e+00 1.57803938e-14 0.00000000e+00 1.91184209e-17
1.65958691e+02 8.46110097e-15 1.21363349e-17 0.00000000e+00 8.44896463e-15 0.00000000e+00 1.26314154e-17
1.90546072e+02 4.51739677e-15 8.09912295e-18 0.00000000e+00 4.50929765e-15 0.00000000e+00 8.34549342e-18
2.18776162e+02 2.40003623e-15 5.39062474e-18 0.00000000e+00 2.39464560e-15 0.00000000e+00 5.51381282e-18
2.51188643e+02 1.26772124e-15 3.58120528e-18 0.00000000e+00 1.26414003e-15 0.00000000e+00 3.64294000e-18
2.88403150e+02 6.65111019e-16 2.37592060e-18 0.00000000e+00 6.62735098e-16 0.00000000e+00 2.40686659e-18
3.31131121e+02 3.47455890e-16 1.57466401e-18 0.00000000e+00 3.45881226e-16 0.00000000e+00 1.59020099e-18
3.80189396e+02 1.80587383e-16 1.04283568e-18 0.00000000e+00 1.79544548e-16 0.00000000e+00 1.05063537e-18
4.36515832e+02 9.35340008e-17 6.90229663e-19 0.00000000e+00 9.28437711e-17 0.00000000e+00 6.94147908e-19
5.01187234e+02 4.82817310e-17 4.56650549e-19 0.00000000e+00 4.78250804e-17 0.00000000e+00 4.58618975e-19
5.75439937e+02 2.48584914e-17 3.02017522e-19 0.00000000e+00 2.45564739e-17 0.00000000e+00 3.03006552e-19
6.60693448e+02 1.27740034e-17 1.99697440e-19 0.00000000e+00 1.25743060e-17 0.00000000e+00 2.00194443e-19
7.58577575e+02 6.55526962e-18 1.32017380e-19 0.00000000e+00 6.42325224e-18 0.00000000e+00 1.32267157e-19
8.70963590e+02 3.36083559e-18 8.72625358e-20 0.00000000e+00 3.27357306e-18 0.00000000e+00 8.73880441e-20
1.00000000e+03 1.66480468e-18 0.00000000e+00 0.00000000e+00 1.66480468e-18 0.00000000e+00 0.00000000e+00
