# column 1: lambda (micron)
# column 2: total flux; lambda*F_lambda (W/m2)
# column 3: direct stellar flux; lambda*F_lambda (W/m2)
# column 4: scattered stellar flux; lambda*F_lambda (W/m2)
# column 5: total dust emission flux; lambda*F_lambda (W/m2)
# column 6: dust emission scattered flux; lambda*F_lambda (W/m2)
# column 7: transparent flux; lambda*F_lambda (W/m2)
1.00000000e-03 6.93994850e-13 6.93993746e-13 1.10394020e-18 0.00000000e+00 0.00000000e+00 6.93993746e-13
1.14815362e-03 8.19136833e-13 8.19135139e-13 1.69394548e-18 0.00000000e+00 0.00000000e+00 8.19135139e-13
1.31825674e-03 9.66844850e-13 9.66842108e-13 2.74221937e-18 0.00000000e+00 0.00000000e+00 9.66842108e-13
1.51356125e-03 1.14118808e-12 1.14118369e-12 4.39252884e-18 0.00000000e+00 0.00000000e+00 1.14118369e-12
1.73780083e-03 1.34697031e-12 1.34696266e-12 7.64642522e-18 0.00000000e+00 0.00000000e+00 1.34696266e-12
1.99526231e-03 1.58986157e-12 1.58984782e-12 1.37423434e-17 0.00000000e+00 0.00000000e+00 1.58984782e-12
2.29086765e-03 1.87655199e-12 1.87653019e-12 2.17929277e-17 0.00000000e+00 0.00000000e+00 1.87653019e-12
2.63026799e-03 2.21495031e-12 2.21490731e-12 4.30025844e-17 0.00000000e+00 0.00000000e+00 2.21490731e-12
3.01995172e-03 2.61437760e-12 2.61430080e-12 7.67951545e-17 0.00000000e+00 0.00000000e+00 2.61430080e-12
3.46736850e-03 3.08584378e-12 3.08571319e-12 1.30597467e-16 0.00000000e+00 0.00000000e+00 3.08571319e-12
3.98107171e-03 3.64234414e-12 3.64213095e-12 2.13190512e-16 0.00000000e+00 0.00000000e+00 3.64213095e-12
4.57088190e-03 4.29933743e-12 4.29888232e-12 4.55107459e-16 0.00000000e+00 0.00000000e+00 4.29888232e-12
5.24807460e-03 5.07498244e-12 5.07405951e-12 9.22929114e-16 0.00000000e+00 0.00000000e+00 5.07405951e-12
6.02559586e-03 5.99092796e-12 5.98901715e-12 1.91080882e-15 0.00000000e+00 0.00000000e+00 5.98901715e-12
6.91830971e-03 7.07165798e-12 7.06896053e-12 2.69745500e-15 0.00000000e+00 0.00000000e+00 7.06896053e-12
7.94328235e-03 8.34824645e-12 8.34363998e-12 4.60647247e-15 0.00000000e+00 0.00000000e+00 8.34363998e-12
9.12010839e-03 9.85513169e-12 9.84817045e-12 6.96124736e-15 0.00000000e+00 0.00000000e+00 9.84817045e-12
1.04712855e-02 1.10082785e-11 1.09990604e-11 9.21803200e-15 0.00000000e+00 0.00000000e+00 1.09990604e-11
1.20226443e-02 1.10153104e-11 1.09990604e-11 1.62499592e-14 8.91269390e-313 3.35350990e-315 1.09990604e-11
1.38038426e-02 1.10267812e-11 1.09990604e-11 2.77207820e-14 2.22788398e-273 1.19668816e-275 1.09990604e-11
1.58489319e-02 1.10398308e-11 1.09990604e-11 4.07703222e-14 4.40034506e-239 3.81449091e-241 1.09990604e-11
1.81970086e-02 1.10405506e-11 1.09990604e-11 4.14901671e-14 3.10366212e-209 3.59313173e-211 1.09990604e-11
2.08929613e-02 1.10586721e-11 1.09990604e-11 5.96116149e-14 2.76593929e-183 4.28621133e-185 1.09990604e-11
2.39883292e-02 1.10732678e-11 1.09990604e-11 7.42073690e-14 1.07170631e-160 2.25280225e-162 1.09990604e-11
2.75422870e-02 1.10984829e-11 1.09990604e-11 9.94224635e-14 4.87574377e-141 1.33960830e-142 1.09990604e-11
3.16227766e-02 1.11149755e-11 1.09990604e-11 1.15915088e-13 6.04383836e-124 2.06492506e-125 1.09990604e-11
3.63078055e-02 1.11314247e-11 1.09990604e-11 1.32364296e-13 4.35315130e-109 1.74120047e-110 1.09990604e-11
4.16869383e-02 1.11797364e-11 1.09990604e-11 1.80675927e-13 3.56471451e-96 1.87637491e-97 1.09990604e-11
4.78630092e-02 1.12325148e-11 1.09990604e-11 2.33454336e-13 5.88310146e-85 3.99506366e-86 1.09990604e-11
5.49540874e-02 1.12560847e-11 1.09990604e-11 2.57024209e-13 3.23027791e-75 2.59479869e-76 1.09990604e-11
6.30957344e-02 1.12791544e-11 1.09990604e-11 2.80093957e-13 1.23803002e-66 1.17476995e-67 1.09990604e-11
7.24435960e-02 1.12604244e-11 1.09990604e-11 2.61363967e-13 3.57946201e-59 3.49612576e-60 1.09990604e-11
8.31763771e-02 1.12525535e-11 1.09990604e-11 2.53493098e-13 9.54624314e-53 1.07686455e-53 1.09990604e-11
9.54992586e-02 1.12545424e-11 1.09990604e-11 2.55481954e-13 4.39238973e-47 6.23876435e-48 1.09990604e-11
1.09647820e-01 1.07706330e-11 1.05040253e-11 2.66607653e-13 4.14890541e-42 7.08082259e-43 1.05040253e-11
1.25892541e-01 1.00535981e-11 9.80292679e-12 2.50671333e-13 9.61762819e-38 1.72237622e-38 9.80292679e-12
1.44543977e-01 9.37828635e-12 9.14862359e-12 2.29662758e-13 6.00439286e-34 1.09058332e-34 9.14862359e-12
1.65958691e-01 8.76765382e-12 8.53799231e-12 2.29661505e-13 9.22869462e-31 1.88057785e-31 8.53799231e-12
1.90546072e-01 8.21842316e-12 7.96811805e-12 2.50305110e-13 3.93797329e-28 9.56141773e-29 7.96811805e-12
2.18776162e-01 7.67547512e-12 7.43628044e-12 2.39194688e-13 6.45937403e-26 1.70238686e-26 7.43628044e-12
2.51188643e-01 7.20130474e-12 6.93994070e-12 2.61364037e-13 9.09040306e-24 2.80221882e-24 6.93994070e-12
2.88403150e-01 6.71762630e-12 6.47672950e-12 2.40896798e-13 6.38199111e-22 1.95609766e-22 6.47672950e-12
3.31131121e-01 6.26086685e-12 6.04443567e-12 2.16431165e-13 2.42023439e-20 7.31346606e-21 6.04443567e-12
3.80189396e-01 5.84335927e-12 5.64099558e-12 2.02363150e-13 5.39081609e-19 1.61845256e-19 5.64099558e-12
4.36515832e-01 5.44583350e-12 5.26448339e-12 1.81342480e-13 7.63278322e-18 2.28134996e-18 5.26448339e-12
5.01187234e-01 5.07847665e-12 4.91310176e-12 1.65302902e-13 7.19881902e-17 2.12557785e-17 4.91310176e-12
5.75439937e-01 4.73325301e-12 4.58517335e-12 1.47600405e-13 4.79258503e-16 1.39555197e-16 4.58517335e-12
6.60693448e-01 4.41210208e-12 4.27913275e-12 1.30606954e-13 2.36238010e-15 6.76457282e-16 4.27913275e-12
7.58577575e-01 4.12120455e-12 3.99351904e-12 1.18645359e-13 9.04015369e-15 2.49830403e-15 3.99351904e-12
8.70963590e-01 3.85876079e-12 3.72696882e-12 1.03530664e-13 2.82613079e-14 7.40666878e-15 3.72696882e-12
1.00000000e+00 3.64090692e-12 3.47820968e-12 9.01108037e-14 7.25864347e-14 1.76072977e-14 3.47820968e-12
1.14815362e+00 3.48294793e-12 3.24605414e-12 7.46793528e-14 1.62214435e-13 3.49206399e-14 3.24605414e-12
1.31825674e+00 3.41260889e-12 3.02939399e-12 5.93418556e-14 3.23873044e-13 6.07169626e-14 3.02939399e-12
1.51356125e+00 3.44926484e-12 2.82719497e-12 4.66568133e-14 5.75413055e-13 9.06355891e-14 2.82719497e-12
1.73780083e+00 3.58843408e-12 2.63849186e-12 3.51104234e-14 9.14831790e-13 1.17123198e-13 2.63849186e-12
1.99526231e+00 3.79416661e-12 2.46238388e-12 2.63546529e-14 1.30542808e-12 1.29478434e-13 2.46238388e-12
2.29086765e+00 4.01234506e-12 2.29803035e-12 1.88064204e-14 1.69550830e-12 1.25344240e-13 2.29803035e-12
2.63026799e+00 4.19326583e-12 2.14464670e-12 1.32003987e-14 2.03541873e-12 1.11030627e-13 2.14464670e-12
3.01995172e+00 4.29439530e-12 2.00150076e-12 9.11936001e-15 2.28377518e-12 9.03664062e-14 2.00150076e-12
3.46736850e+00 4.32293921e-12 1.86790919e-12 6.39051076e-15 2.44863951e-12 6.95967110e-14 1.86790919e-12
3.98107171e+00 4.25456621e-12 1.74323429e-12 4.30811998e-15 2.50702380e-12 5.14041017e-14 1.74323429e-12
4.57088190e+00 4.11474809e-12 1.62688090e-12 2.91185770e-15 2.48495534e-12 3.58591524e-14 1.62688090e-12
5.24807460e+00 3.75356528e-12 1.34518114e-12 1.63549823e-15 2.40674864e-12 2.36991989e-14 1.34518114e-12
6.02559586e+00 3.18848621e-12 8.88752369e-13 7.22638155e-16 2.29901120e-12 1.50448542e-14 8.88752369e-13
6.70000000e+00 2.85437992e-12 6.46481889e-13 3.73435812e-16 2.20752460e-12 1.02212371e-14 6.46481889e-13
6.92422916e+00 2.75267737e-12 5.85688198e-13 3.04601753e-16 2.16668457e-12 8.90796767e-15 5.85688198e-13
7.15596261e+00 2.68592405e-12 5.30611407e-13 2.36428315e-16 2.15507621e-12 7.72456645e-15 5.30611407e-13
7.39545150e+00 2.65579931e-12 4.80713913e-13 1.81092598e-16 2.17490430e-12 6.65200942e-15 4.80713913e-13
7.64295536e+00 2.73780516e-12 4.35508666e-13 1.26506553e-16 2.30216999e-12 5.51840842e-15 4.35508666e-13
7.89874245e+00 2.99127939e-12 3.94554418e-13 7.61490589e-17 2.59664883e-12 4.31591722e-15 3.94554418e-13
8.16308998e+00 3.39047286e-12 3.57451415e-13 4.39793002e-17 3.03297746e-12 3.37540805e-15 3.57451415e-13
8.43628443e+00 3.93515130e-12 3.23837494e-13 2.50200094e-17 3.61128879e-12 2.55945837e-15 3.23837494e-13
8.71862190e+00 4.33420596e-12 2.93384550e-13 1.55374532e-17 4.04080587e-12 2.02324631e-15 2.93384550e-13
9.01040836e+00 4.74109443e-12 2.65795332e-13 9.96478816e-18 4.47528914e-12 1.55450386e-15 2.65795332e-13
9.31196005e+00 5.08742148e-12 2.40800541e-13 0.00000000e+00 4.84662094e-12 0.00000000e+00 2.40800541e-13
9.62360379e+00 5.06019228e-12 2.18156204e-13 0.00000000e+00 4.84203607e-12 0.00000000e+00 2.18156204e-13
9.94567731e+00 4.79063087e-12 1.97641289e-13 0.00000000e+00 4.59298959e-12 0.00000000e+00 1.97641289e-13
1.02785297e+01 4.45246249e-12 1.79055550e-13 0.00000000e+00 4.27340694e-12 0.00000000e+00 1.79055550e-13
1.06225216e+01 4.13128549e-12 1.62217572e-13 0.00000000e+00 3.96906792e-12 0.00000000e+00 1.62217572e-13
1.09780260e+01 3.75435413e-12 1.46962999e-13 0.00000000e+00 3.60739113e-12 0.00000000e+00 1.46962999e-13
1.13454280e+01 3.45448163e-12 1.33142932e-13 0.00000000e+00 3.32133869e-12 0.00000000e+00 1.33142932e-13
1.17251259e+01 3.18137682e-12 1.20622472e-13 0.00000000e+00 3.06075435e-12 0.00000000e+00 1.20622472e-13
1.21175312e+01 2.93867064e-12 1.09279408e-13 0.00000000e+00 2.82939123e-12 0.00000000e+00 1.09279408e-13
1.25230691e+01 2.72811906e-12 9.90030204e-14 0.00000000e+00 2.62911604e-12 0.00000000e+00 9.90030204e-14
1.29421791e+01 2.53694187e-12 8.96930008e-14 0.00000000e+00 2.44724887e-12 0.00000000e+00 8.96930008e-14
1.33753155e+01 2.40082629e-12 8.12584743e-14 0.00000000e+00 2.31956781e-12 0.00000000e+00 8.12584743e-14
1.38229477e+01 2.29592439e-12 7.36171115e-14 0.00000000e+00 2.22230727e-12 0.00000000e+00 7.36171115e-14
1.42855609e+01 2.26270974e-12 6.66943252e-14 0.00000000e+00 2.19601542e-12 0.00000000e+00 6.66943252e-14
1.47636563e+01 2.32203837e-12 6.04225420e-14 0.00000000e+00 2.26161583e-12 0.00000000e+00 6.04225420e-14
1.52577522e+01 2.40120705e-12 5.47405431e-14 0.00000000e+00 2.34646651e-12 0.00000000e+00 5.47405431e-14
1.57683840e+01 2.49827076e-12 4.95928665e-14 0.00000000e+00 2.44867789e-12 0.00000000e+00 4.95928665e-14
1.62961051e+01 2.59725192e-12 4.49292657e-14 0.00000000e+00 2.55232265e-12 0.00000000e+00 4.49292657e-14
1.68414875e+01 2.70366040e-12 4.07042194e-14 0.00000000e+00 2.66295618e-12 0.00000000e+00 4.07042194e-14
1.74051222e+01 2.78668157e-12 3.68764869e-14 0.00000000e+00 2.74980508e-12 0.00000000e+00 3.68764869e-14
1.79876201e+01 2.85395571e-12 3.34087056e-14 0.00000000e+00 2.82054701e-12 0.00000000e+00 3.34087056e-14
1.85896125e+01 2.88187150e-12 3.02670267e-14 0.00000000e+00 2.85160447e-12 0.00000000e+00 3.02670267e-14
1.92117518e+01 2.87393759e-12 2.74207841e-14 0.00000000e+00 2.84651681e-12 0.00000000e+00 2.74207841e-14
1.98547123e+01 2.86804488e-12 2.48421957e-14 0.00000000e+00 2.84320269e-12 0.00000000e+00 2.48421957e-14
2.05191907e+01 2.83005329e-12 2.25060919e-14 0.00000000e+00 2.80754720e-12 0.00000000e+00 2.25060919e-14
2.12059073e+01 2.81260052e-12 2.03896700e-14 0.00000000e+00 2.79221085e-12 0.00000000e+00 2.03896700e-14
2.19156062e+01 2.78428871e-12 1.84722717e-14 0.00000000e+00 2.76581644e-12 0.00000000e+00 1.84722717e-14
2.26490567e+01 2.76142366e-12 1.67351811e-14 0.00000000e+00 2.74468847e-12 0.00000000e+00 1.67351811e-14
2.34070535e+01 2.72694414e-12 1.51614426e-14 0.00000000e+00 2.71178269e-12 0.00000000e+00 1.51614426e-14
2.41904183e+01 2.71607442e-12 1.37356949e-14 0.00000000e+00 2.70233873e-12 0.00000000e+00 1.37356949e-14
2.50000000e+01 2.69049664e-12 1.24440213e-14 0.00000000e+00 2.67805262e-12 0.00000000e+00 1.24440213e-14
2.75422870e+01 2.59666891e-12 9.30637977e-15 0.00000000e+00 2.58736253e-12 0.00000000e+00 9.30637977e-15
3.16227766e+01 2.39021127e-12 6.14866414e-15 0.00000000e+00 2.38406261e-12 0.00000000e+00 6.14866414e-15
3.63078055e+01 2.06852652e-12 4.06238211e-15 0.00000000e+00 2.06446414e-12 0.00000000e+00 4.06238211e-15
4.16869383e+01 1.66182248e-12 2.68398924e-15 0.00000000e+00 1.65913849e-12 0.00000000e+00 2.68398924e-15
4.78630092e+01 1.24275691e-12 1.77329411e-15 0.00000000e+00 1.24098361e-12 0.00000000e+00 1.77329411e-15
5.49540874e+01 8.68735003e-13 1.17160380e-15 0.00000000e+00 8.67563399e-13 0.00000000e+00 1.17160380e-15
6.30957344e+01 5.73687207e-13 7.74070953e-16 0.00000000e+00 5.72913136e-13 0.00000000e+00 7.74070953e-16
7.24435960e+01 3.60767290e-13 5.11423607e-16 0.00000000e+00 3.60255867e-13 0.00000000e+00 5.11423607e-16
8.31763771e+01 2.18602149e-13 3.37894226e-16 0.00000000e+00 2.18264255e-13 0.00000000e+00 3.37894226e-16
9.54992586e+01 1.28665237e-13 2.23244502e-16 0.00000000e+00 1.28441993e-13 0.00000000e+00 2.23244502e-16
1.09647820e+02 7.40067854e-14 1.47496179e-16 0.00000000e+00 7.38592892e-14 0.00000000e+00 1.47496179e-16
1.25892541e+02 4.22346717e-14 9.74497594e-17 0.00000000e+00 4.21372220e-14 0.00000000e+00 9.74497594e-17
1.44543977e+02 2.38470794e-14 6.43844175e-17 0.00000000e+00 2.37826950e-14 0.00000000e+00 6.43844175e-17
1.65958691e+02 1.27880097e-14 4.25383628e-17 0.00000000e+00 1.27454713e-14 0.00000000e+00 4.25383628e-17
1.90546072e+02 6.83731520e-15 2.81048176e-17 0.00000000e+00 6.80921038e-15 0.00000000e+00 2.81048176e-17
2.18776162e+02 3.63748727e-15 1.85686688e-17 0.00000000e+00 3.61891861e-15 0.00000000e+00 1.85686688e-17
2.51188643e+02 1.92366435e-15 1.22681978e-17 0.00000000e+00 1.91139616e-15 0.00000000e+00 1.22681978e-17
2.88403150e+02 1.01062860e-15 8.10551794e-18 0.00000000e+00 1.00252308e-15 0.00000000e+00 8.10551794e-18
3.31131121e+02 5.28732405e-16 5.35526259e-18 0.00000000e+00 5.23377143e-16 0.00000000e+00 5.35526259e-18
3.80189396e+02 2.75294382e-16 3.53818691e-18 0.00000000e+00 2.71756195e-16 0.00000000e+00 3.53818691e-18
4.36515832e+02 1.42891601e-16 2.33765691e-18 0.00000000e+00 1.40553944e-16 0.00000000e+00 2.33765691e-18
5.01187234e+02 7.39555077e-17 1.54447460e-18 0.00000000e+00 7.24110331e-17 0.00000000e+00 1.54447460e-18
5.75439937e+02 3.82060183e-17 1.02042425e-18 0.00000000e+00 3.71855941e-17 0.00000000e+00 1.02042425e-18
6.60693448e+02 1.97169891e-17 6.74187617e-19 0.00000000e+00 1.90428015e-17 0.00000000e+00 6.74187617e-19
7.58577575e+02 1.01737739e-17 4.45431341e-19 0.00000000e+00 9.72834256e-18 0.00000000e+00 4.45431341e-19
8.70963590e+02 5.25256388e-18 2.94293569e-19 0.00000000e+00 4.95827031e-18 0.00000000e+00 2.94293569e-19
1.00000000e+03 2.52168348e-18 0.00000000e+00 0.00000000e+00 2.52168348e-18 0.00000000e+00 0.00000000e+00
