# column 1: lambda (micron)
# column 2: total flux; lambda*F_lambda (W/m2)
# column 3: direct stellar flux; lambda*F_lambda (W/m2)
# column 4: scattered stellar flux; lambda*F_lambda (W/m2)
# column 5: total dust emission flux; lambda*F_lambda (W/m2)
# column 6: dust emission scattered flux; lambda*F_lambda (W/m2)
# column 7: transparent flux; lambda*F_lambda (W/m2)
1.00000000e-03 8.33992199e-13 8.32800326e-13 1.19187388e-15 0.00000000e+00 0.00000000e+00 1.04634360e-12
1.14815362e-03 9.17126105e-13 9.13488903e-13 3.63720230e-15 0.00000000e+00 0.00000000e+00 1.23502095e-12
1.31825674e-03 9.96873058e-13 9.93471913e-13 3.40114485e-15 0.00000000e+00 0.00000000e+00 1.45772071e-12
1.51356125e-03 1.09595803e-12 1.09484810e-12 1.10993045e-15 0.00000000e+00 0.00000000e+00 1.72057784e-12
1.73780083e-03 1.28769998e-12 1.28624853e-12 1.45144954e-15 0.00000000e+00 0.00000000e+00 2.03083353e-12
1.99526231e-03 1.32318991e-12 1.30826819e-12 1.49217136e-14 0.00000000e+00 0.00000000e+00 2.39703472e-12
2.29086765e-03 1.50325122e-12 1.48869766e-12 1.45535519e-14 0.00000000e+00 0.00000000e+00 2.82926954e-12
2.63026799e-03 2.39497901e-12 1.54700403e-12 8.47974980e-13 0.00000000e+00 0.00000000e+00 3.33944522e-12
3.01995172e-03 1.74030570e-12 1.52181748e-12 2.18488215e-13 0.00000000e+00 0.00000000e+00 3.94161611e-12
3.46736850e-03 1.60148121e-12 1.51536097e-12 8.61202473e-14 0.00000000e+00 0.00000000e+00 4.65237083e-12
3.98107171e-03 1.58396193e-12 1.52069764e-12 6.32642914e-14 0.00000000e+00 0.00000000e+00 5.49128930e-12
4.57088190e-03 3.17406301e-12 2.75237890e-12 4.21684109e-13 0.00000000e+00 0.00000000e+00 6.48148207e-12
5.24807460e-03 3.50991911e-12 2.56203593e-12 9.47883179e-13 0.00000000e+00 0.00000000e+00 7.65022704e-12
6.02559586e-03 2.83769569e-12 2.41455088e-12 4.23144805e-13 0.00000000e+00 0.00000000e+00 9.02972084e-12
6.91830971e-03 4.07663878e-12 2.32564333e-12 1.75099545e-12 0.00000000e+00 0.00000000e+00 1.06579658e-11
7.94328235e-03 3.49477585e-12 2.30184283e-12 1.19293302e-12 0.00000000e+00 0.00000000e+00 1.25798170e-11
9.12010839e-03 3.14751741e-12 2.25508467e-12 8.92432748e-13 0.00000000e+00 0.00000000e+00 1.48482176e-11
1.04712855e-02 3.59003396e-12 2.23301733e-12 1.35701662e-12 0.00000000e+00 0.00000000e+00 1.65834298e-11
1.20226443e-02 2.77368655e-12 1.98381069e-12 7.89875868e-13 0.00000000e+00 0.00000000e+00 1.65834298e-11
1.38038426e-02 2.59199982e-12 1.72402594e-12 8.67973879e-13 7.13975000e-307 1.36436688e-307 1.65834298e-11
1.58489319e-02 1.98480083e-12 1.45088510e-12 5.33915727e-13 8.24499349e-268 1.62785926e-268 1.65834298e-11
1.81970086e-02 1.75713213e-12 1.23748869e-12 5.19643441e-13 8.12917407e-234 1.61132010e-234 1.65834298e-11
2.08929613e-02 1.69093440e-12 1.08420431e-12 6.06730097e-13 3.01834108e-204 6.06774011e-205 1.65834298e-11
2.39883292e-02 1.46014167e-12 9.13484156e-13 5.46657513e-13 1.63744224e-178 3.35668691e-179 1.65834298e-11
2.75422870e-02 1.35735253e-12 7.48426332e-13 6.08926195e-13 4.20291926e-156 9.00471546e-157 1.65834298e-11
3.16227766e-02 1.23203001e-12 6.15615318e-13 6.16414694e-13 1.29032464e-136 2.85883246e-137 1.65834298e-11
3.63078055e-02 1.13193473e-12 5.28159839e-13 6.03774894e-13 1.15813303e-119 2.60101996e-120 1.65834298e-11
4.16869383e-02 1.14830261e-12 4.62604450e-13 6.85698156e-13 6.51630812e-105 1.58739376e-105 1.65834298e-11
4.78630092e-02 1.02880431e-12 3.21040056e-13 7.07764250e-13 4.22279630e-92 1.07402137e-92 1.65834298e-11
5.49540874e-02 8.94918025e-13 1.93163680e-13 7.01754345e-13 5.51038688e-81 1.41341381e-81 1.65834298e-11
6.30957344e-02 6.51843935e-13 5.40364021e-14 5.97807533e-13 3.08928075e-71 7.95765425e-72 1.65834298e-11
7.24435960e-02 4.88664442e-13 1.19499977e-14 4.76714444e-13 8.40406588e-63 2.03462975e-63 1.65834298e-11
8.31763771e-02 4.52403665e-13 1.36672635e-14 4.38736402e-13 1.56239551e-55 3.63175679e-56 1.65834298e-11
9.54992586e-02 4.69428754e-13 2.02634143e-14 4.49165340e-13 3.19111352e-49 7.46535374e-50 1.65834298e-11
1.09647820e-01 5.62491668e-13 6.02188004e-14 5.02272868e-13 9.31321880e-44 2.35976158e-44 1.58370587e-11
1.25892541e-01 6.96016989e-13 1.50553455e-13 5.45463534e-13 4.82642109e-39 1.24641079e-39 1.47800032e-11
1.44543977e-01 8.16628391e-13 3.08044076e-13 5.08584316e-13 5.70130964e-35 1.43921398e-35 1.37935015e-11
1.65958691e-01 9.59365366e-13 4.63168270e-13 4.96197096e-13 1.40760551e-31 3.87195642e-32 1.28728446e-11
1.90546072e-01 8.27732092e-13 3.46108497e-13 4.81623595e-13 8.51427479e-29 2.54509680e-29 1.20136376e-11
2.18776162e-01 5.63298768e-13 1.74850353e-13 3.88448415e-13 1.75432200e-26 5.28139143e-27 1.12117790e-11
2.51188643e-01 8.00952856e-13 3.75438189e-13 4.25514667e-13 3.39345399e-24 1.18203555e-24 1.04634409e-11
2.88403150e-01 1.03087222e-12 6.16403825e-13 4.14468395e-13 3.08295005e-22 1.07228155e-22 9.76505125e-12
3.31131121e-01 1.20106545e-12 8.19925714e-13 3.81139719e-13 1.45237100e-20 5.19348822e-21 9.11327608e-12
3.80189396e-01 1.37565078e-12 1.02615845e-12 3.49491933e-13 3.98678046e-19 1.42585608e-19 8.50500410e-12
4.36515832e-01 1.57670426e-12 1.25986873e-12 3.16828920e-13 6.61370579e-18 2.31547152e-18 7.93733165e-12
5.01187234e-01 1.80776907e-12 1.52546228e-12 2.82234580e-13 7.22096303e-17 2.50547242e-17 7.40754890e-12
5.75439937e-01 2.05165364e-12 1.80532481e-12 2.45790383e-13 5.38453300e-16 1.82819795e-16 6.91312687e-12
6.60693448e-01 2.30216894e-12 2.08203230e-12 2.17202804e-13 2.93384301e-15 9.42767418e-16 6.45170538e-12
7.58577575e-01 2.54779384e-12 2.34937712e-12 1.86167552e-13 1.22491647e-14 3.76512813e-15 6.02108180e-12
8.70963590e-01 2.81265456e-12 2.61280156e-12 1.58594471e-13 4.12585361e-14 1.16304715e-14 5.61920048e-12
1.00000000e+00 3.08571366e-12 2.84080079e-12 1.30609805e-13 1.14303068e-13 2.96225964e-14 5.24414302e-12
1.14815362e+00 3.39940197e-12 3.02224707e-12 1.06092652e-13 2.71062246e-13 6.20560799e-14 4.89411902e-12
1.31825674e+00 3.80529906e-12 3.14718750e-12 8.35964111e-14 5.74515149e-13 1.13299497e-13 4.56745763e-12
1.51356125e+00 4.35075253e-12 3.20595475e-12 6.78412345e-14 1.07695654e-12 1.77023007e-13 4.26259947e-12
1.73780083e+00 5.08697862e-12 3.21060582e-12 5.58136749e-14 1.82055912e-12 2.50417163e-13 3.97808929e-12
1.99526231e+00 5.99399200e-12 3.16761237e-12 4.43071520e-14 2.78207247e-12 3.10300992e-13 3.71256894e-12
2.29086765e+00 6.98854401e-12 3.08157524e-12 3.54880062e-14 3.87148076e-12 3.42629814e-13 3.46477093e-12
2.63026799e+00 8.01396636e-12 2.96305920e-12 2.77108052e-14 5.02319636e-12 3.48958581e-13 3.23351237e-12
3.01995172e+00 8.98248370e-12 2.82514414e-12 2.16388778e-14 6.13570068e-12 3.32354560e-13 3.01768933e-12
3.46736850e+00 9.92852370e-12 2.67736762e-12 1.64413708e-14 7.23471472e-12 3.03882056e-13 2.81627154e-12
3.98107171e+00 1.07445839e-11 2.52701354e-12 1.22670215e-14 8.20530330e-12 2.61970055e-13 2.62829753e-12
4.57088190e+00 1.15373776e-11 2.37811740e-12 8.74107078e-15 9.15051912e-12 2.12656947e-13 2.45286997e-12
5.24807460e+00 1.18333556e-11 1.97834400e-12 5.28184677e-15 9.84972971e-12 1.58634800e-13 2.02814751e-12
6.02559586e+00 1.17420478e-11 1.31258275e-12 2.43777221e-15 1.04270272e-11 1.12933401e-13 1.33998377e-12
6.70000000e+00 1.16946827e-11 9.57046400e-13 1.28763340e-15 1.07363486e-11 8.19127061e-14 9.74709347e-13
6.92422916e+00 1.17354929e-11 8.67603883e-13 1.04764527e-15 1.08668413e-11 7.36892366e-14 8.83049889e-13
7.15596261e+00 1.17171056e-11 7.86258708e-13 8.30631340e-16 1.09300163e-11 6.53851148e-14 8.00009879e-13
7.39545150e+00 1.17109983e-11 7.12025899e-13 6.31823616e-16 1.09983406e-11 5.60829212e-14 7.24778763e-13
7.64295536e+00 1.18022681e-11 6.43474534e-13 4.26052252e-16 1.11583675e-11 4.45940339e-14 6.56622211e-13
7.89874245e+00 1.19067608e-11 5.79530475e-13 2.43504840e-16 1.13269869e-11 3.24131572e-14 5.94874946e-13
8.16308998e+00 1.21781834e-11 5.20248613e-13 1.28943809e-16 1.16578059e-11 2.24750169e-14 5.38934254e-13
8.43628443e+00 1.23616717e-11 4.64894908e-13 6.38178790e-17 1.18967129e-11 1.49193092e-14 4.88254098e-13
8.71862190e+00 1.25210931e-11 4.16480662e-13 3.68699085e-17 1.21045755e-11 1.10851088e-14 4.42339790e-13
9.01040836e+00 1.28934071e-11 3.72541050e-13 2.09608953e-17 1.25208451e-11 8.21986329e-15 4.00743158e-13
9.31196005e+00 1.28905645e-11 3.33594356e-13 0.00000000e+00 1.25569701e-11 0.00000000e+00 3.63058180e-13
9.62360379e+00 1.29273929e-11 3.01550769e-13 0.00000000e+00 1.26258421e-11 0.00000000e+00 3.28917012e-13
9.94567731e+00 1.30710158e-11 2.74661733e-13 0.00000000e+00 1.27963540e-11 0.00000000e+00 2.97986401e-13
1.02785297e+01 1.30018522e-11 2.50774512e-13 0.00000000e+00 1.27510777e-11 0.00000000e+00 2.69964435e-13
1.06225216e+01 1.29726080e-11 2.28958811e-13 0.00000000e+00 1.27436491e-11 0.00000000e+00 2.44577592e-13
1.09780260e+01 1.31420881e-11 2.09316180e-13 0.00000000e+00 1.29327719e-11 0.00000000e+00 2.21578069e-13
1.13454280e+01 1.33360678e-11 1.91083219e-13 0.00000000e+00 1.31449846e-11 0.00000000e+00 2.00741370e-13
1.17251259e+01 1.36430197e-11 1.74212699e-13 0.00000000e+00 1.34688070e-11 0.00000000e+00 1.81864106e-13
1.21175312e+01 1.38944906e-11 1.58733325e-13 0.00000000e+00 1.37357573e-11 0.00000000e+00 1.64762018e-13
1.25230691e+01 1.43230873e-11 1.44532585e-13 0.00000000e+00 1.41785547e-11 0.00000000e+00 1.49268171e-13
1.29421791e+01 1.46976888e-11 1.31487080e-13 0.00000000e+00 1.45662017e-11 0.00000000e+00 1.35231331e-13
1.33753155e+01 1.49924176e-11 1.19533933e-13 0.00000000e+00 1.48728836e-11 0.00000000e+00 1.22514483e-13
1.38229477e+01 1.53177780e-11 1.08513150e-13 0.00000000e+00 1.52092648e-11 0.00000000e+00 1.10993499e-13
1.42855609e+01 1.57339823e-11 9.83991981e-14 0.00000000e+00 1.56355831e-11 0.00000000e+00 1.00555922e-13
1.47636563e+01 1.62471939e-11 8.90540196e-14 0.00000000e+00 1.61581399e-11 0.00000000e+00 9.10998706e-14
1.52577522e+01 1.68099994e-11 8.05577675e-14 0.00000000e+00 1.67294416e-11 0.00000000e+00 8.25330452e-14
1.57683840e+01 1.72932558e-11 7.28406293e-14 0.00000000e+00 1.72204152e-11 0.00000000e+00 7.47718247e-14
1.62961051e+01 1.79398897e-11 6.58547470e-14 0.00000000e+00 1.78740350e-11 0.00000000e+00 6.77404517e-14
1.68414875e+01 1.84387460e-11 5.95332162e-14 0.00000000e+00 1.83792128e-11 0.00000000e+00 6.13702932e-14
1.74051222e+01 1.90559994e-11 5.38559029e-14 0.00000000e+00 1.90021435e-11 0.00000000e+00 5.55991699e-14
1.79876201e+01 1.95287472e-11 4.87438690e-14 0.00000000e+00 1.94800033e-11 0.00000000e+00 5.03707500e-14
1.85896125e+01 1.99910200e-11 4.41619676e-14 0.00000000e+00 1.99468581e-11 0.00000000e+00 4.56339988e-14
1.92117518e+01 2.03655457e-11 4.00490550e-14 0.00000000e+00 2.03254966e-11 0.00000000e+00 4.13426810e-14
1.98547123e+01 2.05980134e-11 3.63399383e-14 0.00000000e+00 2.05616735e-11 0.00000000e+00 3.74549090e-14
2.05191907e+01 2.09298985e-11 3.29813380e-14 0.00000000e+00 2.08969172e-11 0.00000000e+00 3.39327342e-14
2.12059073e+01 2.09626597e-11 2.99301216e-14 0.00000000e+00 2.09327296e-11 0.00000000e+00 3.07417768e-14
2.19156062e+01 2.10729221e-11 2.71551509e-14 0.00000000e+00 2.10457669e-11 0.00000000e+00 2.78508898e-14
2.26490567e+01 2.10595518e-11 2.46345622e-14 0.00000000e+00 2.10349173e-11 0.00000000e+00 2.52318552e-14
2.34070535e+01 2.10019304e-11 2.23454120e-14 0.00000000e+00 2.09795850e-11 0.00000000e+00 2.28591087e-14
2.41904183e+01 2.08408318e-11 2.02665964e-14 0.00000000e+00 2.08205652e-11 0.00000000e+00 2.07094900e-14
2.50000000e+01 2.05952863e-11 1.83793640e-14 0.00000000e+00 2.05769070e-11 0.00000000e+00 1.87620165e-14
2.75422870e+01 1.95117494e-11 1.37814788e-14 0.00000000e+00 1.94979679e-11 0.00000000e+00 1.40313526e-14
3.16227766e+01 1.71175943e-11 9.13293168e-15 0.00000000e+00 1.71084614e-11 0.00000000e+00 9.27042274e-15
3.63078055e+01 1.39761809e-11 6.04966901e-15 0.00000000e+00 1.39701312e-11 0.00000000e+00 6.12490756e-15
4.16869383e+01 1.06205270e-11 4.00660758e-15 0.00000000e+00 1.06165204e-11 0.00000000e+00 4.04668630e-15
4.78630092e+01 7.48146305e-12 2.65293482e-15 0.00000000e+00 7.47881011e-12 0.00000000e+00 2.67361912e-15
5.49540874e+01 4.94946287e-12 1.75599651e-15 0.00000000e+00 4.94770687e-12 0.00000000e+00 1.76644264e-15
6.30957344e+01 3.09978166e-12 1.16186969e-15 0.00000000e+00 3.09861979e-12 0.00000000e+00 1.16707708e-15
7.24435960e+01 1.85514312e-12 7.68503276e-16 0.00000000e+00 1.85437462e-12 0.00000000e+00 7.71080178e-16
8.31763771e+01 1.07417907e-12 5.08174652e-16 0.00000000e+00 1.07367090e-12 0.00000000e+00 5.09447621e-16
9.54992586e+01 6.06302023e-13 3.35958440e-16 0.00000000e+00 6.05966064e-13 0.00000000e+00 3.36588705e-16
1.09647820e+02 3.36005853e-13 2.22068836e-16 0.00000000e+00 3.35783784e-13 0.00000000e+00 2.22381952e-16
1.25892541e+02 1.85572344e-13 1.46768435e-16 0.00000000e+00 1.85425575e-13 0.00000000e+00 1.46926299e-16
1.44543977e+02 1.01724722e-13 9.69930679e-17 0.00000000e+00 1.01627729e-13 0.00000000e+00 9.70732430e-17
1.65958691e+02 5.32076346e-14 6.40963389e-17 0.00000000e+00 5.31435383e-14 0.00000000e+00 6.41356556e-17
1.90546072e+02 2.78113311e-14 4.23545377e-17 0.00000000e+00 2.77689766e-14 0.00000000e+00 4.23740075e-17
2.18776162e+02 1.45077971e-14 2.79865291e-17 0.00000000e+00 1.44798106e-14 0.00000000e+00 2.79962291e-17
2.51188643e+02 7.53977533e-15 1.84920772e-17 0.00000000e+00 7.52128326e-15 0.00000000e+00 1.84969251e-17
2.88403150e+02 3.90035100e-15 1.22183720e-17 0.00000000e+00 3.88813262e-15 0.00000000e+00 1.22207972e-17
3.31131121e+02 2.01248188e-15 8.07298491e-18 0.00000000e+00 2.00440890e-15 0.00000000e+00 8.07420067e-18
3.80189396e+02 1.03485000e-15 5.33396187e-18 0.00000000e+00 1.02951603e-15 0.00000000e+00 5.33457148e-18
4.36515832e+02 5.30973005e-16 3.52421045e-18 0.00000000e+00 5.27448795e-16 0.00000000e+00 3.52451642e-18
5.01187234e+02 2.71849191e-16 2.32847130e-18 0.00000000e+00 2.69520720e-16 0.00000000e+00 2.32862491e-18
5.75439937e+02 1.38961963e-16 1.53843008e-18 0.00000000e+00 1.37423533e-16 0.00000000e+00 1.53850722e-18
6.60693448e+02 7.09578140e-17 1.01644289e-18 0.00000000e+00 6.99413711e-17 0.00000000e+00 1.01648164e-18
7.58577575e+02 3.62113178e-17 6.71563291e-19 0.00000000e+00 3.55397545e-17 0.00000000e+00 6.71582760e-19
8.70963590e+02 1.84730913e-17 4.43700549e-19 0.00000000e+00 1.80293908e-17 0.00000000e+00 4.43710329e-19
1.00000000e+03 9.13243307e-18 0.00000000e+00 0.00000000e+00 9.13243307e-18 0.00000000e+00 0.00000000e+00
