# column 1: lambda (micron)
# column 2: total flux; lambda*F_lambda (W/m2)
# column 3: direct stellar flux; lambda*F_lambda (W/m2)
# column 4: scattered stellar flux; lambda*F_lambda (W/m2)
# column 5: total dust emission flux; lambda*F_lambda (W/m2)
# column 6: dust emission scattered flux; lambda*F_lambda (W/m2)
# column 7: transparent flux; lambda*F_lambda (W/m2)
1.00000000e-03 5.32175351e-19 2.54296506e-40 5.32175351e-19 0.00000000e+00 0.00000000e+00 2.19080387e-29
1.14815362e-03 5.72268958e-19 9.23380344e-44 5.72268958e-19 0.00000000e+00 0.00000000e+00 2.58585101e-29
1.31825674e-03 6.51408545e-19 1.30667706e-47 6.51408545e-19 0.00000000e+00 0.00000000e+00 3.05213331e-29
1.51356125e-03 8.45142018e-19 7.95763248e-51 8.45142018e-19 0.00000000e+00 0.00000000e+00 3.60249593e-29
1.73780083e-03 1.50965820e-18 5.61009851e-51 1.50965820e-18 0.00000000e+00 0.00000000e+00 4.25210029e-29
1.99526231e-03 1.90614756e-18 4.91970793e-58 1.90614756e-18 0.00000000e+00 0.00000000e+00 5.01884171e-29
2.29086765e-03 2.73683555e-18 1.02590337e-59 2.73683555e-18 0.00000000e+00 0.00000000e+00 5.92384244e-29
2.63026799e-03 4.83877244e-18 9.58040091e-66 4.83877244e-18 0.00000000e+00 0.00000000e+00 6.99203348e-29
3.01995172e-03 6.05595960e-18 2.11248808e-74 6.05595960e-18 0.00000000e+00 0.00000000e+00 8.25284140e-29
3.46736850e-03 8.38670126e-18 1.78196414e-82 8.38670126e-18 0.00000000e+00 0.00000000e+00 9.74099901e-29
3.98107171e-03 1.07936487e-17 3.54080151e-90 1.07936487e-17 0.00000000e+00 0.00000000e+00 1.14975021e-28
4.57088190e-03 1.02323874e-16 1.26349043e-69 1.02323874e-16 0.00000000e+00 0.00000000e+00 1.35707390e-28
5.24807460e-03 6.48574055e-17 6.28384945e-81 6.48574055e-17 0.00000000e+00 0.00000000e+00 1.60178233e-28
6.02559586e-03 1.65902597e-16 1.22375353e-91 1.65902597e-16 0.00000000e+00 0.00000000e+00 1.89061674e-28
6.91830971e-03 1.21790805e-16 2.63145479e-101 1.21790805e-16 0.00000000e+00 0.00000000e+00 2.23153395e-28
7.94328235e-03 1.91451215e-16 1.14073589e-109 1.91451215e-16 0.00000000e+00 0.00000000e+00 2.63392557e-28
9.12010839e-03 2.31643888e-16 1.59886559e-118 2.31643888e-16 0.00000000e+00 0.00000000e+00 3.10887671e-28
1.04712855e-02 2.77189604e-16 3.06124737e-124 2.77189604e-16 0.00000000e+00 0.00000000e+00 3.47219039e-28
1.20226443e-02 6.28881530e-16 6.56050454e-130 6.28881530e-16 1.89740581e-315 1.89740581e-315 3.47219039e-28
1.38038426e-02 5.31440045e-16 1.23857828e-136 5.31440045e-16 7.66016969e-276 7.66016969e-276 3.47219039e-28
1.58489319e-02 7.77646270e-16 6.75501810e-145 7.77646270e-16 7.79619810e-242 7.79619810e-242 3.47219039e-28
1.81970086e-02 9.18804980e-16 1.61515404e-152 9.18804980e-16 4.13275827e-212 4.13275827e-212 3.47219039e-28
2.08929613e-02 1.19198195e-15 7.46764081e-159 1.19198195e-15 4.06965385e-186 4.06965385e-186 3.47219039e-28
2.39883292e-02 1.53102128e-15 4.62502732e-167 1.53102128e-15 1.99196446e-163 1.99196446e-163 3.47219039e-28
2.75422870e-02 2.04851031e-15 1.31127996e-176 2.04851031e-15 7.19431807e-144 7.19431807e-144 3.47219039e-28
3.16227766e-02 2.50616472e-15 5.74327840e-186 2.50616472e-15 9.72055749e-127 9.72055749e-127 3.47219039e-28
3.63078055e-02 1.87280204e-15 2.62291841e-193 1.87280204e-15 5.06286267e-112 5.06286267e-112 3.47219039e-28
4.16869383e-02 2.77269267e-15 1.17466764e-199 2.77269267e-15 4.67739685e-99 4.67739685e-99 3.47219039e-28
4.78630092e-02 2.96662723e-15 3.71025325e-217 2.96662723e-15 7.74634780e-88 7.74634780e-88 3.47219039e-28
5.49540874e-02 2.36275746e-15 1.70459135e-241 2.36275746e-15 2.61418955e-78 2.61418955e-78 3.47219039e-28
6.30957344e-02 1.16594959e-15 1.60191049e-302 1.16594959e-15 3.82686916e-70 3.82686916e-70 3.47219039e-28
7.24435960e-02 2.05893173e-16 0.00000000e+00 2.05893173e-16 4.12230003e-63 4.12230003e-63 3.47219039e-28
8.31763771e-02 3.35122883e-16 0.00000000e+00 3.35122883e-16 7.17633860e-57 7.17633860e-57 3.47219039e-28
9.54992586e-02 4.35835225e-16 0.00000000e+00 4.35835225e-16 2.52339076e-51 2.52339076e-51 3.47219039e-28
1.09647820e-01 1.11910324e-15 3.80477495e-295 1.11910324e-15 4.90495050e-46 4.90495050e-46 3.31591739e-28
1.25892541e-01 2.22368772e-15 5.72549339e-248 2.22368772e-15 1.89340096e-41 1.89340096e-41 3.09459416e-28
1.44543977e-01 3.13593557e-15 2.15988179e-210 3.13593557e-15 2.25099408e-37 2.25099408e-37 2.88804331e-28
1.65958691e-01 5.13574814e-15 1.41966658e-187 5.13574814e-15 4.14993917e-34 4.14993917e-34 2.69527884e-28
1.90546072e-01 4.80566664e-15 2.98185454e-198 4.80566664e-15 1.69708581e-31 1.69708581e-31 2.51538057e-28
2.18776162e-01 2.88899418e-15 1.10209425e-227 2.88899418e-15 2.51562085e-29 2.51562085e-29 2.34748974e-28
2.51188643e-01 7.12675484e-15 8.50701579e-188 7.12675484e-15 8.14526300e-27 8.14526300e-27 2.19080489e-28
2.88403150e-01 9.52847483e-15 9.15003611e-161 9.52847482e-15 8.27810817e-25 8.27810817e-25 2.04457809e-28
3.31131121e-01 1.14029476e-14 8.10806663e-144 1.14029476e-14 4.89674942e-23 4.89674942e-23 1.90811129e-28
3.80189396e-01 1.25083449e-14 8.64224247e-130 1.25083435e-14 1.46535821e-21 1.46535821e-21 1.78075307e-28
4.36515832e-01 1.37640801e-14 1.11063336e-116 1.37640505e-14 2.95181478e-20 2.95181478e-20 1.66189546e-28
5.01187234e-01 1.52066393e-14 3.08202995e-104 1.52062785e-14 3.60755539e-19 3.60755539e-19 1.55097109e-28
5.75439937e-01 1.73904457e-14 6.88000177e-93 1.73872763e-14 3.16941030e-18 3.16941030e-18 1.44745044e-28
6.60693448e-01 1.89969893e-14 8.88145466e-83 1.89760011e-14 2.09882238e-17 2.09882237e-17 1.35083935e-28
7.58577575e-01 2.06597237e-14 1.03539628e-73 2.05651907e-14 9.45330351e-17 9.45329328e-17 1.26067663e-28
8.70963590e-01 2.21101475e-14 2.42944848e-65 2.17317821e-14 3.78365317e-16 3.78329699e-16 1.17653189e-28
1.00000000e+00 2.38783538e-14 4.70708741e-58 2.27578764e-14 1.12047737e-15 1.12017077e-15 1.09800344e-28
1.14815362e+00 2.53714643e-14 8.28160156e-52 2.23813347e-14 2.99012956e-15 2.98127135e-15 1.02471644e-28
1.31825674e+00 2.93975491e-14 1.37400888e-46 2.24335882e-14 6.96396094e-15 6.89406623e-15 9.56321020e-29
1.51356125e+00 3.57058463e-14 2.01163372e-42 2.16266455e-14 1.40792008e-14 1.36043151e-14 8.92490705e-29
1.73780083e+00 4.75324677e-14 4.49008836e-39 2.08418011e-14 2.66906666e-14 2.41869813e-14 8.32920789e-29
1.99526231e+00 7.06353548e-14 1.93045091e-36 1.87624249e-14 5.18729300e-14 3.92159746e-14 7.77326909e-29
2.29086765e+00 1.22435427e-13 1.76078656e-34 1.68275067e-14 1.05607920e-13 5.73095782e-14 7.25443681e-29
2.63026799e+00 2.46400885e-13 4.42729251e-33 1.48925885e-14 2.31508297e-13 7.72117934e-14 6.77023435e-29
3.01995172e+00 5.34416244e-13 4.38569762e-32 1.25738358e-14 5.21842409e-13 9.67697553e-14 6.31835032e-29
3.46736850e+00 1.02505502e-12 2.22591821e-31 1.01721254e-14 1.01488289e-12 1.08793875e-13 5.89662761e-29
3.98107171e+00 1.81474612e-12 7.21062284e-31 7.98669900e-15 1.80675942e-12 1.13332234e-13 5.50305308e-29
4.57088190e+00 2.87351934e-12 1.69013216e-30 5.92660329e-15 2.86759274e-12 1.06825527e-13 5.13574796e-29
5.24807460e+00 4.09202399e-12 2.73493708e-30 3.65139883e-15 4.08837259e-12 8.94415551e-14 4.24647639e-29
6.02559586e+00 5.28150632e-12 2.87241498e-30 1.70561020e-15 5.27980071e-12 6.86394880e-14 2.80561913e-29
6.70000000e+00 6.12493506e-12 2.71468192e-30 9.02321972e-16 6.12403274e-12 5.28565748e-14 2.04081814e-29
6.92422916e+00 6.37691633e-12 2.63959390e-30 7.29395317e-16 6.37618694e-12 4.81139941e-14 1.84890423e-29
7.15596261e+00 6.55003885e-12 2.47408394e-30 5.79230419e-16 6.54945962e-12 4.29608286e-14 1.67503746e-29
7.39545150e+00 6.64330518e-12 2.14137380e-30 4.40385674e-16 6.64286480e-12 3.69337331e-14 1.51752074e-29
7.64295536e+00 6.38535869e-12 1.47663143e-30 2.94626499e-16 6.38506407e-12 2.87034755e-14 1.37481653e-29
7.89874245e+00 5.74915331e-12 6.97299465e-31 1.64074712e-16 5.74898924e-12 1.95894976e-14 1.24553190e-29
8.16308998e+00 4.96933017e-12 2.30145573e-31 8.13599275e-17 4.96924881e-12 1.24053202e-14 1.12840490e-29
8.43628443e+00 4.18320806e-12 4.58125393e-32 3.56999926e-17 4.18317236e-12 7.34721378e-15 1.02229226e-29
8.71862190e+00 3.82906078e-12 1.20471851e-32 1.82412911e-17 3.82904254e-12 4.86572246e-15 9.26158212e-30
9.01040836e+00 3.56362652e-12 2.67854887e-33 8.16198994e-18 3.56361836e-12 3.01270031e-15 8.39064393e-30
9.31196005e+00 3.50005004e-12 6.70249372e-34 0.00000000e+00 3.50005004e-12 0.00000000e+00 7.60160679e-30
9.62360379e+00 3.74864734e-12 4.74818624e-34 0.00000000e+00 3.74864734e-12 0.00000000e+00 6.88676892e-30
9.94567731e+00 4.16794238e-12 7.76949255e-34 0.00000000e+00 4.16794238e-12 0.00000000e+00 6.23915278e-30
1.02785297e+01 4.63708041e-12 1.65885366e-33 0.00000000e+00 4.63708041e-12 0.00000000e+00 5.65243699e-30
1.06225216e+01 5.25916912e-12 3.53167297e-33 0.00000000e+00 5.25916912e-12 0.00000000e+00 5.12089462e-30
1.09780260e+01 6.00750308e-12 8.69342583e-33 0.00000000e+00 6.00750308e-12 0.00000000e+00 4.63933730e-30
1.13454280e+01 6.76852571e-12 1.82550225e-32 0.00000000e+00 6.76852571e-12 0.00000000e+00 4.20306453e-30
1.17251259e+01 7.41734626e-12 3.32297136e-32 0.00000000e+00 7.41734626e-12 0.00000000e+00 3.80781787e-30
1.21175312e+01 8.16923352e-12 5.64940586e-32 0.00000000e+00 8.16923352e-12 0.00000000e+00 3.44973931e-30
1.25230691e+01 8.94528476e-12 8.92109408e-32 0.00000000e+00 8.94528476e-12 0.00000000e+00 3.12533364e-30
1.29421791e+01 9.71603126e-12 1.27902162e-31 0.00000000e+00 9.71603126e-12 0.00000000e+00 2.83143435e-30
1.33753155e+01 1.02209593e-11 1.69524427e-31 0.00000000e+00 1.02209593e-11 0.00000000e+00 2.56517268e-30
1.38229477e+01 1.07361963e-11 1.92101107e-31 0.00000000e+00 1.07361963e-11 0.00000000e+00 2.32394966e-30
1.42855609e+01 1.12136551e-11 1.92602419e-31 0.00000000e+00 1.12136551e-11 0.00000000e+00 2.10541070e-30
1.47636563e+01 1.15697479e-11 1.55717695e-31 0.00000000e+00 1.15697479e-11 0.00000000e+00 1.90742265e-30
1.52577522e+01 1.20527277e-11 1.19415874e-31 0.00000000e+00 1.20527277e-11 0.00000000e+00 1.72805294e-30
1.57683840e+01 1.24174959e-11 8.73150552e-32 0.00000000e+00 1.24174959e-11 0.00000000e+00 1.56555076e-30
1.62961051e+01 1.29156551e-11 6.29918125e-32 0.00000000e+00 1.29156551e-11 0.00000000e+00 1.41832992e-30
1.68414875e+01 1.33455033e-11 4.49719208e-32 0.00000000e+00 1.33455033e-11 0.00000000e+00 1.28495339e-30
1.74051222e+01 1.36822777e-11 3.46640662e-32 0.00000000e+00 1.36822777e-11 0.00000000e+00 1.16411928e-30
1.79876201e+01 1.40951118e-11 2.82021627e-32 0.00000000e+00 1.40951118e-11 0.00000000e+00 1.05464814e-30
1.85896125e+01 1.46229398e-11 2.56691774e-32 0.00000000e+00 1.46229398e-11 0.00000000e+00 9.55471421e-31
1.92117518e+01 1.50283576e-11 2.59637980e-32 0.00000000e+00 1.50283576e-11 0.00000000e+00 8.65621054e-31
1.98547123e+01 1.53564960e-11 2.79696481e-32 0.00000000e+00 1.53564960e-11 0.00000000e+00 7.84220012e-31
2.05191907e+01 1.56946992e-11 3.08441770e-32 0.00000000e+00 1.56946992e-11 0.00000000e+00 7.10473740e-31
2.12059073e+01 1.57607299e-11 3.36371974e-32 0.00000000e+00 1.57607299e-11 0.00000000e+00 6.43662399e-31
2.19156062e+01 1.59865635e-11 3.57951865e-32 0.00000000e+00 1.59865635e-11 0.00000000e+00 5.83133846e-31
2.26490567e+01 1.60354796e-11 3.76003066e-32 0.00000000e+00 1.60354796e-11 0.00000000e+00 5.28297261e-31
2.34070535e+01 1.59755644e-11 3.90068634e-32 0.00000000e+00 1.59755644e-11 0.00000000e+00 4.78617384e-31
2.41904183e+01 1.59075716e-11 3.99445735e-32 0.00000000e+00 1.59075716e-11 0.00000000e+00 4.33609290e-31
2.50000000e+01 1.57402391e-11 4.04626082e-32 0.00000000e+00 1.57402391e-11 0.00000000e+00 3.92833655e-31
2.75422870e+01 1.49699556e-11 4.04773528e-32 0.00000000e+00 1.49699556e-11 0.00000000e+00 2.93784388e-31
3.16227766e+01 1.31593144e-11 3.73422366e-32 0.00000000e+00 1.31593144e-11 0.00000000e+00 1.94101420e-31
3.63078055e+01 1.06676159e-11 3.28020392e-32 0.00000000e+00 1.06676159e-11 0.00000000e+00 1.28241537e-31
4.16869383e+01 8.04778165e-12 2.82614691e-32 0.00000000e+00 8.04778165e-12 0.00000000e+00 8.47283431e-32
4.78630092e+01 5.62998577e-12 2.37663571e-32 0.00000000e+00 5.62998577e-12 0.00000000e+00 5.59794611e-32
5.49540874e+01 3.69164216e-12 1.92258672e-32 0.00000000e+00 3.69164216e-12 0.00000000e+00 3.69852632e-32
6.30957344e+01 2.29758132e-12 1.49209582e-32 0.00000000e+00 2.29758132e-12 0.00000000e+00 2.44359211e-32
7.24435960e+01 1.36801971e-12 1.11599042e-32 0.00000000e+00 1.36801971e-12 0.00000000e+00 1.61446529e-32
8.31763771e+01 7.88268167e-13 8.09420238e-33 0.00000000e+00 7.88268167e-13 0.00000000e+00 1.06666664e-32
9.54992586e+01 4.43635432e-13 5.73111942e-33 0.00000000e+00 4.43635432e-13 0.00000000e+00 7.04739662e-33
1.09647820e+02 2.45189631e-13 3.98591792e-33 0.00000000e+00 2.45189631e-13 0.00000000e+00 4.65616877e-33
1.25892541e+02 1.35080537e-13 2.73230014e-33 0.00000000e+00 1.35080537e-13 0.00000000e+00 3.07630020e-33
1.44543977e+02 7.39555027e-14 1.85543316e-33 0.00000000e+00 7.39555027e-14 0.00000000e+00 2.03249139e-33
1.65958691e+02 3.85907816e-14 1.25502366e-33 0.00000000e+00 3.85907816e-14 0.00000000e+00 1.34285374e-33
1.90546072e+02 2.01358105e-14 8.43357844e-34 0.00000000e+00 2.01358105e-14 0.00000000e+00 8.87214669e-34
2.18776162e+02 1.04874190e-14 5.64192682e-34 0.00000000e+00 1.04874190e-14 0.00000000e+00 5.86176919e-34
2.51188643e+02 5.44343921e-15 3.76245219e-34 0.00000000e+00 5.44343921e-15 0.00000000e+00 3.87283249e-34
2.88403150e+02 2.81200585e-15 2.50334536e-34 0.00000000e+00 2.81200585e-15 0.00000000e+00 2.55875505e-34
3.31131121e+02 1.44886332e-15 1.66270338e-34 0.00000000e+00 1.44886332e-15 0.00000000e+00 1.69055270e-34
3.80189396e+02 7.43732967e-16 1.10294509e-34 0.00000000e+00 7.43732967e-16 0.00000000e+00 1.11693709e-34
4.36515832e+02 3.80905632e-16 7.30919673e-35 0.00000000e+00 3.80905632e-16 0.00000000e+00 7.37953019e-35
5.01187234e+02 1.94570256e-16 4.84025694e-35 0.00000000e+00 1.94570256e-16 0.00000000e+00 4.87560724e-35
5.75439937e+02 9.91788813e-17 3.20351378e-35 0.00000000e+00 9.91788813e-17 0.00000000e+00 3.22128176e-35
6.60693448e+02 5.04644617e-17 2.11934864e-35 0.00000000e+00 5.04644617e-17 0.00000000e+00 2.12827975e-35
7.58577575e+02 2.56375071e-17 1.40165110e-35 0.00000000e+00 2.56375071e-17 0.00000000e+00 1.40614049e-35
8.70963590e+02 1.30038108e-17 9.26771615e-36 0.00000000e+00 1.30038108e-17 0.00000000e+00 9.29027808e-36
1.00000000e+03 6.58588647e-18 0.00000000e+00 0.00000000e+00 6.58588647e-18 0.00000000e+00 0.00000000e+00
