# column 1: lambda (micron)
# column 2: total flux; lambda*F_lambda (W/m2)
# column 3: direct stellar flux; lambda*F_lambda (W/m2)
# column 4: scattered stellar flux; lambda*F_lambda (W/m2)
# column 5: total dust emission flux; lambda*F_lambda (W/m2)
# column 6: dust emission scattered flux; lambda*F_lambda (W/m2)
# column 7: transparent flux; lambda*F_lambda (W/m2)
1.00000000e-03 4.95751601e-19 4.27458474e-27 4.95751597e-19 0.00000000e+00 0.00000000e+00 8.37058880e-14
1.14815362e-03 5.13118699e-19 2.71700757e-31 5.13118699e-19 0.00000000e+00 0.00000000e+00 9.87997869e-14
1.31825674e-03 3.33282143e-19 5.49337669e-36 3.33282143e-19 0.00000000e+00 0.00000000e+00 1.16615427e-13
1.51356125e-03 3.97350688e-19 6.54649274e-40 3.97350688e-19 0.00000000e+00 0.00000000e+00 1.37643595e-13
1.73780083e-03 8.76029540e-19 4.13011835e-40 8.76029540e-19 0.00000000e+00 0.00000000e+00 1.62463576e-13
1.99526231e-03 6.70205184e-19 1.05339843e-48 6.70205184e-19 0.00000000e+00 0.00000000e+00 1.91759111e-13
2.29086765e-03 8.90860925e-19 9.20484207e-51 8.90860925e-19 0.00000000e+00 0.00000000e+00 2.26337236e-13
2.63026799e-03 1.37978276e-18 4.16240695e-58 1.37978276e-18 0.00000000e+00 0.00000000e+00 2.67150510e-13
3.01995172e-03 2.11864585e-18 1.20699195e-68 2.11864585e-18 0.00000000e+00 0.00000000e+00 3.15323260e-13
3.46736850e-03 1.15215628e-18 1.78785194e-78 1.15215628e-18 0.00000000e+00 0.00000000e+00 3.72182551e-13
3.98107171e-03 7.92828781e-19 7.50318156e-88 7.92828781e-19 0.00000000e+00 0.00000000e+00 4.39294745e-13
4.57088190e-03 1.22553457e-17 6.93985525e-63 1.22553457e-17 0.00000000e+00 0.00000000e+00 5.18508652e-13
5.24807460e-03 1.29221678e-17 1.22057747e-76 1.29221678e-17 0.00000000e+00 0.00000000e+00 6.12006462e-13
6.02559586e-03 1.70566238e-17 1.12810326e-89 1.70566238e-17 0.00000000e+00 0.00000000e+00 7.22363856e-13
6.91830971e-03 1.18376332e-17 1.93172211e-101 1.18376332e-17 0.00000000e+00 0.00000000e+00 8.52620966e-13
7.94328235e-03 6.18888490e-17 1.27394483e-111 6.18888490e-17 5.61840877e-308 5.61840877e-308 1.00636612e-12
9.12010839e-03 1.29690675e-17 2.12970247e-122 1.29690675e-17 1.25812392e-269 1.25812392e-269 1.18783470e-12
1.04712855e-02 2.52614593e-17 2.33251684e-129 2.52614593e-17 3.03794253e-236 3.03794253e-236 1.32664902e-12
1.20226443e-02 1.80303845e-17 3.00038278e-136 1.80303845e-17 6.29636012e-207 6.29636012e-207 1.32664902e-12
1.38038426e-02 1.54053164e-17 2.01422188e-144 1.54053164e-17 5.59848153e-181 5.59848153e-181 1.32664902e-12
1.58489319e-02 1.82012280e-17 1.81983605e-154 1.82012280e-17 4.15819967e-159 4.15819967e-159 1.32664902e-12
1.81970086e-02 2.13573136e-17 9.91221239e-164 2.13573136e-17 6.53037805e-140 6.53037805e-140 1.32664902e-12
2.08929613e-02 5.76794659e-17 1.97656981e-171 5.76794659e-17 4.18989130e-123 4.18989130e-123 1.32664902e-12
2.39883292e-02 4.00515033e-17 2.08433147e-181 4.00515033e-17 1.39699270e-108 1.39699270e-108 1.32664902e-12
2.75422870e-02 6.84194741e-17 5.17649363e-193 6.84194741e-17 1.31658705e-95 1.31658705e-95 1.32664902e-12
3.16227766e-02 4.73629947e-17 2.18118810e-204 4.73629947e-17 2.16941392e-84 2.16941392e-84 1.32664902e-12
3.63078055e-02 5.13182757e-17 2.60875798e-213 5.13182757e-17 4.32820740e-75 4.32820740e-75 1.32664902e-12
4.16869383e-02 1.06021497e-16 5.00441918e-221 1.06021497e-16 9.84143940e-67 9.84143940e-67 1.32664902e-12
4.78630092e-02 9.93670927e-17 2.67548400e-242 9.93670927e-17 3.23767542e-59 3.23767542e-59 1.32664902e-12
5.49540874e-02 1.26061455e-16 6.99384516e-272 1.26061455e-16 5.55954876e-53 5.55954876e-53 1.32664902e-12
6.30957344e-02 2.27861759e-16 0.00000000e+00 2.27861759e-16 1.78607750e-47 1.78607750e-47 1.32664902e-12
7.24435960e-02 1.36059406e-16 0.00000000e+00 1.36059406e-16 1.00656937e-42 1.00656937e-42 1.32664902e-12
8.31763771e-02 9.37442193e-17 0.00000000e+00 9.37442193e-17 9.17864168e-39 9.17864168e-39 1.32664902e-12
9.54992586e-02 1.38653175e-16 0.00000000e+00 1.38653175e-16 2.51974846e-35 2.51974846e-35 1.32664902e-12
1.09647820e-01 2.07016923e-16 0.00000000e+00 2.07016923e-16 3.16117270e-32 3.16117270e-32 1.26694048e-12
1.25892541e-01 2.18140283e-16 9.69502402e-280 2.18140283e-16 1.06711760e-29 1.06711760e-29 1.18237765e-12
1.44543977e-01 2.15465142e-16 4.65117950e-234 2.15465142e-16 1.23421329e-27 1.23421329e-27 1.10345902e-12
1.65958691e-01 3.22256467e-16 2.56516300e-206 3.22256467e-16 1.06805634e-25 1.06805634e-25 1.02980788e-12
1.90546072e-01 3.26080023e-16 2.73392924e-219 3.26080021e-16 2.32924588e-24 2.32924588e-24 9.61072633e-13
2.18776162e-01 3.12118416e-16 4.65797372e-255 3.12118385e-16 3.10117526e-23 3.10117526e-23 8.96925168e-13
2.51188643e-01 6.27016134e-16 1.43936547e-206 6.27015485e-16 6.49383962e-22 6.49383962e-22 8.37059271e-13
2.88403150e-01 6.87468875e-16 1.05129462e-173 6.87464112e-16 4.76326319e-21 4.76326319e-21 7.81189165e-13
3.31131121e-01 6.03932259e-16 4.24567045e-153 6.03898313e-16 3.39466232e-20 3.39466232e-20 7.29048148e-13
3.80189396e-01 6.17374294e-16 4.84346005e-136 6.17226730e-16 1.47563367e-19 1.47563034e-19 6.80387319e-13
4.36515832e-01 7.68973649e-16 4.22281719e-120 7.68354443e-16 6.19205367e-19 6.19196560e-19 6.34974392e-13
5.01187234e-01 8.23896934e-16 5.71365546e-105 8.21621953e-16 2.27498094e-18 2.27446121e-18 5.92592582e-13
5.75439937e-01 9.32065042e-16 3.61275511e-91 9.26526255e-16 5.53878655e-18 5.52962439e-18 5.53039576e-13
6.60693448e-01 1.05826654e-15 7.14731999e-79 1.04019963e-15 1.80669116e-17 1.78551247e-17 5.16126563e-13
7.58577575e-01 1.75491350e-15 7.60552631e-68 1.68559516e-15 6.93183394e-17 6.71364758e-17 4.81677334e-13
8.70963590e-01 2.28112003e-15 1.15306832e-57 2.00785231e-15 2.73267722e-16 2.50316934e-16 4.49527444e-13
1.00000000e+00 3.27408503e-15 8.43333044e-49 2.38089678e-15 8.93188241e-16 7.47210952e-16 4.19523420e-13
1.14815362e+00 5.66961736e-15 3.33987548e-41 2.86754284e-15 2.80207452e-15 2.01840306e-15 3.91522036e-13
1.31825674e+00 1.22810488e-14 7.49855337e-35 3.35851053e-15 8.92253830e-15 5.44435606e-15 3.65389624e-13
1.51356125e+00 2.83422635e-14 8.80438433e-30 3.67885451e-15 2.46634090e-14 1.16914708e-14 3.41001438e-13
1.73780083e+00 6.68950715e-14 1.05082765e-25 4.35222059e-15 6.25428509e-14 2.26416178e-14 3.18241059e-13
1.99526231e+00 1.51756062e-13 1.69399070e-22 4.71312571e-15 1.47042936e-13 4.12387641e-14 2.96999837e-13
2.29086765e+00 3.00614311e-13 4.14785308e-20 4.87823091e-15 2.95736039e-13 6.01924289e-14 2.77176375e-13
2.63026799e+00 5.76595865e-13 2.12089597e-18 4.80890030e-15 5.71784844e-13 8.79057207e-14 2.58676044e-13
3.01995172e+00 1.00128653e-12 3.49547384e-17 4.69418822e-15 9.96557392e-13 1.11989968e-13 2.41410531e-13
3.46736850e+00 1.66267962e-12 2.55548783e-16 4.40543824e-15 1.65801863e-12 1.33307845e-13 2.25297416e-13
3.98107171e+00 2.51400954e-12 1.08245476e-15 3.97076137e-15 2.50895632e-12 1.44138705e-13 2.10259782e-13
4.57088190e+00 3.66921799e-12 3.09419894e-15 3.33851071e-15 3.66278528e-12 1.46014960e-13 1.96225846e-13
5.24807460e+00 5.03253863e-12 5.78650579e-15 2.34012860e-15 5.02441200e-12 1.30306977e-13 1.62248699e-13
6.02559586e+00 6.46644730e-12 6.71579245e-15 1.22350262e-15 6.45850800e-12 1.06805786e-13 1.07196652e-13
6.70000000e+00 7.49856835e-12 6.71538750e-15 6.94800570e-16 7.49115816e-12 8.41068076e-14 7.79752569e-14
6.92422916e+00 7.80753228e-12 6.62989987e-15 5.81330721e-16 7.80032105e-12 7.74252462e-14 7.06426405e-14
7.15596261e+00 8.03500443e-12 6.25988972e-15 4.70179254e-16 8.02827436e-12 6.96502256e-14 6.39995667e-14
7.39545150e+00 8.13826370e-12 5.36501374e-15 3.47437622e-16 8.13255125e-12 5.91863801e-14 5.79811925e-14
7.64295536e+00 7.77187727e-12 3.48824197e-15 2.17104285e-16 7.76817193e-12 4.48811630e-14 5.25287725e-14
7.89874245e+00 6.89201817e-12 1.43144293e-15 1.06002893e-16 6.89048072e-12 2.87580481e-14 4.75890858e-14
8.16308998e+00 5.92285514e-12 3.80060562e-16 4.57297774e-17 5.92242935e-12 1.71763750e-14 4.31139160e-14
8.43628443e+00 5.06529328e-12 5.45764001e-17 1.78996561e-17 5.06522081e-12 9.63933063e-15 3.90595811e-14
8.71862190e+00 4.68782357e-12 1.09934789e-17 8.86061119e-18 4.68780372e-12 6.60897966e-15 3.53865066e-14
9.01040836e+00 4.44287885e-12 1.80580414e-18 4.32392820e-18 4.44287272e-12 4.44504623e-15 3.20588397e-14
9.31196005e+00 4.31937114e-12 3.42443797e-19 0.00000000e+00 4.31937080e-12 0.00000000e+00 2.90440991e-14
9.62360379e+00 4.59389911e-12 2.30070374e-19 0.00000000e+00 4.59389888e-12 0.00000000e+00 2.63128578e-14
9.94567731e+00 5.01266182e-12 4.27619436e-19 0.00000000e+00 5.01266139e-12 0.00000000e+00 2.38384563e-14
1.02785297e+01 5.44063663e-12 1.09826298e-18 0.00000000e+00 5.44063553e-12 0.00000000e+00 2.15967419e-14
1.06225216e+01 6.05918010e-12 2.81089334e-18 0.00000000e+00 6.05917729e-12 0.00000000e+00 1.95658333e-14
1.09780260e+01 6.69492918e-12 8.58233460e-18 0.00000000e+00 6.69492060e-12 0.00000000e+00 1.77259066e-14
1.13454280e+01 7.35942175e-12 2.16009846e-17 0.00000000e+00 7.35940015e-12 0.00000000e+00 1.60590026e-14
1.17251259e+01 8.10470384e-12 4.57007159e-17 0.00000000e+00 8.10465814e-12 0.00000000e+00 1.45488504e-14
1.21175312e+01 8.72122606e-12 8.89837723e-17 0.00000000e+00 8.72113708e-12 0.00000000e+00 1.31807094e-14
1.25230691e+01 9.16361768e-12 1.58390282e-16 0.00000000e+00 9.16345929e-12 0.00000000e+00 1.19412254e-14
1.29421791e+01 9.77095257e-12 2.50696954e-16 0.00000000e+00 9.77070187e-12 0.00000000e+00 1.08182996e-14
1.33753155e+01 1.01832535e-11 3.60673598e-16 0.00000000e+00 1.01828928e-11 0.00000000e+00 9.80097124e-15
1.38229477e+01 1.04280059e-11 4.28900230e-16 0.00000000e+00 1.04275770e-11 0.00000000e+00 8.87931012e-15
1.42855609e+01 1.05476366e-11 4.39516351e-16 0.00000000e+00 1.05471971e-11 0.00000000e+00 8.04431992e-15
1.47636563e+01 1.05498217e-11 3.46735284e-16 0.00000000e+00 1.05494749e-11 0.00000000e+00 7.28785031e-15
1.52577522e+01 1.04847776e-11 2.56520819e-16 0.00000000e+00 1.04845211e-11 0.00000000e+00 6.60251738e-15
1.57683840e+01 1.04006162e-11 1.79097644e-16 0.00000000e+00 1.04004371e-11 0.00000000e+00 5.98163161e-15
1.62961051e+01 1.03134386e-11 1.23017864e-16 0.00000000e+00 1.03133155e-11 0.00000000e+00 5.41913253e-15
1.68414875e+01 1.02431825e-11 8.34316764e-17 0.00000000e+00 1.02430990e-11 0.00000000e+00 4.90952959e-15
1.74051222e+01 1.01515339e-11 6.21078713e-17 0.00000000e+00 1.01514718e-11 0.00000000e+00 4.44784855e-15
1.79876201e+01 1.01469631e-11 4.93723657e-17 0.00000000e+00 1.01469137e-11 0.00000000e+00 4.02958296e-15
1.85896125e+01 1.01202942e-11 4.49830266e-17 0.00000000e+00 1.01202492e-11 0.00000000e+00 3.65065011e-15
1.92117518e+01 9.93240753e-12 4.65924993e-17 0.00000000e+00 9.93236093e-12 0.00000000e+00 3.30735125e-15
1.98547123e+01 9.92760089e-12 5.21005849e-17 0.00000000e+00 9.92754879e-12 0.00000000e+00 2.99633543e-15
2.05191907e+01 9.78936557e-12 5.99415152e-17 0.00000000e+00 9.78930563e-12 0.00000000e+00 2.71456684e-15
2.12059073e+01 9.63402292e-12 6.80346754e-17 0.00000000e+00 9.63395488e-12 0.00000000e+00 2.45929512e-15
2.19156062e+01 9.43466305e-12 7.49545104e-17 0.00000000e+00 9.43458810e-12 0.00000000e+00 2.22802858e-15
2.26490567e+01 9.18910748e-12 8.12853217e-17 0.00000000e+00 9.18902620e-12 0.00000000e+00 2.01850983e-15
2.34070535e+01 8.96805996e-12 8.68244337e-17 0.00000000e+00 8.96797314e-12 0.00000000e+00 1.82869374e-15
2.41904183e+01 8.68393588e-12 9.12903756e-17 0.00000000e+00 8.68384459e-12 0.00000000e+00 1.65672752e-15
2.50000000e+01 8.39210660e-12 9.47261807e-17 0.00000000e+00 8.39201188e-12 0.00000000e+00 1.50093262e-15
2.75422870e+01 7.46583165e-12 1.00891531e-16 0.00000000e+00 7.46573076e-12 0.00000000e+00 1.12248675e-15
3.16227766e+01 5.98581404e-12 1.00020394e-16 0.00000000e+00 5.98571401e-12 0.00000000e+00 7.41619640e-16
3.63078055e+01 4.53934316e-12 9.34215570e-17 0.00000000e+00 4.53924974e-12 0.00000000e+00 4.89983237e-16
4.16869383e+01 3.23789277e-12 8.52289914e-17 0.00000000e+00 3.23780754e-12 0.00000000e+00 3.23728714e-16
4.78630092e+01 2.18473647e-12 7.54976075e-17 0.00000000e+00 2.18466097e-12 0.00000000e+00 2.13885440e-16
5.49540874e+01 1.38954767e-12 6.37976064e-17 0.00000000e+00 1.38948387e-12 0.00000000e+00 1.41312709e-16
6.30957344e+01 8.43258785e-13 5.12603129e-17 0.00000000e+00 8.43207525e-13 0.00000000e+00 9.33643811e-17
7.24435960e+01 4.91396626e-13 3.93779306e-17 0.00000000e+00 4.91357248e-13 0.00000000e+00 6.16852348e-17
8.31763771e+01 2.77512182e-13 2.91405232e-17 0.00000000e+00 2.77483042e-13 0.00000000e+00 4.07550305e-17
9.54992586e+01 1.53344368e-13 2.09431486e-17 0.00000000e+00 1.53323425e-13 0.00000000e+00 2.69265816e-17
1.09647820e+02 8.32636528e-14 1.47276761e-17 0.00000000e+00 8.32489251e-14 0.00000000e+00 1.77902161e-17
1.25892541e+02 4.51948130e-14 1.01761233e-17 0.00000000e+00 4.51846369e-14 0.00000000e+00 1.17538792e-17
1.44543977e+02 2.43825325e-14 6.95132224e-18 0.00000000e+00 2.43755812e-14 0.00000000e+00 7.76571097e-18
1.65958691e+02 1.25649272e-14 4.72578097e-18 0.00000000e+00 1.25602014e-14 0.00000000e+00 5.13075436e-18
1.90546072e+02 6.48174412e-15 3.18727599e-18 0.00000000e+00 6.47855684e-15 0.00000000e+00 3.38985579e-18
2.18776162e+02 3.34114033e-15 2.13797346e-18 0.00000000e+00 3.33900236e-15 0.00000000e+00 2.23965551e-18
2.51188643e+02 1.71837649e-15 1.42862173e-18 0.00000000e+00 1.71694787e-15 0.00000000e+00 1.47972572e-18
2.88403150e+02 8.80732361e-16 9.51972213e-19 0.00000000e+00 8.79780388e-16 0.00000000e+00 9.77645088e-19
3.31131121e+02 4.50593350e-16 6.33013037e-19 0.00000000e+00 4.49960337e-16 0.00000000e+00 6.45923704e-19
3.80189396e+02 2.29911075e-16 4.20268221e-19 0.00000000e+00 2.29490807e-16 0.00000000e+00 4.26757559e-19
4.36515832e+02 1.17141296e-16 2.78692873e-19 0.00000000e+00 1.16862603e-16 0.00000000e+00 2.81955923e-19
5.01187234e+02 5.95823881e-17 1.84645984e-19 0.00000000e+00 5.93977421e-17 0.00000000e+00 1.86286431e-19
5.75439937e+02 3.02677323e-17 1.22253538e-19 0.00000000e+00 3.01454788e-17 0.00000000e+00 1.23078224e-19
6.60693448e+02 1.53608217e-17 8.09023872e-20 0.00000000e+00 1.52799193e-17 0.00000000e+00 8.13169765e-20
7.58577575e+02 7.79018465e-18 5.35171698e-20 0.00000000e+00 7.73666748e-18 0.00000000e+00 5.37255936e-20
8.70963590e+02 3.94809297e-18 3.53913934e-20 0.00000000e+00 3.91270158e-18 0.00000000e+00 3.54961477e-20
1.00000000e+03 1.97651547e-18 0.00000000e+00 0.00000000e+00 1.97651547e-18 0.00000000e+00 0.00000000e+00
