# column 1: lambda (micron)
# column 2: total flux; lambda*F_lambda (W/m2)
# column 3: direct stellar flux; lambda*F_lambda (W/m2)
# column 4: scattered stellar flux; lambda*F_lambda (W/m2)
# column 5: total dust emission flux; lambda*F_lambda (W/m2)
# column 6: dust emission scattered flux; lambda*F_lambda (W/m2)
# column 7: transparent flux; lambda*F_lambda (W/m2)
1.00000000e-03 2.87321496e-14 2.73917818e-14 1.34036780e-15 0.00000000e+00 0.00000000e+00 6.93993746e-13
1.14815362e-03 1.19302886e-14 1.14497990e-14 4.80489654e-16 0.00000000e+00 0.00000000e+00 8.19135139e-13
1.31825674e-03 6.08123536e-15 4.24072978e-15 1.84050558e-15 0.00000000e+00 0.00000000e+00 9.66842108e-13
1.51356125e-03 2.05733651e-15 1.89428978e-15 1.63046727e-16 0.00000000e+00 0.00000000e+00 1.14118369e-12
1.73780083e-03 3.84687246e-15 2.09274345e-15 1.75412901e-15 0.00000000e+00 0.00000000e+00 1.34696266e-12
1.99526231e-03 4.97032677e-14 3.00315814e-16 4.94029519e-14 0.00000000e+00 0.00000000e+00 1.58984782e-12
2.29086765e-03 9.99205598e-16 2.11140219e-16 7.88065379e-16 0.00000000e+00 0.00000000e+00 1.87653019e-12
2.63026799e-03 3.57481032e-15 4.10493665e-17 3.53376095e-15 0.00000000e+00 0.00000000e+00 2.21490731e-12
3.01995172e-03 5.04332434e-15 3.67144438e-18 5.03965290e-15 0.00000000e+00 0.00000000e+00 2.61430080e-12
3.46736850e-03 7.66037529e-16 3.90091591e-19 7.65647437e-16 0.00000000e+00 0.00000000e+00 3.08571319e-12
3.98107171e-03 4.47338061e-16 4.62659626e-20 4.47291795e-16 0.00000000e+00 0.00000000e+00 3.64213095e-12
4.57088190e-03 5.58849834e-15 2.32430859e-17 5.56525525e-15 0.00000000e+00 0.00000000e+00 4.29888232e-12
5.24807460e-03 6.33690815e-15 9.50749343e-19 6.33595740e-15 0.00000000e+00 0.00000000e+00 5.07405951e-12
6.02559586e-03 3.88579160e-15 4.63379201e-20 3.88574526e-15 0.00000000e+00 0.00000000e+00 5.98901715e-12
6.91830971e-03 9.64366051e-15 3.07396523e-21 9.64365743e-15 0.00000000e+00 0.00000000e+00 7.06896053e-12
7.94328235e-03 5.21482753e-15 2.99857886e-22 5.21482723e-15 1.84867841e-305 1.83462425e-305 8.34363998e-12
9.12010839e-03 5.74683104e-15 2.53037729e-23 5.74683102e-15 1.95494010e-267 1.91780040e-267 9.84817045e-12
1.04712855e-02 7.23657166e-15 5.14076656e-24 7.23657165e-15 9.74127786e-234 9.58906821e-234 1.09990604e-11
1.20226443e-02 1.28157107e-14 9.62312246e-25 1.28157107e-14 4.65560342e-204 4.63717254e-204 1.09990604e-11
1.38038426e-02 1.83052469e-14 1.31877103e-25 1.83052469e-14 9.86588919e-179 9.82933081e-179 1.09990604e-11
1.58489319e-02 3.08410615e-14 1.14664359e-26 3.08410615e-14 7.06125282e-157 7.03052163e-157 1.09990604e-11
1.81970086e-02 2.46352359e-14 1.20527114e-27 2.46352359e-14 1.81356046e-137 1.80929095e-137 1.09990604e-11
2.08929613e-02 2.20383745e-14 1.85298138e-28 2.20383745e-14 8.87546160e-121 8.85897565e-121 1.09990604e-11
2.39883292e-02 2.93868783e-14 1.63764430e-29 2.93868783e-14 2.94890066e-106 2.94562716e-106 1.09990604e-11
2.75422870e-02 2.13861523e-14 9.74179004e-31 2.13861523e-14 9.13952411e-94 9.12525694e-94 1.09990604e-11
3.16227766e-02 1.44850921e-14 6.12779859e-32 1.44850921e-14 6.56159602e-83 6.55484089e-83 1.09990604e-11
3.63078055e-02 1.18269020e-14 6.99901536e-33 1.18269020e-14 2.36793345e-73 2.36599141e-73 1.09990604e-11
4.16869383e-02 1.21942842e-14 1.07163461e-33 1.21942842e-14 3.42174261e-65 3.41884511e-65 1.09990604e-11
4.78630092e-02 7.91415421e-15 6.07498497e-36 7.91415421e-15 4.53972502e-58 4.53783694e-58 1.09990604e-11
5.49540874e-02 4.40996081e-15 4.56413405e-39 4.40996081e-15 5.21374317e-52 5.21238667e-52 1.09990604e-11
6.30957344e-02 1.70988469e-15 6.69053999e-47 1.70988469e-15 9.47148130e-47 9.47120165e-47 1.09990604e-11
7.24435960e-02 7.14029869e-16 3.51650692e-56 7.14029869e-16 2.63751872e-42 2.63750500e-42 1.09990604e-11
8.31763771e-02 6.13353400e-16 2.35416820e-55 6.13353400e-16 2.98342989e-38 2.98341779e-38 1.09990604e-11
9.54992586e-02 8.70858939e-16 6.21795060e-53 8.70858939e-16 9.86031786e-35 9.86025924e-35 1.09990604e-11
1.09647820e-01 1.59668445e-15 5.68629780e-46 1.59668445e-15 1.28286062e-31 1.28280095e-31 1.05040253e-11
1.25892541e-01 3.52781225e-15 6.09184372e-40 3.52781225e-15 6.29299726e-29 6.29181951e-29 9.80292679e-12
1.44543977e-01 6.14065102e-15 3.82143162e-35 6.14065102e-15 1.42234991e-26 1.42167217e-26 9.14862359e-12
1.65958691e-01 8.42128298e-15 3.05591654e-32 8.42128298e-15 1.05449354e-24 1.05327484e-24 8.53799231e-12
1.90546072e-01 6.67792547e-15 1.22551904e-33 6.67792545e-15 2.17843997e-23 2.17695547e-23 7.96811805e-12
2.18776162e-01 3.66706531e-15 1.92316569e-37 3.66706516e-15 1.44027057e-22 1.43985596e-22 7.43628044e-12
2.51188643e-01 8.10380319e-15 2.38860549e-32 8.10379931e-15 3.88396998e-21 3.88029640e-21 6.93994070e-12
2.88403150e-01 1.25555051e-14 6.63723746e-29 1.25554538e-14 5.13320121e-20 5.12565061e-20 6.47672950e-12
3.31131121e-01 1.66769196e-14 9.36160604e-27 1.66765325e-14 3.87149600e-19 3.86073419e-19 6.04443567e-12
3.80189396e-01 1.98099157e-14 5.57066508e-25 1.98077163e-14 2.19940151e-18 2.18998575e-18 5.64099558e-12
4.36515832e-01 2.32592095e-14 2.52652700e-23 2.32511334e-14 8.07607635e-18 8.00109502e-18 5.26448339e-12
5.01187234e-01 2.58754356e-14 9.41215839e-22 2.58489760e-14 2.64586978e-17 2.59083537e-17 4.91310176e-12
5.75439937e-01 2.79666212e-14 2.53719670e-20 2.78924412e-14 7.41546559e-17 6.93830780e-17 4.58517335e-12
6.60693448e-01 3.06244291e-14 4.74371101e-19 3.03940435e-14 2.29911276e-16 1.93416231e-16 4.27913275e-12
7.58577575e-01 3.18593861e-14 6.51375339e-18 3.10250235e-14 8.27848911e-16 6.07339861e-16 3.99351904e-12
8.70963590e-01 3.49472005e-14 7.28068123e-17 3.19476345e-14 2.92675922e-15 1.82039999e-15 3.72696882e-12
1.00000000e+00 4.17492340e-14 5.90840613e-16 3.15804986e-14 9.57789475e-15 5.21424098e-15 3.47820968e-12
1.14815362e+00 6.21156454e-14 3.52390780e-15 3.06631484e-14 2.79285892e-14 1.31704233e-14 3.24605414e-12
1.31825674e+00 1.17195436e-13 1.55216997e-14 2.80304731e-14 7.36432632e-14 3.02402786e-14 3.02939399e-12
1.51356125e+00 2.55778540e-13 5.00626520e-14 2.60124584e-14 1.79703430e-13 6.01239196e-14 2.82719497e-12
1.73780083e+00 5.29241112e-13 1.26832567e-13 2.44861098e-14 3.77922434e-13 1.08392893e-13 2.63849186e-12
1.99526231e+00 1.06704749e-12 2.60091394e-13 2.22411721e-14 7.84714922e-13 1.76703938e-13 2.46238388e-12
2.29086765e+00 1.90205347e-12 4.37103203e-13 2.00980484e-14 1.44485222e-12 2.43872985e-13 2.29803035e-12
2.63026799e+00 3.14806095e-12 6.22594503e-13 1.76847922e-14 2.50778166e-12 3.25785657e-13 2.14464670e-12
3.01995172e+00 4.78146354e-12 7.86860657e-13 1.50100340e-14 3.97959285e-12 3.72484164e-13 2.00150076e-12
3.46736850e+00 6.79726573e-12 9.12658991e-13 1.21360210e-14 5.87247071e-12 3.91612454e-13 1.86790919e-12
3.98107171e+00 9.12092788e-12 9.99278717e-13 9.57965993e-15 8.11206950e-12 3.79233429e-13 1.74323429e-12
4.57088190e+00 1.14598701e-11 1.04960781e-12 7.06653225e-15 1.04031958e-11 3.33296619e-13 1.62688090e-12
5.24807460e+00 1.36604029e-11 9.45985149e-13 4.39028613e-15 1.27100275e-11 2.64423968e-13 1.34518114e-12
6.02559586e+00 1.52137714e-11 6.63322501e-13 2.06424329e-15 1.45483846e-11 1.91467893e-13 8.88752369e-13
6.70000000e+00 1.62093204e-11 4.98993910e-13 1.09379982e-15 1.57092327e-11 1.40741538e-13 6.46481889e-13
6.92422916e+00 1.64007202e-11 4.56191595e-13 8.89068696e-16 1.59436395e-11 1.26527429e-13 5.85688198e-13
7.15596261e+00 1.66025902e-11 4.15100275e-13 7.09188136e-16 1.61867807e-11 1.11074742e-13 5.30611407e-13
7.39545150e+00 1.67326788e-11 3.73867173e-13 5.36309603e-16 1.63582753e-11 9.50691042e-14 4.80713913e-13
7.64295536e+00 1.66361231e-11 3.27048341e-13 3.59148100e-16 1.63087157e-11 7.59924926e-14 4.35508666e-13
7.89874245e+00 1.61672227e-11 2.72520230e-13 2.00321978e-16 1.58945021e-11 5.43253011e-14 3.94554418e-13
8.16308998e+00 1.54912728e-11 2.16878325e-13 1.00465985e-16 1.52742941e-11 3.67157073e-14 3.57451415e-13
8.43628443e+00 1.44672925e-11 1.61749815e-13 4.54926988e-17 1.43054972e-11 2.33416645e-14 3.23837494e-13
8.71862190e+00 1.40117699e-11 1.25024060e-13 2.40610091e-17 1.38867218e-11 1.65354597e-14 2.93384550e-13
9.01040836e+00 1.34916523e-11 9.45773264e-14 1.22855587e-17 1.33970627e-11 1.13834526e-14 2.65795332e-13
9.31196005e+00 1.33930368e-11 7.26388011e-14 0.00000000e+00 1.33203980e-11 0.00000000e+00 2.40800541e-13
9.62360379e+00 1.37534721e-11 6.37626986e-14 0.00000000e+00 1.36897094e-11 0.00000000e+00 2.18156204e-13
9.94567731e+00 1.40502677e-11 6.23212045e-14 0.00000000e+00 1.39879465e-11 0.00000000e+00 1.97641289e-13
1.02785297e+01 1.48115581e-11 6.30286417e-14 0.00000000e+00 1.47485294e-11 0.00000000e+00 1.79055550e-13
1.06225216e+01 1.53405940e-11 6.37206937e-14 0.00000000e+00 1.52768733e-11 0.00000000e+00 1.62217572e-13
1.09780260e+01 1.60287246e-11 6.56319182e-14 0.00000000e+00 1.59630927e-11 0.00000000e+00 1.46962999e-13
1.13454280e+01 1.67847000e-11 6.62353565e-14 0.00000000e+00 1.67184646e-11 0.00000000e+00 1.33142932e-13
1.17251259e+01 1.72412449e-11 6.56296064e-14 0.00000000e+00 1.71756153e-11 0.00000000e+00 1.20622472e-13
1.21175312e+01 1.75462235e-11 6.44616325e-14 0.00000000e+00 1.74817619e-11 0.00000000e+00 1.09279408e-13
1.25230691e+01 1.76472107e-11 6.27172811e-14 0.00000000e+00 1.75844934e-11 0.00000000e+00 9.90030204e-14
1.29421791e+01 1.77278253e-11 6.02680864e-14 0.00000000e+00 1.76675572e-11 0.00000000e+00 8.96930008e-14
1.33753155e+01 1.76631054e-11 5.73336448e-14 0.00000000e+00 1.76057717e-11 0.00000000e+00 8.12584743e-14
1.38229477e+01 1.74327055e-11 5.34558697e-14 0.00000000e+00 1.73792496e-11 0.00000000e+00 7.36171115e-14
1.42855609e+01 1.71824998e-11 4.90632693e-14 0.00000000e+00 1.71334366e-11 0.00000000e+00 6.66943252e-14
1.47636563e+01 1.71284901e-11 4.38047168e-14 0.00000000e+00 1.70846854e-11 0.00000000e+00 6.04225420e-14
1.52577522e+01 1.71436301e-11 3.88453426e-14 0.00000000e+00 1.71047848e-11 0.00000000e+00 5.47405431e-14
1.57683840e+01 1.70881908e-11 3.42373548e-14 0.00000000e+00 1.70539535e-11 0.00000000e+00 4.95928665e-14
1.62961051e+01 1.68869693e-11 3.01240111e-14 0.00000000e+00 1.68568453e-11 0.00000000e+00 4.49292657e-14
1.68414875e+01 1.68030417e-11 2.64693274e-14 0.00000000e+00 1.67765723e-11 0.00000000e+00 4.07042194e-14
1.74051222e+01 1.65105233e-11 2.34879540e-14 0.00000000e+00 1.64870353e-11 0.00000000e+00 3.68764869e-14
1.79876201e+01 1.62600123e-11 2.09874463e-14 0.00000000e+00 1.62390249e-11 0.00000000e+00 3.34087056e-14
1.85896125e+01 1.59512036e-11 1.90251871e-14 0.00000000e+00 1.59321784e-11 0.00000000e+00 3.02670267e-14
1.92117518e+01 1.56431220e-11 1.74815909e-14 0.00000000e+00 1.56256404e-11 0.00000000e+00 2.74207841e-14
1.98547123e+01 1.51315523e-11 1.61936754e-14 0.00000000e+00 1.51153586e-11 0.00000000e+00 2.48421957e-14
2.05191907e+01 1.46713545e-11 1.50457928e-14 0.00000000e+00 1.46563088e-11 0.00000000e+00 2.25060919e-14
2.12059073e+01 1.41518563e-11 1.39592947e-14 0.00000000e+00 1.41378970e-11 0.00000000e+00 2.03896700e-14
2.19156062e+01 1.35160391e-11 1.29105818e-14 0.00000000e+00 1.35031286e-11 0.00000000e+00 1.84722717e-14
2.26490567e+01 1.29813856e-11 1.19207727e-14 0.00000000e+00 1.29694648e-11 0.00000000e+00 1.67351811e-14
2.34070535e+01 1.24345227e-11 1.09892389e-14 0.00000000e+00 1.24235334e-11 0.00000000e+00 1.51614426e-14
2.41904183e+01 1.18139024e-11 1.01136459e-14 0.00000000e+00 1.18037888e-11 0.00000000e+00 1.37356949e-14
2.50000000e+01 1.12223395e-11 9.29483937e-15 0.00000000e+00 1.12130446e-11 0.00000000e+00 1.24440213e-14
2.75422870e+01 9.52729351e-12 7.21571992e-15 0.00000000e+00 9.52007779e-12 0.00000000e+00 9.30637977e-15
3.16227766e+01 7.21864341e-12 4.97612730e-15 0.00000000e+00 7.21366729e-12 0.00000000e+00 6.14866414e-15
3.63078055e+01 5.18929122e-12 3.41012768e-15 0.00000000e+00 5.18588109e-12 0.00000000e+00 4.06238211e-15
4.16869383e+01 3.52335132e-12 2.33115236e-15 0.00000000e+00 3.52102017e-12 0.00000000e+00 2.68398924e-15
4.78630092e+01 2.25664357e-12 1.58861800e-15 0.00000000e+00 2.25505495e-12 0.00000000e+00 1.77329411e-15
5.49540874e+01 1.36902501e-12 1.07722394e-15 0.00000000e+00 1.36794779e-12 0.00000000e+00 1.17160380e-15
6.30957344e+01 7.97236483e-13 7.26574729e-16 0.00000000e+00 7.96509909e-13 0.00000000e+00 7.74070953e-16
7.24435960e+01 4.48738902e-13 4.87747057e-16 0.00000000e+00 4.48251155e-13 0.00000000e+00 5.11423607e-16
8.31763771e+01 2.46305140e-13 3.26133414e-16 0.00000000e+00 2.45979007e-13 0.00000000e+00 3.37894226e-16
9.54992586e+01 1.32956376e-13 2.17397590e-16 0.00000000e+00 1.32738979e-13 0.00000000e+00 2.23244502e-16
1.09647820e+02 7.09123098e-14 1.44582557e-16 0.00000000e+00 7.07677272e-14 0.00000000e+00 1.47496179e-16
1.25892541e+02 3.79444690e-14 9.59775792e-17 0.00000000e+00 3.78484914e-14 0.00000000e+00 9.74497594e-17
1.44543977e+02 2.02537216e-14 6.36355114e-17 0.00000000e+00 2.01900860e-14 0.00000000e+00 6.43844175e-17
1.65958691e+02 1.03457972e-14 4.21705958e-17 0.00000000e+00 1.03036266e-14 0.00000000e+00 4.25383628e-17
1.90546072e+02 5.30130594e-15 2.79225142e-17 0.00000000e+00 5.27338343e-15 0.00000000e+00 2.81048176e-17
2.18776162e+02 2.72048520e-15 1.84777763e-17 0.00000000e+00 2.70200742e-15 0.00000000e+00 1.85686688e-17
2.51188643e+02 1.39499136e-15 1.22227454e-17 0.00000000e+00 1.38276861e-15 0.00000000e+00 1.22681978e-17
2.88403150e+02 7.13816902e-16 8.08277068e-18 0.00000000e+00 7.05734132e-16 0.00000000e+00 8.10551794e-18
3.31131121e+02 3.65225163e-16 5.34385585e-18 0.00000000e+00 3.59881307e-16 0.00000000e+00 5.35526259e-18
3.80189396e+02 1.86638473e-16 3.53246592e-18 0.00000000e+00 1.83106007e-16 0.00000000e+00 3.53818691e-18
4.36515832e+02 9.53904053e-17 2.33478493e-18 0.00000000e+00 9.30556204e-17 0.00000000e+00 2.33765691e-18
5.01187234e+02 4.87631959e-17 1.54303256e-18 0.00000000e+00 4.72201633e-17 0.00000000e+00 1.54447460e-18
5.75439937e+02 2.49523215e-17 1.01969999e-18 0.00000000e+00 2.39326215e-17 0.00000000e+00 1.02042425e-18
6.60693448e+02 1.27914796e-17 6.73823777e-19 0.00000000e+00 1.21176558e-17 0.00000000e+00 6.74187617e-19
7.58577575e+02 6.57517356e-18 4.45248531e-19 0.00000000e+00 6.12992503e-18 0.00000000e+00 4.45431341e-19
8.70963590e+02 3.39194251e-18 2.94201726e-19 0.00000000e+00 3.09774078e-18 0.00000000e+00 2.94293569e-19
1.00000000e+03 1.56386489e-18 0.00000000e+00 0.00000000e+00 1.56386489e-18 0.00000000e+00 0.00000000e+00
