# column 1: lambda (micron)
# column 2: total flux; lambda*F_lambda (W/m2)
# column 3: direct stellar flux; lambda*F_lambda (W/m2)
# column 4: scattered stellar flux; lambda*F_lambda (W/m2)
# column 5: total dust emission flux; lambda*F_lambda (W/m2)
# column 6: dust emission scattered flux; lambda*F_lambda (W/m2)
# column 7: transparent flux; lambda*F_lambda (W/m2)
1.00000000e-03 7.53600702e-13 7.53008386e-13 5.92316385e-16 0.00000000e+00 0.00000000e+00 1.04634360e-12
1.14815362e-03 8.03422452e-13 7.99676542e-13 3.74591028e-15 0.00000000e+00 0.00000000e+00 1.23502095e-12
1.31825674e-03 8.41743546e-13 8.38845186e-13 2.89835918e-15 0.00000000e+00 0.00000000e+00 1.45772071e-12
1.51356125e-03 9.05534425e-13 8.96872167e-13 8.66225793e-15 0.00000000e+00 0.00000000e+00 1.72057784e-12
1.73780083e-03 1.14129212e-12 1.05149283e-12 8.97992861e-14 0.00000000e+00 0.00000000e+00 2.03083353e-12
1.99526231e-03 1.02528338e-12 1.00152563e-12 2.37577457e-14 0.00000000e+00 0.00000000e+00 2.39703472e-12
2.29086765e-03 1.43604691e-12 1.12139976e-12 3.14647150e-13 0.00000000e+00 0.00000000e+00 2.82926954e-12
2.63026799e-03 2.21741832e-12 1.10163695e-12 1.11578137e-12 0.00000000e+00 0.00000000e+00 3.33944522e-12
3.01995172e-03 1.15580314e-12 9.99989048e-13 1.55814091e-13 0.00000000e+00 0.00000000e+00 3.94161611e-12
3.46736850e-03 1.21483791e-12 9.23772807e-13 2.91065100e-13 0.00000000e+00 0.00000000e+00 4.65237083e-12
3.98107171e-03 9.12780617e-13 8.62972078e-13 4.98085389e-14 0.00000000e+00 0.00000000e+00 5.49128930e-12
4.57088190e-03 3.24266093e-12 1.88618382e-12 1.35647712e-12 0.00000000e+00 0.00000000e+00 6.48148207e-12
5.24807460e-03 2.01497090e-12 1.58110096e-12 4.33869934e-13 0.00000000e+00 0.00000000e+00 7.65022704e-12
6.02559586e-03 3.03283136e-12 1.34921326e-12 1.68361810e-12 0.00000000e+00 0.00000000e+00 9.02972084e-12
6.91830971e-03 2.36873818e-12 1.18803528e-12 1.18070289e-12 0.00000000e+00 0.00000000e+00 1.06579658e-11
7.94328235e-03 1.93670188e-12 1.08798231e-12 8.48719567e-13 4.17053834e-304 2.28853576e-305 1.25798170e-11
9.12010839e-03 1.94279770e-12 9.81764920e-13 9.61032785e-13 2.70196577e-265 3.71822823e-266 1.48482176e-11
1.04712855e-02 1.37539610e-12 9.21877228e-13 4.53518877e-13 1.43042289e-231 1.42984237e-232 1.65834298e-11
1.20226443e-02 1.49354305e-12 7.77329880e-13 7.16213168e-13 2.97162375e-202 4.39958264e-203 1.65834298e-11
1.38038426e-02 1.22309612e-12 6.34969498e-13 5.88126622e-13 9.25468441e-177 8.43885073e-178 1.65834298e-11
1.58489319e-02 1.17396791e-12 4.95209406e-13 6.78758502e-13 1.48254741e-154 1.37155436e-155 1.65834298e-11
1.81970086e-02 8.15306655e-13 3.93741722e-13 4.21564933e-13 3.02043237e-135 2.48857110e-136 1.65834298e-11
2.08929613e-02 7.50085962e-13 3.25417716e-13 4.24668245e-13 1.81022906e-118 1.64446993e-119 1.65834298e-11
2.39883292e-02 6.35468211e-13 2.54213607e-13 3.81254604e-13 7.00428150e-104 5.77525679e-105 1.65834298e-11
2.75422870e-02 5.71936864e-13 1.90746746e-13 3.81190118e-13 3.40868596e-91 2.68971252e-92 1.65834298e-11
3.16227766e-02 4.84093353e-13 1.43940609e-13 3.40152744e-13 3.55715920e-80 2.59368813e-81 1.65834298e-11
3.63078055e-02 4.46785990e-13 1.15419125e-13 3.31366864e-13 1.31089116e-70 8.80414493e-72 1.65834298e-11
4.16869383e-02 4.41590838e-13 9.53513219e-14 3.46239516e-13 2.63583445e-62 1.80404590e-63 1.65834298e-11
4.78630092e-02 3.73058970e-13 5.63214796e-14 3.16737490e-13 4.07015529e-55 2.59209249e-56 1.65834298e-11
5.49540874e-02 3.05032140e-13 2.70825232e-14 2.77949617e-13 6.81633959e-49 4.00842922e-50 1.65834298e-11
6.30957344e-02 2.17296970e-13 4.31859055e-15 2.12978380e-13 2.10419806e-43 1.18084312e-44 1.65834298e-11
7.24435960e-02 1.50652374e-13 4.90765901e-16 1.50161608e-13 1.14467476e-38 5.58855452e-40 1.65834298e-11
8.31763771e-02 1.45177435e-13 5.95549887e-16 1.44581885e-13 1.22511749e-34 5.82928195e-36 1.65834298e-11
9.54992586e-02 1.46502394e-13 1.05054334e-15 1.45451850e-13 3.63534464e-31 1.74660935e-32 1.65834298e-11
1.09647820e-01 1.72921612e-13 5.15193627e-15 1.67769675e-13 3.39627053e-28 1.73396721e-29 1.58370587e-11
1.25892541e-01 2.25628152e-13 1.98956960e-14 2.05732456e-13 1.20263851e-25 6.35022843e-27 1.47800032e-11
1.44543977e-01 2.58321160e-13 5.75582805e-14 2.00762880e-13 1.75961903e-23 8.84494509e-25 1.37935015e-11
1.65958691e-01 2.99888581e-13 1.06813174e-13 1.93075406e-13 9.36396211e-22 4.96769930e-23 1.28728446e-11
1.90546072e-01 2.50011798e-13 7.23614834e-14 1.77650295e-13 1.96144570e-20 1.12127006e-21 1.20136376e-11
2.18776162e-01 1.66687423e-13 2.78838402e-14 1.38803359e-13 2.24310822e-19 1.26925243e-20 1.12117790e-11
2.51188643e-01 2.33065135e-13 8.64758483e-14 1.46586391e-13 2.89573230e-18 1.88028039e-19 1.04634409e-11
2.88403150e-01 3.35419747e-13 1.82166429e-13 1.53227950e-13 2.53683578e-17 1.63379901e-18 9.76505125e-12
3.31131121e-01 4.36242531e-13 2.83326722e-13 1.52765358e-13 1.50451570e-16 9.25969509e-18 9.11327608e-12
3.80189396e-01 5.49603865e-13 4.03606655e-13 1.45348181e-13 6.49028424e-16 3.96999681e-17 8.50500410e-12
4.36515832e-01 6.93434758e-13 5.59274467e-13 1.32049872e-13 2.11041851e-15 1.23889006e-16 7.93733165e-12
5.01187234e-01 8.88571495e-13 7.59616272e-13 1.23539369e-13 5.41585420e-15 3.12901224e-16 7.40754890e-12
5.75439937e-01 1.11549338e-12 9.98304811e-13 1.05662400e-13 1.15261709e-14 6.94495607e-16 6.91312687e-12
6.60693448e-01 1.37982666e-12 1.26403436e-12 9.44812357e-14 2.13110637e-14 1.52911283e-15 6.45170538e-12
7.58577575e-01 1.67527015e-12 1.55099594e-12 8.67844250e-14 3.74897867e-14 3.71996274e-15 6.02108180e-12
8.70963590e-01 2.00598739e-12 1.86365694e-12 7.49530000e-14 6.73774562e-14 9.57770573e-15 5.61920048e-12
1.00000000e+00 2.35864494e-12 2.16755096e-12 6.47941134e-14 1.26299868e-13 2.31343696e-14 5.24414302e-12
1.14815362e+00 2.74593716e-12 2.44320531e-12 5.58038143e-14 2.46928040e-13 4.96228386e-14 4.89411902e-12
1.31825674e+00 3.21083594e-12 2.67025125e-12 4.66068112e-14 4.93977883e-13 9.53466799e-14 4.56745763e-12
1.51356125e+00 3.80364071e-12 2.82728210e-12 3.99900073e-14 9.36368604e-13 1.64022949e-13 4.26259947e-12
1.73780083e+00 4.56326085e-12 2.92087905e-12 3.36526640e-14 1.60872914e-12 2.34332504e-13 3.97808929e-12
1.99526231e+00 5.52325513e-12 2.95333176e-12 2.84766794e-14 2.54144669e-12 3.15597089e-13 3.71256894e-12
2.29086765e+00 6.68264703e-12 2.92626179e-12 2.37007084e-14 3.73268453e-12 3.82742720e-13 3.46477093e-12
2.63026799e+00 7.97578673e-12 2.85103440e-12 2.06661187e-14 5.10408620e-12 4.31272279e-13 3.23351237e-12
3.01995172e+00 9.24622199e-12 2.74414051e-12 1.72332889e-14 6.48484819e-12 4.67331145e-13 3.01768933e-12
3.46736850e+00 1.08811965e-11 2.61827720e-12 1.41121005e-14 8.24880715e-12 4.81907167e-13 2.81627154e-12
3.98107171e+00 1.25639262e-11 2.48357364e-12 1.12765720e-14 1.00690760e-11 4.57552611e-13 2.62829753e-12
4.57088190e+00 1.43390161e-11 2.34586251e-12 8.49524161e-15 1.19846583e-11 4.03953756e-13 2.45286997e-12
5.24807460e+00 1.57863373e-11 1.95675965e-12 5.38342668e-15 1.38241942e-11 3.17002067e-13 2.02814751e-12
6.02559586e+00 1.65721473e-11 1.30067132e-12 2.55471075e-15 1.52689213e-11 2.29084765e-13 1.33998377e-12
6.70000000e+00 1.70157735e-11 9.49355019e-13 1.37825463e-15 1.60650402e-11 1.66794921e-13 9.74709347e-13
6.92422916e+00 1.71570571e-11 8.60874762e-13 1.12684969e-15 1.62950555e-11 1.49408408e-13 8.83049889e-13
7.15596261e+00 1.72576383e-11 7.80266617e-13 8.97816556e-16 1.64764739e-11 1.31431494e-13 8.00009879e-13
7.39545150e+00 1.73364475e-11 7.06470482e-13 6.82002626e-16 1.66292951e-11 1.11860461e-13 7.24778763e-13
7.64295536e+00 1.72671305e-11 6.37757349e-13 4.55714554e-16 1.66289174e-11 8.91722009e-14 6.56622211e-13
7.89874245e+00 1.68914147e-11 5.72886429e-13 2.48786993e-16 1.63182795e-11 6.28515070e-14 5.94874946e-13
8.16308998e+00 1.61164148e-11 5.12211209e-13 1.24105222e-16 1.56040794e-11 4.19790614e-14 5.38934254e-13
8.43628443e+00 1.51894285e-11 4.54946598e-13 5.66188987e-17 1.47344253e-11 2.58329478e-14 4.88254098e-13
8.71862190e+00 1.46320863e-11 4.05556753e-13 3.19201192e-17 1.42264977e-11 1.83881923e-14 4.42339790e-13
9.01040836e+00 1.42820733e-11 3.60736880e-13 1.76686278e-17 1.39213187e-11 1.28767913e-14 4.00743158e-13
9.31196005e+00 1.40531598e-11 3.21366062e-13 0.00000000e+00 1.37317937e-11 0.00000000e+00 3.63058180e-13
9.62360379e+00 1.39328357e-11 2.90211409e-13 0.00000000e+00 1.36426243e-11 0.00000000e+00 3.28917012e-13
9.94567731e+00 1.44371311e-11 2.64959330e-13 0.00000000e+00 1.41721718e-11 0.00000000e+00 2.97986401e-13
1.02785297e+01 1.50513761e-11 2.42746891e-13 0.00000000e+00 1.48086292e-11 0.00000000e+00 2.69964435e-13
1.06225216e+01 1.55084165e-11 2.22388279e-13 0.00000000e+00 1.52860282e-11 0.00000000e+00 2.44577592e-13
1.09780260e+01 1.66483877e-11 2.04123843e-13 0.00000000e+00 1.64442639e-11 0.00000000e+00 2.21578069e-13
1.13454280e+01 1.73699974e-11 1.86970810e-13 0.00000000e+00 1.71830266e-11 0.00000000e+00 2.00741370e-13
1.17251259e+01 1.80797051e-11 1.70939806e-13 0.00000000e+00 1.79087653e-11 0.00000000e+00 1.81864106e-13
1.21175312e+01 1.88406974e-11 1.56143883e-13 0.00000000e+00 1.86845535e-11 0.00000000e+00 1.64762018e-13
1.25230691e+01 1.93534194e-11 1.42491138e-13 0.00000000e+00 1.92109283e-11 0.00000000e+00 1.49268171e-13
1.29421791e+01 1.97108732e-11 1.29868123e-13 0.00000000e+00 1.95810051e-11 0.00000000e+00 1.35231331e-13
1.33753155e+01 1.98917107e-11 1.18241974e-13 0.00000000e+00 1.97734688e-11 0.00000000e+00 1.22514483e-13
1.38229477e+01 2.00296947e-11 1.07436433e-13 0.00000000e+00 1.99222583e-11 0.00000000e+00 1.10993499e-13
1.42855609e+01 2.01825608e-11 9.74623451e-14 0.00000000e+00 2.00850984e-11 0.00000000e+00 1.00555922e-13
1.47636563e+01 2.02639524e-11 8.81659901e-14 0.00000000e+00 2.01757864e-11 0.00000000e+00 9.10998706e-14
1.52577522e+01 2.05568472e-11 7.97013064e-14 0.00000000e+00 2.04771459e-11 0.00000000e+00 8.25330452e-14
1.57683840e+01 2.08853368e-11 7.20044562e-14 0.00000000e+00 2.08133323e-11 0.00000000e+00 7.47718247e-14
1.62961051e+01 2.10631866e-11 6.50394874e-14 0.00000000e+00 2.09981471e-11 0.00000000e+00 6.77404517e-14
1.68414875e+01 2.13445712e-11 5.87402187e-14 0.00000000e+00 2.12858310e-11 0.00000000e+00 6.13702932e-14
1.74051222e+01 2.14463244e-11 5.31041958e-14 0.00000000e+00 2.13932202e-11 0.00000000e+00 5.55991699e-14
1.79876201e+01 2.13994524e-11 4.80428424e-14 0.00000000e+00 2.13514095e-11 0.00000000e+00 5.03707500e-14
1.85896125e+01 2.14599483e-11 4.35276468e-14 0.00000000e+00 2.14164206e-11 0.00000000e+00 4.56339988e-14
1.92117518e+01 2.12959535e-11 3.94912092e-14 0.00000000e+00 2.12564623e-11 0.00000000e+00 4.13426810e-14
1.98547123e+01 2.10679413e-11 3.58585875e-14 0.00000000e+00 2.10320827e-11 0.00000000e+00 3.74549090e-14
2.05191907e+01 2.07395535e-11 3.25700757e-14 0.00000000e+00 2.07069834e-11 0.00000000e+00 3.39327342e-14
2.12059073e+01 2.04664225e-11 2.95788392e-14 0.00000000e+00 2.04368437e-11 0.00000000e+00 3.07417768e-14
2.19156062e+01 1.98986610e-11 2.68537192e-14 0.00000000e+00 1.98718073e-11 0.00000000e+00 2.78508898e-14
2.26490567e+01 1.94205240e-11 2.43755317e-14 0.00000000e+00 1.93961485e-11 0.00000000e+00 2.52318552e-14
2.34070535e+01 1.88866108e-11 2.21224374e-14 0.00000000e+00 1.88644884e-11 0.00000000e+00 2.28591087e-14
2.41904183e+01 1.82794158e-11 2.00742004e-14 0.00000000e+00 1.82593416e-11 0.00000000e+00 2.07094900e-14
2.50000000e+01 1.76279596e-11 1.82130155e-14 0.00000000e+00 1.76097466e-11 0.00000000e+00 1.87620165e-14
2.75422870e+01 1.55596562e-11 1.36726455e-14 0.00000000e+00 1.55459836e-11 0.00000000e+00 1.40313526e-14
3.16227766e+01 1.24433806e-11 9.07291608e-15 0.00000000e+00 1.24343077e-11 0.00000000e+00 9.27042274e-15
3.63078055e+01 9.31898419e-12 6.01676572e-15 0.00000000e+00 9.31296742e-12 0.00000000e+00 6.12490756e-15
4.16869383e+01 6.57671995e-12 3.98904992e-15 0.00000000e+00 6.57273090e-12 0.00000000e+00 4.04668630e-15
4.78630092e+01 4.34215767e-12 2.64385915e-15 0.00000000e+00 4.33951381e-12 0.00000000e+00 2.67361912e-15
5.49540874e+01 2.70221396e-12 1.75140698e-15 0.00000000e+00 2.70046255e-12 0.00000000e+00 1.76644264e-15
6.30957344e+01 1.60672311e-12 1.15957941e-15 0.00000000e+00 1.60556353e-12 0.00000000e+00 1.16707708e-15
7.24435960e+01 9.21770851e-13 7.67368999e-16 0.00000000e+00 9.21003482e-13 0.00000000e+00 7.71080178e-16
8.31763771e+01 5.14225271e-13 5.07613986e-16 0.00000000e+00 5.13717657e-13 0.00000000e+00 5.09447621e-16
9.54992586e+01 2.81349762e-13 3.35680720e-16 0.00000000e+00 2.81014081e-13 0.00000000e+00 3.36588705e-16
1.09647820e+02 1.52020276e-13 2.21930818e-16 0.00000000e+00 1.51798345e-13 0.00000000e+00 2.22381952e-16
1.25892541e+02 8.22022042e-14 1.46698834e-16 0.00000000e+00 8.20555053e-14 0.00000000e+00 1.46926299e-16
1.44543977e+02 4.42845241e-14 9.69577129e-17 0.00000000e+00 4.41875664e-14 0.00000000e+00 9.70732430e-17
1.65958691e+02 2.28160320e-14 6.40789987e-17 0.00000000e+00 2.27519530e-14 0.00000000e+00 6.41356556e-17
1.90546072e+02 1.17830835e-14 4.23459498e-17 0.00000000e+00 1.17407375e-14 0.00000000e+00 4.23740075e-17
2.18776162e+02 6.08465066e-15 2.79822502e-17 0.00000000e+00 6.05666841e-15 0.00000000e+00 2.79962291e-17
2.51188643e+02 3.13682552e-15 1.84899385e-17 0.00000000e+00 3.11833558e-15 0.00000000e+00 1.84969251e-17
2.88403150e+02 1.61234193e-15 1.22173021e-17 0.00000000e+00 1.60012463e-15 0.00000000e+00 1.22207972e-17
3.31131121e+02 8.27752705e-16 8.07244854e-18 0.00000000e+00 8.19680257e-16 0.00000000e+00 8.07420067e-18
3.80189396e+02 4.24047858e-16 5.33369291e-18 0.00000000e+00 4.18714165e-16 0.00000000e+00 5.33457148e-18
4.36515832e+02 2.17067676e-16 3.52407545e-18 0.00000000e+00 2.13543601e-16 0.00000000e+00 3.52451642e-18
5.01187234e+02 1.11020817e-16 2.32840352e-18 0.00000000e+00 1.08692414e-16 0.00000000e+00 2.32862491e-18
5.75439937e+02 5.67738059e-17 1.53839604e-18 0.00000000e+00 5.52354098e-17 0.00000000e+00 1.53850722e-18
6.60693448e+02 2.90478713e-17 1.01642579e-18 0.00000000e+00 2.80314455e-17 0.00000000e+00 1.01648164e-18
7.58577575e+02 1.48801290e-17 6.71554701e-19 0.00000000e+00 1.42085743e-17 0.00000000e+00 6.71582760e-19
8.70963590e+02 7.63653241e-18 4.43696233e-19 0.00000000e+00 7.19283618e-18 0.00000000e+00 4.43710329e-19
1.00000000e+03 3.63675423e-18 0.00000000e+00 0.00000000e+00 3.63675423e-18 0.00000000e+00 0.00000000e+00
