# column 1: lambda (micron)
# column 2: total flux; lambda*F_lambda (W/m2)
# column 3: direct stellar flux; lambda*F_lambda (W/m2)
# column 4: scattered stellar flux; lambda*F_lambda (W/m2)
# column 5: total dust emission flux; lambda*F_lambda (W/m2)
# column 6: dust emission scattered flux; lambda*F_lambda (W/m2)
# column 7: transparent flux; lambda*F_lambda (W/m2)
1.00000000e-03 2.99765784e-19 1.00031534e-42 2.99765784e-19 0.00000000e+00 0.00000000e+00 2.19080387e-29
1.14815362e-03 4.48426068e-19 6.13372175e-47 4.48426068e-19 0.00000000e+00 0.00000000e+00 2.58585101e-29
1.31825674e-03 5.53091816e-19 1.19136216e-51 5.53091816e-19 0.00000000e+00 0.00000000e+00 3.05213331e-29
1.51356125e-03 5.64952425e-19 1.37278181e-55 5.64952425e-19 0.00000000e+00 0.00000000e+00 3.60249593e-29
1.73780083e-03 9.94369807e-19 8.64093080e-56 9.94369807e-19 0.00000000e+00 0.00000000e+00 4.25210029e-29
1.99526231e-03 1.31928354e-18 2.04882067e-64 1.31928354e-18 0.00000000e+00 0.00000000e+00 5.01884171e-29
2.29086765e-03 1.41851848e-18 1.75847712e-66 1.41851848e-18 0.00000000e+00 0.00000000e+00 5.92384244e-29
2.63026799e-03 3.32174446e-18 7.47040757e-74 3.32174446e-18 0.00000000e+00 0.00000000e+00 6.99203348e-29
3.01995172e-03 3.29419310e-18 1.98110617e-84 3.29419310e-18 0.00000000e+00 0.00000000e+00 8.25284140e-29
3.46736850e-03 4.05140913e-18 2.69978061e-94 4.05140913e-18 0.00000000e+00 0.00000000e+00 9.74099901e-29
3.98107171e-03 3.83914699e-18 1.04638091e-103 3.83914699e-18 0.00000000e+00 0.00000000e+00 1.14975021e-28
4.57088190e-03 2.82149438e-17 1.19350790e-78 2.82149438e-17 0.00000000e+00 0.00000000e+00 1.35707390e-28
5.24807460e-03 3.50451388e-17 1.86844228e-92 3.50451388e-17 0.00000000e+00 0.00000000e+00 1.60178233e-28
6.02559586e-03 4.85291768e-17 1.54645593e-105 4.85291768e-17 0.00000000e+00 0.00000000e+00 1.89061674e-28
6.91830971e-03 4.28470729e-17 2.39686586e-117 4.28470729e-17 0.00000000e+00 0.00000000e+00 2.23153395e-28
7.94328235e-03 4.99233835e-17 1.44996728e-127 4.99233835e-17 0.00000000e+00 0.00000000e+00 2.63392557e-28
9.12010839e-03 5.91295153e-17 2.21235837e-138 5.91295153e-17 0.00000000e+00 0.00000000e+00 3.10887671e-28
1.04712855e-02 8.11019437e-17 2.28419563e-145 8.11019437e-17 0.00000000e+00 0.00000000e+00 3.47219039e-28
1.20226443e-02 7.69777803e-17 2.77260542e-152 7.69777803e-17 0.00000000e+00 0.00000000e+00 3.47219039e-28
1.38038426e-02 6.97195132e-17 1.73752941e-160 6.97195132e-17 4.06478501e-282 4.06478501e-282 3.47219039e-28
1.58489319e-02 6.22560812e-16 1.44254326e-170 6.22560812e-16 3.94989957e-247 3.94989957e-247 3.47219039e-28
1.81970086e-02 2.08400004e-16 7.26761511e-180 2.08400004e-16 1.08382532e-216 1.08382532e-216 3.47219039e-28
2.08929613e-02 1.00352577e-16 1.35823795e-187 1.00352577e-16 3.19812073e-190 3.19812073e-190 3.47219039e-28
2.39883292e-02 9.04249265e-17 1.31688451e-197 9.04249265e-17 1.13553830e-166 1.13553830e-166 3.47219039e-28
2.75422870e-02 9.08221724e-17 2.96606534e-209 9.08221724e-17 3.87335454e-147 3.87335454e-147 3.47219039e-28
3.16227766e-02 7.86425175e-17 1.13564297e-220 7.86425175e-17 1.71078419e-129 1.71078419e-129 3.47219039e-28
3.63078055e-02 1.01821307e-16 1.25995887e-229 1.01821307e-16 1.56302104e-114 1.56302104e-114 3.47219039e-28
4.16869383e-02 2.00250039e-16 2.26494223e-237 2.00250039e-16 2.20063953e-101 2.20063953e-101 3.47219039e-28
4.78630092e-02 9.37500753e-17 1.01232611e-258 9.37500753e-17 7.90565923e-90 7.90565923e-90 3.47219039e-28
5.49540874e-02 5.86720257e-17 2.06280784e-288 5.86720257e-17 4.88292647e-80 4.88292647e-80 3.47219039e-28
6.30957344e-02 7.02311836e-17 0.00000000e+00 7.02311836e-17 1.88050461e-71 1.88050461e-71 3.47219039e-28
7.24435960e-02 2.05887334e-17 0.00000000e+00 2.05887334e-17 4.24363726e-64 4.24363726e-64 3.47219039e-28
8.31763771e-02 1.77323564e-17 0.00000000e+00 1.77323564e-17 1.19393165e-57 1.19393165e-57 3.47219039e-28
9.54992586e-02 2.27022208e-17 0.00000000e+00 2.27022208e-17 4.45836714e-52 4.45836714e-52 3.47219039e-28
1.09647820e-01 2.40156154e-17 0.00000000e+00 2.40156154e-17 4.24745892e-47 4.24745892e-47 3.31591739e-28
1.25892541e-01 5.08477472e-17 2.67756143e-296 5.08477472e-17 9.58071069e-43 9.58071069e-43 3.09459416e-28
1.44543977e-01 4.33398220e-17 1.88758101e-250 4.33398220e-17 3.59784568e-39 3.59784568e-39 2.88804331e-28
1.65958691e-01 7.72441419e-17 1.31525509e-222 7.72441419e-17 5.22037148e-36 5.22037148e-36 2.69527884e-28
1.90546072e-01 7.38113678e-17 1.25705983e-235 7.38113678e-17 2.38488556e-33 2.38488556e-33 2.51538057e-28
2.18776162e-01 4.78019246e-17 1.58518529e-271 4.78019246e-17 3.49112419e-31 3.49112419e-31 2.34748974e-28
2.51188643e-01 1.32219053e-16 7.37017125e-223 1.32219053e-16 9.04173445e-29 9.04173445e-29 2.19080489e-28
2.88403150e-01 1.23670656e-16 7.10089584e-190 1.23670656e-16 1.37580383e-26 1.37580383e-26 2.04457809e-28
3.31131121e-01 2.81522692e-16 3.41189511e-169 2.81522692e-16 6.57841591e-25 6.57841590e-25 1.90811129e-28
3.80189396e-01 2.41427575e-16 4.49456940e-152 2.41427548e-16 2.74364339e-23 2.74364338e-23 1.78075307e-28
4.36515832e-01 3.27073020e-16 4.48264089e-136 3.27072469e-16 5.50703476e-22 5.50703476e-22 1.66189546e-28
5.01187234e-01 4.49055797e-16 6.89106337e-121 4.49049365e-16 6.43159294e-21 6.43159239e-21 1.55097109e-28
5.75439937e-01 4.91024604e-16 4.89537997e-107 4.90961997e-16 6.26067458e-20 6.26041485e-20 1.44745044e-28
6.60693448e-01 6.67652481e-16 1.07439712e-94 6.67252830e-16 3.99650784e-19 3.99649465e-19 1.35083935e-28
7.58577575e-01 7.30764874e-16 1.25482476e-83 7.28747043e-16 2.01783158e-18 2.01627983e-18 1.26067663e-28
8.70963590e-01 8.72767410e-16 2.07322537e-73 8.64459267e-16 8.30814296e-18 8.27314296e-18 1.17653189e-28
1.00000000e+00 9.82700554e-16 1.63423272e-64 9.54994203e-16 2.77063502e-17 2.72556032e-17 1.09800344e-28
1.14815362e+00 1.11136060e-15 6.90140421e-57 1.03043523e-15 8.09253726e-17 7.66911311e-17 1.02471644e-28
1.31825674e+00 1.36028085e-15 1.63500487e-50 1.15310813e-15 2.07172719e-16 1.76266344e-16 9.56321020e-29
1.51356125e+00 1.61178814e-15 2.00395867e-45 1.00673163e-15 6.05056508e-16 3.90654533e-16 8.92490705e-29
1.73780083e+00 2.87416492e-15 2.47593224e-41 1.15806138e-15 1.71610354e-15 7.53682144e-16 8.32920789e-29
1.99526231e+00 6.01029180e-15 4.10162968e-38 1.01656270e-15 4.99372910e-15 1.28516299e-15 7.77326909e-29
2.29086765e+00 1.34746247e-14 1.02497684e-35 9.83782393e-16 1.24908423e-14 1.92963321e-15 7.25443681e-29
2.63026799e+00 2.74882491e-14 5.31824037e-34 8.78291774e-16 2.66099573e-14 2.54666315e-15 6.77023435e-29
3.01995172e+00 5.19625403e-14 8.85756852e-33 7.23261253e-16 5.12392790e-14 3.10585928e-15 6.31835032e-29
3.46736850e+00 8.70437629e-14 6.52456051e-32 6.28042608e-16 8.64157203e-14 3.39495104e-15 5.89662761e-29
3.98107171e+00 1.32582833e-13 2.77900563e-31 5.11745472e-16 1.32071088e-13 3.56923330e-15 5.50305308e-29
4.57088190e+00 1.87198672e-13 7.97637515e-31 4.24871127e-16 1.86773801e-13 3.37820121e-15 5.13574796e-29
5.24807460e+00 2.41212923e-13 1.49613170e-30 2.77339863e-16 2.40935583e-13 2.85213720e-15 4.24647639e-29
6.02559586e+00 2.89039801e-13 1.73998469e-30 1.37280740e-16 2.88902520e-13 2.21876579e-15 2.80561913e-29
6.70000000e+00 3.15551465e-13 1.74190550e-30 7.41382363e-17 3.15477327e-13 1.69443994e-15 2.04081814e-29
6.92422916e+00 3.24327554e-13 1.72027141e-30 6.02400294e-17 3.24267314e-13 1.53358362e-15 1.84890423e-29
7.15596261e+00 3.27106656e-13 1.62450975e-30 4.99229821e-17 3.27056733e-13 1.35757265e-15 1.67503746e-29
7.39545150e+00 3.25253254e-13 1.39199709e-30 3.77328704e-17 3.25215521e-13 1.14066411e-15 1.51752074e-29
7.64295536e+00 3.10798469e-13 9.03955924e-31 2.43110865e-17 3.10774158e-13 8.72025908e-16 1.37481653e-29
7.89874245e+00 2.79738050e-13 3.69876714e-31 1.24692546e-17 2.79725581e-13 5.61336846e-16 1.24553190e-29
8.16308998e+00 2.42373685e-13 9.77657234e-32 5.69889050e-18 2.42367986e-13 3.41473999e-16 1.12840490e-29
8.43628443e+00 2.06963701e-13 1.39448383e-32 2.41745050e-18 2.06961284e-13 1.89848604e-16 1.02229226e-29
8.71862190e+00 1.87976358e-13 2.79354701e-33 1.25632788e-18 1.87975101e-13 1.23456758e-16 9.26158212e-30
9.01040836e+00 1.71121495e-13 4.56015662e-34 5.92564538e-19 1.71120903e-13 7.98574850e-17 8.39064393e-30
9.31196005e+00 1.59539888e-13 8.59834391e-35 0.00000000e+00 1.59539888e-13 0.00000000e+00 7.60160679e-30
9.62360379e+00 1.59479061e-13 5.77047315e-35 0.00000000e+00 1.59479061e-13 0.00000000e+00 6.88676892e-30
9.94567731e+00 1.70285567e-13 1.07534884e-34 0.00000000e+00 1.70285567e-13 0.00000000e+00 6.23915278e-30
1.02785297e+01 1.78801696e-13 2.77238210e-34 0.00000000e+00 1.78801696e-13 0.00000000e+00 5.65243699e-30
1.06225216e+01 1.95004669e-13 7.12262999e-34 0.00000000e+00 1.95004669e-13 0.00000000e+00 5.12089462e-30
1.09780260e+01 2.09653636e-13 2.18439376e-33 0.00000000e+00 2.09653636e-13 0.00000000e+00 4.63933730e-30
1.13454280e+01 2.26686054e-13 5.51850863e-33 0.00000000e+00 2.26686054e-13 0.00000000e+00 4.20306453e-30
1.17251259e+01 2.43310729e-13 1.17116502e-32 0.00000000e+00 2.43310729e-13 0.00000000e+00 3.80781787e-30
1.21175312e+01 2.61204331e-13 2.28676189e-32 0.00000000e+00 2.61204331e-13 0.00000000e+00 3.44973931e-30
1.25230691e+01 2.78332615e-13 4.08047955e-32 0.00000000e+00 2.78332615e-13 0.00000000e+00 3.12533364e-30
1.29421791e+01 2.93823156e-13 6.47169125e-32 0.00000000e+00 2.93823156e-13 0.00000000e+00 2.83143435e-30
1.33753155e+01 3.09680296e-13 9.32647552e-32 0.00000000e+00 3.09680296e-13 0.00000000e+00 2.56517268e-30
1.38229477e+01 3.18975448e-13 1.11017503e-31 0.00000000e+00 3.18975448e-13 0.00000000e+00 2.32394966e-30
1.42855609e+01 3.24424591e-13 1.13816671e-31 0.00000000e+00 3.24424591e-13 0.00000000e+00 2.10541070e-30
1.47636563e+01 3.26326452e-13 8.97447721e-32 0.00000000e+00 3.26326452e-13 0.00000000e+00 1.90742265e-30
1.52577522e+01 3.28300159e-13 6.63455809e-32 0.00000000e+00 3.28300159e-13 0.00000000e+00 1.72805294e-30
1.57683840e+01 3.26877707e-13 4.62770349e-32 0.00000000e+00 3.26877707e-13 0.00000000e+00 1.56555076e-30
1.62961051e+01 3.28710530e-13 3.17544198e-32 0.00000000e+00 3.28710530e-13 0.00000000e+00 1.41832992e-30
1.68414875e+01 3.30028971e-13 2.15133057e-32 0.00000000e+00 3.30028971e-13 0.00000000e+00 1.28495339e-30
1.74051222e+01 3.30772691e-13 1.60033508e-32 0.00000000e+00 3.30772691e-13 0.00000000e+00 1.16411928e-30
1.79876201e+01 3.38883923e-13 1.27157100e-32 0.00000000e+00 3.38883923e-13 0.00000000e+00 1.05464814e-30
1.85896125e+01 3.46555605e-13 1.15854879e-32 0.00000000e+00 3.46555605e-13 0.00000000e+00 9.55471421e-31
1.92117518e+01 3.53294370e-13 1.20058891e-32 0.00000000e+00 3.53294370e-13 0.00000000e+00 8.65621054e-31
1.98547123e+01 3.64242014e-13 1.34355423e-32 0.00000000e+00 3.64242014e-13 0.00000000e+00 7.84220012e-31
2.05191907e+01 3.71536655e-13 1.54710502e-32 0.00000000e+00 3.71536655e-13 0.00000000e+00 7.10473740e-31
2.12059073e+01 3.75433114e-13 1.75743940e-32 0.00000000e+00 3.75433114e-13 0.00000000e+00 6.43662399e-31
2.19156062e+01 3.81521430e-13 1.93757480e-32 0.00000000e+00 3.81521430e-13 0.00000000e+00 5.83133846e-31
2.26490567e+01 3.88883428e-13 2.10260862e-32 0.00000000e+00 3.88883428e-13 0.00000000e+00 5.28297261e-31
2.34070535e+01 3.92739100e-13 2.24724176e-32 0.00000000e+00 3.92739100e-13 0.00000000e+00 4.78617384e-31
2.41904183e+01 3.92146727e-13 2.36411894e-32 0.00000000e+00 3.92146727e-13 0.00000000e+00 4.33609290e-31
2.50000000e+01 3.91811557e-13 2.45431252e-32 0.00000000e+00 3.91811557e-13 0.00000000e+00 3.92833655e-31
2.75422870e+01 3.83652391e-13 2.61743612e-32 0.00000000e+00 3.83652391e-13 0.00000000e+00 2.93784388e-31
3.16227766e+01 3.53786804e-13 2.59868939e-32 0.00000000e+00 3.53786804e-13 0.00000000e+00 1.94101420e-31
3.63078055e+01 3.03162591e-13 2.43031593e-32 0.00000000e+00 3.03162591e-13 0.00000000e+00 1.28241537e-31
4.16869383e+01 2.40608410e-13 2.21980811e-32 0.00000000e+00 2.40608410e-13 0.00000000e+00 8.47283431e-32
4.78630092e+01 1.78164521e-13 1.96846157e-32 0.00000000e+00 1.78164521e-13 0.00000000e+00 5.59794611e-32
5.49540874e+01 1.22611370e-13 1.66490299e-32 0.00000000e+00 1.22611370e-13 0.00000000e+00 3.69852632e-32
6.30957344e+01 7.98331175e-14 1.33867926e-32 0.00000000e+00 7.98331175e-14 0.00000000e+00 2.44359211e-32
7.24435960e+01 4.94507754e-14 1.02893415e-32 0.00000000e+00 4.94507754e-14 0.00000000e+00 1.61446529e-32
8.31763771e+01 2.94518234e-14 7.61749384e-33 0.00000000e+00 2.94518234e-14 0.00000000e+00 1.06666664e-32
9.54992586e+01 1.70500441e-14 5.47633963e-33 0.00000000e+00 1.70500441e-14 0.00000000e+00 7.04739662e-33
1.09647820e+02 9.64947160e-15 3.85195934e-33 0.00000000e+00 9.64947160e-15 0.00000000e+00 4.65616877e-33
1.25892541e+02 5.42684302e-15 2.66195646e-33 0.00000000e+00 5.42684302e-15 0.00000000e+00 3.07630020e-33
1.44543977e+02 3.02062317e-15 1.81860748e-33 0.00000000e+00 3.02062317e-15 0.00000000e+00 2.03249139e-33
1.65958691e+02 1.59839412e-15 1.23648971e-33 0.00000000e+00 1.59839412e-15 0.00000000e+00 1.34285374e-33
1.90546072e+02 8.43796430e-16 8.34006247e-34 0.00000000e+00 8.43796430e-16 0.00000000e+00 8.87214669e-34
2.18776162e+02 4.43680874e-16 5.59468980e-34 0.00000000e+00 4.43680874e-16 0.00000000e+00 5.86176919e-34
2.51188643e+02 2.32188090e-16 3.73859936e-34 0.00000000e+00 2.32188090e-16 0.00000000e+00 3.87283249e-34
2.88403150e+02 1.20784419e-16 2.49131993e-34 0.00000000e+00 1.20784419e-16 0.00000000e+00 2.55875505e-34
3.31131121e+02 6.25893946e-17 1.65663976e-34 0.00000000e+00 6.25893946e-17 0.00000000e+00 1.69055270e-34
3.80189396e+02 3.22871045e-17 1.09989115e-34 0.00000000e+00 3.22871045e-17 0.00000000e+00 1.11693709e-34
4.36515832e+02 1.66041882e-17 7.29381710e-35 0.00000000e+00 1.66041882e-17 0.00000000e+00 7.37953019e-35
5.01187234e+02 8.51155845e-18 4.83251612e-35 0.00000000e+00 8.51155845e-18 0.00000000e+00 4.87560724e-35
5.75439937e+02 4.35169887e-18 3.19961889e-35 0.00000000e+00 4.35169887e-18 0.00000000e+00 3.22128176e-35
6.60693448e+02 2.21994522e-18 2.11738928e-35 0.00000000e+00 2.21994522e-18 0.00000000e+00 2.12827975e-35
7.58577575e+02 1.13027937e-18 1.40066558e-35 0.00000000e+00 1.13027937e-18 0.00000000e+00 1.40614049e-35
8.70963590e+02 5.74376803e-19 9.26276102e-36 0.00000000e+00 5.74376803e-19 0.00000000e+00 9.29027808e-36
1.00000000e+03 2.91364509e-19 0.00000000e+00 0.00000000e+00 2.91364509e-19 0.00000000e+00 0.00000000e+00
