# column 1: lambda (micron)
# column 2: total flux; lambda*F_lambda (W/m2)
# column 3: direct stellar flux; lambda*F_lambda (W/m2)
# column 4: scattered stellar flux; lambda*F_lambda (W/m2)
# column 5: total dust emission flux; lambda*F_lambda (W/m2)
# column 6: dust emission scattered flux; lambda*F_lambda (W/m2)
# column 7: transparent flux; lambda*F_lambda (W/m2)
1.00000000e-03 1.75921995e-18 6.59253752e-20 1.69329457e-18 0.00000000e+00 0.00000000e+00 8.37058880e-14
1.14815362e-03 2.42587829e-18 8.52692485e-22 2.42502560e-18 0.00000000e+00 0.00000000e+00 9.87997869e-14
1.31825674e-03 9.14154183e-19 6.51779888e-24 9.14147665e-19 0.00000000e+00 0.00000000e+00 1.16615427e-13
1.51356125e-03 2.67958189e-18 1.12510059e-25 2.67958177e-18 0.00000000e+00 0.00000000e+00 1.37643595e-13
1.73780083e-03 2.59825456e-18 9.96015500e-26 2.59825446e-18 0.00000000e+00 0.00000000e+00 1.62463576e-13
1.99526231e-03 3.11040311e-18 1.23332036e-29 3.11040311e-18 0.00000000e+00 0.00000000e+00 1.91759111e-13
2.29086765e-03 2.32844945e-18 1.53003856e-30 2.32844945e-18 0.00000000e+00 0.00000000e+00 2.26337236e-13
2.63026799e-03 1.25988333e-17 7.09450107e-34 1.25988333e-17 0.00000000e+00 0.00000000e+00 2.67150510e-13
3.01995172e-03 2.10164261e-17 1.12437447e-38 2.10164261e-17 0.00000000e+00 0.00000000e+00 3.15323260e-13
3.46736850e-03 9.66407043e-18 3.76825889e-43 9.66407043e-18 0.00000000e+00 0.00000000e+00 3.72182551e-13
3.98107171e-03 9.61897454e-18 2.03733896e-47 9.61897454e-18 0.00000000e+00 0.00000000e+00 4.39294745e-13
4.57088190e-03 8.60893463e-17 6.49511341e-36 8.60893463e-17 0.00000000e+00 0.00000000e+00 5.18508652e-13
5.24807460e-03 6.77823183e-17 3.42960003e-42 6.77823183e-17 0.00000000e+00 0.00000000e+00 6.12006462e-13
6.02559586e-03 4.81370803e-17 3.87962410e-48 4.81370803e-17 0.00000000e+00 0.00000000e+00 7.22363856e-13
6.91830971e-03 7.59844808e-17 1.67696072e-53 7.59844808e-17 0.00000000e+00 0.00000000e+00 8.52620966e-13
7.94328235e-03 2.01314256e-16 3.87594770e-58 2.01314256e-16 0.00000000e+00 0.00000000e+00 1.00636612e-12
9.12010839e-03 3.03574250e-16 4.77011480e-63 3.03574250e-16 0.00000000e+00 0.00000000e+00 1.18783470e-12
1.04712855e-02 9.12898100e-17 3.22244845e-66 9.12898100e-17 0.00000000e+00 0.00000000e+00 1.32664902e-12
1.20226443e-02 3.63969824e-16 2.20779485e-69 3.63969824e-16 0.00000000e+00 0.00000000e+00 1.32664902e-12
1.38038426e-02 1.42911053e-16 3.89794648e-73 1.42911053e-16 1.76516901e-281 1.76516881e-281 1.32664902e-12
1.58489319e-02 2.46224770e-16 9.51778540e-78 2.46224770e-16 3.18401352e-246 3.18401348e-246 1.32664902e-12
1.81970086e-02 1.81563353e-16 5.30291473e-82 1.81563353e-16 3.69335114e-216 3.69335112e-216 1.32664902e-12
2.08929613e-02 2.22457217e-16 1.54350994e-85 2.22457217e-16 1.92172517e-189 1.92172517e-189 1.32664902e-12
2.39883292e-02 6.43432389e-16 4.04609259e-90 6.43432389e-16 1.13676006e-166 1.13676006e-166 1.32664902e-12
2.75422870e-02 4.84271123e-16 1.89662433e-95 4.84271123e-16 1.54523438e-146 1.54523438e-146 1.32664902e-12
3.16227766e-02 3.43924306e-16 1.13332707e-100 3.43924306e-16 3.56808489e-129 3.56808489e-129 1.32664902e-12
3.63078055e-02 2.33241317e-16 9.06149504e-105 2.33241317e-16 4.44948020e-114 4.44948020e-114 1.32664902e-12
4.16869383e-02 4.21217363e-16 2.59101562e-108 4.21217363e-16 4.64607314e-101 4.64607314e-101 1.32664902e-12
4.78630092e-02 2.95332216e-16 4.41836329e-118 2.95332216e-16 1.37743450e-89 1.37743450e-89 1.32664902e-12
5.49540874e-02 4.40213601e-16 1.15004031e-131 4.40213601e-16 1.13438104e-79 1.13438104e-79 1.32664902e-12
6.30957344e-02 4.18195239e-16 9.94176228e-166 4.18195239e-16 4.99103586e-71 4.99103586e-71 1.32664902e-12
7.24435960e-02 2.38110089e-16 4.45775401e-206 2.38110089e-16 1.64668511e-63 1.64668511e-63 1.32664902e-12
8.31763771e-02 2.13294524e-16 1.73590986e-202 2.13294524e-16 4.81923615e-57 4.81923615e-57 1.32664902e-12
9.54992586e-02 2.99966098e-16 5.88855660e-192 2.99966098e-16 2.10621776e-51 2.10621776e-51 1.32664902e-12
1.09647820e-01 4.36319814e-16 1.27495314e-161 4.36319814e-16 1.46249900e-46 1.46249897e-46 1.26694048e-12
1.25892541e-01 3.87842008e-16 2.66167866e-135 3.87842008e-16 2.57408103e-42 2.57407632e-42 1.18237765e-12
1.44543977e-01 4.43272592e-16 2.43180984e-114 4.43272592e-16 8.46106934e-39 8.46051638e-39 1.10345902e-12
1.65958691e-01 5.24025279e-16 1.28467736e-101 5.24025279e-16 1.15069667e-35 1.14992828e-35 1.02980788e-12
1.90546072e-01 3.08281406e-16 1.36646645e-107 3.08281406e-16 5.52361767e-33 5.52065875e-33 9.61072633e-13
2.18776162e-01 3.85490233e-16 4.94563823e-124 3.85490233e-16 1.08439686e-30 1.08427169e-30 8.96925168e-13
2.51188643e-01 5.37472823e-16 8.80821012e-102 5.37472823e-16 2.81914811e-28 2.81584786e-28 8.37059271e-13
2.88403150e-01 5.92848996e-16 1.04666130e-86 5.92848996e-16 3.05664952e-26 3.03700836e-26 7.81189165e-13
3.31131121e-01 5.98645406e-16 2.92471772e-77 5.98645404e-16 1.71891112e-24 1.68711134e-24 7.29048148e-13
3.80189396e-01 5.37643179e-16 1.91705159e-69 5.37643124e-16 5.57553407e-23 5.33737324e-23 6.80387319e-13
4.36515832e-01 6.02295842e-16 3.85797475e-62 6.02294608e-16 1.23477217e-21 1.13377199e-21 6.34974392e-13
5.01187234e-01 7.51054034e-16 3.30008689e-55 7.51037568e-16 1.64661699e-20 1.38286583e-20 5.92592582e-13
5.75439937e-01 9.51595245e-16 6.91463856e-49 9.51417903e-16 1.77341540e-19 1.31882279e-19 5.53039576e-13
6.60693448e-01 9.84186466e-16 2.95177398e-43 9.82806802e-16 1.37966478e-18 8.66623537e-19 5.16126563e-13
7.58577575e-01 1.13820956e-15 3.29244036e-38 1.12939207e-15 8.81749906e-18 4.60914218e-18 4.81677334e-13
8.70963590e-01 1.62466947e-15 1.50087630e-33 1.57934191e-15 4.53275615e-17 1.86590055e-17 4.49527444e-13
1.00000000e+00 1.83527754e-15 1.70055081e-29 1.64304397e-15 1.92233575e-16 6.26866248e-17 4.19523420e-13
1.14815362e+00 2.60476003e-15 5.04998236e-26 1.90093876e-15 7.03821274e-16 1.84679205e-16 3.91522036e-13
1.31825674e+00 4.26782269e-15 4.01418281e-23 1.98761062e-15 2.28021204e-15 4.44055853e-16 3.65389624e-13
1.51356125e+00 7.91516883e-15 8.23038371e-21 1.88846741e-15 6.02669319e-15 9.57543266e-16 3.41001438e-13
1.73780083e+00 1.56032044e-14 5.90612163e-19 1.78367184e-15 1.38189419e-14 1.71836529e-15 3.18241059e-13
1.99526231e+00 3.02200377e-14 1.69015538e-17 1.62070855e-15 2.85824276e-14 2.68436561e-15 2.96999837e-13
2.29086765e+00 5.27268067e-14 2.03566261e-16 1.44647609e-15 5.10767644e-14 3.80614829e-15 2.77176375e-13
2.63026799e+00 8.72105197e-14 1.19433322e-15 1.22860383e-15 8.47875827e-14 4.68784333e-15 2.58676044e-13
3.01995172e+00 1.30591156e-13 4.16628847e-15 9.87019266e-16 1.25437848e-13 5.18038662e-15 2.41410531e-13
3.46736850e+00 1.88588693e-13 1.00060976e-14 7.71425527e-16 1.77811169e-13 5.26933543e-15 2.25297416e-13
3.98107171e+00 2.47532499e-13 1.87039653e-14 6.57443029e-16 2.28171091e-13 5.05737962e-15 2.10259782e-13
4.57088190e+00 3.10540902e-13 2.91857875e-14 4.85449161e-16 2.80869666e-13 4.44419209e-15 1.96225846e-13
5.24807460e+00 3.63203332e-13 3.51041824e-14 3.19334533e-16 3.27779815e-13 3.60812619e-15 1.62248699e-13
6.02559586e+00 3.93826046e-13 3.00412361e-14 1.55887519e-16 3.63628922e-13 2.72199112e-15 1.07196652e-13
6.70000000e+00 4.04175249e-13 2.52903505e-14 8.22367235e-17 3.78802662e-13 2.02081093e-15 7.79752569e-14
6.92422916e+00 4.06721325e-13 2.38344526e-14 7.05653654e-17 3.82816307e-13 1.81833906e-15 7.06426405e-14
7.15596261e+00 4.07995672e-13 2.20068487e-14 5.71168710e-17 3.85931707e-13 1.62485695e-15 6.39995667e-14
7.39545150e+00 4.05147996e-13 1.94356186e-14 4.28764567e-17 3.85669501e-13 1.36447488e-15 5.79811925e-14
7.64295536e+00 3.88613974e-13 1.51198913e-14 2.66002637e-17 3.73467482e-13 1.04855834e-15 5.25287725e-14
7.89874245e+00 3.66384645e-13 9.52178175e-15 1.44166466e-17 3.56848447e-13 6.92363968e-16 4.75890858e-14
8.16308998e+00 3.43631221e-13 4.90972445e-15 6.97103152e-18 3.38714525e-13 4.35594914e-16 4.31139160e-14
8.43628443e+00 3.21465433e-13 1.90906918e-15 3.18538098e-18 3.19553179e-13 2.63923486e-16 3.90595811e-14
8.71862190e+00 3.11022901e-13 8.67120557e-16 1.69433403e-18 3.10154087e-13 1.85165066e-16 3.53865066e-14
9.01040836e+00 3.08255873e-13 3.58636138e-16 9.47770516e-19 3.07896289e-13 1.24321805e-16 3.20588397e-14
9.31196005e+00 2.95424600e-13 1.58443833e-16 0.00000000e+00 2.95266156e-13 0.00000000e+00 2.90440991e-14
9.62360379e+00 2.98972213e-13 1.25130370e-16 0.00000000e+00 2.98847082e-13 0.00000000e+00 2.63128578e-14
9.94567731e+00 2.98978253e-13 1.57683010e-16 0.00000000e+00 2.98820570e-13 0.00000000e+00 2.38384563e-14
1.02785297e+01 3.04923617e-13 2.30517321e-16 0.00000000e+00 3.04693100e-13 0.00000000e+00 2.15967419e-14
1.06225216e+01 3.06930629e-13 3.36456107e-16 0.00000000e+00 3.06594173e-13 0.00000000e+00 1.95658333e-14
1.09780260e+01 3.13000994e-13 5.32523819e-16 0.00000000e+00 3.12468470e-13 0.00000000e+00 1.77259066e-14
1.13454280e+01 3.17604026e-13 7.71303853e-16 0.00000000e+00 3.16832722e-13 0.00000000e+00 1.60590026e-14
1.17251259e+01 3.28389053e-13 1.03152383e-15 0.00000000e+00 3.27357529e-13 0.00000000e+00 1.45488504e-14
1.21175312e+01 3.36802245e-13 1.32792425e-15 0.00000000e+00 3.35474320e-13 0.00000000e+00 1.31807094e-14
1.25230691e+01 3.43431110e-13 1.64048415e-15 0.00000000e+00 3.41790626e-13 0.00000000e+00 1.19412254e-14
1.29421791e+01 3.55210537e-13 1.92022693e-15 0.00000000e+00 3.53290310e-13 0.00000000e+00 1.08182996e-14
1.33753155e+01 3.61683808e-13 2.15127822e-15 0.00000000e+00 3.59532530e-13 0.00000000e+00 9.80097124e-15
1.38229477e+01 3.69367740e-13 2.20827692e-15 0.00000000e+00 3.67159463e-13 0.00000000e+00 8.87931012e-15
1.42855609e+01 3.73842373e-13 2.11706961e-15 0.00000000e+00 3.71725304e-13 0.00000000e+00 8.04431992e-15
1.47636563e+01 3.74822391e-13 1.79991868e-15 0.00000000e+00 3.73022473e-13 0.00000000e+00 7.28785031e-15
1.52577522e+01 3.77765024e-13 1.48579710e-15 0.00000000e+00 3.76279227e-13 0.00000000e+00 6.60251738e-15
1.57683840e+01 3.83142540e-13 1.19430083e-15 0.00000000e+00 3.81948239e-13 0.00000000e+00 5.98163161e-15
1.62961051e+01 3.84990687e-13 9.52823971e-16 0.00000000e+00 3.84037863e-13 0.00000000e+00 5.41913253e-15
1.68414875e+01 3.87384377e-13 7.55751215e-16 0.00000000e+00 3.86628625e-13 0.00000000e+00 4.90952959e-15
1.74051222e+01 3.93725152e-13 6.25635298e-16 0.00000000e+00 3.93099517e-13 0.00000000e+00 4.44784855e-15
1.79876201e+01 4.00817723e-13 5.33778322e-16 0.00000000e+00 4.00283945e-13 0.00000000e+00 4.02958296e-15
1.85896125e+01 4.09995207e-13 4.84839753e-16 0.00000000e+00 4.09510368e-13 0.00000000e+00 3.65065011e-15
1.92117518e+01 4.18018445e-13 4.67104961e-16 0.00000000e+00 4.17551340e-13 0.00000000e+00 3.30735125e-15
1.98547123e+01 4.25460748e-13 4.66126282e-16 0.00000000e+00 4.24994622e-13 0.00000000e+00 2.99633543e-15
2.05191907e+01 4.30324092e-13 4.71267848e-16 0.00000000e+00 4.29852825e-13 0.00000000e+00 2.71456684e-15
2.12059073e+01 4.35906776e-13 4.73511732e-16 0.00000000e+00 4.35433264e-13 0.00000000e+00 2.45929512e-15
2.19156062e+01 4.42214424e-13 4.69303485e-16 0.00000000e+00 4.41745121e-13 0.00000000e+00 2.22802858e-15
2.26490567e+01 4.45082250e-13 4.61774378e-16 0.00000000e+00 4.44620476e-13 0.00000000e+00 2.01850983e-15
2.34070535e+01 4.46616100e-13 4.51213650e-16 0.00000000e+00 4.46164886e-13 0.00000000e+00 1.82869374e-15
2.41904183e+01 4.49499207e-13 4.37714100e-16 0.00000000e+00 4.49061493e-13 0.00000000e+00 1.65672752e-15
2.50000000e+01 4.48007444e-13 4.22050015e-16 0.00000000e+00 4.47585394e-13 0.00000000e+00 1.50093262e-15
2.75422870e+01 4.41278632e-13 3.71280180e-16 0.00000000e+00 4.40907352e-13 0.00000000e+00 1.12248675e-15
3.16227766e+01 4.05194365e-13 2.95548945e-16 0.00000000e+00 4.04898816e-13 0.00000000e+00 7.41619640e-16
3.63078055e+01 3.47399713e-13 2.28915376e-16 0.00000000e+00 3.47170797e-13 0.00000000e+00 4.89983237e-16
4.16869383e+01 2.78240056e-13 1.75399444e-16 0.00000000e+00 2.78064656e-13 0.00000000e+00 3.23728714e-16
4.78630092e+01 2.05968780e-13 1.32588602e-16 0.00000000e+00 2.05836192e-13 0.00000000e+00 2.13885440e-16
5.49540874e+01 1.42362741e-13 9.80803691e-17 0.00000000e+00 1.42264660e-13 0.00000000e+00 1.41312709e-16
6.30957344e+01 9.32107105e-14 7.08931025e-17 0.00000000e+00 9.31398174e-14 0.00000000e+00 9.33643811e-17
7.24435960e+01 5.79771123e-14 5.01959818e-17 0.00000000e+00 5.79269163e-14 0.00000000e+00 6.16852348e-17
8.31763771e+01 3.46537853e-14 3.49367342e-17 0.00000000e+00 3.46188486e-14 0.00000000e+00 4.07550305e-17
9.54992586e+01 2.01154776e-14 2.39918545e-17 0.00000000e+00 2.00914858e-14 0.00000000e+00 2.69265816e-17
1.09647820e+02 1.14208913e-14 1.63119073e-17 0.00000000e+00 1.14045794e-14 0.00000000e+00 1.77902161e-17
1.25892541e+02 6.43439136e-15 1.10010832e-17 0.00000000e+00 6.42339027e-15 0.00000000e+00 1.17538792e-17
1.44543977e+02 3.58754262e-15 7.38052192e-18 0.00000000e+00 3.58016210e-15 0.00000000e+00 7.76571097e-18
1.65958691e+02 1.90147887e-15 4.94064968e-18 0.00000000e+00 1.89653822e-15 0.00000000e+00 5.13075436e-18
1.90546072e+02 1.00603977e-15 3.29527874e-18 0.00000000e+00 1.00274449e-15 0.00000000e+00 3.38985579e-18
2.18776162e+02 5.29996897e-16 2.19237552e-18 0.00000000e+00 5.27804522e-16 0.00000000e+00 2.23965551e-18
2.51188643e+02 2.77857861e-16 1.45603534e-18 0.00000000e+00 2.76401825e-16 0.00000000e+00 1.47972572e-18
2.88403150e+02 1.44810368e-16 9.65771090e-19 0.00000000e+00 1.43844597e-16 0.00000000e+00 9.77645088e-19
3.31131121e+02 7.52202659e-17 6.39962672e-19 0.00000000e+00 7.45803033e-17 0.00000000e+00 6.45923704e-19
3.80189396e+02 3.89161777e-17 4.23765267e-19 0.00000000e+00 3.84924125e-17 0.00000000e+00 4.26757559e-19
4.36515832e+02 2.00828012e-17 2.80452794e-19 0.00000000e+00 1.98023484e-17 0.00000000e+00 2.81955923e-19
5.01187234e+02 1.03393027e-17 1.85531326e-19 0.00000000e+00 1.01537714e-17 0.00000000e+00 1.86286431e-19
5.75439937e+02 5.31539183e-18 1.22698835e-19 0.00000000e+00 5.19269299e-18 0.00000000e+00 1.23078224e-19
6.60693448e+02 2.73070600e-18 8.11263314e-20 0.00000000e+00 2.64957967e-18 0.00000000e+00 8.13169765e-20
7.58577575e+02 1.40289532e-18 5.36297835e-20 0.00000000e+00 1.34926554e-18 0.00000000e+00 5.37255936e-20
8.70963590e+02 7.21214129e-19 3.54480054e-20 0.00000000e+00 6.85766124e-19 0.00000000e+00 3.54961477e-20
1.00000000e+03 3.47920642e-19 0.00000000e+00 0.00000000e+00 3.47920642e-19 0.00000000e+00 0.00000000e+00
