# column 1: lambda (micron)
# column 2: total flux; lambda*F_lambda (W/m2)
# column 3: direct stellar flux; lambda*F_lambda (W/m2)
# column 4: scattered stellar flux; lambda*F_lambda (W/m2)
# column 5: total dust emission flux; lambda*F_lambda (W/m2)
# column 6: dust emission scattered flux; lambda*F_lambda (W/m2)
# column 7: transparent flux; lambda*F_lambda (W/m2)
1.00000000e-03 1.04634454e-12 1.04634360e-12 9.39934973e-19 0.00000000e+00 0.00000000e+00 1.04634360e-12
1.14815362e-03 1.23502241e-12 1.23502095e-12 1.45977539e-18 0.00000000e+00 0.00000000e+00 1.23502095e-12
1.31825674e-03 1.45772289e-12 1.45772071e-12 2.18374272e-18 0.00000000e+00 0.00000000e+00 1.45772071e-12
1.51356125e-03 1.72058127e-12 1.72057784e-12 3.43387125e-18 0.00000000e+00 0.00000000e+00 1.72057784e-12
1.73780083e-03 2.03083971e-12 2.03083353e-12 6.18458067e-18 0.00000000e+00 0.00000000e+00 2.03083353e-12
1.99526231e-03 2.39704515e-12 2.39703472e-12 1.04337487e-17 0.00000000e+00 0.00000000e+00 2.39703472e-12
2.29086765e-03 2.82928571e-12 2.82926954e-12 1.61677274e-17 0.00000000e+00 0.00000000e+00 2.82926954e-12
2.63026799e-03 3.33947813e-12 3.33944522e-12 3.29047860e-17 0.00000000e+00 0.00000000e+00 3.33944522e-12
3.01995172e-03 3.94345962e-12 3.94161611e-12 1.84351449e-15 0.00000000e+00 0.00000000e+00 3.94161611e-12
3.46736850e-03 4.65245717e-12 4.65237083e-12 8.63360695e-17 0.00000000e+00 0.00000000e+00 4.65237083e-12
3.98107171e-03 5.49142186e-12 5.49128930e-12 1.32566196e-16 0.00000000e+00 0.00000000e+00 5.49128930e-12
4.57088190e-03 6.48180502e-12 6.48148207e-12 3.22943598e-16 0.00000000e+00 0.00000000e+00 6.48148207e-12
5.24807460e-03 7.65079422e-12 7.65022704e-12 5.67175162e-16 0.00000000e+00 0.00000000e+00 7.65022704e-12
6.02559586e-03 9.03072472e-12 9.02972084e-12 1.00387531e-15 0.00000000e+00 0.00000000e+00 9.02972084e-12
6.91830971e-03 1.06595196e-11 1.06579658e-11 1.55371608e-15 0.00000000e+00 0.00000000e+00 1.06579658e-11
7.94328235e-03 1.25824412e-11 1.25798170e-11 2.62421576e-15 0.00000000e+00 0.00000000e+00 1.25798170e-11
9.12010839e-03 1.48547518e-11 1.48482176e-11 6.53416159e-15 0.00000000e+00 0.00000000e+00 1.48482176e-11
1.04712855e-02 1.65889448e-11 1.65834298e-11 5.51505958e-15 0.00000000e+00 0.00000000e+00 1.65834298e-11
1.20226443e-02 1.65913635e-11 1.65834298e-11 7.93371767e-15 0.00000000e+00 0.00000000e+00 1.65834298e-11
1.38038426e-02 1.65951204e-11 1.65834298e-11 1.16905774e-14 2.98350153e-288 1.64439522e-289 1.65834298e-11
1.58489319e-02 1.66034321e-11 1.65834298e-11 2.00023141e-14 1.33965512e-251 5.88541025e-253 1.65834298e-11
1.81970086e-02 1.66109818e-11 1.65834298e-11 2.75519973e-14 1.07652287e-219 5.43089941e-221 1.65834298e-11
2.08929613e-02 1.66141819e-11 1.65834298e-11 3.07521008e-14 5.89149064e-192 3.13498579e-193 1.65834298e-11
2.39883292e-02 1.66272723e-11 1.65834298e-11 4.38425629e-14 8.22012738e-168 4.95176490e-169 1.65834298e-11
2.75422870e-02 1.66445655e-11 1.65834298e-11 6.11357463e-14 8.43010203e-147 5.54675544e-148 1.65834298e-11
3.16227766e-02 1.66560992e-11 1.65834298e-11 7.26694126e-14 1.57200513e-128 1.10516750e-129 1.65834298e-11
3.63078055e-02 1.66675445e-11 1.65834298e-11 8.41147434e-14 1.19608128e-112 8.53862929e-114 1.65834298e-11
4.16869383e-02 1.67012831e-11 1.65834298e-11 1.17853301e-13 7.69160477e-99 6.58196495e-100 1.65834298e-11
4.78630092e-02 1.67419133e-11 1.65834298e-11 1.58483489e-13 7.58926897e-87 7.52423530e-88 1.65834298e-11
5.49540874e-02 1.67738457e-11 1.65834298e-11 1.90415911e-13 1.97053381e-76 2.16979552e-77 1.65834298e-11
6.30957344e-02 1.68068774e-11 1.65834298e-11 2.23447584e-13 2.82010993e-67 3.26843862e-68 1.65834298e-11
7.24435960e-02 1.67933725e-11 1.65834298e-11 2.09942734e-13 2.41876767e-59 2.56303774e-60 1.65834298e-11
8.31763771e-02 1.67890805e-11 1.65834298e-11 2.05650726e-13 1.49030761e-52 1.55995523e-53 1.65834298e-11
9.54992586e-02 1.67981359e-11 1.65834298e-11 2.14706121e-13 1.13163258e-46 1.23842059e-47 1.65834298e-11
1.09647820e-01 1.60698180e-11 1.58370587e-11 2.32759320e-13 1.29922986e-41 1.58264823e-42 1.58370587e-11
1.25892541e-01 1.49925454e-11 1.47800032e-11 2.12542247e-13 3.04329658e-37 3.83932748e-38 1.47800032e-11
1.44543977e-01 1.39874430e-11 1.37935015e-11 1.93941458e-13 1.75417238e-33 2.22093497e-34 1.37935015e-11
1.65958691e-01 1.30808104e-11 1.28728446e-11 2.07965751e-13 2.39499813e-30 3.46503904e-31 1.28728446e-11
1.90546072e-01 1.22476600e-11 1.20136376e-11 2.34022408e-13 8.90186853e-28 1.50753751e-28 1.20136376e-11
2.18776162e-01 1.14419631e-11 1.12117790e-11 2.30184143e-13 1.29463954e-25 2.29613089e-26 1.12117790e-11
2.51188643e-01 1.07387122e-11 1.04634409e-11 2.75271235e-13 1.56417364e-23 3.56378099e-24 1.04634409e-11
2.88403150e-01 1.00294093e-11 9.76505125e-12 2.64358034e-13 9.94170794e-22 2.39875164e-22 9.76505125e-12
3.31131121e-01 9.35215691e-12 9.11327608e-12 2.38880798e-13 3.53382306e-20 8.84852298e-21 9.11327608e-12
3.80189396e-01 8.72615415e-12 8.50500410e-12 2.21149302e-13 7.53500332e-19 1.96325570e-19 8.50500410e-12
4.36515832e-01 8.14425557e-12 7.93733165e-12 2.06913247e-13 1.06683196e-17 2.90063767e-18 7.93733165e-12
5.01187234e-01 7.60196668e-12 7.40754890e-12 1.94314494e-13 1.03281585e-16 2.88569909e-17 7.40754890e-12
5.75439937e-01 7.09691996e-12 6.91312687e-12 1.83076441e-13 7.16646601e-16 2.03181058e-16 6.91312687e-12
6.60693448e-01 6.62654556e-12 6.45170538e-12 1.71165963e-13 3.67421269e-15 1.03545294e-15 6.45170538e-12
7.58577575e-01 6.19452676e-12 6.02108180e-12 1.58632662e-13 1.48123006e-14 4.08830071e-15 6.02108180e-12
8.70963590e-01 5.80910353e-12 5.61920048e-12 1.41735540e-13 4.81675038e-14 1.28305416e-14 5.61920048e-12
1.00000000e+00 5.49671972e-12 5.24414302e-12 1.23338416e-13 1.29238288e-13 3.20348383e-14 5.24414302e-12
1.14815362e+00 5.29692202e-12 4.89411902e-12 1.03352239e-13 2.99450762e-13 6.76487722e-14 4.89411902e-12
1.31825674e+00 5.26340705e-12 4.56745763e-12 8.24888447e-14 6.13460573e-13 1.21439251e-13 4.56745763e-12
1.51356125e+00 5.44343664e-12 4.26259947e-12 6.38781464e-14 1.11695902e-12 1.88497291e-13 4.26259947e-12
1.73780083e+00 5.81670591e-12 3.97808929e-12 4.95395586e-14 1.78907706e-12 2.50851936e-13 3.97808929e-12
1.99526231e+00 6.32628539e-12 3.71256894e-12 3.72647695e-14 2.57645168e-12 2.88154547e-13 3.71256894e-12
2.29086765e+00 6.84120637e-12 3.46477093e-12 2.62318602e-14 3.35020357e-12 2.89541067e-13 3.46477093e-12
2.63026799e+00 7.25056206e-12 3.23351237e-12 1.84609151e-14 3.99858877e-12 2.66261333e-13 3.23351237e-12
3.01995172e+00 7.48025660e-12 3.01768933e-12 1.29428080e-14 4.44962447e-12 2.25129811e-13 3.01768933e-12
3.46736850e+00 7.49112732e-12 2.81627154e-12 9.06092983e-15 4.66579484e-12 1.78241404e-13 2.81627154e-12
3.98107171e+00 7.31962831e-12 2.62829753e-12 6.11003989e-15 4.68522074e-12 1.31109138e-13 2.62829753e-12
4.57088190e+00 6.97656662e-12 2.45286997e-12 3.95687008e-15 4.51973978e-12 9.02972334e-14 2.45286997e-12
5.24807460e+00 6.29705680e-12 2.02814751e-12 2.16501033e-15 4.26674428e-12 5.78433928e-14 2.02814751e-12
6.02559586e+00 5.29555745e-12 1.33998377e-12 9.25863072e-16 3.95464782e-12 3.49178554e-14 1.33998377e-12
6.70000000e+00 4.66756342e-12 9.74709347e-13 4.65583070e-16 3.69238849e-12 2.25232897e-14 9.74709347e-13
6.92422916e+00 4.48747544e-12 8.83049889e-13 3.72843827e-16 3.60405270e-12 1.94563394e-14 8.83049889e-13
7.15596261e+00 4.34884119e-12 8.00009879e-13 2.95548522e-16 3.54853576e-12 1.67495270e-14 8.00009879e-13
7.39545150e+00 4.28651800e-12 7.24778763e-13 2.24948829e-16 3.56151429e-12 1.42964275e-14 7.24778763e-13
7.64295536e+00 4.43027744e-12 6.56622211e-13 1.61598247e-16 3.77349363e-12 1.20084141e-14 6.56622211e-13
7.89874245e+00 4.86912662e-12 5.94874946e-13 1.02631725e-16 4.27414904e-12 9.90892761e-15 5.94874946e-13
8.16308998e+00 5.50750076e-12 5.38934254e-13 6.25740347e-17 4.96850393e-12 8.01267720e-15 5.38934254e-13
8.43628443e+00 6.30309553e-12 4.88254098e-13 3.53512327e-17 5.81480608e-12 6.15314426e-15 4.88254098e-13
8.71862190e+00 6.79761208e-12 4.42339790e-13 2.28720987e-17 6.35524942e-12 4.84879946e-15 4.42339790e-13
9.01040836e+00 7.25828247e-12 4.00743158e-13 1.41814151e-17 6.85752513e-12 3.68869762e-15 4.00743158e-13
9.31196005e+00 7.55098756e-12 3.63058180e-13 0.00000000e+00 7.18792938e-12 0.00000000e+00 3.63058180e-13
9.62360379e+00 7.45952091e-12 3.28917012e-13 0.00000000e+00 7.13060390e-12 0.00000000e+00 3.28917012e-13
9.94567731e+00 7.00844217e-12 2.97986401e-13 0.00000000e+00 6.71045576e-12 0.00000000e+00 2.97986401e-13
1.02785297e+01 6.56527954e-12 2.69964435e-13 0.00000000e+00 6.29531510e-12 0.00000000e+00 2.69964435e-13
1.06225216e+01 6.10466667e-12 2.44577592e-13 0.00000000e+00 5.86008907e-12 0.00000000e+00 2.44577592e-13
1.09780260e+01 5.58753091e-12 2.21578069e-13 0.00000000e+00 5.36595284e-12 0.00000000e+00 2.21578069e-13
1.13454280e+01 5.11120448e-12 2.00741370e-13 0.00000000e+00 4.91046311e-12 0.00000000e+00 2.00741370e-13
1.17251259e+01 4.70638381e-12 1.81864106e-13 0.00000000e+00 4.52451971e-12 0.00000000e+00 1.81864106e-13
1.21175312e+01 4.30575940e-12 1.64762018e-13 0.00000000e+00 4.14099738e-12 0.00000000e+00 1.64762018e-13
1.25230691e+01 3.94797135e-12 1.49268171e-13 0.00000000e+00 3.79870317e-12 0.00000000e+00 1.49268171e-13
1.29421791e+01 3.62265999e-12 1.35231331e-13 0.00000000e+00 3.48742866e-12 0.00000000e+00 1.35231331e-13
1.33753155e+01 3.32725503e-12 1.22514483e-13 0.00000000e+00 3.20474054e-12 0.00000000e+00 1.22514483e-13
1.38229477e+01 3.12832869e-12 1.10993499e-13 0.00000000e+00 3.01733519e-12 0.00000000e+00 1.10993499e-13
1.42855609e+01 3.01254134e-12 1.00555922e-13 0.00000000e+00 2.91198542e-12 0.00000000e+00 1.00555922e-13
1.47636563e+01 3.03894071e-12 9.10998706e-14 0.00000000e+00 2.94784084e-12 0.00000000e+00 9.10998706e-14
1.52577522e+01 3.09052609e-12 8.25330452e-14 0.00000000e+00 3.00799304e-12 0.00000000e+00 8.25330452e-14
1.57683840e+01 3.17559098e-12 7.47718247e-14 0.00000000e+00 3.10081916e-12 0.00000000e+00 7.47718247e-14
1.62961051e+01 3.24291127e-12 6.77404517e-14 0.00000000e+00 3.17517082e-12 0.00000000e+00 6.77404517e-14
1.68414875e+01 3.32630011e-12 6.13702932e-14 0.00000000e+00 3.26492981e-12 0.00000000e+00 6.13702932e-14
1.74051222e+01 3.36752099e-12 5.55991699e-14 0.00000000e+00 3.31192182e-12 0.00000000e+00 5.55991699e-14
1.79876201e+01 3.37372854e-12 5.03707500e-14 0.00000000e+00 3.32335779e-12 0.00000000e+00 5.03707500e-14
1.85896125e+01 3.33305790e-12 4.56339988e-14 0.00000000e+00 3.28742390e-12 0.00000000e+00 4.56339988e-14
1.92117518e+01 3.24636682e-12 4.13426810e-14 0.00000000e+00 3.20502414e-12 0.00000000e+00 4.13426810e-14
1.98547123e+01 3.12159048e-12 3.74549090e-14 0.00000000e+00 3.08413557e-12 0.00000000e+00 3.74549090e-14
2.05191907e+01 2.98823574e-12 3.39327342e-14 0.00000000e+00 2.95430301e-12 0.00000000e+00 3.39327342e-14
2.12059073e+01 2.86325294e-12 3.07417768e-14 0.00000000e+00 2.83251117e-12 0.00000000e+00 3.07417768e-14
2.19156062e+01 2.74457009e-12 2.78508898e-14 0.00000000e+00 2.71671920e-12 0.00000000e+00 2.78508898e-14
2.26490567e+01 2.62991415e-12 2.52318552e-14 0.00000000e+00 2.60468230e-12 0.00000000e+00 2.52318552e-14
2.34070535e+01 2.52317113e-12 2.28591087e-14 0.00000000e+00 2.50031202e-12 0.00000000e+00 2.28591087e-14
2.41904183e+01 2.41631037e-12 2.07094900e-14 0.00000000e+00 2.39560088e-12 0.00000000e+00 2.07094900e-14
2.50000000e+01 2.31483250e-12 1.87620165e-14 0.00000000e+00 2.29607048e-12 0.00000000e+00 1.87620165e-14
2.75422870e+01 2.02475208e-12 1.40313526e-14 0.00000000e+00 2.01072072e-12 0.00000000e+00 1.40313526e-14
3.16227766e+01 1.62905840e-12 9.27042274e-15 0.00000000e+00 1.61978797e-12 0.00000000e+00 9.27042274e-15
3.63078055e+01 1.24522344e-12 6.12490756e-15 0.00000000e+00 1.23909853e-12 0.00000000e+00 6.12490756e-15
4.16869383e+01 8.91868308e-13 4.04668630e-15 0.00000000e+00 8.87821622e-13 0.00000000e+00 4.04668630e-15
4.78630092e+01 5.97810090e-13 2.67361912e-15 0.00000000e+00 5.95136471e-13 0.00000000e+00 2.67361912e-15
5.49540874e+01 3.79603865e-13 1.76644264e-15 0.00000000e+00 3.77837423e-13 0.00000000e+00 1.76644264e-15
6.30957344e+01 2.31055301e-13 1.16707708e-15 0.00000000e+00 2.29888224e-13 0.00000000e+00 1.16707708e-15
7.24435960e+01 1.36084455e-13 7.71080178e-16 0.00000000e+00 1.35313375e-13 0.00000000e+00 7.71080178e-16
8.31763771e+01 7.81780540e-14 5.09447621e-16 0.00000000e+00 7.76686064e-14 0.00000000e+00 5.09447621e-16
9.54992586e+01 4.41162064e-14 3.36588705e-16 0.00000000e+00 4.37796176e-14 0.00000000e+00 3.36588705e-16
1.09647820e+02 2.45580366e-14 2.22381952e-16 0.00000000e+00 2.43356546e-14 0.00000000e+00 2.22381952e-16
1.25892541e+02 1.36769765e-14 1.46926299e-16 0.00000000e+00 1.35300502e-14 0.00000000e+00 1.46926299e-16
1.44543977e+02 7.57707733e-15 9.70732430e-17 0.00000000e+00 7.48000409e-15 0.00000000e+00 9.70732430e-17
1.65958691e+02 4.00018919e-15 6.41356556e-17 0.00000000e+00 3.93605353e-15 0.00000000e+00 6.41356556e-17
1.90546072e+02 2.11493761e-15 4.23740075e-17 0.00000000e+00 2.07256360e-15 0.00000000e+00 4.23740075e-17
2.18776162e+02 1.11698728e-15 2.79962291e-17 0.00000000e+00 1.08899105e-15 0.00000000e+00 2.79962291e-17
2.51188643e+02 5.88426382e-16 1.84969251e-17 0.00000000e+00 5.69929457e-16 0.00000000e+00 1.84969251e-17
2.88403150e+02 3.08936131e-16 1.22207972e-17 0.00000000e+00 2.96715334e-16 0.00000000e+00 1.22207972e-17
3.31131121e+02 1.62041155e-16 8.07420067e-18 0.00000000e+00 1.53966954e-16 0.00000000e+00 8.07420067e-18
3.80189396e+02 8.48772966e-17 5.33457148e-18 0.00000000e+00 7.95427252e-17 0.00000000e+00 5.33457148e-18
4.36515832e+02 4.44961755e-17 3.52451642e-18 0.00000000e+00 4.09716591e-17 0.00000000e+00 3.52451642e-18
5.01187234e+02 2.33650933e-17 2.32862491e-18 0.00000000e+00 2.10364684e-17 0.00000000e+00 2.32862491e-18
5.75439937e+02 1.23107817e-17 1.53850722e-18 0.00000000e+00 1.07722745e-17 0.00000000e+00 1.53850722e-18
6.60693448e+02 6.51988825e-18 1.01648164e-18 0.00000000e+00 5.50340661e-18 0.00000000e+00 1.01648164e-18
7.58577575e+02 3.47748899e-18 6.71582760e-19 0.00000000e+00 2.80590624e-18 0.00000000e+00 6.71582760e-19
8.70963590e+02 1.87141646e-18 4.43710329e-19 0.00000000e+00 1.42770613e-18 0.00000000e+00 4.43710329e-19
1.00000000e+03 7.25077755e-19 0.00000000e+00 0.00000000e+00 7.25077755e-19 0.00000000e+00 0.00000000e+00
