# column 1: lambda (micron)
# column 2: total flux; lambda*F_lambda (W/m2)
# column 3: direct stellar flux; lambda*F_lambda (W/m2)
# column 4: scattered stellar flux; lambda*F_lambda (W/m2)
# column 5: total dust emission flux; lambda*F_lambda (W/m2)
# column 6: dust emission scattered flux; lambda*F_lambda (W/m2)
# column 7: transparent flux; lambda*F_lambda (W/m2)
1.00000000e-03 5.62965668e-18 1.10182635e-25 5.62965657e-18 0.00000000e+00 0.00000000e+00 3.57785423e-13
1.14815362e-03 6.41732409e-18 1.24717513e-29 6.41732409e-18 0.00000000e+00 0.00000000e+00 4.22301518e-13
1.31825674e-03 7.67723744e-18 4.80283942e-34 7.67723744e-18 0.00000000e+00 0.00000000e+00 4.98451197e-13
1.51356125e-03 8.18444079e-18 9.82333146e-38 8.18444079e-18 0.00000000e+00 0.00000000e+00 5.88332233e-13
1.73780083e-03 1.10163541e-17 6.42960329e-38 1.10163541e-17 0.00000000e+00 0.00000000e+00 6.94420676e-13
1.99526231e-03 1.44850044e-17 5.29114876e-46 1.44850044e-17 0.00000000e+00 0.00000000e+00 8.19639053e-13
2.29086765e-03 2.17196048e-17 6.16677012e-48 2.17196048e-17 0.00000000e+00 0.00000000e+00 9.67436888e-13
2.63026799e-03 4.25328578e-17 7.59996700e-55 4.25328578e-17 0.00000000e+00 0.00000000e+00 1.14188572e-12
3.01995172e-03 4.10001773e-17 9.24811948e-65 4.10001773e-17 0.00000000e+00 0.00000000e+00 1.34779128e-12
3.46736850e-03 4.56607005e-17 5.22373088e-74 4.56607005e-17 0.00000000e+00 0.00000000e+00 1.59082586e-12
3.98107171e-03 5.44337427e-17 7.86396482e-83 5.44337427e-17 0.00000000e+00 0.00000000e+00 1.87768459e-12
4.57088190e-03 3.02767970e-16 2.51325920e-59 3.02767970e-16 0.00000000e+00 0.00000000e+00 2.21626987e-12
5.24807460e-03 3.41703605e-16 2.86556079e-72 3.41703605e-16 0.00000000e+00 0.00000000e+00 2.61590907e-12
6.02559586e-03 4.85149912e-16 1.55756665e-84 4.85149912e-16 0.00000000e+00 0.00000000e+00 3.08761145e-12
6.91830971e-03 5.27977755e-16 1.32149004e-95 5.27977755e-16 0.00000000e+00 0.00000000e+00 3.64437151e-12
7.94328235e-03 6.57051794e-16 3.48499098e-105 6.57051794e-16 2.87132964e-307 2.87132964e-307 4.30152690e-12
9.12010839e-03 1.20907967e-15 2.52519294e-115 1.20907967e-15 3.77274825e-269 3.77274825e-269 5.07718096e-12
1.04712855e-02 7.74859384e-16 7.13283948e-122 7.74859384e-16 1.45425022e-235 1.45425022e-235 5.67051724e-12
1.20226443e-02 1.67601976e-15 2.32893694e-128 1.67601976e-15 2.66456235e-206 2.66456235e-206 5.67051724e-12
1.38038426e-02 1.32639819e-15 4.71977729e-136 1.32639819e-15 6.14390775e-181 6.14390775e-181 5.67051724e-12
1.58489319e-02 1.47477177e-15 1.65777108e-145 1.47477177e-15 5.67857284e-159 5.67857284e-159 5.67051724e-12
1.81970086e-02 2.24266675e-15 3.15889657e-154 2.24266675e-15 4.60744137e-139 4.60744137e-139 5.67051724e-12
2.08929613e-02 2.01509857e-15 1.78382324e-161 2.01509857e-15 4.87719186e-123 4.87719186e-123 5.67051724e-12
2.39883292e-02 1.54770048e-15 7.24675242e-171 1.54770048e-15 2.53150158e-108 2.53150158e-108 5.67051724e-12
2.75422870e-02 2.01576681e-15 8.64025971e-182 2.01576681e-15 7.93608689e-96 7.93608689e-96 5.67051724e-12
3.16227766e-02 1.67810148e-15 1.69441498e-192 1.67810148e-15 1.03186388e-84 1.03186388e-84 5.67051724e-12
3.63078055e-02 1.92674976e-15 6.76983083e-201 1.92674976e-15 2.59710142e-75 2.59710142e-75 5.67051724e-12
4.16869383e-02 2.12915712e-15 3.68604085e-208 2.12915712e-15 7.42679440e-67 7.42679440e-67 5.67051724e-12
4.78630092e-02 2.58216570e-15 3.49514230e-228 2.58216570e-15 1.39284133e-59 1.39284133e-59 5.67051724e-12
5.49540874e-02 2.65116874e-15 4.98367728e-256 2.65116874e-15 2.30838338e-53 2.30838338e-53 5.67051724e-12
6.30957344e-02 2.59382381e-15 0.00000000e+00 2.59382381e-15 7.21907612e-48 7.21907612e-48 5.67051724e-12
7.24435960e-02 1.99148047e-15 0.00000000e+00 1.99148047e-15 3.56786560e-43 3.56786560e-43 5.67051724e-12
8.31763771e-02 2.03426948e-15 0.00000000e+00 2.03426948e-15 2.88838956e-39 2.88838956e-39 5.67051724e-12
9.54992586e-02 2.32356481e-15 0.00000000e+00 2.32356481e-15 9.22199334e-36 9.22199334e-36 5.67051724e-12
1.09647820e-01 3.01789783e-15 2.06852144e-317 3.01789783e-15 1.17058459e-32 1.17058459e-32 5.41530405e-12
1.25892541e-01 3.39646506e-15 1.98514790e-263 3.39646506e-15 4.09484452e-30 4.09484452e-30 5.05385580e-12
1.44543977e-01 3.97973693e-15 1.97313539e-220 3.97973693e-15 6.77113792e-28 6.77113792e-28 4.71653266e-12
1.65958691e-01 4.59235023e-15 2.54839851e-194 4.59235023e-15 4.73105165e-26 4.73105165e-26 4.40172439e-12
1.90546072e-01 5.68755231e-15 1.56232507e-206 5.68755231e-15 1.29228057e-24 1.29228057e-24 4.10792822e-12
2.18776162e-01 4.94299378e-15 3.33702781e-240 4.94299377e-15 1.42260087e-23 1.42260081e-23 3.83374167e-12
2.51188643e-01 7.47149732e-15 1.46141082e-194 7.47149700e-15 3.17607959e-22 3.17607199e-22 3.57785591e-12
2.88403150e-01 9.11548756e-15 1.25076704e-163 9.11548446e-15 3.09378312e-21 3.09369463e-21 3.33904941e-12
3.31131121e-01 8.57980253e-15 3.10359685e-144 8.57978321e-15 1.93158430e-20 1.93121519e-20 3.11618222e-12
3.80189396e-01 8.43354695e-15 3.51480244e-128 8.43344394e-15 1.03007940e-19 1.02804316e-19 2.90819046e-12
4.36515832e-01 8.83910693e-15 3.53783637e-113 8.83847423e-15 6.32705675e-19 6.26224901e-19 2.71408126e-12
5.01187234e-01 9.95933454e-15 6.16514518e-99 9.95515190e-15 4.18263912e-18 4.05730702e-18 2.53292801e-12
5.75439937e-01 1.08196268e-14 6.00990152e-86 1.07916919e-14 2.79348973e-17 2.62399867e-17 2.36386595e-12
6.60693448e-01 1.11661196e-14 2.24650001e-74 1.10207954e-14 1.45324183e-16 1.30329921e-16 2.20608807e-12
7.58577575e-01 1.24851456e-14 5.36225338e-64 1.18670490e-14 6.18096632e-16 5.18844517e-16 2.05884118e-12
8.70963590e-01 1.46597046e-14 2.04461289e-54 1.25109405e-14 2.14876414e-15 1.62058616e-15 1.92142238e-12
1.00000000e+00 1.94187230e-14 4.49353810e-46 1.28164205e-14 6.60230257e-15 4.35038640e-15 1.79317570e-12
1.14815362e+00 3.03526564e-14 6.34603906e-39 1.32340346e-14 1.71186218e-14 9.36078837e-15 1.67348894e-12
1.31825674e+00 5.35562159e-14 6.01330171e-33 1.24116336e-14 4.11445823e-14 1.82012545e-14 1.56179075e-12
1.51356125e+00 1.03605870e-13 3.54351845e-28 1.17655015e-14 9.18403686e-14 3.21849264e-14 1.45754793e-12
1.73780083e+00 1.90558336e-13 2.42749847e-24 1.06555016e-14 1.79902834e-13 4.80182094e-14 1.36026288e-12
1.99526231e+00 3.29578789e-13 2.52624240e-21 9.52369704e-15 3.20055090e-13 6.47576560e-14 1.26947118e-12
2.29086765e+00 5.23710620e-13 4.46041554e-19 8.12345123e-15 5.15586723e-13 7.63910659e-14 1.18473944e-12
2.63026799e+00 7.60254101e-13 1.80299338e-17 6.72505393e-15 7.53511018e-13 8.19250727e-14 1.10566318e-12
3.01995172e+00 1.03265560e-12 2.51056470e-16 5.54389846e-15 1.02686064e-12 8.06136918e-14 1.03186491e-12
3.46736850e+00 1.34297349e-12 1.62650417e-15 4.38035206e-15 1.33696663e-12 7.39340471e-14 9.62992369e-13
3.98107171e+00 1.67878119e-12 6.30409917e-15 3.42011442e-15 1.66905698e-12 6.47017466e-14 8.98716770e-13
4.57088190e+00 2.00116383e-12 1.68741065e-14 2.61885614e-15 1.98167087e-12 5.31690726e-14 8.38731291e-13
5.24807460e+00 2.30386702e-12 3.00801449e-14 1.64563166e-15 2.27214124e-12 4.06518407e-14 6.93502223e-13
6.02559586e+00 2.55852724e-12 3.37750357e-14 7.91997049e-16 2.52396021e-12 2.93029599e-14 4.58192375e-13
6.70000000e+00 2.70143658e-12 3.31479093e-14 4.28178980e-16 2.66786049e-12 2.15169701e-14 3.33290895e-13
6.92422916e+00 2.75344270e-12 3.25612203e-14 3.48165100e-16 2.72053332e-12 1.94104172e-14 3.01948975e-13
7.15596261e+00 2.77224260e-12 3.06694919e-14 2.80974461e-16 2.74129213e-12 1.70993907e-14 2.73554377e-13
7.39545150e+00 2.76283467e-12 2.63709621e-14 2.12557502e-16 2.73625115e-12 1.45932451e-14 2.47829944e-13
7.64295536e+00 2.72981609e-12 1.74831711e-14 1.39656489e-16 2.71219326e-12 1.13894108e-14 2.24524577e-13
7.89874245e+00 2.59608752e-12 7.51588610e-15 7.52672098e-17 2.58849637e-12 7.77485238e-15 2.03410795e-13
8.16308998e+00 2.42934688e-12 2.14463170e-15 3.75402459e-17 2.42716471e-12 5.08865459e-15 1.84282505e-13
8.43628443e+00 2.30068306e-12 3.43138601e-16 1.69839845e-17 2.30032293e-12 3.17577890e-15 1.66952996e-13
8.71862190e+00 2.22527900e-12 7.54980374e-17 9.36265636e-18 2.22519414e-12 2.28298214e-15 1.51253114e-13
9.01040836e+00 2.12103006e-12 1.37090797e-17 5.13035469e-18 2.12101122e-12 1.57883815e-15 1.37029614e-13
9.31196005e+00 2.15118070e-12 2.84971643e-18 0.00000000e+00 2.15117785e-12 0.00000000e+00 1.24143660e-13
9.62360379e+00 2.16591066e-12 1.94847909e-18 0.00000000e+00 2.16590871e-12 0.00000000e+00 1.12469472e-13
9.94567731e+00 2.25588810e-12 3.47192374e-18 0.00000000e+00 2.25588463e-12 0.00000000e+00 1.01893097e-13
1.02785297e+01 2.29488230e-12 8.38785595e-18 0.00000000e+00 2.29487391e-12 0.00000000e+00 9.23113014e-14
1.06225216e+01 2.39319648e-12 2.01980556e-17 0.00000000e+00 2.39317628e-12 0.00000000e+00 8.36305558e-14
1.09780260e+01 2.53181779e-12 5.74239091e-17 0.00000000e+00 2.53176037e-12 0.00000000e+00 7.57661279e-14
1.13454280e+01 2.65141177e-12 1.36115708e-16 0.00000000e+00 2.65127565e-12 0.00000000e+00 6.86412529e-14
1.17251259e+01 2.75200944e-12 2.73988826e-16 0.00000000e+00 2.75173546e-12 0.00000000e+00 6.21863851e-14
1.21175312e+01 2.89305741e-12 5.10050236e-16 0.00000000e+00 2.89254736e-12 0.00000000e+00 5.63385184e-14
1.25230691e+01 3.03364750e-12 8.72591264e-16 0.00000000e+00 3.03277491e-12 0.00000000e+00 5.10405718e-14
1.29421791e+01 3.15499559e-12 1.33661266e-15 0.00000000e+00 3.15365898e-12 0.00000000e+00 4.62408321e-14
1.33753155e+01 3.28293867e-12 1.87145268e-15 0.00000000e+00 3.28106722e-12 0.00000000e+00 4.18924490e-14
1.38229477e+01 3.39283416e-12 2.19020805e-15 0.00000000e+00 3.39064395e-12 0.00000000e+00 3.79529781e-14
1.42855609e+01 3.48463436e-12 2.22824369e-15 0.00000000e+00 3.48240612e-12 0.00000000e+00 3.43839660e-14
1.47636563e+01 3.58123193e-12 1.77220250e-15 0.00000000e+00 3.57945973e-12 0.00000000e+00 3.11505758e-14
1.52577522e+01 3.65928152e-12 1.32679391e-15 0.00000000e+00 3.65795473e-12 0.00000000e+00 2.82212462e-14
1.57683840e+01 3.77528595e-12 9.40617891e-16 0.00000000e+00 3.77434534e-12 0.00000000e+00 2.55673842e-14
1.62961051e+01 3.85290767e-12 6.56674632e-16 0.00000000e+00 3.85225100e-12 0.00000000e+00 2.31630853e-14
1.68414875e+01 3.97793925e-12 4.52997216e-16 0.00000000e+00 3.97748625e-12 0.00000000e+00 2.09848813e-14
1.74051222e+01 4.12125506e-12 3.41129095e-16 0.00000000e+00 4.12091393e-12 0.00000000e+00 1.90115106e-14
1.79876201e+01 4.24285449e-12 2.73268224e-16 0.00000000e+00 4.24258122e-12 0.00000000e+00 1.72237112e-14
1.85896125e+01 4.32113480e-12 2.48891325e-16 0.00000000e+00 4.32088591e-12 0.00000000e+00 1.56040325e-14
1.92117518e+01 4.44426216e-12 2.55777736e-16 0.00000000e+00 4.44400638e-12 0.00000000e+00 1.41366646e-14
1.98547123e+01 4.56629906e-12 2.82502540e-16 0.00000000e+00 4.56601655e-12 0.00000000e+00 1.28072847e-14
2.05191907e+01 4.64338387e-12 3.20490339e-16 0.00000000e+00 4.64306338e-12 0.00000000e+00 1.16029167e-14
2.12059073e+01 4.69622904e-12 3.58980094e-16 0.00000000e+00 4.69587006e-12 0.00000000e+00 1.05118047e-14
2.19156062e+01 4.76862352e-12 3.90975962e-16 0.00000000e+00 4.76823255e-12 0.00000000e+00 9.52329842e-15
2.26490567e+01 4.76305846e-12 4.19545424e-16 0.00000000e+00 4.76263892e-12 0.00000000e+00 8.62774902e-15
2.34070535e+01 4.81342481e-12 4.43823162e-16 0.00000000e+00 4.81298099e-12 0.00000000e+00 7.81641505e-15
2.41904183e+01 4.84064776e-12 4.62589864e-16 0.00000000e+00 4.84018517e-12 0.00000000e+00 7.08137710e-15
2.50000000e+01 4.84219589e-12 4.76190944e-16 0.00000000e+00 4.84171970e-12 0.00000000e+00 6.41546044e-15
2.75422870e+01 4.69553668e-12 4.96764078e-16 0.00000000e+00 4.69503991e-12 0.00000000e+00 4.79786316e-15
3.16227766e+01 4.24252624e-12 4.80880878e-16 0.00000000e+00 4.24204536e-12 0.00000000e+00 3.16991676e-15
3.63078055e+01 3.55489530e-12 4.40117505e-16 0.00000000e+00 3.55445518e-12 0.00000000e+00 2.09434323e-15
4.16869383e+01 2.76255156e-12 3.93986544e-16 0.00000000e+00 2.76215757e-12 0.00000000e+00 1.38371885e-15
4.78630092e+01 1.99623575e-12 3.43044828e-16 0.00000000e+00 1.99589271e-12 0.00000000e+00 9.14213979e-16
5.49540874e+01 1.35215670e-12 2.85724687e-16 0.00000000e+00 1.35187097e-12 0.00000000e+00 6.04015186e-16
6.30957344e+01 8.64612534e-13 2.26952893e-16 0.00000000e+00 8.64385581e-13 0.00000000e+00 3.99068876e-16
7.24435960e+01 5.26354709e-13 1.72807895e-16 0.00000000e+00 5.26181901e-13 0.00000000e+00 2.63662192e-16
8.31763771e+01 3.09224249e-13 1.27033113e-16 0.00000000e+00 3.09097216e-13 0.00000000e+00 1.74199882e-16
9.54992586e+01 1.76861367e-13 9.08481463e-17 0.00000000e+00 1.76770519e-13 0.00000000e+00 1.15092721e-16
1.09647820e+02 9.90517293e-14 6.36528365e-17 0.00000000e+00 9.89880764e-14 0.00000000e+00 7.60410067e-17
1.25892541e+02 5.52034640e-14 4.38656043e-17 0.00000000e+00 5.51595984e-14 0.00000000e+00 5.02397949e-17
1.44543977e+02 3.04946292e-14 2.99060305e-17 0.00000000e+00 3.04647231e-14 0.00000000e+00 3.31931033e-17
1.65958691e+02 1.60397991e-14 2.02972212e-17 0.00000000e+00 1.60195019e-14 0.00000000e+00 2.19304659e-17
1.90546072e+02 8.42584137e-15 1.36727997e-17 0.00000000e+00 8.41216857e-15 0.00000000e+00 1.44893151e-17
2.18776162e+02 4.41356950e-15 9.16333637e-18 0.00000000e+00 4.40440617e-15 0.00000000e+00 9.57299556e-18
2.51188643e+02 2.30156643e-15 6.11899389e-18 0.00000000e+00 2.29544744e-15 0.00000000e+00 6.32481544e-18
2.88403150e+02 1.19426334e-15 4.07539215e-18 0.00000000e+00 1.19018795e-15 0.00000000e+00 4.17876412e-18
3.31131121e+02 6.17769404e-16 2.70890693e-18 0.00000000e+00 6.15060497e-16 0.00000000e+00 2.76088208e-18
3.80189396e+02 3.18343259e-16 1.79797594e-18 0.00000000e+00 3.16545283e-16 0.00000000e+00 1.82409670e-18
4.36515832e+02 1.63656515e-16 1.19203579e-18 0.00000000e+00 1.62464479e-16 0.00000000e+00 1.20516874e-18
5.01187234e+02 8.39319214e-17 7.89645244e-19 0.00000000e+00 8.31422761e-17 0.00000000e+00 7.96247089e-19
5.75439937e+02 4.29696017e-17 5.22756559e-19 0.00000000e+00 4.24468451e-17 0.00000000e+00 5.26075235e-19
6.60693448e+02 2.19726978e-17 3.45906162e-19 0.00000000e+00 2.16267917e-17 0.00000000e+00 3.47574461e-19
7.58577575e+02 1.12282753e-17 2.28801506e-19 0.00000000e+00 1.09994737e-17 0.00000000e+00 2.29640169e-19
8.70963590e+02 5.73581236e-18 1.51300253e-19 0.00000000e+00 5.58451211e-18 0.00000000e+00 1.51721755e-19
1.00000000e+03 2.83065983e-18 0.00000000e+00 0.00000000e+00 2.83065983e-18 0.00000000e+00 0.00000000e+00
