# column 1: lambda (micron)
# column 2: total flux; lambda*F_lambda (W/m2)
# column 3: direct stellar flux; lambda*F_lambda (W/m2)
# column 4: scattered stellar flux; lambda*F_lambda (W/m2)
# column 5: total dust emission flux; lambda*F_lambda (W/m2)
# column 6: dust emission scattered flux; lambda*F_lambda (W/m2)
# column 7: transparent flux; lambda*F_lambda (W/m2)
1.00000000e-03 8.45698327e-13 8.45698233e-13 9.43496735e-20 0.00000000e+00 0.00000000e+00 8.46529401e-13
1.14815362e-03 9.97880364e-13 9.97880208e-13 1.55620270e-19 0.00000000e+00 0.00000000e+00 9.99176121e-13
1.31825674e-03 1.17740403e-12 1.17740379e-12 2.42664914e-19 0.00000000e+00 0.00000000e+00 1.17934819e-12
1.51356125e-03 1.38930406e-12 1.38930365e-12 4.16162085e-19 0.00000000e+00 0.00000000e+00 1.39200901e-12
1.73780083e-03 1.63979160e-12 1.63979080e-12 8.04839270e-19 0.00000000e+00 0.00000000e+00 1.64301696e-12
1.99526231e-03 1.93427885e-12 1.93423980e-12 3.90512101e-17 0.00000000e+00 0.00000000e+00 1.93928682e-12
2.29086765e-03 2.28277820e-12 2.28266369e-12 1.14508737e-16 0.00000000e+00 0.00000000e+00 2.28898025e-12
2.63026799e-03 2.69295197e-12 2.69279866e-12 1.53313328e-16 0.00000000e+00 0.00000000e+00 2.70173063e-12
3.01995172e-03 3.17601278e-12 3.17587462e-12 1.38156745e-16 0.00000000e+00 0.00000000e+00 3.18890841e-12
3.46736850e-03 3.75516601e-12 3.74580831e-12 9.35769885e-15 0.00000000e+00 0.00000000e+00 3.76393440e-12
3.98107171e-03 4.41887454e-12 4.41816840e-12 7.06140142e-16 0.00000000e+00 0.00000000e+00 4.44264945e-12
4.57088190e-03 5.22514607e-12 5.22445846e-12 6.87608979e-16 0.00000000e+00 0.00000000e+00 5.24375082e-12
5.24807460e-03 6.18583950e-12 6.16023796e-12 2.56015397e-14 0.00000000e+00 0.00000000e+00 6.18930730e-12
6.02559586e-03 7.26820397e-12 7.26401653e-12 4.18744131e-15 0.00000000e+00 0.00000000e+00 7.30536713e-12
6.91830971e-03 8.57482682e-12 8.56637045e-12 8.45636621e-15 0.00000000e+00 0.00000000e+00 8.62267558e-12
7.94328235e-03 1.01112140e-11 1.01034052e-11 7.80875107e-15 2.39797552e-303 1.98626736e-304 1.01775219e-11
9.12010839e-03 1.19326827e-11 1.19157000e-11 1.69826942e-14 1.21381343e-264 1.40419645e-265 1.20127391e-11
1.04712855e-02 1.33363858e-11 1.33013170e-11 3.50687733e-14 5.09526177e-231 9.58052537e-233 1.34165878e-11
1.20226443e-02 1.33262852e-11 1.32945450e-11 3.17402199e-14 9.14127948e-202 6.47624027e-203 1.34165878e-11
1.38038426e-02 1.33224208e-11 1.32865171e-11 3.59037027e-14 2.61569280e-176 1.34386871e-177 1.34165878e-11
1.58489319e-02 1.33101364e-11 1.32766581e-11 3.34783420e-14 3.72063883e-154 1.57018403e-155 1.34165878e-11
1.81970086e-02 1.33101534e-11 1.32675714e-11 4.25819802e-14 7.08685263e-135 3.94726337e-136 1.34165878e-11
2.08929613e-02 1.32990966e-11 1.32600231e-11 3.90735438e-14 3.83886486e-118 1.81503234e-119 1.34165878e-11
2.39883292e-02 1.32885796e-11 1.32502495e-11 3.83301156e-14 1.40834193e-103 7.78134246e-105 1.34165878e-11
2.75422870e-02 1.32830849e-11 1.32388901e-11 4.41948032e-14 6.49722566e-91 3.62416199e-92 1.34165878e-11
3.16227766e-02 1.32747450e-11 1.32277649e-11 4.69801104e-14 6.55204764e-80 4.13103281e-81 1.34165878e-11
3.63078055e-02 1.32659451e-11 1.32190454e-11 4.68997645e-14 2.31323680e-70 1.33946464e-71 1.34165878e-11
4.16869383e-02 1.32642938e-11 1.32115083e-11 5.27855572e-14 4.53027291e-62 3.15908764e-63 1.34165878e-11
4.78630092e-02 1.32495235e-11 1.31907547e-11 5.87688039e-14 6.91993416e-55 5.22109085e-56 1.34165878e-11
5.49540874e-02 1.32290420e-11 1.31619471e-11 6.70948462e-14 1.15924382e-48 9.27430296e-50 1.34165878e-11
6.30957344e-02 1.31670366e-11 1.30899884e-11 7.70481261e-14 3.69408087e-43 2.86249951e-44 1.34165878e-11
7.24435960e-02 1.30832490e-11 1.30052613e-11 7.79876440e-14 2.10696515e-38 1.42347205e-39 1.34165878e-11
8.31763771e-02 1.30883513e-11 1.30127785e-11 7.55727493e-14 2.17999913e-34 1.43084328e-35 1.34165878e-11
9.54992586e-02 1.31082851e-11 1.30348511e-11 7.34340222e-14 6.26732859e-31 4.30430981e-32 1.34165878e-11
1.09647820e-01 1.25812380e-11 1.25091548e-11 7.20832359e-14 5.47597450e-28 4.26722718e-29 1.28127470e-11
1.25892541e-01 1.17862450e-11 1.17238350e-11 6.24099826e-14 1.83440125e-25 1.51165491e-26 1.19575512e-11
1.44543977e-01 1.10324235e-11 1.09783447e-11 5.40788097e-14 2.56056336e-23 2.09342240e-24 1.11594361e-11
1.65958691e-01 1.03201558e-11 1.02666377e-11 5.35181257e-14 1.32129202e-21 1.17886589e-22 1.04145917e-11
1.90546072e-01 9.63034373e-12 9.57222351e-12 5.81201899e-14 2.79736830e-20 2.86973415e-21 9.71946251e-12
2.18776162e-01 8.96892019e-12 8.90975464e-12 5.91652248e-14 3.26445851e-19 3.28686728e-20 9.07073019e-12
2.51188643e-01 8.40770122e-12 8.34493714e-12 6.27600075e-14 4.07907366e-18 5.01768635e-19 8.46529796e-12
2.88403150e-01 7.86258349e-12 7.80690402e-12 5.56448725e-14 3.45994658e-17 4.21828008e-18 7.90027573e-12
3.31131121e-01 7.34419883e-12 7.29694700e-12 4.70511220e-14 2.00706221e-16 2.36834854e-17 7.37296631e-12
3.80189396e-01 6.86293360e-12 6.81851237e-12 4.35769967e-14 8.44229448e-16 9.65719609e-17 6.88085251e-12
4.36515832e-01 6.41085215e-12 6.37092114e-12 3.72374335e-14 2.69357581e-15 3.01747698e-16 6.42158520e-12
5.01187234e-01 5.99349166e-12 5.95235542e-12 3.43676943e-14 6.76854328e-15 7.35034433e-16 5.99297201e-12
5.75439937e-01 5.60418608e-12 5.56074245e-12 2.94430657e-14 1.40005627e-14 1.47709978e-15 5.59296690e-12
6.60693448e-01 5.24700238e-12 5.19431656e-12 2.80563900e-14 2.46294347e-14 2.50857056e-15 5.21966041e-12
7.58577575e-01 4.91478867e-12 4.85158120e-12 2.46576186e-14 3.85498473e-14 3.79813609e-15 4.87127053e-12
8.70963590e-01 4.60737144e-12 4.53117707e-12 2.13421406e-14 5.48522305e-14 5.06199625e-15 4.54613417e-12
1.00000000e+00 4.32262441e-12 4.23152105e-12 1.82754272e-14 7.28279305e-14 6.33992722e-15 4.24269927e-12
1.14815362e+00 4.06095922e-12 3.95131206e-12 1.52890763e-14 9.43580836e-14 7.51852333e-15 3.95951734e-12
1.31825674e+00 3.82440159e-12 3.68931847e-12 1.16434466e-14 1.23439678e-13 8.91941047e-15 3.69523659e-12
1.51356125e+00 3.61700003e-12 3.44437025e-12 9.15411630e-15 1.63475663e-13 1.04799478e-14 3.44859544e-12
1.73780083e+00 3.43788778e-12 3.21544914e-12 6.66190682e-15 2.15776730e-13 1.17711427e-14 3.21841652e-12
1.99526231e+00 3.28304246e-12 3.00154980e-12 4.76121196e-15 2.76731447e-13 1.22301853e-14 3.00360106e-12
2.29086765e+00 3.14296821e-12 2.80171008e-12 3.41138758e-15 3.37846746e-13 1.17595395e-14 2.80312361e-12
2.63026799e+00 3.00659039e-12 2.61504399e-12 2.26827000e-15 3.89278136e-13 1.04710264e-14 2.61602716e-12
3.01995172e+00 2.86482285e-12 2.44072597e-12 1.46383502e-15 4.22633047e-13 8.66264093e-15 2.44141860e-12
3.46736850e+00 2.71498617e-12 2.27796851e-12 9.72671394e-16 4.36044993e-13 6.72388088e-15 2.27846441e-12
3.98107171e+00 2.55432834e-12 2.12602712e-12 6.87285178e-16 4.27613934e-13 4.88551239e-15 2.12638671e-12
4.57088190e+00 2.38726238e-12 1.98419524e-12 4.42783626e-16 4.02624352e-13 3.30032264e-15 1.98445954e-12
5.24807460e+00 2.00848431e-12 1.64066832e-12 2.37508807e-16 3.67578485e-13 2.08516543e-15 1.64084388e-12
6.02559586e+00 1.41379480e-12 1.08399841e-12 1.01403202e-16 3.29694983e-13 1.26321674e-15 1.08409480e-12
6.70000000e+00 1.08823574e-12 7.88512665e-13 5.49797539e-17 2.99668099e-13 8.04760575e-16 7.88574724e-13
6.92422916e+00 1.00476809e-12 7.14364692e-13 4.17729808e-17 2.90361629e-13 6.94859883e-16 7.14418944e-13
7.15596261e+00 9.31407328e-13 6.47188314e-13 3.43302599e-17 2.84184684e-13 5.92388603e-16 6.47236606e-13
7.39545150e+00 8.71858938e-13 5.86327147e-13 2.57671626e-17 2.85506024e-13 5.04559533e-16 5.86371942e-13
7.64295536e+00 8.39745474e-13 5.31184615e-13 1.77872680e-17 3.08543072e-13 4.27172872e-16 5.31230854e-13
7.89874245e+00 8.46079256e-13 4.81220985e-13 1.10800230e-17 3.64847191e-13 3.54019787e-16 4.81275108e-13
8.16308998e+00 8.83802573e-13 4.35950880e-13 6.78315967e-18 4.47844909e-13 2.89763660e-16 4.36017088e-13
8.43628443e+00 9.60333733e-13 3.94931698e-13 3.88658586e-18 5.65398148e-13 2.29203914e-16 3.95015029e-13
8.71862190e+00 1.00770676e-12 3.57775950e-13 2.52917548e-18 6.49928283e-13 1.81649589e-16 3.57868711e-13
9.01040836e+00 1.05898390e-12 3.24113747e-13 1.71423057e-18 7.34868441e-13 1.38580756e-16 3.24215549e-13
9.31196005e+00 1.09645435e-12 2.93620086e-13 0.00000000e+00 8.02834259e-13 0.00000000e+00 2.93727053e-13
9.62360379e+00 1.06293730e-12 2.66006166e-13 0.00000000e+00 7.96931134e-13 0.00000000e+00 2.66105627e-13
9.94567731e+00 9.75609627e-13 2.40997107e-13 0.00000000e+00 7.34612520e-13 0.00000000e+00 2.41081657e-13
1.02785297e+01 8.80205080e-13 2.18341588e-13 0.00000000e+00 6.61863492e-13 0.00000000e+00 2.18410884e-13
1.06225216e+01 7.87979606e-13 1.97815834e-13 0.00000000e+00 5.90163772e-13 0.00000000e+00 1.97872020e-13
1.09780260e+01 6.93548029e-13 1.79220670e-13 0.00000000e+00 5.14327359e-13 0.00000000e+00 1.79264583e-13
1.13454280e+01 6.11725754e-13 1.62372489e-13 0.00000000e+00 4.49353264e-13 0.00000000e+00 1.62406948e-13
1.17251259e+01 5.41870776e-13 1.47107353e-13 0.00000000e+00 3.94763424e-13 0.00000000e+00 1.47134567e-13
1.21175312e+01 4.80287173e-13 1.33276984e-13 0.00000000e+00 3.47010189e-13 0.00000000e+00 1.33298366e-13
1.25230691e+01 4.25683306e-13 1.20746535e-13 0.00000000e+00 3.04936771e-13 0.00000000e+00 1.20763289e-13
1.29421791e+01 3.78927451e-13 1.09393764e-13 0.00000000e+00 2.69533687e-13 0.00000000e+00 1.09406983e-13
1.33753155e+01 3.39344521e-13 9.91080935e-14 0.00000000e+00 2.40236427e-13 0.00000000e+00 9.91185987e-14
1.38229477e+01 3.11409219e-13 8.97889769e-14 0.00000000e+00 2.21620242e-13 0.00000000e+00 8.97977103e-14
1.42855609e+01 2.92119532e-13 8.13457467e-14 0.00000000e+00 2.10773785e-13 0.00000000e+00 8.13533371e-14
1.47636563e+01 2.86689695e-13 7.36958498e-14 0.00000000e+00 2.12993845e-13 0.00000000e+00 7.37030537e-14
1.52577522e+01 2.84685021e-13 6.67652249e-14 0.00000000e+00 2.17919796e-13 0.00000000e+00 6.67721855e-14
1.57683840e+01 2.85060004e-13 6.04862687e-14 0.00000000e+00 2.24573735e-13 0.00000000e+00 6.04930805e-14
1.62961051e+01 2.86890375e-13 5.47977902e-14 0.00000000e+00 2.32092585e-13 0.00000000e+00 5.48044484e-14
1.68414875e+01 2.88917523e-13 4.96442688e-14 0.00000000e+00 2.39273254e-13 0.00000000e+00 4.96507622e-14
1.74051222e+01 2.86997041e-13 4.49755508e-14 0.00000000e+00 2.42021491e-13 0.00000000e+00 4.49817171e-14
1.79876201e+01 2.83571436e-13 4.07459810e-14 0.00000000e+00 2.42825455e-13 0.00000000e+00 4.07517384e-14
1.85896125e+01 2.75562272e-13 3.69143279e-14 0.00000000e+00 2.38647944e-13 0.00000000e+00 3.69195372e-14
1.92117518e+01 2.63537585e-13 3.34431319e-14 0.00000000e+00 2.30094453e-13 0.00000000e+00 3.34477076e-14
1.98547123e+01 2.49515808e-13 3.02984203e-14 0.00000000e+00 2.19217388e-13 0.00000000e+00 3.03023610e-14
2.05191907e+01 2.35878690e-13 2.74494361e-14 0.00000000e+00 2.08429254e-13 0.00000000e+00 2.74527957e-14
2.12059073e+01 2.22490722e-13 2.48683332e-14 0.00000000e+00 1.97622389e-13 0.00000000e+00 2.48711970e-14
2.19156062e+01 2.11067721e-13 2.25299130e-14 0.00000000e+00 1.88537808e-13 0.00000000e+00 2.25323660e-14
2.26490567e+01 2.00766966e-13 2.04113688e-14 0.00000000e+00 1.80355598e-13 0.00000000e+00 2.04134733e-14
2.34070535e+01 1.91376517e-13 1.84920277e-14 0.00000000e+00 1.72884489e-13 0.00000000e+00 1.84938366e-14
2.41904183e+01 1.82674421e-13 1.67531594e-14 0.00000000e+00 1.65921262e-13 0.00000000e+00 1.67547181e-14
2.50000000e+01 1.75061535e-13 1.51777964e-14 0.00000000e+00 1.59883738e-13 0.00000000e+00 1.51791424e-14
2.75422870e+01 1.54330271e-13 1.13509883e-14 0.00000000e+00 1.42979283e-13 0.00000000e+00 1.13518661e-14
3.16227766e+01 1.28686075e-13 7.49962130e-15 0.00000000e+00 1.21186454e-13 0.00000000e+00 7.50010357e-15
3.63078055e+01 1.04125513e-13 4.95500572e-15 0.00000000e+00 9.91705075e-14 0.00000000e+00 4.95526929e-15
4.16869383e+01 8.02128368e-14 3.27377372e-15 0.00000000e+00 7.69390630e-14 0.00000000e+00 3.27391395e-15
4.78630092e+01 5.85551723e-14 2.16298120e-15 0.00000000e+00 5.63921911e-14 0.00000000e+00 2.16305350e-15
5.49540874e+01 4.07220721e-14 1.42907880e-15 0.00000000e+00 3.92929933e-14 0.00000000e+00 1.42911527e-15
6.30957344e+01 2.71933739e-14 9.44188927e-16 0.00000000e+00 2.62491850e-14 0.00000000e+00 9.44207098e-16
7.24435960e+01 1.75212756e-14 6.23822456e-16 0.00000000e+00 1.68974531e-14 0.00000000e+00 6.23831443e-16
8.31763771e+01 1.09665503e-14 4.12156910e-16 0.00000000e+00 1.05543933e-14 0.00000000e+00 4.12161347e-16
9.54992586e+01 6.69427653e-15 2.72310105e-16 0.00000000e+00 6.42196643e-15 0.00000000e+00 2.72312302e-16
1.09647820e+02 4.00413654e-15 1.79913863e-16 0.00000000e+00 3.82422267e-15 0.00000000e+00 1.79914953e-16
1.25892541e+02 2.37743904e-15 1.18868081e-16 0.00000000e+00 2.25857096e-15 0.00000000e+00 1.18868631e-16
1.44543977e+02 1.39494893e-15 7.85354464e-17 0.00000000e+00 1.31641349e-15 0.00000000e+00 7.85357256e-17
1.65958691e+02 7.77796475e-16 5.18879024e-17 0.00000000e+00 7.25908572e-16 0.00000000e+00 5.18880394e-17
1.90546072e+02 4.32217617e-16 3.42820198e-17 0.00000000e+00 3.97935597e-16 0.00000000e+00 3.42820876e-17
2.18776162e+02 2.39123335e-16 2.26499169e-17 0.00000000e+00 2.16473418e-16 0.00000000e+00 2.26499507e-17
2.51188643e+02 1.31686438e-16 1.49646571e-17 0.00000000e+00 1.16721781e-16 0.00000000e+00 1.49646740e-17
2.88403150e+02 7.22325052e-17 9.88705363e-18 0.00000000e+00 6.23454516e-17 0.00000000e+00 9.88706207e-18
3.31131121e+02 3.96027910e-17 6.53231290e-18 0.00000000e+00 3.30704781e-17 0.00000000e+00 6.53231713e-18
3.80189396e+02 2.17272859e-17 4.31585701e-18 0.00000000e+00 1.74114289e-17 0.00000000e+00 4.31585913e-18
4.36515832e+02 1.19668069e-17 2.85145878e-18 0.00000000e+00 9.11534809e-18 0.00000000e+00 2.85145985e-18
5.01187234e+02 6.63001422e-18 1.88394031e-18 0.00000000e+00 4.74607392e-18 0.00000000e+00 1.88394084e-18
5.75439937e+02 3.70446810e-18 1.24470710e-18 0.00000000e+00 2.45976100e-18 0.00000000e+00 1.24470737e-18
6.60693448e+02 2.09212986e-18 8.22369869e-19 0.00000000e+00 1.26975999e-18 0.00000000e+00 8.22370004e-19
7.58577575e+02 1.19653795e-18 5.43334405e-19 0.00000000e+00 6.53203540e-19 0.00000000e+00 5.43334473e-19
8.70963590e+02 6.93916212e-19 3.58977492e-19 0.00000000e+00 3.34938719e-19 0.00000000e+00 3.58977527e-19
1.00000000e+03 1.71241100e-19 0.00000000e+00 0.00000000e+00 1.71241100e-19 0.00000000e+00 0.00000000e+00
