# column 1: lambda (micron)
# column 2: total flux; lambda*F_lambda (W/m2)
# column 3: direct stellar flux; lambda*F_lambda (W/m2)
# column 4: scattered stellar flux; lambda*F_lambda (W/m2)
# column 5: total dust emission flux; lambda*F_lambda (W/m2)
# column 6: dust emission scattered flux; lambda*F_lambda (W/m2)
# column 7: transparent flux; lambda*F_lambda (W/m2)
1.00000000e-03 3.90991714e-17 1.54010229e-24 3.90991698e-17 0.00000000e+00 0.00000000e+00 6.93993746e-13
1.14815362e-03 2.13339199e-17 3.28717768e-28 2.13339199e-17 0.00000000e+00 0.00000000e+00 8.19135139e-13
1.31825674e-03 2.20894480e-17 2.57011591e-32 2.20894480e-17 0.00000000e+00 0.00000000e+00 9.66842108e-13
1.51356125e-03 2.79323611e-17 9.51827561e-36 2.79323611e-17 0.00000000e+00 0.00000000e+00 1.14118369e-12
1.73780083e-03 4.64065754e-17 6.48691758e-36 4.64065754e-17 0.00000000e+00 0.00000000e+00 1.34696266e-12
1.99526231e-03 6.91222069e-17 1.93449324e-43 6.91222069e-17 0.00000000e+00 0.00000000e+00 1.58984782e-12
2.29086765e-03 8.38743880e-17 3.09426731e-45 8.38743880e-17 0.00000000e+00 0.00000000e+00 1.87653019e-12
2.63026799e-03 1.54920183e-16 1.14788465e-51 1.54920183e-16 0.00000000e+00 0.00000000e+00 2.21490731e-12
3.01995172e-03 1.65568127e-16 6.75715376e-61 1.65568127e-16 0.00000000e+00 0.00000000e+00 2.61430080e-12
3.46736850e-03 3.74322283e-16 1.66192563e-69 3.74322283e-16 0.00000000e+00 0.00000000e+00 3.08571319e-12
3.98107171e-03 4.16745304e-16 1.01860876e-77 4.16745304e-16 0.00000000e+00 0.00000000e+00 3.64213095e-12
4.57088190e-03 2.26612479e-15 8.05795176e-56 2.26612479e-15 0.00000000e+00 0.00000000e+00 4.29888232e-12
5.24807460e-03 1.92099149e-15 7.16833461e-68 1.92099149e-15 0.00000000e+00 0.00000000e+00 5.07405951e-12
6.02559586e-03 5.78143899e-15 2.73136260e-79 5.78143899e-15 0.00000000e+00 0.00000000e+00 5.98901715e-12
6.91830971e-03 3.52344795e-15 1.34558366e-89 3.52344795e-15 0.00000000e+00 0.00000000e+00 7.06896053e-12
7.94328235e-03 5.62927783e-15 1.62796686e-98 5.62927783e-15 2.11381342e-304 1.95894660e-304 8.34363998e-12
9.12010839e-03 1.50645458e-14 5.91285132e-108 1.50645458e-14 9.79200491e-267 4.60721366e-267 9.84817045e-12
1.04712855e-02 1.26498881e-14 4.73164591e-114 1.26498881e-14 9.08468706e-233 7.26939925e-233 1.09990604e-11
1.20226443e-02 4.90756705e-14 4.30081224e-120 4.90756705e-14 1.51659741e-203 1.27433237e-203 1.09990604e-11
1.38038426e-02 2.01809535e-14 2.93568807e-127 2.01809535e-14 2.64519039e-178 2.12690528e-178 1.09990604e-11
1.58489319e-02 3.84206246e-14 4.58608118e-136 3.84206246e-14 4.05285447e-156 3.53227471e-156 1.09990604e-11
1.81970086e-02 2.41808145e-14 3.46126928e-144 2.41808145e-14 8.87159773e-137 8.14347954e-137 1.09990604e-11
2.08929613e-02 2.45616470e-14 6.13673942e-151 2.45616470e-14 2.23960377e-120 1.93490109e-120 1.09990604e-11
2.39883292e-02 2.63658190e-14 1.09780775e-159 2.63658190e-14 8.35575157e-106 7.57223817e-106 1.09990604e-11
2.75422870e-02 2.20530138e-14 7.34104846e-170 2.20530138e-14 3.63823960e-93 3.38606324e-93 1.09990604e-11
3.16227766e-02 2.67709567e-14 7.80341146e-180 2.67709567e-14 2.78075931e-82 2.60621273e-82 1.09990604e-11
3.63078055e-02 2.36669090e-14 1.17376801e-187 2.36669090e-14 8.78960879e-73 8.32536730e-73 1.09990604e-11
4.16869383e-02 2.95706485e-14 2.01157373e-194 2.95706485e-14 1.87484493e-64 1.80561834e-64 1.09990604e-11
4.78630092e-02 3.24827407e-14 4.49870080e-213 3.24827407e-14 2.92486497e-57 2.86985457e-57 1.09990604e-11
5.49540874e-02 3.36591013e-14 5.20112864e-239 3.36591013e-14 5.00180664e-51 4.96474467e-51 1.09990604e-11
6.30957344e-02 3.10401095e-14 4.77646437e-304 3.10401095e-14 1.45777201e-45 1.45657049e-45 1.09990604e-11
7.24435960e-02 2.41387360e-14 0.00000000e+00 2.41387360e-14 6.57499062e-41 6.57451113e-41 1.09990604e-11
8.31763771e-02 2.37227766e-14 0.00000000e+00 2.37227766e-14 6.58002565e-37 6.57939089e-37 1.09990604e-11
9.54992586e-02 2.70840882e-14 0.00000000e+00 2.70840882e-14 2.04012850e-33 2.03976736e-33 1.09990604e-11
1.09647820e-01 3.37867610e-14 3.47343464e-296 3.37867610e-14 2.15737539e-30 2.15507479e-30 1.05040253e-11
1.25892541e-01 3.77667992e-14 6.60981990e-246 3.77667992e-14 8.92191711e-28 8.87814887e-28 9.80292679e-12
1.44543977e-01 3.97203669e-14 7.37720610e-206 3.97203669e-14 1.38015098e-25 1.35554216e-25 9.14862359e-12
1.65958691e-01 4.74700401e-14 1.53796577e-181 4.74700401e-14 8.54346487e-24 8.24478624e-24 8.53799231e-12
1.90546072e-01 5.10812555e-14 6.45058809e-193 5.10812553e-14 2.04903470e-22 2.00722755e-22 7.96811805e-12
2.18776162e-01 4.47408717e-14 2.78833031e-224 4.47408695e-14 2.25409899e-21 2.23794392e-21 7.43628044e-12
2.51188643e-01 6.60871272e-14 9.03310604e-182 6.60870855e-14 4.16739608e-20 4.08033200e-20 6.93994070e-12
2.88403150e-01 6.86950334e-14 5.83002755e-153 6.86946296e-14 4.03757699e-19 3.82711742e-19 6.47672950e-12
3.31131121e-01 6.69111145e-14 6.74117643e-135 6.69086173e-14 2.49721457e-18 2.26655465e-18 6.04443567e-12
3.80189396e-01 6.56913199e-14 6.02781423e-120 6.56791526e-14 1.21672737e-17 1.04778814e-17 5.64099558e-12
4.36515832e-01 6.69177456e-14 5.65520338e-106 6.68739699e-14 4.37757237e-17 3.43837865e-17 5.26448339e-12
5.01187234e-01 6.92102955e-14 1.03589937e-92 6.90671325e-14 1.43163024e-16 1.00553742e-16 4.91310176e-12
5.75439937e-01 6.92788617e-14 1.29346073e-80 6.88418634e-14 4.36998302e-16 2.62564979e-16 4.58517335e-12
6.60693448e-01 6.89434745e-14 7.74452445e-70 6.75279728e-14 1.41550172e-15 7.17101774e-16 4.27913275e-12
7.58577575e-01 7.27966091e-14 3.57557003e-60 6.79382786e-14 4.85833057e-15 2.21290901e-15 3.99351904e-12
8.70963590e-01 8.23327843e-14 2.99038123e-51 6.65429018e-14 1.57898825e-14 6.51986948e-15 3.72696882e-12
1.00000000e+00 1.08011806e-13 1.75298580e-43 6.23438870e-14 4.56679190e-14 1.73086951e-14 3.47820968e-12
1.14815362e+00 1.69969858e-13 7.97052454e-37 5.55380494e-14 1.14431808e-13 3.91234520e-14 3.24605414e-12
1.31825674e+00 3.17180492e-13 2.92634179e-31 4.98157947e-14 2.67364697e-13 8.04918888e-14 3.02939399e-12
1.51356125e+00 5.91766374e-13 8.08294335e-27 4.27792694e-14 5.48987104e-13 1.41854255e-13 2.82719497e-12
1.73780083e+00 1.06363371e-12 3.00805789e-23 3.63101338e-14 1.02732357e-12 2.17482541e-13 2.63849186e-12
1.99526231e+00 1.73180300e-12 1.93508080e-20 2.95658281e-14 1.70223715e-12 2.99103312e-13 2.46238388e-12
2.29086765e+00 2.65689179e-12 2.38512254e-18 2.41480872e-14 2.63274132e-12 3.65234818e-13 2.29803035e-12
2.63026799e+00 3.87114726e-12 7.44619009e-17 1.97069235e-14 3.85136587e-12 4.05293471e-13 2.14464670e-12
3.01995172e+00 5.25973242e-12 8.61480127e-16 1.54188907e-14 5.24345205e-12 4.27370121e-13 2.00150076e-12
3.46736850e+00 6.81279075e-12 4.88700357e-15 1.19515579e-14 6.79595219e-12 4.13229604e-13 1.86790919e-12
3.98107171e+00 8.41491117e-12 1.71798529e-14 9.07504000e-15 8.38865628e-12 3.69188887e-13 1.74323429e-12
4.57088190e+00 9.93938931e-12 4.27806540e-14 6.46020339e-15 9.89014846e-12 3.00789842e-13 1.62688090e-12
5.24807460e+00 1.12184926e-11 7.23493917e-14 3.90630183e-15 1.11422369e-11 2.23226208e-13 1.34518114e-12
6.02559586e+00 1.20470159e-11 7.83360908e-14 1.79509743e-15 1.19668847e-11 1.52697333e-13 8.88752369e-13
6.70000000e+00 1.23384436e-11 7.53189923e-14 9.44608928e-16 1.22621800e-11 1.06171735e-13 6.46481889e-13
6.92422916e+00 1.24190028e-11 7.35767255e-14 7.68890439e-16 1.23446572e-11 9.35421881e-14 5.85688198e-13
7.15596261e+00 1.24388393e-11 6.91175133e-14 6.11505627e-16 1.23691103e-11 8.14310897e-14 5.30611407e-13
7.39545150e+00 1.24224490e-11 5.96434859e-14 4.63993057e-16 1.23623416e-11 6.90386693e-14 4.80713913e-13
7.64295536e+00 1.24495591e-11 4.03974682e-14 3.13291475e-16 1.24088483e-11 5.51851943e-14 4.35508666e-13
7.89874245e+00 1.24360566e-11 1.82771394e-14 1.81058665e-16 1.24175984e-11 4.03454358e-14 3.94554418e-13
8.16308998e+00 1.22039733e-11 5.64516255e-15 9.50549804e-17 1.21982331e-11 2.81862865e-14 3.57451415e-13
8.43628443e+00 1.21036202e-11 1.01721645e-15 4.59503752e-17 1.21025571e-11 1.83212062e-14 3.23837494e-13
8.71862190e+00 1.19076696e-11 2.46612592e-16 2.60849875e-17 1.19073969e-11 1.31830761e-14 2.93384550e-13
9.01040836e+00 1.18310782e-11 4.99966103e-17 1.43450816e-17 1.18310139e-11 9.28634361e-15 2.65795332e-13
9.31196005e+00 1.17229763e-11 1.14963794e-17 0.00000000e+00 1.17229648e-11 0.00000000e+00 2.40800541e-13
9.62360379e+00 1.18352713e-11 8.01370748e-18 0.00000000e+00 1.18352633e-11 0.00000000e+00 2.18156204e-13
9.94567731e+00 1.18837181e-11 1.36323096e-17 0.00000000e+00 1.18837045e-11 0.00000000e+00 1.97641289e-13
1.02785297e+01 1.19065300e-11 3.07927583e-17 0.00000000e+00 1.19064992e-11 0.00000000e+00 1.79055550e-13
1.06225216e+01 1.21203502e-11 6.93430680e-17 0.00000000e+00 1.21202808e-11 0.00000000e+00 1.62217572e-13
1.09780260e+01 1.20466614e-11 1.82279460e-16 0.00000000e+00 1.20464791e-11 0.00000000e+00 1.46962999e-13
1.13454280e+01 1.21201172e-11 4.04499700e-16 0.00000000e+00 1.21197127e-11 0.00000000e+00 1.33142932e-13
1.17251259e+01 1.21892390e-11 7.70858089e-16 0.00000000e+00 1.21884682e-11 0.00000000e+00 1.20622472e-13
1.21175312e+01 1.20919069e-11 1.36588195e-15 0.00000000e+00 1.20905410e-11 0.00000000e+00 1.09279408e-13
1.25230691e+01 1.19704101e-11 2.23709477e-15 0.00000000e+00 1.19681730e-11 0.00000000e+00 9.90030204e-14
1.29421791e+01 1.17530210e-11 3.30554575e-15 0.00000000e+00 1.17497155e-11 0.00000000e+00 8.96930008e-14
1.33753155e+01 1.14413787e-11 4.49216370e-15 0.00000000e+00 1.14368866e-11 0.00000000e+00 8.12584743e-14
1.38229477e+01 1.11535638e-11 5.16581951e-15 0.00000000e+00 1.11483980e-11 0.00000000e+00 7.36171115e-14
1.42855609e+01 1.10074504e-11 5.21391219e-15 0.00000000e+00 1.10022365e-11 0.00000000e+00 6.66943252e-14
1.47636563e+01 1.08993311e-11 4.18400024e-15 0.00000000e+00 1.08951471e-11 0.00000000e+00 6.04225420e-14
1.52577522e+01 1.08851515e-11 3.17365270e-15 0.00000000e+00 1.08819779e-11 0.00000000e+00 5.47405431e-14
1.57683840e+01 1.09441028e-11 2.28807417e-15 0.00000000e+00 1.09418148e-11 0.00000000e+00 4.95928665e-14
1.62961051e+01 1.08537080e-11 1.62616825e-15 0.00000000e+00 1.08520818e-11 0.00000000e+00 4.49292657e-14
1.68414875e+01 1.08653566e-11 1.14294426e-15 0.00000000e+00 1.08642137e-11 0.00000000e+00 4.07042194e-14
1.74051222e+01 1.07476869e-11 8.71670204e-16 0.00000000e+00 1.07468153e-11 0.00000000e+00 3.68764869e-14
1.79876201e+01 1.05544537e-11 7.04183808e-16 0.00000000e+00 1.05537495e-11 0.00000000e+00 3.34087056e-14
1.85896125e+01 1.03499565e-11 6.41133202e-16 0.00000000e+00 1.03493153e-11 0.00000000e+00 3.02670267e-14
1.92117518e+01 1.00946621e-11 6.53203421e-16 0.00000000e+00 1.00940089e-11 0.00000000e+00 2.74207841e-14
1.98547123e+01 9.78290462e-12 7.11719888e-16 0.00000000e+00 9.78219290e-12 0.00000000e+00 2.48421957e-14
2.05191907e+01 9.39189396e-12 7.95069777e-16 0.00000000e+00 9.39109889e-12 0.00000000e+00 2.25060919e-14
2.12059073e+01 9.04945804e-12 8.77695391e-16 0.00000000e+00 9.04858034e-12 0.00000000e+00 2.03896700e-14
2.19156062e+01 8.64471217e-12 9.43933371e-16 0.00000000e+00 8.64376823e-12 0.00000000e+00 1.84722717e-14
2.26490567e+01 8.26562259e-12 1.00122186e-15 0.00000000e+00 8.26462137e-12 0.00000000e+00 1.67351811e-14
2.34070535e+01 7.88105207e-12 1.04796370e-15 0.00000000e+00 7.88000410e-12 0.00000000e+00 1.51614426e-14
2.41904183e+01 7.50220968e-12 1.08183031e-15 0.00000000e+00 7.50112785e-12 0.00000000e+00 1.37356949e-14
2.50000000e+01 7.10001867e-12 1.10392911e-15 0.00000000e+00 7.09891474e-12 0.00000000e+00 1.24440213e-14
2.75422870e+01 5.98774289e-12 1.12564370e-15 0.00000000e+00 5.98661724e-12 0.00000000e+00 9.30637977e-15
3.16227766e+01 4.53739528e-12 1.06149064e-15 0.00000000e+00 4.53633379e-12 0.00000000e+00 6.14866414e-15
3.63078055e+01 3.24577078e-12 9.50046574e-16 0.00000000e+00 3.24482074e-12 0.00000000e+00 4.06238211e-15
4.16869383e+01 2.17936576e-12 8.32941706e-16 0.00000000e+00 2.17853281e-12 0.00000000e+00 2.68398924e-15
4.78630092e+01 1.37742982e-12 7.11650343e-16 0.00000000e+00 1.37671817e-12 0.00000000e+00 1.77329411e-15
5.49540874e+01 8.27132629e-13 5.83401200e-16 0.00000000e+00 8.26549228e-13 0.00000000e+00 1.17160380e-15
6.30957344e+01 4.77347142e-13 4.57585071e-16 0.00000000e+00 4.76889557e-13 0.00000000e+00 7.74070953e-16
7.24435960e+01 2.66218785e-13 3.45044351e-16 0.00000000e+00 2.65873741e-13 0.00000000e+00 5.11423607e-16
8.31763771e+01 1.45211041e-13 2.51797035e-16 0.00000000e+00 1.44959244e-13 0.00000000e+00 3.37894226e-16
9.54992586e+01 7.80518938e-14 1.79098345e-16 0.00000000e+00 7.78727954e-14 0.00000000e+00 2.23244502e-16
1.09647820e+02 4.15162488e-14 1.24981301e-16 0.00000000e+00 4.13912675e-14 0.00000000e+00 1.47496179e-16
1.25892541e+02 2.21839679e-14 8.58808707e-17 0.00000000e+00 2.20980870e-14 0.00000000e+00 9.74497594e-17
1.44543977e+02 1.18358850e-14 5.84246871e-17 0.00000000e+00 1.17774603e-14 0.00000000e+00 6.43844175e-17
1.65958691e+02 6.04116615e-15 3.95798057e-17 0.00000000e+00 6.00158634e-15 0.00000000e+00 4.25383628e-17
1.90546072e+02 3.09633766e-15 2.66266940e-17 0.00000000e+00 3.06971096e-15 0.00000000e+00 2.81048176e-17
2.18776162e+02 1.59021487e-15 1.78274266e-17 0.00000000e+00 1.57238745e-15 0.00000000e+00 1.85686688e-17
2.51188643e+02 8.16442510e-16 1.18959161e-17 0.00000000e+00 8.04546594e-16 0.00000000e+00 1.22681978e-17
2.88403150e+02 4.18604219e-16 7.91859389e-18 0.00000000e+00 4.10685625e-16 0.00000000e+00 8.10551794e-18
3.31131121e+02 2.14713772e-16 5.26129702e-18 0.00000000e+00 2.09452475e-16 0.00000000e+00 5.35526259e-18
3.80189396e+02 1.10079876e-16 3.49097072e-18 0.00000000e+00 1.06588906e-16 0.00000000e+00 3.53818691e-18
4.36515832e+02 5.64980352e-17 2.31392044e-18 0.00000000e+00 5.41841147e-17 0.00000000e+00 2.33765691e-18
5.01187234e+02 2.90353283e-17 1.53254351e-18 0.00000000e+00 2.75027848e-17 0.00000000e+00 1.54447460e-18
5.75439937e+02 1.49578819e-17 1.01442703e-18 0.00000000e+00 1.39434549e-17 0.00000000e+00 1.02042425e-18
6.60693448e+02 7.73288952e-18 6.71172971e-19 0.00000000e+00 7.06171655e-18 0.00000000e+00 6.74187617e-19
7.58577575e+02 4.01712088e-18 4.43915922e-19 0.00000000e+00 3.57320495e-18 0.00000000e+00 4.45431341e-19
8.70963590e+02 2.09968208e-18 2.93531959e-19 0.00000000e+00 1.80615012e-18 0.00000000e+00 2.94293569e-19
1.00000000e+03 9.12021609e-19 0.00000000e+00 0.00000000e+00 9.12021609e-19 0.00000000e+00 0.00000000e+00
