# column 1: lambda (micron)
# column 2: total flux; lambda*F_lambda (W/m2)
# column 3: direct stellar flux; lambda*F_lambda (W/m2)
# column 4: scattered stellar flux; lambda*F_lambda (W/m2)
# column 5: total dust emission flux; lambda*F_lambda (W/m2)
# column 6: dust emission scattered flux; lambda*F_lambda (W/m2)
# column 7: transparent flux; lambda*F_lambda (W/m2)
1.00000000e-03 9.34691678e-15 4.52149719e-15 4.82541960e-15 0.00000000e+00 0.00000000e+00 6.93993746e-13
1.14815362e-03 2.44082452e-15 1.05975343e-15 1.38107109e-15 0.00000000e+00 0.00000000e+00 8.19135139e-13
1.31825674e-03 6.03208108e-16 2.05737535e-16 3.97470573e-16 0.00000000e+00 0.00000000e+00 9.66842108e-13
1.51356125e-03 2.94296036e-16 5.34725706e-17 2.40823465e-16 0.00000000e+00 0.00000000e+00 1.14118369e-12
1.73780083e-03 4.27824839e-16 5.69361935e-17 3.70888645e-16 0.00000000e+00 0.00000000e+00 1.34696266e-12
1.99526231e-03 2.09221708e-16 2.52476319e-18 2.06696945e-16 0.00000000e+00 0.00000000e+00 1.58984782e-12
2.29086765e-03 8.71847742e-16 1.32987572e-18 8.70517866e-16 0.00000000e+00 0.00000000e+00 1.87653019e-12
2.63026799e-03 2.10369571e-15 9.46265383e-20 2.10360108e-15 0.00000000e+00 0.00000000e+00 2.21490731e-12
3.01995172e-03 1.22507962e-15 2.00944802e-21 1.22507761e-15 0.00000000e+00 0.00000000e+00 2.61430080e-12
3.46736850e-03 3.14562107e-15 5.57991054e-23 3.14562102e-15 0.00000000e+00 0.00000000e+00 3.08571319e-12
3.98107171e-03 1.98761185e-15 1.83892475e-24 1.98761185e-15 0.00000000e+00 0.00000000e+00 3.64213095e-12
4.57088190e-03 8.59632115e-15 2.69664554e-20 8.59629418e-15 0.00000000e+00 0.00000000e+00 4.29888232e-12
5.24807460e-03 1.87487256e-14 1.69345386e-22 1.87487255e-14 0.00000000e+00 0.00000000e+00 5.07405951e-12
6.02559586e-03 2.42790339e-14 1.39711661e-24 2.42790339e-14 0.00000000e+00 0.00000000e+00 5.98901715e-12
6.91830971e-03 2.08650591e-14 1.86296754e-26 2.08650591e-14 0.00000000e+00 0.00000000e+00 7.06896053e-12
7.94328235e-03 4.70420088e-14 4.52854348e-28 4.70420088e-14 7.27180872e-304 2.48777713e-305 8.34363998e-12
9.12010839e-03 4.40509294e-14 8.78381624e-30 4.40509294e-14 4.22999633e-265 1.13292889e-266 9.84817045e-12
1.04712855e-02 1.67076378e-13 6.90266726e-31 1.67076378e-13 2.44089295e-231 1.85781894e-232 1.09990604e-11
1.20226443e-02 8.56468042e-14 5.07846422e-32 8.56468042e-14 4.73521842e-202 3.22183281e-203 1.09990604e-11
1.38038426e-02 2.11477367e-13 2.29896216e-33 2.11477367e-13 1.53881270e-176 7.48338975e-178 1.09990604e-11
1.58489319e-02 1.28632715e-13 5.12403953e-35 1.28632715e-13 2.53185190e-154 1.97962999e-155 1.09990604e-11
1.81970086e-02 1.64128914e-13 1.53466118e-36 1.64128914e-13 5.28997952e-135 4.95938768e-136 1.09990604e-11
2.08929613e-02 1.57973029e-13 8.30947813e-38 1.57973029e-13 3.05058120e-118 2.17838315e-119 1.09990604e-11
2.39883292e-02 1.56418921e-13 1.89974371e-39 1.56418921e-13 1.17857185e-103 7.38821746e-105 1.09990604e-11
2.75422870e-02 1.81637170e-13 2.34458660e-41 1.81637170e-13 5.84680702e-91 4.12150240e-92 1.09990604e-11
3.16227766e-02 2.01927037e-13 3.15643819e-43 2.01927037e-13 6.17787912e-80 4.51155413e-81 1.09990604e-11
3.63078055e-02 1.95920076e-13 1.07591919e-44 1.95920076e-13 2.29503666e-70 1.70178320e-71 1.09990604e-11
4.16869383e-02 2.34722543e-13 5.78860992e-46 2.34722543e-13 4.64244568e-62 3.72471332e-63 1.09990604e-11
4.78630092e-02 2.83040762e-13 1.83670449e-49 2.83040762e-13 7.42413083e-55 6.64622160e-56 1.09990604e-11
5.49540874e-02 3.17468527e-13 2.50416102e-54 3.17468527e-13 1.28525722e-48 1.24297715e-49 1.09990604e-11
6.30957344e-02 3.47240469e-13 1.58026979e-66 3.47240469e-13 4.21913270e-43 4.48795876e-44 1.09990604e-11
7.24435960e-02 3.24915908e-13 5.59447911e-81 3.24915908e-13 2.42416671e-38 2.46818952e-39 1.09990604e-11
8.31763771e-02 3.18402417e-13 1.08064776e-79 3.18402417e-13 2.56775749e-34 2.55121545e-35 1.09990604e-11
9.54992586e-02 3.21466384e-13 6.38603425e-76 3.21466384e-13 7.49704227e-31 7.48929370e-32 1.09990604e-11
1.09647820e-01 3.29248709e-13 4.54158226e-65 3.29248709e-13 6.75581653e-28 7.33872277e-29 1.05040253e-11
1.25892541e-01 2.98992440e-13 1.16004868e-55 2.98992440e-13 2.28392253e-25 2.40199814e-26 9.80292679e-12
1.44543977e-01 2.65816931e-13 3.56805623e-48 2.65816931e-13 3.22494532e-23 3.29568965e-24 9.14862359e-12
1.65958691e-01 2.73162299e-13 1.23008972e-43 2.73162297e-13 1.69281046e-21 1.84481754e-22 8.53799231e-12
1.90546072e-01 2.96861367e-13 8.53788662e-46 2.96861330e-13 3.63367248e-20 4.60924071e-21 7.96811805e-12
2.18776162e-01 2.80861237e-13 1.05567447e-51 2.80860809e-13 4.27899546e-19 5.64405388e-20 7.43628044e-12
2.51188643e-01 3.17572112e-13 9.40733961e-44 3.17566636e-13 5.47607532e-18 8.87932233e-19 6.93994070e-12
2.88403150e-01 2.91122231e-13 2.25617289e-38 2.91075443e-13 4.67874351e-17 7.47387692e-18 6.47672950e-12
3.31131121e-01 2.62609219e-13 5.21615903e-35 2.62336370e-13 2.72849249e-16 4.26133889e-17 6.04443567e-12
3.80189396e-01 2.38740829e-13 3.14509439e-32 2.37585414e-13 1.15541478e-15 1.76780488e-16 5.64099558e-12
4.36515832e-01 2.20882501e-13 1.24235540e-29 2.17170111e-13 3.71238972e-15 5.57460438e-16 5.26448339e-12
5.01187234e-01 2.10219713e-13 3.61228505e-27 2.00710873e-13 9.50884009e-15 1.44407090e-15 4.91310176e-12
5.75439937e-01 2.08216843e-13 6.34619343e-25 1.87788552e-13 2.04282913e-14 3.21176834e-15 4.58517335e-12
6.60693448e-01 2.11312803e-13 6.30643942e-23 1.72304117e-13 3.90086854e-14 6.45028720e-15 4.27913275e-12
7.58577575e-01 2.29660191e-13 3.87519946e-21 1.58033224e-13 7.16269629e-14 1.32514741e-14 3.99351904e-12
8.70963590e-01 2.77164720e-13 1.72831128e-19 1.42432089e-13 1.34732458e-13 2.82206310e-14 3.72696882e-12
1.00000000e+00 3.87035535e-13 4.68182923e-18 1.25771401e-13 2.61259452e-13 5.98775152e-14 3.47820968e-12
1.14815362e+00 6.26741342e-13 7.85101812e-17 1.07746075e-13 5.18916758e-13 1.22302888e-13 3.24605414e-12
1.31825674e+00 1.07893173e-12 8.21165809e-16 8.86566942e-14 9.89453873e-13 2.19762090e-13 3.02939399e-12
1.51356125e+00 1.81600059e-12 5.28648482e-15 7.18428881e-14 1.73887122e-12 3.51966922e-13 2.82719497e-12
1.73780083e+00 2.89498228e-12 2.33671421e-14 5.55569815e-14 2.81605816e-12 4.82497518e-13 2.63849186e-12
1.99526231e+00 4.13439703e-12 7.43101003e-14 4.22163364e-14 4.01787059e-12 5.61343452e-13 2.46238388e-12
2.29086765e+00 5.47805380e-12 1.73332186e-13 3.07235232e-14 5.27399810e-12 5.75422109e-13 2.29803035e-12
2.63026799e+00 6.73184381e-12 3.12490926e-13 2.21914564e-14 6.39716142e-12 5.40979149e-13 2.14464670e-12
3.01995172e+00 7.75297138e-12 4.67655049e-13 1.61214853e-14 7.26919484e-12 4.78901963e-13 2.00150076e-12
3.46736850e+00 8.66415290e-12 6.12285345e-13 1.17399513e-14 8.04012760e-12 4.09610177e-13 1.86790919e-12
3.98107171e+00 9.49663036e-12 7.32821458e-13 8.54061932e-15 8.75526829e-12 3.47452797e-13 1.74323429e-12
4.57088190e+00 1.02080054e-11 8.22151658e-13 6.14530271e-15 9.37970848e-12 2.80381313e-13 1.62688090e-12
5.24807460e+00 1.06384107e-11 7.77447670e-13 3.78521687e-15 9.85717780e-12 2.08612871e-13 1.34518114e-12
6.02559586e+00 1.08219127e-11 5.63524895e-13 1.75981695e-15 1.02566280e-11 1.45415598e-13 8.88752369e-13
6.70000000e+00 1.08270017e-11 4.31934358e-13 9.45662168e-16 1.03941217e-11 1.03063913e-13 6.46481889e-13
6.92422916e+00 1.08173110e-11 3.96886861e-13 7.70953098e-16 1.04196532e-11 9.19421039e-14 5.85688198e-13
7.15596261e+00 1.07792496e-11 3.62016988e-13 6.18304362e-16 1.04166143e-11 8.00429966e-14 5.30611407e-13
7.39545150e+00 1.07064500e-11 3.24993313e-13 4.67655483e-16 1.03809890e-11 6.79084789e-14 4.80713913e-13
7.64295536e+00 1.07984860e-11 2.78797614e-13 3.11498118e-16 1.05193769e-11 5.34877806e-14 4.35508666e-13
7.89874245e+00 1.08820398e-11 2.21733813e-13 1.75926113e-16 1.06601300e-11 3.82164723e-14 3.94554418e-13
8.16308998e+00 1.11494708e-11 1.64163252e-13 9.26068566e-17 1.09852149e-11 2.63113007e-14 3.57451415e-13
8.43628443e+00 1.14763133e-11 1.09854872e-13 4.76771508e-17 1.13664107e-11 1.74660020e-14 3.23837494e-13
8.71862190e+00 1.17246790e-11 7.77205318e-14 2.97053437e-17 1.16469288e-11 1.28305483e-14 2.93384550e-13
9.01040836e+00 1.21391217e-11 5.31717908e-14 1.88711379e-17 1.20859311e-11 9.66169422e-15 2.65795332e-13
9.31196005e+00 1.23987282e-11 3.72466129e-14 0.00000000e+00 1.23614816e-11 0.00000000e+00 2.40800541e-13
9.62360379e+00 1.22816802e-11 3.21249681e-14 0.00000000e+00 1.22495552e-11 0.00000000e+00 2.18156204e-13
9.94567731e+00 1.20711293e-11 3.27552396e-14 0.00000000e+00 1.20383741e-11 0.00000000e+00 1.97641289e-13
1.02785297e+01 1.16377079e-11 3.52223728e-14 0.00000000e+00 1.16024855e-11 0.00000000e+00 1.79055550e-13
1.06225216e+01 1.14407857e-11 3.78536662e-14 0.00000000e+00 1.14029320e-11 0.00000000e+00 1.62217572e-13
1.09780260e+01 1.10369876e-11 4.18792845e-14 0.00000000e+00 1.09951083e-11 0.00000000e+00 1.46962999e-13
1.13454280e+01 1.08551607e-11 4.48841421e-14 0.00000000e+00 1.08102765e-11 0.00000000e+00 1.33142932e-13
1.17251259e+01 1.07408286e-11 4.67501192e-14 0.00000000e+00 1.06940785e-11 0.00000000e+00 1.20622472e-13
1.21175312e+01 1.05023397e-11 4.80332048e-14 0.00000000e+00 1.04543065e-11 0.00000000e+00 1.09279408e-13
1.25230691e+01 1.03614966e-11 4.86285265e-14 0.00000000e+00 1.03128681e-11 0.00000000e+00 9.90030204e-14
1.29421791e+01 1.01663305e-11 4.82895655e-14 0.00000000e+00 1.01180409e-11 0.00000000e+00 8.96930008e-14
1.33753155e+01 9.93148814e-12 4.72060287e-14 0.00000000e+00 9.88428211e-12 0.00000000e+00 8.12584743e-14
1.38229477e+01 9.76938396e-12 4.47235601e-14 0.00000000e+00 9.72466040e-12 0.00000000e+00 7.36171115e-14
1.42855609e+01 9.67936008e-12 4.13472743e-14 0.00000000e+00 9.63801281e-12 0.00000000e+00 6.66943252e-14
1.47636563e+01 9.68725516e-12 3.66163159e-14 0.00000000e+00 9.65063884e-12 0.00000000e+00 6.04225420e-14
1.52577522e+01 9.74983205e-12 3.20858859e-14 0.00000000e+00 9.71774617e-12 0.00000000e+00 5.47405431e-14
1.57683840e+01 9.80298267e-12 2.78494020e-14 0.00000000e+00 9.77513327e-12 0.00000000e+00 4.95928665e-14
1.62961051e+01 9.86582469e-12 2.41074800e-14 0.00000000e+00 9.84171721e-12 0.00000000e+00 4.49292657e-14
1.68414875e+01 9.92428899e-12 2.08247901e-14 0.00000000e+00 9.90346420e-12 0.00000000e+00 4.07042194e-14
1.74051222e+01 1.00005556e-11 1.82668061e-14 0.00000000e+00 9.98228882e-12 0.00000000e+00 3.68764869e-14
1.79876201e+01 9.96124327e-12 1.61970332e-14 0.00000000e+00 9.94504624e-12 0.00000000e+00 3.34087056e-14
1.85896125e+01 9.90666198e-12 1.46875476e-14 0.00000000e+00 9.89197443e-12 0.00000000e+00 3.02670267e-14
1.92117518e+01 9.67941376e-12 1.36026756e-14 0.00000000e+00 9.66581108e-12 0.00000000e+00 2.74207841e-14
1.98547123e+01 9.57117826e-12 1.27576138e-14 0.00000000e+00 9.55842065e-12 0.00000000e+00 2.48421957e-14
2.05191907e+01 9.29192862e-12 1.20211808e-14 0.00000000e+00 9.27990744e-12 0.00000000e+00 2.25060919e-14
2.12059073e+01 9.06416392e-12 1.13020527e-14 0.00000000e+00 9.05286186e-12 0.00000000e+00 2.03896700e-14
2.19156062e+01 8.77399325e-12 1.05740198e-14 0.00000000e+00 8.76341923e-12 0.00000000e+00 1.84722717e-14
2.26490567e+01 8.54510750e-12 9.86724258e-15 0.00000000e+00 8.53524026e-12 0.00000000e+00 1.67351811e-14
2.34070535e+01 8.27989314e-12 9.18477564e-15 0.00000000e+00 8.27070837e-12 0.00000000e+00 1.51614426e-14
2.41904183e+01 7.99967520e-12 8.52737234e-15 0.00000000e+00 7.99114783e-12 0.00000000e+00 1.37356949e-14
2.50000000e+01 7.67367238e-12 7.89983806e-15 0.00000000e+00 7.66577255e-12 0.00000000e+00 1.24440213e-14
2.75422870e+01 6.78770127e-12 6.26173294e-15 0.00000000e+00 6.78143954e-12 0.00000000e+00 9.30637977e-15
3.16227766e+01 5.40915476e-12 4.42261568e-15 0.00000000e+00 5.40473214e-12 0.00000000e+00 6.14866414e-15
3.63078055e+01 4.07604644e-12 3.09320160e-15 0.00000000e+00 4.07295324e-12 0.00000000e+00 4.06238211e-15
4.16869383e+01 2.86307220e-12 2.15504667e-15 0.00000000e+00 2.86091716e-12 0.00000000e+00 2.68398924e-15
4.78630092e+01 1.88298296e-12 1.49417296e-15 0.00000000e+00 1.88148879e-12 0.00000000e+00 1.77329411e-15
5.49540874e+01 1.16963941e-12 1.02796343e-15 0.00000000e+00 1.16861145e-12 0.00000000e+00 1.17160380e-15
6.30957344e+01 6.94875108e-13 7.01380290e-16 0.00000000e+00 6.94173727e-13 0.00000000e+00 7.74070953e-16
7.24435960e+01 3.97664570e-13 4.75030488e-16 0.00000000e+00 3.97189540e-13 0.00000000e+00 5.11423607e-16
8.31763771e+01 2.21941876e-13 3.19757378e-16 0.00000000e+00 2.21622119e-13 0.00000000e+00 3.37894226e-16
9.54992586e+01 1.21528590e-13 2.14205669e-16 0.00000000e+00 1.21314384e-13 0.00000000e+00 2.23244502e-16
1.09647820e+02 6.57809737e-14 1.42983770e-16 0.00000000e+00 6.56379899e-14 0.00000000e+00 1.47496179e-16
1.25892541e+02 3.56554518e-14 9.51667683e-17 0.00000000e+00 3.55602850e-14 0.00000000e+00 9.74497594e-17
1.44543977e+02 1.92622412e-14 6.32219135e-17 0.00000000e+00 1.91990193e-14 0.00000000e+00 6.43844175e-17
1.65958691e+02 9.93820172e-15 4.19670113e-17 0.00000000e+00 9.89623471e-15 0.00000000e+00 4.25383628e-17
1.90546072e+02 5.14176231e-15 2.78214255e-17 0.00000000e+00 5.11394089e-15 0.00000000e+00 2.81048176e-17
2.18776162e+02 2.66092033e-15 1.84273127e-17 0.00000000e+00 2.64249302e-15 0.00000000e+00 1.85686688e-17
2.51188643e+02 1.37482724e-15 1.21974866e-17 0.00000000e+00 1.36262976e-15 0.00000000e+00 1.22681978e-17
2.88403150e+02 7.08283046e-16 8.07012076e-18 0.00000000e+00 7.00212925e-16 0.00000000e+00 8.10551794e-18
3.31131121e+02 3.64517620e-16 5.33750913e-18 0.00000000e+00 3.59180111e-16 0.00000000e+00 5.35526259e-18
3.80189396e+02 1.87234415e-16 3.52928148e-18 0.00000000e+00 1.83705133e-16 0.00000000e+00 3.53818691e-18
4.36515832e+02 9.61267557e-17 2.33318584e-18 0.00000000e+00 9.37935698e-17 0.00000000e+00 2.33765691e-18
5.01187234e+02 4.93313887e-17 1.54222946e-18 0.00000000e+00 4.77891593e-17 0.00000000e+00 1.54447460e-18
5.75439937e+02 2.53266478e-17 1.01929657e-18 0.00000000e+00 2.43073512e-17 0.00000000e+00 1.02042425e-18
6.60693448e+02 1.30194627e-17 6.73621086e-19 0.00000000e+00 1.23458416e-17 0.00000000e+00 6.74187617e-19
7.58577575e+02 6.70763819e-18 4.45146678e-19 0.00000000e+00 6.26249151e-18 0.00000000e+00 4.45431341e-19
8.70963590e+02 3.46648694e-18 2.94150552e-19 0.00000000e+00 3.17233639e-18 0.00000000e+00 2.94293569e-19
1.00000000e+03 1.60488047e-18 0.00000000e+00 0.00000000e+00 1.60488047e-18 0.00000000e+00 0.00000000e+00
