# column 1: lambda (micron)
# column 2: total flux; lambda*F_lambda (W/m2)
# column 3: direct stellar flux; lambda*F_lambda (W/m2)
# column 4: scattered stellar flux; lambda*F_lambda (W/m2)
# column 5: total dust emission flux; lambda*F_lambda (W/m2)
# column 6: dust emission scattered flux; lambda*F_lambda (W/m2)
# column 7: transparent flux; lambda*F_lambda (W/m2)
1.00000000e-03 1.04634599e-12 1.04634360e-12 2.38443022e-18 0.00000000e+00 0.00000000e+00 1.04634360e-12
1.14815362e-03 1.23502451e-12 1.23502095e-12 3.56189672e-18 0.00000000e+00 0.00000000e+00 1.23502095e-12
1.31825674e-03 1.45772589e-12 1.45772071e-12 5.17776992e-18 0.00000000e+00 0.00000000e+00 1.45772071e-12
1.51356125e-03 1.72058575e-12 1.72057784e-12 7.91666131e-18 0.00000000e+00 0.00000000e+00 1.72057784e-12
1.73780083e-03 2.03084757e-12 2.03083353e-12 1.40405639e-17 0.00000000e+00 0.00000000e+00 2.03083353e-12
1.99526231e-03 2.39705862e-12 2.39703472e-12 2.39008414e-17 0.00000000e+00 0.00000000e+00 2.39703472e-12
2.29086765e-03 2.82930659e-12 2.82926954e-12 3.70488336e-17 0.00000000e+00 0.00000000e+00 2.82926954e-12
2.63026799e-03 3.33951773e-12 3.33944522e-12 7.25071189e-17 0.00000000e+00 0.00000000e+00 3.33944522e-12
3.01995172e-03 3.94173263e-12 3.94161611e-12 1.16522527e-16 0.00000000e+00 0.00000000e+00 3.94161611e-12
3.46736850e-03 4.65256730e-12 4.65237083e-12 1.96471784e-16 0.00000000e+00 0.00000000e+00 4.65237083e-12
3.98107171e-03 5.49159710e-12 5.49128930e-12 3.07799983e-16 0.00000000e+00 0.00000000e+00 5.49128930e-12
4.57088190e-03 6.48220353e-12 6.48148207e-12 7.21458529e-16 0.00000000e+00 0.00000000e+00 6.48148207e-12
5.24807460e-03 7.65147102e-12 7.65022704e-12 1.24397840e-15 0.00000000e+00 0.00000000e+00 7.65022704e-12
6.02559586e-03 9.03193304e-12 9.02972084e-12 2.21220066e-15 0.00000000e+00 0.00000000e+00 9.02972084e-12
6.91830971e-03 1.06613931e-11 1.06579658e-11 3.42721518e-15 0.00000000e+00 0.00000000e+00 1.06579658e-11
7.94328235e-03 1.25901238e-11 1.25798170e-11 1.03068115e-14 0.00000000e+00 0.00000000e+00 1.25798170e-11
9.12010839e-03 1.48576636e-11 1.48482176e-11 9.44593092e-15 0.00000000e+00 0.00000000e+00 1.48482176e-11
1.04712855e-02 1.65967742e-11 1.65834298e-11 1.33444607e-14 0.00000000e+00 0.00000000e+00 1.65834298e-11
1.20226443e-02 1.66060029e-11 1.65834298e-11 2.25731192e-14 0.00000000e+00 0.00000000e+00 1.65834298e-11
1.38038426e-02 1.66164569e-11 1.65834298e-11 3.30271281e-14 1.06130789e-276 4.95844537e-277 1.65834298e-11
1.58489319e-02 1.66213010e-11 1.65834298e-11 3.78712262e-14 7.69608481e-242 4.27449679e-242 1.65834298e-11
1.81970086e-02 1.66368641e-11 1.65834298e-11 5.34343076e-14 1.24640037e-211 6.02985482e-212 1.65834298e-11
2.08929613e-02 1.66601749e-11 1.65834298e-11 7.67451219e-14 2.67936026e-185 1.34082338e-185 1.65834298e-11
2.39883292e-02 1.66871130e-11 1.65834298e-11 1.03683182e-13 2.10847128e-162 1.04371960e-162 1.65834298e-11
2.75422870e-02 1.67150490e-11 1.65834298e-11 1.31619263e-13 1.65941550e-142 7.75148247e-143 1.65834298e-11
3.16227766e-02 1.67464051e-11 1.65834298e-11 1.62975282e-13 3.33798250e-125 1.50408065e-125 1.65834298e-11
3.63078055e-02 1.67675963e-11 1.65834298e-11 1.84166490e-13 3.66149346e-110 1.56718427e-110 1.65834298e-11
4.16869383e-02 1.68287644e-11 1.65834298e-11 2.45334576e-13 4.34616230e-97 1.82637719e-97 1.65834298e-11
4.78630092e-02 1.68988008e-11 1.65834298e-11 3.15371058e-13 9.12989762e-86 3.72351659e-86 1.65834298e-11
5.49540874e-02 1.69439902e-11 1.65834298e-11 3.60560424e-13 5.88203658e-76 2.30534376e-76 1.65834298e-11
6.30957344e-02 1.69696466e-11 1.65834298e-11 3.86216864e-13 2.16530882e-67 7.84607500e-68 1.65834298e-11
7.24435960e-02 1.69215540e-11 1.65834298e-11 3.38124222e-13 5.99044725e-60 1.96736095e-60 1.65834298e-11
8.31763771e-02 1.69091899e-11 1.65834298e-11 3.25760154e-13 1.63306822e-53 5.18792747e-54 1.65834298e-11
9.54992586e-02 1.69265647e-11 1.65834298e-11 3.43134931e-13 6.21846737e-48 2.01663143e-48 1.65834298e-11
1.09647820e-01 1.62065334e-11 1.58370587e-11 3.69474667e-13 4.29036959e-43 1.53601190e-43 1.58370587e-11
1.25892541e-01 1.51440260e-11 1.47800032e-11 3.64022853e-13 6.93764230e-39 2.62561557e-39 1.47800032e-11
1.44543977e-01 1.41309879e-11 1.37935015e-11 3.37486411e-13 2.96382882e-35 1.12732078e-35 1.37935015e-11
1.65958691e-01 1.32322388e-11 1.28728446e-11 3.59394185e-13 3.52046347e-32 1.37914411e-32 1.28728446e-11
1.90546072e-01 1.24024382e-11 1.20136376e-11 3.88800550e-13 1.42041138e-29 5.49052978e-30 1.20136376e-11
2.18776162e-01 1.15609345e-11 1.12117790e-11 3.49155490e-13 3.30377924e-27 1.17888803e-27 1.12117790e-11
2.51188643e-01 1.08836401e-11 1.04634409e-11 4.20199198e-13 9.52284530e-25 3.89866441e-25 1.04634409e-11
2.88403150e-01 1.01620924e-11 9.76505125e-12 3.97041131e-13 1.21005297e-22 4.92186903e-23 9.76505125e-12
3.31131121e-01 9.48617014e-12 9.11327608e-12 3.72894051e-13 7.55855602e-21 3.06260424e-21 9.11327608e-12
3.80189396e-01 8.85277373e-12 8.50500410e-12 3.47769372e-13 2.61315819e-19 1.03753561e-19 8.50500410e-12
4.36515832e-01 8.25637872e-12 7.93733165e-12 3.19041730e-13 5.33978322e-18 2.12237800e-18 7.93733165e-12
5.01187234e-01 7.70440126e-12 7.40754890e-12 2.96784061e-13 6.82978991e-17 2.66895303e-17 7.40754890e-12
5.75439937e-01 7.18930882e-12 6.91312687e-12 2.75595221e-13 5.86726588e-16 2.24303985e-16 6.91312687e-12
6.60693448e-01 6.70339478e-12 6.45170538e-12 2.48094359e-13 3.59503475e-15 1.34954929e-15 6.45170538e-12
7.58577575e-01 6.26312377e-12 6.02108180e-12 2.25331281e-13 1.67106946e-14 6.01888672e-15 6.02108180e-12
8.70963590e-01 5.88166949e-12 5.61920048e-12 2.01768287e-13 6.07007213e-14 2.04913425e-14 5.61920048e-12
1.00000000e+00 5.59362763e-12 5.24414302e-12 1.69888648e-13 1.79595967e-13 5.50488304e-14 5.24414302e-12
1.14815362e+00 5.48524460e-12 4.89411902e-12 1.36694737e-13 4.54430836e-13 1.20056742e-13 4.89411902e-12
1.31825674e+00 5.67908867e-12 4.56745763e-12 1.07904692e-13 1.00372635e-12 2.25163036e-13 4.56745763e-12
1.51356125e+00 6.27069742e-12 4.26259947e-12 8.32515640e-14 1.92484638e-12 3.56942323e-13 4.26259947e-12
1.73780083e+00 7.26183769e-12 3.97808929e-12 6.30097167e-14 3.22073868e-12 4.79856433e-13 3.97808929e-12
1.99526231e+00 8.55092698e-12 3.71256894e-12 4.76737040e-14 4.79068434e-12 5.56936403e-13 3.71256894e-12
2.29086765e+00 9.92910358e-12 3.46477093e-12 3.52058414e-14 6.42912680e-12 5.89126757e-13 3.46477093e-12
2.63026799e+00 1.11974508e-11 3.23351237e-12 2.55473088e-14 7.93839109e-12 5.71656540e-13 3.23351237e-12
3.01995172e+00 1.23164871e-11 3.01768933e-12 1.89625942e-14 9.27983516e-12 5.32758607e-13 3.01768933e-12
3.46736850e+00 1.31872890e-11 2.81627154e-12 1.35746499e-14 1.03574428e-11 4.77013922e-13 2.81627154e-12
3.98107171e+00 1.38766584e-11 2.62829753e-12 9.90242513e-15 1.12384584e-11 4.05894986e-13 2.62829753e-12
4.57088190e+00 1.43842689e-11 2.45286997e-12 6.97524553e-15 1.19244237e-11 3.21935153e-13 2.45286997e-12
5.24807460e+00 1.43918424e-11 2.02814751e-12 4.10572231e-15 1.23595892e-11 2.33561088e-13 2.02814751e-12
6.02559586e+00 1.38920154e-11 1.33998377e-12 1.86418546e-15 1.25501674e-11 1.57994191e-13 1.33998377e-12
6.70000000e+00 1.33826938e-11 9.74709347e-13 9.73345727e-16 1.24070112e-11 1.08520747e-13 9.74709347e-13
6.92422916e+00 1.32101816e-11 8.83049889e-13 8.00053673e-16 1.23263317e-11 9.54968745e-14 8.83049889e-13
7.15596261e+00 1.30749542e-11 8.00009879e-13 6.31903553e-16 1.22743125e-11 8.29900428e-14 8.00009879e-13
7.39545150e+00 1.29886202e-11 7.24778763e-13 4.84052942e-16 1.22633574e-11 7.03067072e-14 7.24778763e-13
7.64295536e+00 1.31990181e-11 6.56622211e-13 3.26740745e-16 1.25420692e-11 5.68348523e-14 6.56622211e-13
7.89874245e+00 1.37028541e-11 5.94874946e-13 1.92563651e-16 1.31077866e-11 4.20816974e-14 5.94874946e-13
8.16308998e+00 1.43981080e-11 5.38934254e-13 1.04768498e-16 1.38590690e-11 2.99945577e-14 5.38934254e-13
8.43628443e+00 1.50997302e-11 4.88254098e-13 5.49634305e-17 1.46114211e-11 2.04466337e-14 4.88254098e-13
8.71862190e+00 1.54308571e-11 4.42339790e-13 3.42610867e-17 1.49884830e-11 1.52641862e-14 4.42339790e-13
9.01040836e+00 1.58538188e-11 4.00743158e-13 2.13985912e-17 1.54530542e-11 1.12563848e-14 4.00743158e-13
9.31196005e+00 1.60914103e-11 3.63058180e-13 0.00000000e+00 1.57283522e-11 0.00000000e+00 3.63058180e-13
9.62360379e+00 1.58851214e-11 3.28917012e-13 0.00000000e+00 1.55562044e-11 0.00000000e+00 3.28917012e-13
9.94567731e+00 1.55260458e-11 2.97986401e-13 0.00000000e+00 1.52280594e-11 0.00000000e+00 2.97986401e-13
1.02785297e+01 1.48989017e-11 2.69964435e-13 0.00000000e+00 1.46289373e-11 0.00000000e+00 2.69964435e-13
1.06225216e+01 1.45176434e-11 2.44577592e-13 0.00000000e+00 1.42730658e-11 0.00000000e+00 2.44577592e-13
1.09780260e+01 1.38211318e-11 2.21578069e-13 0.00000000e+00 1.35995538e-11 0.00000000e+00 2.21578069e-13
1.13454280e+01 1.33626031e-11 2.00741370e-13 0.00000000e+00 1.31618617e-11 0.00000000e+00 2.00741370e-13
1.17251259e+01 1.28817847e-11 1.81864106e-13 0.00000000e+00 1.26999206e-11 0.00000000e+00 1.81864106e-13
1.21175312e+01 1.23339390e-11 1.64762018e-13 0.00000000e+00 1.21691770e-11 0.00000000e+00 1.64762018e-13
1.25230691e+01 1.18529134e-11 1.49268171e-13 0.00000000e+00 1.17036452e-11 0.00000000e+00 1.49268171e-13
1.29421791e+01 1.13238149e-11 1.35231331e-13 0.00000000e+00 1.11885835e-11 0.00000000e+00 1.35231331e-13
1.33753155e+01 1.07420424e-11 1.22514483e-13 0.00000000e+00 1.06195280e-11 0.00000000e+00 1.22514483e-13
1.38229477e+01 1.02848561e-11 1.10993499e-13 0.00000000e+00 1.01738626e-11 0.00000000e+00 1.10993499e-13
1.42855609e+01 9.98647898e-12 1.00555922e-13 0.00000000e+00 9.88592306e-12 0.00000000e+00 1.00555922e-13
1.47636563e+01 9.90710588e-12 9.10998706e-14 0.00000000e+00 9.81600601e-12 0.00000000e+00 9.10998706e-14
1.52577522e+01 9.85751316e-12 8.25330452e-14 0.00000000e+00 9.77498011e-12 0.00000000e+00 8.25330452e-14
1.57683840e+01 9.87992404e-12 7.47718247e-14 0.00000000e+00 9.80515222e-12 0.00000000e+00 7.47718247e-14
1.62961051e+01 9.86335510e-12 6.77404517e-14 0.00000000e+00 9.79561465e-12 0.00000000e+00 6.77404517e-14
1.68414875e+01 9.84898810e-12 6.13702932e-14 0.00000000e+00 9.78761781e-12 0.00000000e+00 6.13702932e-14
1.74051222e+01 9.68839013e-12 5.55991699e-14 0.00000000e+00 9.63279096e-12 0.00000000e+00 5.55991699e-14
1.79876201e+01 9.51558845e-12 5.03707500e-14 0.00000000e+00 9.46521770e-12 0.00000000e+00 5.03707500e-14
1.85896125e+01 9.30678486e-12 4.56339988e-14 0.00000000e+00 9.26115086e-12 0.00000000e+00 4.56339988e-14
1.92117518e+01 8.93350905e-12 4.13426810e-14 0.00000000e+00 8.89216637e-12 0.00000000e+00 4.13426810e-14
1.98547123e+01 8.58927196e-12 3.74549090e-14 0.00000000e+00 8.55181706e-12 0.00000000e+00 3.74549090e-14
2.05191907e+01 8.20930429e-12 3.39327342e-14 0.00000000e+00 8.17537156e-12 0.00000000e+00 3.39327342e-14
2.12059073e+01 7.80329975e-12 3.07417768e-14 0.00000000e+00 7.77255797e-12 0.00000000e+00 3.07417768e-14
2.19156062e+01 7.42161786e-12 2.78508898e-14 0.00000000e+00 7.39376697e-12 0.00000000e+00 2.78508898e-14
2.26490567e+01 7.03375835e-12 2.52318552e-14 0.00000000e+00 7.00852649e-12 0.00000000e+00 2.52318552e-14
2.34070535e+01 6.66911319e-12 2.28591087e-14 0.00000000e+00 6.64625408e-12 0.00000000e+00 2.28591087e-14
2.41904183e+01 6.32556801e-12 2.07094900e-14 0.00000000e+00 6.30485852e-12 0.00000000e+00 2.07094900e-14
2.50000000e+01 5.97205133e-12 1.87620165e-14 0.00000000e+00 5.95328931e-12 0.00000000e+00 1.87620165e-14
2.75422870e+01 4.97745983e-12 1.40313526e-14 0.00000000e+00 4.96342848e-12 0.00000000e+00 1.40313526e-14
3.16227766e+01 3.69258145e-12 9.27042274e-15 0.00000000e+00 3.68331102e-12 0.00000000e+00 9.27042274e-15
3.63078055e+01 2.61960461e-12 6.12490756e-15 0.00000000e+00 2.61347970e-12 0.00000000e+00 6.12490756e-15
4.16869383e+01 1.74118040e-12 4.04668630e-15 0.00000000e+00 1.73713371e-12 0.00000000e+00 4.04668630e-15
4.78630092e+01 1.09171405e-12 2.67361912e-15 0.00000000e+00 1.08904043e-12 0.00000000e+00 2.67361912e-15
5.49540874e+01 6.50518845e-13 1.76644264e-15 0.00000000e+00 6.48752402e-13 0.00000000e+00 1.76644264e-15
6.30957344e+01 3.72710278e-13 1.16707708e-15 0.00000000e+00 3.71543201e-13 0.00000000e+00 1.16707708e-15
7.24435960e+01 2.06973074e-13 7.71080178e-16 0.00000000e+00 2.06201994e-13 0.00000000e+00 7.71080178e-16
8.31763771e+01 1.12587361e-13 5.09447621e-16 0.00000000e+00 1.12077914e-13 0.00000000e+00 5.09447621e-16
9.54992586e+01 6.03606815e-14 3.36588705e-16 0.00000000e+00 6.00240928e-14 0.00000000e+00 3.36588705e-16
1.09647820e+02 3.20761095e-14 2.22381952e-16 0.00000000e+00 3.18537275e-14 0.00000000e+00 2.22381952e-16
1.25892541e+02 1.71276497e-14 1.46926299e-16 0.00000000e+00 1.69807234e-14 0.00000000e+00 1.46926299e-16
1.44543977e+02 9.14158919e-15 9.70732430e-17 0.00000000e+00 9.04451595e-15 0.00000000e+00 9.70732430e-17
1.65958691e+02 4.66846192e-15 6.41356556e-17 0.00000000e+00 4.60432626e-15 0.00000000e+00 6.41356556e-17
1.90546072e+02 2.39686979e-15 4.23740075e-17 0.00000000e+00 2.35449578e-15 0.00000000e+00 4.23740075e-17
2.18776162e+02 1.23373317e-15 2.79962291e-17 0.00000000e+00 1.20573694e-15 0.00000000e+00 2.79962291e-17
2.51188643e+02 6.35502525e-16 1.84969251e-17 0.00000000e+00 6.17005600e-16 0.00000000e+00 1.84969251e-17
2.88403150e+02 3.27199349e-16 1.22207972e-17 0.00000000e+00 3.14978551e-16 0.00000000e+00 1.22207972e-17
3.31131121e+02 1.68740076e-16 8.07420067e-18 0.00000000e+00 1.60665875e-16 0.00000000e+00 8.07420067e-18
3.80189396e+02 8.71082191e-17 5.33457148e-18 0.00000000e+00 8.17736476e-17 0.00000000e+00 5.33457148e-18
4.36515832e+02 4.51001998e-17 3.52451642e-18 0.00000000e+00 4.15756834e-17 0.00000000e+00 3.52451642e-18
5.01187234e+02 2.34346569e-17 2.32862491e-18 0.00000000e+00 2.11060320e-17 0.00000000e+00 2.32862491e-18
5.75439937e+02 1.22403381e-17 1.53850722e-18 0.00000000e+00 1.07018308e-17 0.00000000e+00 1.53850722e-18
6.60693448e+02 6.43726071e-18 1.01648164e-18 0.00000000e+00 5.42077907e-18 0.00000000e+00 1.01648164e-18
7.58577575e+02 3.41486794e-18 6.71582760e-19 0.00000000e+00 2.74328518e-18 0.00000000e+00 6.71582760e-19
8.70963590e+02 1.83053845e-18 4.43710329e-19 0.00000000e+00 1.38682812e-18 0.00000000e+00 4.43710329e-19
1.00000000e+03 7.00355115e-19 0.00000000e+00 0.00000000e+00 7.00355115e-19 0.00000000e+00 0.00000000e+00
