# column 1: lambda (micron)
# column 2: total flux; lambda*F_lambda (W/m2)
# column 3: direct stellar flux; lambda*F_lambda (W/m2)
# column 4: scattered stellar flux; lambda*F_lambda (W/m2)
# column 5: total dust emission flux; lambda*F_lambda (W/m2)
# column 6: dust emission scattered flux; lambda*F_lambda (W/m2)
# column 7: transparent flux; lambda*F_lambda (W/m2)
1.00000000e-03 3.36019074e-16 2.84598958e-16 5.14201166e-17 0.00000000e+00 0.00000000e+00 3.57785423e-13
1.14815362e-03 5.32077486e-17 3.39497101e-17 1.92580385e-17 0.00000000e+00 0.00000000e+00 4.22301518e-13
1.31825674e-03 3.66748744e-17 3.10058817e-18 3.35742863e-17 0.00000000e+00 0.00000000e+00 4.98451197e-13
1.51356125e-03 3.20159609e-17 4.28251022e-19 3.15877099e-17 0.00000000e+00 0.00000000e+00 5.88332233e-13
1.73780083e-03 2.77719132e-17 4.36780077e-19 2.73351331e-17 0.00000000e+00 0.00000000e+00 6.94420676e-13
1.99526231e-03 4.53577989e-17 4.91673144e-21 4.53528821e-17 0.00000000e+00 0.00000000e+00 8.19639053e-13
2.29086765e-03 4.22333106e-17 1.84871443e-21 4.22314619e-17 0.00000000e+00 0.00000000e+00 9.67436888e-13
2.63026799e-03 7.27209199e-17 4.06868662e-23 7.27208792e-17 0.00000000e+00 0.00000000e+00 1.14188572e-12
3.01995172e-03 9.21109504e-17 1.61251582e-25 9.21109503e-17 0.00000000e+00 0.00000000e+00 1.34779128e-12
3.46736850e-03 1.61619828e-16 9.34775086e-28 1.61619828e-16 0.00000000e+00 0.00000000e+00 1.59082586e-12
3.98107171e-03 1.79122654e-16 6.90834874e-30 1.79122654e-16 0.00000000e+00 0.00000000e+00 1.87768459e-12
4.57088190e-03 8.38515009e-16 5.20197693e-24 8.38515004e-16 0.00000000e+00 0.00000000e+00 2.21626987e-12
5.24807460e-03 1.51092405e-15 3.66476412e-27 1.51092405e-15 0.00000000e+00 0.00000000e+00 2.61590907e-12
6.02559586e-03 1.56589223e-15 3.80141625e-30 1.56589223e-15 0.00000000e+00 0.00000000e+00 3.08761145e-12
6.91830971e-03 2.03995013e-15 7.78883716e-33 2.03995013e-15 0.00000000e+00 0.00000000e+00 3.64437151e-12
7.94328235e-03 3.95102993e-15 3.73879419e-35 3.95102993e-15 0.00000000e+00 0.00000000e+00 4.30152690e-12
9.12010839e-03 4.82660885e-15 1.30318703e-37 4.82660885e-15 0.00000000e+00 0.00000000e+00 5.07718096e-12
1.04712855e-02 3.91207113e-14 3.37885716e-39 3.91207113e-14 0.00000000e+00 0.00000000e+00 5.67051724e-12
1.20226443e-02 5.88890263e-15 8.35626423e-41 5.88890263e-15 3.73910484e-314 3.73910484e-314 5.67051724e-12
1.38038426e-02 1.51402605e-14 1.03805459e-42 1.51402605e-14 8.18627044e-275 8.18627044e-275 5.67051724e-12
1.58489319e-02 1.52222672e-14 4.72224060e-45 1.52222672e-14 8.89945234e-241 8.89945234e-241 5.67051724e-12
1.81970086e-02 2.01400715e-14 3.26592171e-47 2.01400715e-14 8.11202137e-211 8.11202137e-211 5.67051724e-12
2.08929613e-02 1.52362449e-14 5.22954129e-49 1.52362449e-14 4.75890996e-185 4.75890996e-185 5.67051724e-12
2.39883292e-02 1.80869161e-14 2.46629359e-51 1.80869161e-14 1.13715969e-162 1.13715969e-162 5.67051724e-12
2.75422870e-02 1.63806089e-14 4.85303145e-54 1.63806089e-14 3.73256070e-143 3.73256070e-143 5.67051724e-12
3.16227766e-02 1.80505687e-14 1.08023133e-56 1.80505687e-14 4.32331993e-126 4.32331993e-126 5.67051724e-12
3.63078055e-02 1.49142048e-14 8.97488887e-59 1.49142048e-14 1.98243625e-111 1.98243625e-111 5.67051724e-12
4.16869383e-02 1.85725689e-14 1.42417855e-60 1.85725689e-14 1.56140824e-98 1.56140824e-98 5.67051724e-12
4.78630092e-02 1.47613546e-14 1.56092534e-65 1.47613546e-14 1.90515744e-87 1.90515744e-87 5.67051724e-12
5.49540874e-02 1.14112124e-14 1.97381773e-72 1.14112124e-14 7.32377391e-78 7.32377391e-78 5.67051724e-12
6.30957344e-02 5.27444720e-15 9.96291599e-90 5.27444720e-15 1.36525429e-69 1.36525429e-69 5.67051724e-12
7.24435960e-02 2.11014829e-15 3.23568847e-110 2.11014829e-15 1.39811588e-62 1.39811588e-62 5.67051724e-12
8.31763771e-02 2.19189764e-15 2.15345367e-108 2.19189764e-15 3.60895454e-56 3.60895454e-56 5.67051724e-12
9.54992586e-02 3.12890295e-15 4.79061436e-103 3.12890295e-15 1.66665445e-50 1.66665445e-50 5.67051724e-12
1.09647820e-01 5.26721849e-15 1.18727803e-87 5.26721849e-15 2.37010685e-45 2.37010685e-45 5.41530405e-12
1.25892541e-01 8.88735208e-15 2.65829341e-74 8.88735208e-15 9.88327527e-41 9.88327527e-41 5.05385580e-12
1.44543977e-01 1.28041684e-14 1.13102687e-63 1.28041684e-14 8.96718314e-37 8.96718314e-37 4.71653266e-12
1.65958691e-01 1.99598001e-14 3.15666601e-57 1.99598001e-14 2.08341191e-33 2.08341191e-33 4.40172439e-12
1.90546072e-01 1.73326513e-14 2.82711541e-60 1.73326513e-14 9.30284602e-31 9.30284602e-31 4.10792822e-12
2.18776162e-01 1.04398770e-14 1.22415963e-68 1.04398770e-14 1.02362406e-28 1.02362406e-28 3.83374167e-12
2.51188643e-01 2.17489985e-14 2.35342208e-57 2.17489985e-14 2.92626631e-26 2.92626631e-26 3.57785591e-12
2.88403150e-01 2.95140733e-14 1.02754564e-49 2.95140733e-14 3.51797153e-24 3.51797153e-24 3.33904941e-12
3.31131121e-01 3.16787380e-14 6.21934097e-45 3.16787379e-14 1.68220404e-22 1.68220403e-22 3.11618222e-12
3.80189396e-01 3.49064904e-14 5.59926197e-41 3.49064856e-14 4.79848249e-21 4.79769232e-21 2.90819046e-12
4.36515832e-01 3.69325601e-14 2.76764913e-37 3.69324748e-14 8.53192386e-20 8.53080319e-20 2.71408126e-12
5.01187234e-01 3.92738966e-14 8.85967222e-34 3.92728755e-14 1.02110637e-18 1.02039725e-18 2.53292801e-12
5.75439937e-01 4.25833842e-14 1.38837018e-30 4.25750350e-14 8.34919721e-18 8.33537693e-18 2.36386595e-12
6.60693448e-01 4.44324190e-14 9.69943547e-28 4.43835131e-14 4.89059333e-17 4.86095160e-17 2.20608807e-12
7.58577575e-01 4.49254417e-14 3.42774567e-25 4.47148120e-14 2.10629754e-16 2.06688007e-16 2.05884118e-12
8.70963590e-01 4.54109091e-14 7.69024542e-23 4.46428466e-14 7.68062396e-16 7.36007389e-16 1.92142238e-12
1.00000000e+00 4.53613751e-14 8.50887201e-21 4.30435007e-14 2.31786586e-15 2.11128282e-15 1.79317570e-12
1.14815362e+00 4.63850163e-14 4.76982329e-19 3.98978886e-14 6.48665065e-15 5.27759325e-15 1.67348894e-12
1.31825674e+00 5.45283794e-14 1.36923542e-17 3.64275698e-14 1.80871172e-14 1.19471733e-14 1.56179075e-12
1.51356125e+00 8.04954466e-14 1.97527913e-16 3.34571552e-14 4.68407635e-14 2.38470718e-14 1.45754793e-12
1.73780083e+00 1.49878865e-13 1.67208171e-15 2.94119542e-14 1.18794829e-13 4.34558077e-14 1.36026288e-12
1.99526231e+00 3.10911710e-13 8.87458259e-15 2.57452501e-14 2.76291877e-13 7.22113613e-14 1.26947118e-12
2.29086765e+00 6.18990108e-13 3.03520921e-14 2.17998989e-14 5.66838117e-13 1.01692043e-13 1.18473944e-12
2.63026799e+00 1.10552313e-12 7.20471558e-14 1.79788760e-14 1.01549710e-12 1.27412786e-13 1.10566318e-12
3.01995172e+00 1.80302786e-12 1.31337436e-13 1.45269689e-14 1.65716346e-12 1.44733861e-13 1.03186491e-12
3.46736850e+00 2.70099002e-12 1.98081293e-13 1.12331260e-14 2.49167560e-12 1.51308946e-13 9.62992369e-13
3.98107171e+00 3.77609398e-12 2.63043416e-13 8.48283583e-15 3.50456773e-12 1.44949970e-13 8.98716770e-13
4.57088190e+00 4.88036018e-12 3.18702116e-13 6.08119620e-15 4.55557687e-12 1.26154192e-13 8.38731291e-13
5.24807460e+00 5.94761561e-12 3.18756334e-13 3.67640672e-15 5.62518287e-12 9.99289801e-14 6.93502223e-13
6.02559586e+00 6.82973568e-12 2.40167026e-13 1.66914320e-15 6.58789951e-12 7.38867784e-14 4.58192375e-13
6.70000000e+00 7.34000205e-12 1.88154218e-13 8.76435267e-16 7.15097139e-12 5.51143418e-14 3.33290895e-13
6.92422916e+00 7.53639068e-12 1.73911249e-13 7.13694622e-16 7.36176573e-12 4.97454143e-14 3.01948975e-13
7.15596261e+00 7.62075427e-12 1.59082814e-13 5.63946671e-16 7.46110751e-12 4.42562118e-14 2.73554377e-13
7.39545150e+00 7.69581973e-12 1.42269682e-13 4.28034806e-16 7.55312202e-12 3.79333539e-14 2.47829944e-13
7.64295536e+00 7.59078436e-12 1.19296387e-13 2.89544218e-16 7.47119843e-12 3.00075994e-14 2.24524577e-13
7.89874245e+00 7.25220893e-12 8.98539201e-14 1.66330525e-16 7.16218868e-12 2.12642612e-14 2.03410795e-13
8.16308998e+00 6.77551699e-12 6.11441868e-14 8.64638525e-17 6.71428634e-12 1.42560688e-14 1.84282505e-13
8.43628443e+00 6.31623622e-12 3.60521770e-14 4.01500666e-17 6.28014389e-12 8.90649212e-15 1.66952996e-13
8.71862190e+00 6.07203996e-12 2.30027686e-14 2.18420007e-17 6.04901535e-12 6.21887227e-15 1.51253114e-13
9.01040836e+00 5.92195086e-12 1.39949144e-14 1.06820882e-17 5.90794526e-12 4.18750846e-15 1.37029614e-13
9.31196005e+00 5.89597614e-12 8.80454371e-15 0.00000000e+00 5.88717160e-12 0.00000000e+00 1.24143660e-13
9.62360379e+00 6.02817706e-12 7.43945705e-15 0.00000000e+00 6.02073760e-12 0.00000000e+00 1.12469472e-13
9.94567731e+00 6.29942875e-12 7.96936181e-15 0.00000000e+00 6.29145939e-12 0.00000000e+00 1.01893097e-13
1.02785297e+01 6.71645300e-12 9.20569138e-15 0.00000000e+00 6.70724731e-12 0.00000000e+00 9.23113014e-14
1.06225216e+01 7.07563753e-12 1.06251965e-14 0.00000000e+00 7.06501233e-12 0.00000000e+00 8.36305558e-14
1.09780260e+01 7.54557447e-12 1.27786346e-14 0.00000000e+00 7.53279584e-12 0.00000000e+00 7.57661279e-14
1.13454280e+01 8.01673906e-12 1.46916243e-14 0.00000000e+00 8.00204743e-12 0.00000000e+00 6.86412529e-14
1.17251259e+01 8.50766843e-12 1.62206815e-14 0.00000000e+00 8.49144775e-12 0.00000000e+00 6.21863851e-14
1.21175312e+01 9.01831606e-12 1.75654607e-14 0.00000000e+00 9.00075060e-12 0.00000000e+00 5.63385184e-14
1.25230691e+01 9.44678867e-12 1.86278600e-14 0.00000000e+00 9.42816081e-12 0.00000000e+00 5.10405718e-14
1.29421791e+01 9.85464861e-12 1.92209518e-14 0.00000000e+00 9.83542766e-12 0.00000000e+00 4.62408321e-14
1.33753155e+01 1.02426039e-11 1.93963630e-14 0.00000000e+00 1.02232075e-11 0.00000000e+00 4.18924490e-14
1.38229477e+01 1.05135732e-11 1.87230384e-14 0.00000000e+00 1.04948502e-11 0.00000000e+00 3.79529781e-14
1.42855609e+01 1.08794203e-11 1.74567566e-14 0.00000000e+00 1.08619635e-11 0.00000000e+00 3.43839660e-14
1.47636563e+01 1.11318730e-11 1.53130812e-14 0.00000000e+00 1.11165599e-11 0.00000000e+00 3.11505758e-14
1.52577522e+01 1.15773245e-11 1.32329379e-14 0.00000000e+00 1.15640915e-11 0.00000000e+00 2.82212462e-14
1.57683840e+01 1.19125984e-11 1.12819402e-14 0.00000000e+00 1.19013165e-11 0.00000000e+00 2.55673842e-14
1.62961051e+01 1.22797424e-11 9.58204745e-15 0.00000000e+00 1.22701604e-11 0.00000000e+00 2.31630853e-14
1.68414875e+01 1.26474353e-11 8.11421915e-15 0.00000000e+00 1.26393211e-11 0.00000000e+00 2.09848813e-14
1.74051222e+01 1.29691708e-11 7.02211490e-15 0.00000000e+00 1.29621487e-11 0.00000000e+00 1.90115106e-14
1.79876201e+01 1.33124310e-11 6.17077606e-15 0.00000000e+00 1.33062602e-11 0.00000000e+00 1.72237112e-14
1.85896125e+01 1.36362072e-11 5.59786298e-15 0.00000000e+00 1.36306094e-11 0.00000000e+00 1.56040325e-14
1.92117518e+01 1.39863048e-11 5.23230973e-15 0.00000000e+00 1.39810725e-11 0.00000000e+00 1.41366646e-14
1.98547123e+01 1.41762776e-11 4.97874634e-15 0.00000000e+00 1.41712989e-11 0.00000000e+00 1.28072847e-14
2.05191907e+01 1.44064719e-11 4.76901086e-15 0.00000000e+00 1.44017029e-11 0.00000000e+00 1.16029167e-14
2.12059073e+01 1.44981073e-11 4.55370549e-15 0.00000000e+00 1.44935536e-11 0.00000000e+00 1.05118047e-14
2.19156062e+01 1.45507820e-11 4.31802704e-15 0.00000000e+00 1.45464640e-11 0.00000000e+00 9.52329842e-15
2.26490567e+01 1.45726191e-11 4.07950786e-15 0.00000000e+00 1.45685396e-11 0.00000000e+00 8.62774902e-15
2.34070535e+01 1.44949049e-11 3.84056230e-15 0.00000000e+00 1.44910644e-11 0.00000000e+00 7.81641505e-15
2.41904183e+01 1.43742174e-11 3.60234516e-15 0.00000000e+00 1.43706150e-11 0.00000000e+00 7.08137710e-15
2.50000000e+01 1.42565725e-11 3.36851004e-15 0.00000000e+00 1.42532040e-11 0.00000000e+00 6.41546044e-15
2.75422870e+01 1.35282001e-11 2.73568443e-15 0.00000000e+00 1.35254644e-11 0.00000000e+00 4.79786316e-15
3.16227766e+01 1.17702735e-11 1.98682727e-15 0.00000000e+00 1.17682867e-11 0.00000000e+00 3.16991676e-15
3.63078055e+01 9.58912667e-12 1.42305157e-15 0.00000000e+00 9.58770362e-12 0.00000000e+00 2.09434323e-15
4.16869383e+01 7.20004720e-12 1.01367437e-15 0.00000000e+00 7.19903353e-12 0.00000000e+00 1.38371885e-15
4.78630092e+01 5.03054833e-12 7.17121761e-16 0.00000000e+00 5.02983121e-12 0.00000000e+00 9.14213979e-16
5.49540874e+01 3.28995446e-12 5.01779680e-16 0.00000000e+00 3.28945268e-12 0.00000000e+00 6.04015186e-16
6.30957344e+01 2.04611028e-12 3.46998766e-16 0.00000000e+00 2.04576328e-12 0.00000000e+00 3.99068876e-16
7.24435960e+01 1.21750483e-12 2.37462247e-16 0.00000000e+00 1.21726737e-12 0.00000000e+00 2.63662192e-16
8.31763771e+01 7.01673143e-13 1.61093259e-16 0.00000000e+00 7.01512050e-13 0.00000000e+00 1.74199882e-16
9.54992586e+01 3.94531407e-13 1.08542251e-16 0.00000000e+00 3.94422865e-13 0.00000000e+00 1.15092721e-16
1.09647820e+02 2.18018911e-13 7.27639358e-17 0.00000000e+00 2.17946147e-13 0.00000000e+00 7.60410067e-17
1.25892541e+02 1.20183730e-13 4.85792816e-17 0.00000000e+00 1.20135151e-13 0.00000000e+00 5.02397949e-17
1.44543977e+02 6.58051049e-14 3.23466051e-17 0.00000000e+00 6.57727583e-14 0.00000000e+00 3.31931033e-17
1.65958691e+02 3.43531265e-14 2.15140201e-17 0.00000000e+00 3.43316125e-14 0.00000000e+00 2.19304659e-17
1.90546072e+02 1.79312185e-14 1.42826112e-17 0.00000000e+00 1.79169359e-14 0.00000000e+00 1.44893151e-17
2.18776162e+02 9.34460561e-15 9.46983799e-18 0.00000000e+00 9.33513577e-15 0.00000000e+00 9.57299556e-18
2.51188643e+02 4.85260231e-15 6.27319248e-18 0.00000000e+00 4.84632911e-15 0.00000000e+00 6.32481544e-18
2.88403150e+02 2.50863862e-15 4.15291473e-18 0.00000000e+00 2.50448571e-15 0.00000000e+00 4.17876412e-18
3.31131121e+02 1.29359070e-15 2.74791445e-18 0.00000000e+00 1.29084279e-15 0.00000000e+00 2.76088208e-18
3.80189396e+02 6.64674118e-16 1.81759084e-18 0.00000000e+00 6.62856527e-16 0.00000000e+00 1.82409670e-18
4.36515832e+02 3.40773450e-16 1.20190198e-18 0.00000000e+00 3.39571548e-16 0.00000000e+00 1.20516874e-18
5.01187234e+02 1.74302005e-16 7.94606535e-19 0.00000000e+00 1.73507399e-16 0.00000000e+00 7.96247089e-19
5.75439937e+02 8.89890337e-17 5.25251164e-19 0.00000000e+00 8.84637826e-17 0.00000000e+00 5.26075235e-19
6.60693448e+02 4.53703190e-17 3.47160436e-19 0.00000000e+00 4.50231586e-17 0.00000000e+00 3.47574461e-19
7.58577575e+02 2.31071195e-17 2.29432127e-19 0.00000000e+00 2.28776874e-17 0.00000000e+00 2.29640169e-19
8.70963590e+02 1.17576921e-17 1.51617230e-19 0.00000000e+00 1.16060749e-17 0.00000000e+00 1.51721755e-19
1.00000000e+03 5.87888224e-18 0.00000000e+00 0.00000000e+00 5.87888224e-18 0.00000000e+00 0.00000000e+00
