# column 1: lambda (micron)
# column 2: total flux; lambda*F_lambda (W/m2)
# column 3: direct stellar flux; lambda*F_lambda (W/m2)
# column 4: scattered stellar flux; lambda*F_lambda (W/m2)
# column 5: total dust emission flux; lambda*F_lambda (W/m2)
# column 6: dust emission scattered flux; lambda*F_lambda (W/m2)
# column 7: transparent flux; lambda*F_lambda (W/m2)
1.00000000e-03 1.07335636e-12 1.07335627e-12 9.38561599e-20 0.00000000e+00 0.00000000e+00 1.07335627e-12
1.14815362e-03 1.26690471e-12 1.26690456e-12 1.53509701e-19 0.00000000e+00 0.00000000e+00 1.26690456e-12
1.31825674e-03 1.49535382e-12 1.49535359e-12 2.35045811e-19 0.00000000e+00 0.00000000e+00 1.49535359e-12
1.51356125e-03 1.76499709e-12 1.76499670e-12 3.89535128e-19 0.00000000e+00 0.00000000e+00 1.76499670e-12
1.73780083e-03 2.08326269e-12 2.08326203e-12 6.63704714e-19 0.00000000e+00 0.00000000e+00 2.08326203e-12
1.99526231e-03 2.45891843e-12 2.45891716e-12 1.26663665e-18 0.00000000e+00 0.00000000e+00 2.45891716e-12
2.29086765e-03 2.90231267e-12 2.90231066e-12 2.00193113e-18 0.00000000e+00 0.00000000e+00 2.90231066e-12
2.63026799e-03 3.42566109e-12 3.42565717e-12 3.91985450e-18 0.00000000e+00 0.00000000e+00 3.42565717e-12
3.01995172e-03 4.04338069e-12 4.04337385e-12 6.84293192e-18 0.00000000e+00 0.00000000e+00 4.04337385e-12
3.46736850e-03 4.77248918e-12 4.77247759e-12 1.15864945e-17 0.00000000e+00 0.00000000e+00 4.77247759e-12
3.98107171e-03 5.63307238e-12 5.63305378e-12 1.85959106e-17 0.00000000e+00 0.00000000e+00 5.63305378e-12
4.57088190e-03 6.64884922e-12 6.64880962e-12 3.96049834e-17 0.00000000e+00 0.00000000e+00 6.64880962e-12
5.24807460e-03 7.84780195e-12 7.84772720e-12 7.47536999e-17 0.00000000e+00 0.00000000e+00 7.84772720e-12
6.02559586e-03 9.26296631e-12 9.26283435e-12 1.31961179e-16 0.00000000e+00 0.00000000e+00 9.26283435e-12
6.91830971e-03 1.09333388e-11 1.09331145e-11 2.24257001e-16 0.00000000e+00 0.00000000e+00 1.09331145e-11
7.94328235e-03 1.29049415e-11 1.29045807e-11 3.60811202e-16 0.00000000e+00 0.00000000e+00 1.29045807e-11
9.12010839e-03 1.52321375e-11 1.52315429e-11 5.94593841e-16 0.00000000e+00 0.00000000e+00 1.52315429e-11
1.04712855e-02 1.70138267e-11 1.70115517e-11 2.27502115e-15 0.00000000e+00 0.00000000e+00 1.70115517e-11
1.20226443e-02 1.70130065e-11 1.70115517e-11 1.45476392e-15 0.00000000e+00 0.00000000e+00 1.70115517e-11
1.38038426e-02 1.70132130e-11 1.70115517e-11 1.66132060e-15 4.10242272e-289 4.34731019e-291 1.70115517e-11
1.58489319e-02 1.70138138e-11 1.70115517e-11 2.26206463e-15 2.16830963e-252 3.47049589e-254 1.70115517e-11
1.81970086e-02 1.70146896e-11 1.70115517e-11 3.13786249e-15 1.97972840e-220 3.61218194e-222 1.70115517e-11
2.08929613e-02 1.70173236e-11 1.70115517e-11 5.77191676e-15 1.22082411e-192 2.97175365e-194 1.70115517e-11
2.39883292e-02 1.70174139e-11 1.70115517e-11 5.86215179e-15 1.87955765e-168 4.79459500e-170 1.70115517e-11
2.75422870e-02 1.70209665e-11 1.70115517e-11 9.41475638e-15 2.11400051e-147 6.33924145e-149 1.70115517e-11
3.16227766e-02 1.70223101e-11 1.70115517e-11 1.07583671e-14 4.27886207e-129 1.49573070e-130 1.70115517e-11
3.63078055e-02 1.70248217e-11 1.70115517e-11 1.32699384e-14 3.50620849e-113 1.35317423e-114 1.70115517e-11
4.16869383e-02 1.70300895e-11 1.70115517e-11 1.85377360e-14 2.38347007e-99 1.15841074e-100 1.70115517e-11
4.78630092e-02 1.70373982e-11 1.70115517e-11 2.58464949e-14 2.47892727e-87 1.52909238e-88 1.70115517e-11
5.49540874e-02 1.70450886e-11 1.70115517e-11 3.35369319e-14 6.72582520e-77 4.81668327e-78 1.70115517e-11
6.30957344e-02 1.70551598e-11 1.70115517e-11 4.36080610e-14 1.01156623e-67 8.27794902e-69 1.70115517e-11
7.24435960e-02 1.70542562e-11 1.70115517e-11 4.27044615e-14 9.09191245e-60 7.08729651e-61 1.70115517e-11
8.31763771e-02 1.70523568e-11 1.70115517e-11 4.08051272e-14 5.64760888e-53 4.33498042e-54 1.70115517e-11
9.54992586e-02 1.70558354e-11 1.70115517e-11 4.42836341e-14 4.23613703e-47 3.35127668e-48 1.70115517e-11
1.09647820e-01 1.62920229e-11 1.62459122e-11 4.61107646e-14 4.68957572e-42 4.06042638e-43 1.62459122e-11
1.25892541e-01 1.52027161e-11 1.51615674e-11 4.11487144e-14 1.05152225e-37 8.83201941e-39 1.51615674e-11
1.44543977e-01 1.41854268e-11 1.41495980e-11 3.58288025e-14 5.73270566e-34 4.63398781e-35 1.41495980e-11
1.65958691e-01 1.32435097e-11 1.32051732e-11 3.83365216e-14 7.24979908e-31 6.39863656e-32 1.32051732e-11
1.90546072e-01 1.23696775e-11 1.23237846e-11 4.58928326e-14 2.52837222e-28 2.66445143e-29 1.23237846e-11
2.18776162e-01 1.15479766e-11 1.15012250e-11 4.67515514e-14 3.45370428e-26 3.90440424e-27 1.15012250e-11
2.51188643e-01 1.07901157e-11 1.07335677e-11 5.65479794e-14 3.60963487e-24 4.96253693e-25 1.07335677e-11
2.88403150e-01 1.00685754e-11 1.00171482e-11 5.14271691e-14 1.98632196e-22 2.71842537e-23 1.00171482e-11
3.31131121e-01 9.39357195e-12 9.34854667e-12 4.50252756e-14 6.14150412e-21 8.44918739e-22 9.34854667e-12
3.80189396e-01 8.76649375e-12 8.72457139e-12 4.19222409e-14 1.17602037e-19 1.64118361e-20 8.72457139e-12
4.36515832e-01 8.18051460e-12 8.14224377e-12 3.82693217e-14 1.51152473e-18 2.20065109e-19 8.14224377e-12
5.01187234e-01 7.63419993e-12 7.59878402e-12 3.54022466e-14 1.36710893e-17 2.05044564e-18 7.59878402e-12
5.75439937e-01 7.12449864e-12 7.09159786e-12 3.28095886e-14 9.11830413e-17 1.38441936e-17 7.09159786e-12
6.60693448e-01 6.64971693e-12 6.61826421e-12 3.09914324e-14 4.61287664e-16 6.98583853e-17 6.61826421e-12
7.58577575e-01 6.20732463e-12 6.17652353e-12 2.89564497e-14 1.84464765e-15 2.71765337e-16 6.17652353e-12
8.70963590e-01 5.79555406e-12 5.76426715e-12 2.52807913e-14 6.00611161e-15 8.38969410e-16 5.76426715e-12
1.00000000e+00 5.41751188e-12 5.37952711e-12 2.17587086e-14 1.62260553e-14 2.11021106e-15 5.37952711e-12
1.14815362e+00 5.07738474e-12 5.02046681e-12 1.88390780e-14 3.80788489e-14 4.45695149e-15 5.02046681e-12
1.31825674e+00 4.78019224e-12 4.68537225e-12 1.57616946e-14 7.90583023e-14 8.10408729e-15 4.68537225e-12
1.51356125e+00 4.52896925e-12 4.37264380e-12 1.12408211e-14 1.45084635e-13 1.26063461e-14 4.37264380e-12
1.73780083e+00 4.32463566e-12 4.08078863e-12 8.71440912e-15 2.35132624e-13 1.69234509e-14 4.08078863e-12
1.99526231e+00 4.15293393e-12 3.80841354e-12 6.05267270e-15 3.38467714e-13 1.90845121e-14 3.80841354e-12
2.29086765e+00 3.99769630e-12 3.55421832e-12 4.23390935e-15 4.39244077e-13 1.88418266e-14 3.55421832e-12
2.63026799e+00 3.83865153e-12 3.31698953e-12 2.77981513e-15 5.18882190e-13 1.65250590e-14 3.31698953e-12
3.01995172e+00 3.66559712e-12 3.09559474e-12 1.78929393e-15 5.68213079e-13 1.33775319e-14 3.09559474e-12
3.46736850e+00 3.47343349e-12 2.88897711e-12 1.22174782e-15 5.83234638e-13 9.87610155e-15 2.88897711e-12
3.98107171e+00 3.26041974e-12 2.69615031e-12 7.66253318e-16 5.63503179e-13 6.75336683e-15 2.69615031e-12
4.57088190e+00 3.03672033e-12 2.51619387e-12 4.87857157e-16 5.20038597e-13 4.29120996e-15 2.51619387e-12
5.24807460e+00 2.54542467e-12 2.08050667e-12 2.66506832e-16 4.64651494e-13 2.62617107e-15 2.08050667e-12
6.02559586e+00 1.78321461e-12 1.37457712e-12 1.12423484e-16 4.08525057e-13 1.49608844e-15 1.37457712e-12
6.70000000e+00 1.36648209e-12 9.99872685e-13 5.69364769e-17 3.66552469e-13 9.16512344e-16 9.99872685e-13
6.92422916e+00 1.25924541e-12 9.05846924e-13 4.53146673e-17 3.53353175e-13 7.86354119e-16 9.05846924e-13
7.15596261e+00 1.16519518e-12 8.20663132e-13 3.53334365e-17 3.44496719e-13 6.73651953e-16 8.20663132e-13
7.39545150e+00 1.08978967e-12 7.43489831e-13 2.63817764e-17 3.46273461e-13 5.71938371e-16 7.43489831e-13
7.64295536e+00 1.05016272e-12 6.73573732e-13 1.92358778e-17 3.76569756e-13 4.83715699e-16 6.73573732e-13
7.89874245e+00 1.06174635e-12 6.10232385e-13 1.23745837e-17 4.51501586e-13 4.08335955e-16 6.10232385e-13
8.16308998e+00 1.11447812e-12 5.52847515e-13 7.39253309e-18 5.61623214e-13 3.42315889e-16 5.52847515e-13
8.43628443e+00 1.21661125e-12 5.00858987e-13 4.31783864e-18 7.15747949e-13 2.78150833e-16 5.00858987e-13
8.71862190e+00 1.27926530e-12 4.53759343e-13 2.72599409e-18 8.25503233e-13 2.25614208e-16 4.53759343e-13
9.01040836e+00 1.34823498e-12 4.11088843e-13 1.84280888e-18 9.37144297e-13 1.72880563e-16 4.11088843e-13
9.31196005e+00 1.39707824e-12 3.72430980e-13 0.00000000e+00 1.02464726e-12 0.00000000e+00 3.72430980e-13
9.62360379e+00 1.35391034e-12 3.37408415e-13 0.00000000e+00 1.01650192e-12 0.00000000e+00 3.37408415e-13
9.94567731e+00 1.23940362e-12 3.05679292e-13 0.00000000e+00 9.33724329e-13 0.00000000e+00 3.05679292e-13
1.02785297e+01 1.11310980e-12 2.76933904e-13 0.00000000e+00 8.36175900e-13 0.00000000e+00 2.76933904e-13
1.06225216e+01 9.94274121e-13 2.50891667e-13 0.00000000e+00 7.43382454e-13 0.00000000e+00 2.50891667e-13
1.09780260e+01 8.69596199e-13 2.27298384e-13 0.00000000e+00 6.42297816e-13 0.00000000e+00 2.27298384e-13
1.13454280e+01 7.63099711e-13 2.05923759e-13 0.00000000e+00 5.57175952e-13 0.00000000e+00 2.05923759e-13
1.17251259e+01 6.72407598e-13 1.86559155e-13 0.00000000e+00 4.85848443e-13 0.00000000e+00 1.86559155e-13
1.21175312e+01 5.91729106e-13 1.69015555e-13 0.00000000e+00 4.22713551e-13 0.00000000e+00 1.69015555e-13
1.25230691e+01 5.21798439e-13 1.53121715e-13 0.00000000e+00 3.68676724e-13 0.00000000e+00 1.53121715e-13
1.29421791e+01 4.61890571e-13 1.38722496e-13 0.00000000e+00 3.23168075e-13 0.00000000e+00 1.38722496e-13
1.33753155e+01 4.11481273e-13 1.25677347e-13 0.00000000e+00 2.85803925e-13 0.00000000e+00 1.25677347e-13
1.38229477e+01 3.75677011e-13 1.13858934e-13 0.00000000e+00 2.61818077e-13 0.00000000e+00 1.13858934e-13
1.42855609e+01 3.50991164e-13 1.03151898e-13 0.00000000e+00 2.47839266e-13 0.00000000e+00 1.03151898e-13
1.47636563e+01 3.44335740e-13 9.34517274e-14 0.00000000e+00 2.50884012e-13 0.00000000e+00 9.34517274e-14
1.52577522e+01 3.41762856e-13 8.46637387e-14 0.00000000e+00 2.57099117e-13 0.00000000e+00 8.46637387e-14
1.57683840e+01 3.43034360e-13 7.67021526e-14 0.00000000e+00 2.66332207e-13 0.00000000e+00 7.67021526e-14
1.62961051e+01 3.44814314e-13 6.94892560e-14 0.00000000e+00 2.75325058e-13 0.00000000e+00 6.94892560e-14
1.68414875e+01 3.47378655e-13 6.29546439e-14 0.00000000e+00 2.84424012e-13 0.00000000e+00 6.29546439e-14
1.74051222e+01 3.45963987e-13 5.70345319e-14 0.00000000e+00 2.88929455e-13 0.00000000e+00 5.70345319e-14
1.79876201e+01 3.40664024e-13 5.16711337e-14 0.00000000e+00 2.88992890e-13 0.00000000e+00 5.16711337e-14
1.85896125e+01 3.31356330e-13 4.68120974e-14 0.00000000e+00 2.84544233e-13 0.00000000e+00 4.68120974e-14
1.92117518e+01 3.15949411e-13 4.24099939e-14 0.00000000e+00 2.73539417e-13 0.00000000e+00 4.24099939e-14
1.98547123e+01 2.99092618e-13 3.84218542e-14 0.00000000e+00 2.60670764e-13 0.00000000e+00 3.84218542e-14
2.05191907e+01 2.81293081e-13 3.48087501e-14 0.00000000e+00 2.46484331e-13 0.00000000e+00 3.48087501e-14
2.12059073e+01 2.65382168e-13 3.15354141e-14 0.00000000e+00 2.33846754e-13 0.00000000e+00 3.15354141e-14
2.19156062e+01 2.51133901e-13 2.85698952e-14 0.00000000e+00 2.22564006e-13 0.00000000e+00 2.85698952e-14
2.26490567e+01 2.38550655e-13 2.58832470e-14 0.00000000e+00 2.12667408e-13 0.00000000e+00 2.58832470e-14
2.34070535e+01 2.26942171e-13 2.34492452e-14 0.00000000e+00 2.03492926e-13 0.00000000e+00 2.34492452e-14
2.41904183e+01 2.16972762e-13 2.12441313e-14 0.00000000e+00 1.95728631e-13 0.00000000e+00 2.12441313e-14
2.50000000e+01 2.07265707e-13 1.92463813e-14 0.00000000e+00 1.88019325e-13 0.00000000e+00 1.92463813e-14
2.75422870e+01 1.83086559e-13 1.43935895e-14 0.00000000e+00 1.68692970e-13 0.00000000e+00 1.43935895e-14
3.16227766e+01 1.54044391e-13 9.50975027e-15 0.00000000e+00 1.44534641e-13 0.00000000e+00 9.50975027e-15
3.63078055e+01 1.26919739e-13 6.28302969e-15 0.00000000e+00 1.20636710e-13 0.00000000e+00 6.28302969e-15
4.16869383e+01 1.00252045e-13 4.15115655e-15 0.00000000e+00 9.61008882e-14 0.00000000e+00 4.15115655e-15
4.78630092e+01 7.53334949e-14 2.74264194e-15 0.00000000e+00 7.25908529e-14 0.00000000e+00 2.74264194e-15
5.49540874e+01 5.41132716e-14 1.81204556e-15 0.00000000e+00 5.23012261e-14 0.00000000e+00 1.81204556e-15
6.30957344e+01 3.73977951e-14 1.19720663e-15 0.00000000e+00 3.62005885e-14 0.00000000e+00 1.19720663e-15
7.24435960e+01 2.49241378e-14 7.90986575e-16 0.00000000e+00 2.41331513e-14 0.00000000e+00 7.90986575e-16
8.31763771e+01 1.61053261e-14 5.22599647e-16 0.00000000e+00 1.55827264e-14 0.00000000e+00 5.22599647e-16
9.54992586e+01 1.01272609e-14 3.45278163e-16 0.00000000e+00 9.78198277e-15 0.00000000e+00 3.45278163e-16
1.09647820e+02 6.21911917e-15 2.28123020e-16 0.00000000e+00 5.99099615e-15 0.00000000e+00 2.28123020e-16
1.25892541e+02 3.77867155e-15 1.50719385e-16 0.00000000e+00 3.62795217e-15 0.00000000e+00 1.50719385e-16
1.44543977e+02 2.26067166e-15 9.95793099e-17 0.00000000e+00 2.16109235e-15 0.00000000e+00 9.95793099e-17
1.65958691e+02 1.28137319e-15 6.57913976e-17 0.00000000e+00 1.21558179e-15 0.00000000e+00 6.57913976e-17
1.90546072e+02 7.21344153e-16 4.34679453e-17 0.00000000e+00 6.77876208e-16 0.00000000e+00 4.34679453e-17
2.18776162e+02 4.02910009e-16 2.87189867e-17 0.00000000e+00 3.74191022e-16 0.00000000e+00 2.87189867e-17
2.51188643e+02 2.23283626e-16 1.89744463e-17 0.00000000e+00 2.04309179e-16 0.00000000e+00 1.89744463e-17
2.88403150e+02 1.22842195e-16 1.25362924e-17 0.00000000e+00 1.10305902e-16 0.00000000e+00 1.25362924e-17
3.31131121e+02 6.73351340e-17 8.28264623e-18 0.00000000e+00 5.90524878e-17 0.00000000e+00 8.28264623e-18
3.80189396e+02 3.68091173e-17 5.47229010e-18 0.00000000e+00 3.13368272e-17 0.00000000e+00 5.47229010e-18
4.36515832e+02 2.01324293e-17 3.61550621e-18 0.00000000e+00 1.65169231e-17 0.00000000e+00 3.61550621e-18
5.01187234e+02 1.10385493e-17 2.38874127e-18 0.00000000e+00 8.64980807e-18 0.00000000e+00 2.38874127e-18
5.75439937e+02 6.08351265e-18 1.57822570e-18 0.00000000e+00 4.50528694e-18 0.00000000e+00 1.57822570e-18
6.60693448e+02 3.37837160e-18 1.04272338e-18 0.00000000e+00 2.33564822e-18 0.00000000e+00 1.04272338e-18
7.58577575e+02 1.89487100e-18 6.88920507e-19 0.00000000e+00 1.20595049e-18 0.00000000e+00 6.88920507e-19
8.70963590e+02 1.07549411e-18 4.55165265e-19 0.00000000e+00 6.20328841e-19 0.00000000e+00 4.55165265e-19
1.00000000e+03 3.18015804e-19 0.00000000e+00 0.00000000e+00 3.18015804e-19 0.00000000e+00 0.00000000e+00
