# column 1: lambda (micron)
# column 2: total flux; lambda*F_lambda (W/m2)
# column 3: direct stellar flux; lambda*F_lambda (W/m2)
# column 4: scattered stellar flux; lambda*F_lambda (W/m2)
# column 5: total dust emission flux; lambda*F_lambda (W/m2)
# column 6: dust emission scattered flux; lambda*F_lambda (W/m2)
# column 7: transparent flux; lambda*F_lambda (W/m2)
1.00000000e-03 2.57716782e-18 1.01355060e-21 2.57615427e-18 0.00000000e+00 0.00000000e+00 6.93993746e-13
1.14815362e-03 1.55054034e-18 1.73876362e-24 1.55053860e-18 0.00000000e+00 0.00000000e+00 8.19135139e-13
1.31825674e-03 1.40365306e-18 1.39304899e-27 1.40365306e-18 0.00000000e+00 0.00000000e+00 9.66842108e-13
1.51356125e-03 1.45375220e-18 3.62923138e-30 1.45375220e-18 0.00000000e+00 0.00000000e+00 1.14118369e-12
1.73780083e-03 3.00906232e-18 2.82473150e-30 3.00906232e-18 0.00000000e+00 0.00000000e+00 1.34696266e-12
1.99526231e-03 3.15359114e-18 5.79213862e-36 3.15359114e-18 0.00000000e+00 0.00000000e+00 1.58984782e-12
2.29086765e-03 4.53355094e-18 2.62167735e-37 4.53355094e-18 0.00000000e+00 0.00000000e+00 1.87653019e-12
2.63026799e-03 8.48661842e-18 3.63487145e-42 8.48661842e-18 0.00000000e+00 0.00000000e+00 2.21490731e-12
3.01995172e-03 1.00374289e-17 3.80132022e-49 1.00374289e-17 0.00000000e+00 0.00000000e+00 2.61430080e-12
3.46736850e-03 1.23905506e-17 1.17540348e-55 1.23905506e-17 0.00000000e+00 0.00000000e+00 3.08571319e-12
3.98107171e-03 1.64606485e-17 7.26253781e-62 1.64606485e-17 0.00000000e+00 0.00000000e+00 3.64213095e-12
4.57088190e-03 6.18204741e-17 3.02668152e-45 6.18204741e-17 0.00000000e+00 0.00000000e+00 4.29888232e-12
5.24807460e-03 1.30343549e-16 2.30078915e-54 1.30343549e-16 0.00000000e+00 0.00000000e+00 5.07405951e-12
6.02559586e-03 1.38952667e-16 5.26951973e-63 1.38952667e-16 0.00000000e+00 0.00000000e+00 5.98901715e-12
6.91830971e-03 1.86440893e-16 8.40270529e-71 1.86440893e-16 0.00000000e+00 0.00000000e+00 7.06896053e-12
7.94328235e-03 2.70622447e-16 1.51729892e-77 2.70622447e-16 1.29113445e-307 1.29044882e-307 8.34363998e-12
9.12010839e-03 3.92294963e-16 1.10031891e-84 3.92294963e-16 7.18427046e-269 7.18278947e-269 9.84817045e-12
1.04712855e-02 5.01537632e-16 2.69622829e-89 5.01537632e-16 1.14860842e-234 1.14856133e-234 1.09990604e-11
1.20226443e-02 1.32728846e-15 7.08484930e-94 1.32728846e-15 8.95062115e-205 8.95057064e-205 1.09990604e-11
1.38038426e-02 8.09307818e-16 2.61480725e-99 8.09307818e-16 2.66120368e-179 2.66119584e-179 1.09990604e-11
1.58489319e-02 1.10712480e-15 5.50596739e-106 1.10712480e-15 4.23878717e-157 4.23878236e-157 1.09990604e-11
1.81970086e-02 2.47598737e-15 3.82700873e-112 2.47598737e-15 8.35117407e-138 8.35116982e-138 1.09990604e-11
2.08929613e-02 2.98196775e-15 2.91246352e-117 2.98196775e-15 1.18288156e-120 1.18288145e-120 1.09990604e-11
2.39883292e-02 2.88502567e-15 6.79637931e-124 2.88502567e-15 5.09081201e-106 5.09081184e-106 1.09990604e-11
2.75422870e-02 3.21844696e-15 1.31256998e-131 3.21844696e-15 2.97173708e-93 2.97173706e-93 1.09990604e-11
3.16227766e-02 4.00999466e-15 3.60231674e-139 4.00999466e-15 3.17930130e-82 3.17930129e-82 1.09990604e-11
3.63078055e-02 4.66175768e-15 4.22358569e-145 4.66175768e-15 1.52043671e-72 1.52043671e-72 1.09990604e-11
4.16869383e-02 5.59250631e-15 3.13256773e-150 5.59250631e-15 3.48652589e-64 3.48652589e-64 1.09990604e-11
4.78630092e-02 6.95807670e-15 2.26871131e-164 6.95807670e-15 5.07162965e-57 5.07162965e-57 1.09990604e-11
5.49540874e-02 7.56712483e-15 4.91197850e-184 7.56712483e-15 1.08399082e-50 1.08399082e-50 1.09990604e-11
6.30957344e-02 6.78302293e-15 2.41253315e-233 6.78302293e-15 3.01310030e-45 3.01310030e-45 1.09990604e-11
7.24435960e-02 5.41955719e-15 9.45366136e-292 5.41955719e-15 1.60109780e-40 1.60109780e-40 1.09990604e-11
8.31763771e-02 5.10046610e-15 1.48920689e-286 5.10046610e-15 1.75435271e-36 1.75435271e-36 1.09990604e-11
9.54992586e-02 6.39837763e-15 2.60925446e-271 6.39837763e-15 5.38341813e-33 5.38341813e-33 1.09990604e-11
1.09647820e-01 7.72869956e-15 2.17805089e-227 7.72869956e-15 5.70706856e-30 5.70706856e-30 1.05040253e-11
1.25892541e-01 8.26685068e-15 2.82440734e-189 8.26685068e-15 2.32748227e-27 2.32748227e-27 9.80292679e-12
1.44543977e-01 8.91569645e-15 6.40392748e-159 8.91569645e-15 3.60105708e-25 3.60105708e-25 9.14862359e-12
1.65958691e-01 1.19068999e-14 1.72604579e-140 1.19068999e-14 2.35197026e-23 2.35197026e-23 8.53799231e-12
1.90546072e-01 1.33351902e-14 4.01687632e-149 1.33351896e-14 5.38578895e-22 5.38578895e-22 7.96811805e-12
2.18776162e-01 1.07924736e-14 6.56669370e-173 1.07924673e-14 6.22911606e-21 6.22911606e-21 7.43628044e-12
2.51188643e-01 1.78719441e-14 1.09664977e-140 1.78718269e-14 1.17141106e-19 1.17141106e-19 6.93994070e-12
2.88403150e-01 1.86584129e-14 7.50630167e-119 1.86573357e-14 1.07727183e-18 1.07727181e-18 6.47672950e-12
3.31131121e-01 1.97229231e-14 3.65559673e-105 1.97162661e-14 6.65702886e-18 6.65702732e-18 6.04443567e-12
3.80189396e-01 1.91073242e-14 7.78668654e-94 1.90766354e-14 3.06887547e-17 3.06887038e-17 5.64099558e-12
4.36515832e-01 2.10440394e-14 3.00192902e-83 2.09362957e-14 1.07743768e-16 1.07698898e-16 5.26448339e-12
5.01187234e-01 2.29013528e-14 3.35421834e-73 2.25877302e-14 3.13622618e-16 3.13305431e-16 4.91310176e-12
5.75439937e-01 2.48007484e-14 4.89139606e-64 2.40914660e-14 7.09282366e-16 7.02149836e-16 4.58517335e-12
6.60693448e-01 2.58770767e-14 7.13029047e-56 2.43013330e-14 1.57574366e-15 1.52085820e-15 4.27913275e-12
7.58577575e-01 2.95067982e-14 1.48945165e-48 2.64063508e-14 3.10044735e-15 2.73432678e-15 3.99351904e-12
8.70963590e-01 3.31571885e-14 8.51942577e-42 2.61834402e-14 6.97374834e-15 5.23481963e-15 3.72696882e-12
1.00000000e+00 4.26781922e-14 6.49563835e-36 2.63078843e-14 1.63703079e-14 1.02245625e-14 3.47820968e-12
1.14815362e+00 6.80230029e-14 7.12868914e-31 2.51813636e-14 4.28416394e-14 2.24893009e-14 3.24605414e-12
1.31825674e+00 1.25579951e-13 1.16097066e-26 2.30937944e-14 1.02486157e-13 4.33861278e-14 3.02939399e-12
1.51356125e+00 2.44787184e-13 2.65927471e-23 2.12533607e-14 2.23533823e-13 7.73759715e-14 2.82719497e-12
1.73780083e+00 4.68974066e-13 1.33260445e-20 1.83444833e-14 4.50629569e-13 1.23544824e-13 2.63849186e-12
1.99526231e+00 8.08544395e-13 1.76476607e-18 1.60954394e-14 7.92447191e-13 1.72696399e-13 2.46238388e-12
2.29086765e+00 1.36480671e-12 6.67748137e-17 1.32424543e-14 1.35149748e-12 2.25800296e-13 2.29803035e-12
2.63026799e+00 2.08129363e-12 8.92025912e-16 1.12296977e-14 2.06917191e-12 2.65491137e-13 2.14464670e-12
3.01995172e+00 3.21354754e-12 5.61420065e-15 9.37570271e-15 3.19855764e-12 3.00926915e-13 2.00150076e-12
3.46736850e+00 4.57814058e-12 2.05842873e-14 7.78385888e-15 4.54977244e-12 3.27185347e-13 1.86790919e-12
3.98107171e+00 6.27466238e-12 5.25075057e-14 6.43276354e-15 6.21572211e-12 3.29048985e-13 1.74323429e-12
4.57088190e+00 8.27991565e-12 1.03127053e-13 5.04400446e-15 8.17174459e-12 3.07173155e-13 1.62688090e-12
5.24807460e+00 1.02703751e-11 1.46692157e-13 3.34868091e-15 1.01203343e-11 2.54578593e-13 1.34518114e-12
6.02559586e+00 1.18908485e-11 1.40946342e-13 1.63168895e-15 1.17482705e-11 1.91156793e-13 8.88752369e-13
6.70000000e+00 1.28858225e-11 1.26675905e-13 9.06605433e-16 1.27582400e-11 1.41779875e-13 6.46481889e-13
6.92422916e+00 1.30838324e-11 1.21511035e-13 7.44634229e-16 1.29615767e-11 1.26949453e-13 5.85688198e-13
7.15596261e+00 1.32556334e-11 1.13150763e-13 5.98421810e-16 1.31418843e-11 1.11288417e-13 5.30611407e-13
7.39545150e+00 1.32420279e-11 9.87969699e-14 4.54503812e-16 1.31427765e-11 9.41089340e-14 4.80713913e-13
7.64295536e+00 1.29592662e-11 7.17931618e-14 2.91581485e-16 1.28871815e-11 7.29891655e-14 4.35508666e-13
7.89874245e+00 1.22331081e-11 3.84205785e-14 1.52964248e-16 1.21945346e-11 4.91669616e-14 3.94554418e-13
8.16308998e+00 1.14195862e-11 1.53940063e-14 7.30012391e-17 1.14041192e-11 3.17313667e-14 3.57451415e-13
8.43628443e+00 1.06085828e-11 4.09925587e-15 3.22328551e-17 1.06044513e-11 1.93444127e-14 3.23837494e-13
8.71862190e+00 1.02579159e-11 1.36697105e-15 1.79035427e-17 1.02565311e-11 1.33967222e-14 2.93384550e-13
9.01040836e+00 1.02542100e-11 3.98035624e-16 1.00666613e-17 1.02538019e-11 9.61938765e-15 2.65795332e-13
9.31196005e+00 9.95237161e-12 1.27512446e-16 0.00000000e+00 9.95224410e-12 0.00000000e+00 2.40800541e-13
9.62360379e+00 1.00375344e-11 9.47010716e-17 0.00000000e+00 1.00374397e-11 0.00000000e+00 2.18156204e-13
9.94567731e+00 1.02648890e-11 1.38330707e-16 0.00000000e+00 1.02647507e-11 0.00000000e+00 1.97641289e-13
1.02785297e+01 1.06568173e-11 2.50521605e-16 0.00000000e+00 1.06565668e-11 0.00000000e+00 1.79055550e-13
1.06225216e+01 1.10386584e-11 4.52655122e-16 0.00000000e+00 1.10382057e-11 0.00000000e+00 1.62217572e-13
1.09780260e+01 1.15398009e-11 9.19651742e-16 0.00000000e+00 1.15388813e-11 0.00000000e+00 1.46962999e-13
1.13454280e+01 1.19197674e-11 1.64328585e-15 0.00000000e+00 1.19181241e-11 0.00000000e+00 1.33142932e-13
1.17251259e+01 1.22200923e-11 2.61619272e-15 0.00000000e+00 1.22174761e-11 0.00000000e+00 1.20622472e-13
1.21175312e+01 1.24247554e-11 3.94144131e-15 0.00000000e+00 1.24208140e-11 0.00000000e+00 1.09279408e-13
1.25230691e+01 1.25707832e-11 5.59417149e-15 0.00000000e+00 1.25651890e-11 0.00000000e+00 9.90030204e-14
1.29421791e+01 1.26260560e-11 7.34373644e-15 0.00000000e+00 1.26187123e-11 0.00000000e+00 8.96930008e-14
1.33753155e+01 1.25053286e-11 9.04777558e-15 0.00000000e+00 1.24962808e-11 0.00000000e+00 8.12584743e-14
1.38229477e+01 1.24136651e-11 9.82149923e-15 0.00000000e+00 1.24038436e-11 0.00000000e+00 7.36171115e-14
1.42855609e+01 1.22809853e-11 9.65732268e-15 0.00000000e+00 1.22713280e-11 0.00000000e+00 6.66943252e-14
1.47636563e+01 1.21950258e-11 7.98040811e-15 0.00000000e+00 1.21870454e-11 0.00000000e+00 6.04225420e-14
1.52577522e+01 1.21086382e-11 6.31900238e-15 0.00000000e+00 1.21023192e-11 0.00000000e+00 5.47405431e-14
1.57683840e+01 1.19377689e-11 4.81447668e-15 0.00000000e+00 1.19329544e-11 0.00000000e+00 4.95928665e-14
1.62961051e+01 1.18630152e-11 3.62858597e-15 0.00000000e+00 1.18593866e-11 0.00000000e+00 4.49292657e-14
1.68414875e+01 1.17467266e-11 2.71181094e-15 0.00000000e+00 1.17440148e-11 0.00000000e+00 4.07042194e-14
1.74051222e+01 1.15779608e-11 2.15611380e-15 0.00000000e+00 1.15758046e-11 0.00000000e+00 3.68764869e-14
1.79876201e+01 1.13651426e-11 1.79078377e-15 0.00000000e+00 1.13633518e-11 0.00000000e+00 3.34087056e-14
1.85896125e+01 1.11488607e-11 1.62848936e-15 0.00000000e+00 1.11472323e-11 0.00000000e+00 3.02670267e-14
1.92117518e+01 1.08701158e-11 1.61270129e-15 0.00000000e+00 1.08685031e-11 0.00000000e+00 2.74207841e-14
1.98547123e+01 1.05951107e-11 1.68047244e-15 0.00000000e+00 1.05934303e-11 0.00000000e+00 2.48421957e-14
2.05191907e+01 1.01855400e-11 1.78453039e-15 0.00000000e+00 1.01837555e-11 0.00000000e+00 2.25060919e-14
2.12059073e+01 9.87617752e-12 1.87804594e-15 0.00000000e+00 9.87429947e-12 0.00000000e+00 2.03896700e-14
2.19156062e+01 9.49331965e-12 1.93771582e-15 0.00000000e+00 9.49138193e-12 0.00000000e+00 1.84722717e-14
2.26490567e+01 9.11251092e-12 1.97842000e-15 0.00000000e+00 9.11053250e-12 0.00000000e+00 1.67351811e-14
2.34070535e+01 8.70351762e-12 1.99972356e-15 0.00000000e+00 8.70151790e-12 0.00000000e+00 1.51614426e-14
2.41904183e+01 8.33177473e-12 2.00018497e-15 0.00000000e+00 8.32977455e-12 0.00000000e+00 1.37356949e-14
2.50000000e+01 7.89633017e-12 1.98315257e-15 0.00000000e+00 7.89434702e-12 0.00000000e+00 1.24440213e-14
2.75422870e+01 6.72994142e-12 1.87609710e-15 0.00000000e+00 6.72806532e-12 0.00000000e+00 9.30637977e-15
3.16227766e+01 5.09651390e-12 1.62331716e-15 0.00000000e+00 5.09489058e-12 0.00000000e+00 6.14866414e-15
3.63078055e+01 3.68556496e-12 1.35005460e-15 0.00000000e+00 3.68421490e-12 0.00000000e+00 4.06238211e-15
4.16869383e+01 2.51345854e-12 1.10536796e-15 0.00000000e+00 2.51235318e-12 0.00000000e+00 2.68398924e-15
4.78630092e+01 1.61243053e-12 8.87477955e-16 0.00000000e+00 1.61154306e-12 0.00000000e+00 1.77329411e-15
5.49540874e+01 9.81824257e-13 6.90554802e-16 0.00000000e+00 9.81133702e-13 0.00000000e+00 1.17160380e-15
6.30957344e+01 5.73113291e-13 5.19618842e-16 0.00000000e+00 5.72593672e-13 0.00000000e+00 7.74070953e-16
7.24435960e+01 3.23616605e-13 3.79494865e-16 0.00000000e+00 3.23237111e-13 0.00000000e+00 5.11423607e-16
8.31763771e+01 1.78151512e-13 2.70358613e-16 0.00000000e+00 1.77881154e-13 0.00000000e+00 3.37894226e-16
9.54992586e+01 9.62672931e-14 1.88900258e-16 0.00000000e+00 9.60783929e-14 0.00000000e+00 2.23244502e-16
1.09647820e+02 5.14563734e-14 1.30089308e-16 0.00000000e+00 5.13262841e-14 0.00000000e+00 1.47496179e-16
1.25892541e+02 2.75587125e-14 8.85460884e-17 0.00000000e+00 2.74701664e-14 0.00000000e+00 9.74497594e-17
1.44543977e+02 1.47307957e-14 5.98133388e-17 0.00000000e+00 1.46709824e-14 0.00000000e+00 6.43844175e-17
1.65958691e+02 7.53086379e-15 4.02758586e-17 0.00000000e+00 7.49058793e-15 0.00000000e+00 4.25383628e-17
1.90546072e+02 3.86383490e-15 2.69768691e-17 0.00000000e+00 3.83685804e-15 0.00000000e+00 2.81048176e-17
2.18776162e+02 1.98492518e-15 1.80039263e-17 0.00000000e+00 1.96692125e-15 0.00000000e+00 1.85686688e-17
2.51188643e+02 1.01884547e-15 1.19848979e-17 0.00000000e+00 1.00686057e-15 0.00000000e+00 1.22681978e-17
2.88403150e+02 5.22038635e-16 7.96339962e-18 0.00000000e+00 5.14075235e-16 0.00000000e+00 8.10551794e-18
3.31131121e+02 2.67454134e-16 5.28386890e-18 0.00000000e+00 2.62170265e-16 0.00000000e+00 5.35526259e-18
3.80189396e+02 1.36913865e-16 3.50233115e-18 0.00000000e+00 1.33411534e-16 0.00000000e+00 3.53818691e-18
4.36515832e+02 7.01301902e-17 2.31963855e-18 0.00000000e+00 6.78105516e-17 0.00000000e+00 2.33765691e-18
5.01187234e+02 3.59488964e-17 1.53542039e-18 0.00000000e+00 3.44134760e-17 0.00000000e+00 1.54447460e-18
5.75439937e+02 1.84591373e-17 1.01587413e-18 0.00000000e+00 1.74432632e-17 0.00000000e+00 1.02042425e-18
6.60693448e+02 9.50426883e-18 6.71900779e-19 0.00000000e+00 8.83236805e-18 0.00000000e+00 6.74187617e-19
7.58577575e+02 4.91254549e-18 4.44281930e-19 0.00000000e+00 4.46826356e-18 0.00000000e+00 4.45431341e-19
8.70963590e+02 2.55181916e-18 2.93715962e-19 0.00000000e+00 2.25810320e-18 0.00000000e+00 2.94293569e-19
1.00000000e+03 1.14002066e-18 0.00000000e+00 0.00000000e+00 1.14002066e-18 0.00000000e+00 0.00000000e+00
