# column 1: lambda (micron)
# column 2: total flux; lambda*F_lambda (W/m2)
# column 3: direct stellar flux; lambda*F_lambda (W/m2)
# column 4: scattered stellar flux; lambda*F_lambda (W/m2)
# column 5: total dust emission flux; lambda*F_lambda (W/m2)
# column 6: dust emission scattered flux; lambda*F_lambda (W/m2)
# column 7: transparent flux; lambda*F_lambda (W/m2)
1.00000000e-03 1.48427448e-14 1.46250998e-14 2.17645034e-16 0.00000000e+00 0.00000000e+00 9.68073281e-13
1.14815362e-03 9.21734182e-15 4.49085721e-15 4.72648460e-15 0.00000000e+00 0.00000000e+00 1.14263687e-12
1.31825674e-03 2.00058086e-15 1.17873398e-15 8.21846880e-16 0.00000000e+00 0.00000000e+00 1.34867788e-12
1.51356125e-03 5.68030865e-16 3.94493471e-16 1.73537393e-16 0.00000000e+00 0.00000000e+00 1.59187233e-12
1.73780083e-03 1.33334210e-14 4.27339549e-16 1.29060814e-14 0.00000000e+00 0.00000000e+00 1.87891976e-12
1.99526231e-03 1.24893796e-16 3.27892869e-17 9.21045093e-17 0.00000000e+00 0.00000000e+00 2.21772777e-12
2.29086765e-03 1.70590758e-16 1.97638332e-17 1.50826925e-16 0.00000000e+00 0.00000000e+00 2.61762985e-12
2.63026799e-03 3.63860092e-16 2.24846010e-18 3.61611632e-16 0.00000000e+00 0.00000000e+00 3.08964252e-12
3.01995172e-03 1.58311374e-16 9.34339557e-20 1.58217941e-16 0.00000000e+00 0.00000000e+00 3.64676883e-12
3.46736850e-03 2.35658846e-16 4.85453401e-21 2.35653992e-16 0.00000000e+00 0.00000000e+00 4.30435650e-12
3.98107171e-03 1.27142047e-16 2.90902641e-22 1.27141756e-16 0.00000000e+00 0.00000000e+00 5.08052080e-12
4.57088190e-03 1.51083851e-15 8.82898867e-19 1.50995561e-15 0.00000000e+00 0.00000000e+00 5.99664354e-12
5.24807460e-03 2.28073611e-15 1.32991593e-20 2.28072281e-15 0.00000000e+00 0.00000000e+00 7.07796211e-12
6.02559586e-03 6.30699574e-14 2.51446608e-22 6.30699571e-14 0.00000000e+00 0.00000000e+00 8.35426474e-12
6.91830971e-03 3.22055304e-14 7.09154564e-24 3.22055304e-14 0.00000000e+00 0.00000000e+00 9.86071107e-12
7.94328235e-03 3.59211425e-15 3.29794687e-25 3.59211425e-15 3.99897345e-309 3.99897344e-309 1.16388008e-11
9.12010839e-03 2.05276265e-15 1.27085830e-26 2.05276265e-15 3.16568331e-270 3.16568331e-270 1.37375167e-11
1.04712855e-02 2.39495921e-15 1.55605916e-27 2.39495921e-15 6.19343335e-236 6.19343335e-236 1.53429287e-11
1.20226443e-02 2.96742093e-15 1.77051007e-28 2.96742093e-15 1.93680941e-206 1.93680941e-206 1.53429287e-11
1.38038426e-02 4.39399062e-15 1.34429921e-29 4.39399062e-15 6.33693404e-181 6.33693404e-181 1.53429287e-11
1.58489319e-02 5.32587459e-15 5.65705547e-31 5.32587459e-15 3.46262154e-158 3.46262154e-158 1.53429287e-11
1.81970086e-02 6.00838045e-15 3.04483562e-32 6.00838045e-15 1.57853348e-138 1.57853348e-138 1.53429287e-11
2.08929613e-02 7.16103398e-15 2.68367696e-33 7.16103398e-15 1.27829959e-121 1.27829959e-121 1.53429287e-11
2.39883292e-02 3.90179879e-15 1.15350800e-34 3.90179879e-15 4.94594983e-107 4.94594983e-107 1.53429287e-11
2.75422870e-02 7.09480554e-15 2.96686960e-36 7.09480554e-15 2.31343042e-94 2.31343042e-94 1.53429287e-11
3.16227766e-02 5.06097975e-15 8.20402360e-38 5.06097975e-15 4.74885251e-83 4.74885251e-83 1.53429287e-11
3.63078055e-02 5.01465583e-15 4.91807695e-39 5.01465583e-15 1.55069138e-73 1.55069138e-73 1.53429287e-11
4.16869383e-02 5.81411726e-15 4.31178759e-40 5.81411726e-15 3.17935710e-65 3.17935710e-65 1.53429287e-11
4.78630092e-02 5.39045281e-15 5.25631312e-43 5.39045281e-15 5.69881178e-58 5.69881178e-58 1.53429287e-11
5.49540874e-02 4.65063228e-15 4.65848029e-47 4.65063228e-15 8.69876412e-52 8.69876412e-52 1.53429287e-11
6.30957344e-02 4.06289852e-15 3.21188625e-57 4.06289852e-15 2.36941717e-46 2.36941717e-46 1.53429287e-11
7.24435960e-02 2.76392806e-15 2.95361952e-69 2.76392806e-15 1.22411867e-41 1.22411867e-41 1.53429287e-11
8.31763771e-02 2.56830199e-15 3.47870896e-68 2.56830199e-15 1.64744847e-37 1.64744847e-37 1.53429287e-11
9.54992586e-02 2.71681787e-15 4.81714379e-65 2.71681787e-15 3.52816156e-34 3.52816156e-34 1.53429287e-11
1.09647820e-01 3.20847874e-15 5.22639680e-56 3.20847874e-15 3.72903988e-31 3.72903988e-31 1.46523889e-11
1.25892541e-01 3.68522699e-15 3.53694847e-48 3.68522699e-15 2.01952862e-28 2.01952862e-28 1.36744049e-11
1.44543977e-01 4.88767014e-15 6.03161219e-42 4.88767014e-15 3.77950762e-26 3.77950762e-26 1.27616972e-11
1.65958691e-01 5.32021826e-15 3.58730989e-38 5.32021826e-15 2.22386547e-24 2.22386547e-24 1.19099088e-11
1.90546072e-01 4.93541778e-15 5.64730299e-40 4.93541774e-15 4.38231085e-23 4.38231085e-23 1.11149736e-11
2.18776162e-01 3.28108128e-15 6.70080017e-45 3.28108083e-15 4.53507839e-22 4.53507839e-22 1.03730969e-11
2.51188643e-01 4.23713978e-15 2.77154357e-38 4.23713287e-15 6.91811156e-21 6.91811156e-21 9.68073733e-12
2.88403150e-01 6.41132790e-15 8.29284771e-34 6.41123943e-15 8.84772045e-20 8.84772045e-20 9.03458975e-12
3.31131121e-01 6.42526083e-15 5.19509251e-31 6.42460878e-15 6.52053988e-19 6.52053988e-19 8.43156974e-12
3.80189396e-01 6.76846427e-15 1.06246614e-28 6.76501202e-15 3.45225180e-18 3.45224993e-18 7.86879872e-12
4.36515832e-01 8.05816276e-15 1.52776008e-26 8.04560571e-15 1.25570527e-17 1.25566295e-17 7.34359025e-12
5.01187234e-01 8.30272764e-15 1.70197998e-24 8.26217101e-15 4.05566305e-17 4.02377607e-17 6.85343719e-12
5.75439937e-01 8.53567982e-15 1.24625888e-22 8.42301960e-15 1.12660098e-16 1.09701909e-16 6.39599973e-12
6.60693448e-01 1.03006926e-14 5.67739439e-21 1.00096339e-14 2.91052960e-16 2.63247731e-16 5.96909425e-12
7.58577575e-01 1.19089505e-14 1.73304559e-19 1.11010464e-14 8.07730851e-16 6.54780218e-16 5.57068288e-12
8.70963590e-01 1.35830264e-14 4.05083392e-18 1.10451714e-14 2.53380410e-15 1.75467397e-15 5.19886376e-12
1.00000000e+00 2.04855591e-14 6.25064165e-17 1.22077034e-14 8.21534926e-15 4.67354761e-15 4.85186196e-12
1.14815362e+00 3.79625929e-14 6.46878828e-16 1.24674862e-14 2.48482278e-14 1.20869676e-14 4.52802104e-12
1.31825674e+00 8.69622972e-14 4.51824159e-15 1.26891417e-14 6.97549140e-14 2.75912579e-14 4.22579511e-12
1.51356125e+00 2.10604058e-13 2.10651172e-14 1.30593686e-14 1.76479572e-13 5.77191186e-14 3.94374146e-12
1.73780083e+00 4.85402176e-13 7.18035048e-14 1.34000513e-14 4.00198619e-13 1.06132155e-13 3.68051368e-12
1.99526231e+00 1.05394026e-12 1.86047502e-13 1.40021253e-14 8.53890634e-13 1.81353703e-13 3.43485522e-12
2.29086765e+00 2.00276056e-12 3.72377008e-13 1.40834013e-14 1.61630015e-12 2.69551434e-13 3.20559341e-12
2.63026799e+00 3.44408217e-12 6.01396956e-13 1.35467864e-14 2.82913843e-12 3.59549507e-13 2.99163384e-12
3.01995172e+00 5.43853110e-12 8.31729141e-13 1.24175438e-14 4.59438441e-12 4.46418108e-13 2.79195514e-12
3.46736850e+00 7.95224724e-12 1.02906708e-12 1.08672680e-14 6.91231290e-12 5.06807078e-13 2.60560415e-12
3.98107171e+00 1.09145505e-11 1.18150407e-12 9.05846097e-15 9.72398801e-12 5.23917887e-13 2.43169128e-12
4.57088190e+00 1.41028492e-11 1.28537476e-12 7.03029766e-15 1.28104441e-11 4.81818123e-13 2.26938634e-12
5.24807460e+00 1.70547023e-11 1.18852632e-12 4.52951432e-15 1.58616465e-11 3.90010623e-13 1.87643467e-12
6.02559586e+00 1.90606030e-11 8.48255824e-13 2.18786598e-15 1.82101593e-11 2.83535326e-13 1.23974809e-12
6.70000000e+00 2.01443327e-11 6.44516101e-13 1.18432393e-15 1.94986322e-11 2.05479961e-13 9.01797527e-13
6.92422916e+00 2.02868612e-11 5.90822491e-13 9.73416072e-16 1.96950653e-11 1.82744236e-13 8.16994532e-13
7.15596261e+00 2.05241556e-11 5.38301993e-13 7.77045184e-16 1.99850765e-11 1.59639190e-13 7.40166218e-13
7.39545150e+00 2.05465490e-11 4.83987227e-13 5.89619334e-16 2.00619722e-11 1.35801826e-13 6.70562664e-13
7.64295536e+00 2.03241576e-11 4.18993928e-13 3.86001883e-16 1.99047776e-11 1.06525911e-13 6.07504471e-13
7.89874245e+00 1.95204437e-11 3.40566745e-13 2.08166894e-16 1.91796688e-11 7.46863632e-14 5.50376127e-13
8.16308998e+00 1.83617983e-11 2.60791902e-13 1.01182210e-16 1.81009053e-11 4.91222202e-14 4.98620004e-13
8.43628443e+00 1.67400501e-11 1.83577958e-13 4.39151417e-17 1.65564282e-11 3.01100870e-14 4.51730909e-13
8.71862190e+00 1.56025886e-11 1.35357099e-13 2.31515938e-17 1.54672084e-11 2.06712909e-14 4.09251158e-13
9.01040836e+00 1.50791382e-11 9.70521651e-14 1.17979296e-17 1.49820742e-11 1.38232966e-14 3.70766106e-13
9.31196005e+00 1.43546984e-11 7.09700462e-14 0.00000000e+00 1.42837284e-11 0.00000000e+00 3.35900102e-13
9.62360379e+00 1.43733377e-11 6.17161761e-14 0.00000000e+00 1.43116215e-11 0.00000000e+00 3.04312818e-13
9.94567731e+00 1.52122669e-11 6.16965475e-14 0.00000000e+00 1.51505703e-11 0.00000000e+00 2.75695930e-13
1.02785297e+01 1.58944130e-11 6.44707622e-14 0.00000000e+00 1.58299422e-11 0.00000000e+00 2.49770110e-13
1.06225216e+01 1.68356406e-11 6.73376220e-14 0.00000000e+00 1.67683030e-11 0.00000000e+00 2.26282295e-13
1.09780260e+01 1.74779171e-11 7.20525064e-14 0.00000000e+00 1.74058646e-11 0.00000000e+00 2.05003220e-13
1.13454280e+01 1.83947906e-11 7.50841349e-14 0.00000000e+00 1.83197065e-11 0.00000000e+00 1.85725182e-13
1.17251259e+01 1.88431956e-11 7.64039676e-14 0.00000000e+00 1.87667917e-11 0.00000000e+00 1.68260007e-13
1.21175312e+01 1.91922017e-11 7.68676624e-14 0.00000000e+00 1.91153341e-11 0.00000000e+00 1.52437217e-13
1.25230691e+01 1.93509110e-11 7.63893912e-14 0.00000000e+00 1.92745216e-11 0.00000000e+00 1.38102367e-13
1.29421791e+01 1.91794252e-11 7.47027315e-14 0.00000000e+00 1.91047225e-11 0.00000000e+00 1.25115533e-13
1.33753155e+01 1.90086142e-11 7.21042887e-14 0.00000000e+00 1.89365100e-11 0.00000000e+00 1.13349952e-13
1.38229477e+01 1.86102534e-11 6.78037484e-14 0.00000000e+00 1.85424497e-11 0.00000000e+00 1.02690779e-13
1.42855609e+01 1.82352122e-11 6.24732056e-14 0.00000000e+00 1.81727390e-11 0.00000000e+00 9.30339713e-14
1.47636563e+01 1.79687776e-11 5.55357653e-14 0.00000000e+00 1.79132419e-11 0.00000000e+00 8.42852675e-14
1.52577522e+01 1.78706916e-11 4.89361745e-14 0.00000000e+00 1.78217555e-11 0.00000000e+00 7.63592720e-14
1.57683840e+01 1.75441363e-11 4.27800266e-14 0.00000000e+00 1.75013563e-11 0.00000000e+00 6.91786191e-14
1.62961051e+01 1.74088370e-11 3.73147892e-14 0.00000000e+00 1.73715222e-11 0.00000000e+00 6.26732185e-14
1.68414875e+01 1.70511769e-11 3.24911723e-14 0.00000000e+00 1.70186857e-11 0.00000000e+00 5.67795711e-14
1.74051222e+01 1.67209772e-11 2.86543975e-14 0.00000000e+00 1.66923228e-11 0.00000000e+00 5.14401489e-14
1.79876201e+01 1.64720914e-11 2.54990655e-14 0.00000000e+00 1.64465923e-11 0.00000000e+00 4.66028339e-14
1.85896125e+01 1.59958985e-11 2.31190841e-14 0.00000000e+00 1.59727794e-11 0.00000000e+00 4.22204090e-14
1.92117518e+01 1.55243754e-11 2.13327825e-14 0.00000000e+00 1.55030426e-11 0.00000000e+00 3.82500974e-14
1.98547123e+01 1.49659579e-11 1.98920923e-14 0.00000000e+00 1.49460658e-11 0.00000000e+00 3.46531450e-14
2.05191907e+01 1.43549910e-11 1.86211449e-14 0.00000000e+00 1.43363698e-11 0.00000000e+00 3.13944418e-14
2.12059073e+01 1.36277277e-11 1.73990872e-14 0.00000000e+00 1.36103287e-11 0.00000000e+00 2.84421796e-14
2.19156062e+01 1.30588801e-11 1.61910349e-14 0.00000000e+00 1.30426891e-11 0.00000000e+00 2.57675415e-14
2.26490567e+01 1.23955276e-11 1.50343262e-14 0.00000000e+00 1.23804933e-11 0.00000000e+00 2.33444203e-14
2.34070535e+01 1.18029466e-11 1.39312900e-14 0.00000000e+00 1.17890153e-11 0.00000000e+00 2.11491639e-14
2.41904183e+01 1.12122103e-11 1.28813321e-14 0.00000000e+00 1.11993290e-11 0.00000000e+00 1.91603445e-14
2.50000000e+01 1.05327667e-11 1.18889690e-14 0.00000000e+00 1.05208778e-11 0.00000000e+00 1.73585491e-14
2.75422870e+01 8.74769304e-12 9.33255479e-15 0.00000000e+00 8.73836049e-12 0.00000000e+00 1.29817562e-14
3.16227766e+01 6.48094321e-12 6.51841874e-15 0.00000000e+00 6.47442479e-12 0.00000000e+00 8.57696126e-15
3.63078055e+01 4.55562170e-12 4.51584875e-15 0.00000000e+00 4.55110586e-12 0.00000000e+00 5.66674211e-15
4.16869383e+01 3.03198545e-12 3.11843538e-15 0.00000000e+00 3.02886701e-12 0.00000000e+00 3.74397938e-15
4.78630092e+01 1.90426428e-12 2.14477355e-15 0.00000000e+00 1.90211951e-12 0.00000000e+00 2.47362265e-15
5.49540874e+01 1.13690519e-12 1.46562002e-15 0.00000000e+00 1.13543957e-12 0.00000000e+00 1.63430628e-15
6.30957344e+01 6.54635824e-13 9.94631238e-16 0.00000000e+00 6.53641193e-13 0.00000000e+00 1.07977545e-15
7.24435960e+01 3.64188440e-13 6.70858371e-16 0.00000000e+00 3.63517581e-13 0.00000000e+00 7.13400564e-16
8.31763771e+01 1.98130351e-13 4.50170138e-16 0.00000000e+00 1.97680181e-13 0.00000000e+00 4.71339078e-16
9.54992586e+01 1.06079580e-13 3.00872721e-16 0.00000000e+00 1.05778707e-13 0.00000000e+00 3.11410641e-16
1.09647820e+02 5.62387668e-14 2.00490636e-16 0.00000000e+00 5.60382762e-14 0.00000000e+00 2.05746970e-16
1.25892541e+02 2.99446144e-14 1.33277928e-16 0.00000000e+00 2.98113365e-14 0.00000000e+00 1.35935675e-16
1.44543977e+02 1.59247791e-14 8.84590953e-17 0.00000000e+00 1.58363200e-14 0.00000000e+00 8.98118099e-17
1.65958691e+02 8.10791618e-15 5.86734972e-17 0.00000000e+00 8.04924269e-15 0.00000000e+00 5.93380743e-17
1.90546072e+02 4.14756412e-15 3.88747375e-17 0.00000000e+00 4.10868938e-15 0.00000000e+00 3.92042769e-17
2.18776162e+02 2.12536023e-15 2.57376686e-17 0.00000000e+00 2.09962256e-15 0.00000000e+00 2.59020089e-17
2.51188643e+02 1.08930077e-15 1.70310917e-17 0.00000000e+00 1.07226968e-15 0.00000000e+00 1.71132876e-17
2.88403150e+02 5.57633856e-16 1.12654955e-17 0.00000000e+00 5.46368360e-16 0.00000000e+00 1.13066370e-17
3.31131121e+02 2.85627684e-16 7.44958827e-18 0.00000000e+00 2.78178095e-16 0.00000000e+00 7.47022097e-18
3.80189396e+02 1.46278670e-16 4.92517704e-18 0.00000000e+00 1.41353493e-16 0.00000000e+00 4.93552605e-18
4.36515832e+02 7.50171351e-17 3.25567415e-18 0.00000000e+00 7.17614610e-17 0.00000000e+00 3.26086972e-18
5.01187234e+02 3.85333296e-17 2.15182641e-18 0.00000000e+00 3.63815032e-17 0.00000000e+00 2.15443526e-18
5.75439937e+02 1.98470334e-17 1.42211094e-18 0.00000000e+00 1.84249224e-17 0.00000000e+00 1.42342126e-18
6.60693448e+02 1.02623310e-17 9.39786827e-19 0.00000000e+00 9.32254419e-18 0.00000000e+00 9.40445101e-19
7.58577575e+02 5.33420590e-18 6.21015161e-19 0.00000000e+00 4.71319074e-18 0.00000000e+00 6.21345916e-19
8.70963590e+02 2.79096041e-18 4.10353004e-19 0.00000000e+00 2.38060740e-18 0.00000000e+00 4.10519176e-19
1.00000000e+03 1.20129884e-18 0.00000000e+00 0.00000000e+00 1.20129884e-18 0.00000000e+00 0.00000000e+00
