# column 1: lambda (micron)
# column 2: total flux; lambda*F_lambda (W/m2)
# column 3: direct stellar flux; lambda*F_lambda (W/m2)
# column 4: scattered stellar flux; lambda*F_lambda (W/m2)
# column 5: total dust emission flux; lambda*F_lambda (W/m2)
# column 6: dust emission scattered flux; lambda*F_lambda (W/m2)
# column 7: transparent flux; lambda*F_lambda (W/m2)
1.00000000e-03 9.68073511e-13 9.68073281e-13 2.29755918e-19 0.00000000e+00 0.00000000e+00 9.68073281e-13
1.14815362e-03 1.14263724e-12 1.14263687e-12 3.72920124e-19 0.00000000e+00 0.00000000e+00 1.14263687e-12
1.31825674e-03 1.34867843e-12 1.34867788e-12 5.55878284e-19 0.00000000e+00 0.00000000e+00 1.34867788e-12
1.51356125e-03 1.59187323e-12 1.59187233e-12 9.01245545e-19 0.00000000e+00 0.00000000e+00 1.59187233e-12
1.73780083e-03 1.87892137e-12 1.87891976e-12 1.61031922e-18 0.00000000e+00 0.00000000e+00 1.87891976e-12
1.99526231e-03 2.21773064e-12 2.21772777e-12 2.87789385e-18 0.00000000e+00 0.00000000e+00 2.21772777e-12
2.29086765e-03 2.61763449e-12 2.61762985e-12 4.64452646e-18 0.00000000e+00 0.00000000e+00 2.61762985e-12
2.63026799e-03 3.08965172e-12 3.08964252e-12 9.20173873e-18 0.00000000e+00 0.00000000e+00 3.08964252e-12
3.01995172e-03 3.64678474e-12 3.64676883e-12 1.59159511e-17 0.00000000e+00 0.00000000e+00 3.64676883e-12
3.46736850e-03 4.30438270e-12 4.30435650e-12 2.62012753e-17 0.00000000e+00 0.00000000e+00 4.30435650e-12
3.98107171e-03 5.08056513e-12 5.08052080e-12 4.43330298e-17 0.00000000e+00 0.00000000e+00 5.08052080e-12
4.57088190e-03 5.99673590e-12 5.99664354e-12 9.23632832e-17 0.00000000e+00 0.00000000e+00 5.99664354e-12
5.24807460e-03 7.07813277e-12 7.07796211e-12 1.70651993e-16 0.00000000e+00 0.00000000e+00 7.07796211e-12
6.02559586e-03 8.35458295e-12 8.35426474e-12 3.18208652e-16 0.00000000e+00 0.00000000e+00 8.35426474e-12
6.91830971e-03 9.86123764e-12 9.86071107e-12 5.26567221e-16 0.00000000e+00 0.00000000e+00 9.86071107e-12
7.94328235e-03 1.16396330e-11 1.16388008e-11 8.32262154e-16 1.19319606e-303 2.85329050e-306 1.16388008e-11
9.12010839e-03 1.37388582e-11 1.37375167e-11 1.34153045e-15 5.48622984e-265 2.37426565e-267 1.37375167e-11
1.04712855e-02 1.53472338e-11 1.53429287e-11 4.30509267e-15 2.44183348e-231 3.93870366e-233 1.53429287e-11
1.20226443e-02 1.53457807e-11 1.53429287e-11 2.85207896e-15 3.92008577e-202 2.51636767e-204 1.53429287e-11
1.38038426e-02 1.53465931e-11 1.53429287e-11 3.66442875e-15 1.10486319e-176 1.20189587e-178 1.53429287e-11
1.58489319e-02 1.53581172e-11 1.53429287e-11 1.51885656e-14 1.53717602e-154 2.10722636e-156 1.53429287e-11
1.81970086e-02 1.53507685e-11 1.53429287e-11 7.83986668e-15 2.81214075e-135 4.84685811e-137 1.53429287e-11
2.08929613e-02 1.53539643e-11 1.53429287e-11 1.10356267e-14 1.50258819e-118 3.18111838e-120 1.53429287e-11
2.39883292e-02 1.53577004e-11 1.53429287e-11 1.47717003e-14 5.35589670e-104 1.18123762e-105 1.53429287e-11
2.75422870e-02 1.53641324e-11 1.53429287e-11 2.12037215e-14 2.44656660e-91 7.29635823e-93 1.53429287e-11
3.16227766e-02 1.53678226e-11 1.53429287e-11 2.48939154e-14 2.41966673e-80 8.12307757e-82 1.53429287e-11
3.63078055e-02 1.53711171e-11 1.53429287e-11 2.81884624e-14 8.49868970e-71 3.17783371e-72 1.53429287e-11
4.16869383e-02 1.53825950e-11 1.53429287e-11 3.96663275e-14 1.64156586e-62 7.82556242e-64 1.53429287e-11
4.78630092e-02 1.53988141e-11 1.53429287e-11 5.58854167e-14 2.51439989e-55 1.48244715e-56 1.53429287e-11
5.49540874e-02 1.54125204e-11 1.53429287e-11 6.95917093e-14 4.21735043e-49 2.86109997e-50 1.53429287e-11
6.30957344e-02 1.54303424e-11 1.53429287e-11 8.74137712e-14 1.36530700e-43 1.00244612e-44 1.53429287e-11
7.24435960e-02 1.54286881e-11 1.53429287e-11 8.57593968e-14 7.87231792e-39 5.18618990e-40 1.53429287e-11
8.31763771e-02 1.54262162e-11 1.53429287e-11 8.32875013e-14 8.09123932e-35 5.20974038e-36 1.53429287e-11
9.54992586e-02 1.54333442e-11 1.53429287e-11 9.04155616e-14 2.29703681e-31 1.55520856e-32 1.53429287e-11
1.09647820e-01 1.47467184e-11 1.46523889e-11 9.43295482e-14 1.97231326e-28 1.50212551e-29 1.46523889e-11
1.25892541e-01 1.37555307e-11 1.36744049e-11 8.11257097e-14 6.45174895e-26 5.08903383e-27 1.36744049e-11
1.44543977e-01 1.28365354e-11 1.27616972e-11 7.48381585e-14 8.82646096e-24 6.70252315e-25 1.27616972e-11
1.65958691e-01 1.19889083e-11 1.19099088e-11 7.89994927e-14 4.50911393e-22 3.82848063e-23 1.19099088e-11
1.90546072e-01 1.12075672e-11 1.11149736e-11 9.25936091e-14 9.54453084e-21 9.43776618e-22 1.11149736e-11
2.18776162e-01 1.04661921e-11 1.03730969e-11 9.30950053e-14 1.12870007e-19 1.14022133e-20 1.03730969e-11
2.51188643e-01 9.79049488e-12 9.68073733e-12 1.09756155e-13 1.38875146e-18 1.72388734e-19 9.68073733e-12
2.88403150e-01 9.13313491e-12 9.03458975e-12 9.85335702e-14 1.15915512e-17 1.41894322e-18 9.03458975e-12
3.31131121e-01 8.52003822e-12 8.43156974e-12 8.84020621e-14 6.64122239e-17 7.81335376e-18 8.43156974e-12
3.80189396e-01 7.95027377e-12 7.86879872e-12 8.11981702e-14 2.76876886e-16 3.17061630e-17 7.86879872e-12
4.36515832e-01 7.41836124e-12 7.34359025e-12 7.38955644e-14 8.75425090e-16 9.66189648e-17 7.34359025e-12
5.01187234e-01 6.92544457e-12 6.85343719e-12 6.98135848e-14 2.19380332e-15 2.38982674e-16 6.85343719e-12
5.75439937e-01 6.46502138e-12 6.39599973e-12 6.44554511e-14 4.56620111e-15 4.92788008e-16 6.39599973e-12
6.60693448e-01 6.03735484e-12 5.96909425e-12 5.99382951e-14 8.32228869e-15 8.94865095e-16 5.96909425e-12
7.58577575e-01 5.64021963e-12 5.57068288e-12 5.52256893e-14 1.43110581e-14 1.59333153e-15 5.57068288e-12
8.70963590e-01 5.27155207e-12 5.19886376e-12 4.80757961e-14 2.46125146e-14 2.78391458e-15 5.19886376e-12
1.00000000e+00 4.93880263e-12 4.85186196e-12 4.32164697e-14 4.37241922e-14 5.08906944e-15 4.85186196e-12
1.14815362e+00 4.64505567e-12 4.52802104e-12 3.61816183e-14 8.08530096e-14 9.14466467e-15 4.52802104e-12
1.31825674e+00 4.40487588e-12 4.22579511e-12 2.91487278e-14 1.49932040e-13 1.56689017e-14 4.22579511e-12
1.51356125e+00 4.23002395e-12 3.94374146e-12 2.23523224e-14 2.63930164e-13 2.43049924e-14 3.94374146e-12
1.73780083e+00 4.12477200e-12 3.68051368e-12 1.72717370e-14 4.26986583e-13 3.35621675e-14 3.68051368e-12
1.99526231e+00 4.07194018e-12 3.43485522e-12 1.21724853e-14 6.24912476e-13 4.00107370e-14 3.43485522e-12
2.29086765e+00 4.04237281e-12 3.20559341e-12 8.54133450e-15 8.28238065e-13 4.19759565e-14 3.20559341e-12
2.63026799e+00 4.00845336e-12 2.99163384e-12 6.15049260e-15 1.01066903e-12 4.03857423e-14 2.99163384e-12
3.01995172e+00 3.94132877e-12 2.79195514e-12 4.37246116e-15 1.14500116e-12 3.57524021e-14 2.79195514e-12
3.46736850e+00 3.83386798e-12 2.60560415e-12 2.95371879e-15 1.22531012e-12 2.92636207e-14 2.60560415e-12
3.98107171e+00 3.67703016e-12 2.43169128e-12 1.98762325e-15 1.24335126e-12 2.26572707e-14 2.43169128e-12
4.57088190e+00 3.48211030e-12 2.26938634e-12 1.37301031e-15 1.21135094e-12 1.64934966e-14 2.26938634e-12
5.24807460e+00 3.03370928e-12 1.87643467e-12 7.56843172e-16 1.15651777e-12 1.11263285e-14 1.87643467e-12
6.02559586e+00 2.32554999e-12 1.23974809e-12 3.39428655e-16 1.08546247e-12 7.10521717e-15 1.23974809e-12
6.70000000e+00 1.92447380e-12 9.01797527e-13 1.74740108e-16 1.02250154e-12 4.80472630e-15 9.01797527e-13
6.92422916e+00 1.82042393e-12 8.16994532e-13 1.39208835e-16 1.00329018e-12 4.22795388e-15 8.16994532e-13
7.15596261e+00 1.72905053e-12 7.40166218e-13 1.11023111e-16 9.88773286e-13 3.66351542e-15 7.40166218e-13
7.39545150e+00 1.66710320e-12 6.70562664e-13 8.75879984e-17 9.96452949e-13 3.11873026e-15 6.70562664e-13
7.64295536e+00 1.66754173e-12 6.07504471e-13 5.95219103e-17 1.05997774e-12 2.59245668e-15 6.07504471e-13
7.89874245e+00 1.76081628e-12 5.50376127e-13 3.57351820e-17 1.21040442e-12 2.05513500e-15 5.50376127e-13
8.16308998e+00 1.92820772e-12 4.98620004e-13 2.10145915e-17 1.42956670e-12 1.59867662e-15 4.98620004e-13
8.43628443e+00 2.16195280e-12 4.51730909e-13 1.15515031e-17 1.71021034e-12 1.19943447e-15 4.51730909e-13
8.71862190e+00 2.32275819e-12 4.09251158e-13 7.38127215e-18 1.91349965e-12 9.40846840e-16 4.09251158e-13
9.01040836e+00 2.48790759e-12 3.70766106e-13 4.80010445e-18 2.11713669e-12 7.14899685e-16 3.70766106e-13
9.31196005e+00 2.62219144e-12 3.35900102e-13 0.00000000e+00 2.28629133e-12 0.00000000e+00 3.35900102e-13
9.62360379e+00 2.57040191e-12 3.04312818e-13 0.00000000e+00 2.26608909e-12 0.00000000e+00 3.04312818e-13
9.94567731e+00 2.39022423e-12 2.75695930e-13 0.00000000e+00 2.11452830e-12 0.00000000e+00 2.75695930e-13
1.02785297e+01 2.20821372e-12 2.49770110e-13 0.00000000e+00 1.95844361e-12 0.00000000e+00 2.49770110e-13
1.06225216e+01 2.00122779e-12 2.26282295e-13 0.00000000e+00 1.77494549e-12 0.00000000e+00 2.26282295e-13
1.09780260e+01 1.80376633e-12 2.05003220e-13 0.00000000e+00 1.59876311e-12 0.00000000e+00 2.05003220e-13
1.13454280e+01 1.63145770e-12 1.85725182e-13 0.00000000e+00 1.44573252e-12 0.00000000e+00 1.85725182e-13
1.17251259e+01 1.48677390e-12 1.68260007e-13 0.00000000e+00 1.31851389e-12 0.00000000e+00 1.68260007e-13
1.21175312e+01 1.35192443e-12 1.52437217e-13 0.00000000e+00 1.19948721e-12 0.00000000e+00 1.52437217e-13
1.25230691e+01 1.23153538e-12 1.38102367e-13 0.00000000e+00 1.09343301e-12 0.00000000e+00 1.38102367e-13
1.29421791e+01 1.13145119e-12 1.25115533e-13 0.00000000e+00 1.00633566e-12 0.00000000e+00 1.25115533e-13
1.33753155e+01 1.04276829e-12 1.13349952e-13 0.00000000e+00 9.29418342e-13 0.00000000e+00 1.13349952e-13
1.38229477e+01 9.83620254e-13 1.02690779e-13 0.00000000e+00 8.80929474e-13 0.00000000e+00 1.02690779e-13
1.42855609e+01 9.46907477e-13 9.30339713e-14 0.00000000e+00 8.53873505e-13 0.00000000e+00 9.30339713e-14
1.47636563e+01 9.48527863e-13 8.42852675e-14 0.00000000e+00 8.64242596e-13 0.00000000e+00 8.42852675e-14
1.52577522e+01 9.62995956e-13 7.63592720e-14 0.00000000e+00 8.86636684e-13 0.00000000e+00 7.63592720e-14
1.57683840e+01 9.79961807e-13 6.91786191e-14 0.00000000e+00 9.10783188e-13 0.00000000e+00 6.91786191e-14
1.62961051e+01 9.99148593e-13 6.26732185e-14 0.00000000e+00 9.36475374e-13 0.00000000e+00 6.26732185e-14
1.68414875e+01 1.01601998e-12 5.67795711e-14 0.00000000e+00 9.59240407e-13 0.00000000e+00 5.67795711e-14
1.74051222e+01 1.02462338e-12 5.14401489e-14 0.00000000e+00 9.73183235e-13 0.00000000e+00 5.14401489e-14
1.79876201e+01 1.02790553e-12 4.66028339e-14 0.00000000e+00 9.81302701e-13 0.00000000e+00 4.66028339e-14
1.85896125e+01 1.01294149e-12 4.22204090e-14 0.00000000e+00 9.70721085e-13 0.00000000e+00 4.22204090e-14
1.92117518e+01 9.87875184e-13 3.82500974e-14 0.00000000e+00 9.49625087e-13 0.00000000e+00 3.82500974e-14
1.98547123e+01 9.53722959e-13 3.46531450e-14 0.00000000e+00 9.19069814e-13 0.00000000e+00 3.46531450e-14
2.05191907e+01 9.17875571e-13 3.13944418e-14 0.00000000e+00 8.86481129e-13 0.00000000e+00 3.13944418e-14
2.12059073e+01 8.83484471e-13 2.84421796e-14 0.00000000e+00 8.55042291e-13 0.00000000e+00 2.84421796e-14
2.19156062e+01 8.52385086e-13 2.57675415e-14 0.00000000e+00 8.26617545e-13 0.00000000e+00 2.57675415e-14
2.26490567e+01 8.24109538e-13 2.33444203e-14 0.00000000e+00 8.00765118e-13 0.00000000e+00 2.33444203e-14
2.34070535e+01 7.91872943e-13 2.11491639e-14 0.00000000e+00 7.70723779e-13 0.00000000e+00 2.11491639e-14
2.41904183e+01 7.65395534e-13 1.91603445e-14 0.00000000e+00 7.46235189e-13 0.00000000e+00 1.91603445e-14
2.50000000e+01 7.36800008e-13 1.73585491e-14 0.00000000e+00 7.19441459e-13 0.00000000e+00 1.73585491e-14
2.75422870e+01 6.57864828e-13 1.29817562e-14 0.00000000e+00 6.44883072e-13 0.00000000e+00 1.29817562e-14
3.16227766e+01 5.41649637e-13 8.57696126e-15 0.00000000e+00 5.33072676e-13 0.00000000e+00 8.57696126e-15
3.63078055e+01 4.23066852e-13 5.66674211e-15 0.00000000e+00 4.17400110e-13 0.00000000e+00 5.66674211e-15
4.16869383e+01 3.09205493e-13 3.74397938e-15 0.00000000e+00 3.05461514e-13 0.00000000e+00 3.74397938e-15
4.78630092e+01 2.11751445e-13 2.47362265e-15 0.00000000e+00 2.09277822e-13 0.00000000e+00 2.47362265e-15
5.49540874e+01 1.36802435e-13 1.63430628e-15 0.00000000e+00 1.35168129e-13 0.00000000e+00 1.63430628e-15
6.30957344e+01 8.43792818e-14 1.07977545e-15 0.00000000e+00 8.32995064e-14 0.00000000e+00 1.07977545e-15
7.24435960e+01 5.01097767e-14 7.13400564e-16 0.00000000e+00 4.93963761e-14 0.00000000e+00 7.13400564e-16
8.31763771e+01 2.89375691e-14 4.71339078e-16 0.00000000e+00 2.84662301e-14 0.00000000e+00 4.71339078e-16
9.54992586e+01 1.63733807e-14 3.11410641e-16 0.00000000e+00 1.60619701e-14 0.00000000e+00 3.11410641e-16
1.09647820e+02 9.12220840e-15 2.05746970e-16 0.00000000e+00 8.91646143e-15 0.00000000e+00 2.05746970e-16
1.25892541e+02 5.07828309e-15 1.35935675e-16 0.00000000e+00 4.94234742e-15 0.00000000e+00 1.35935675e-16
1.44543977e+02 2.81224225e-15 8.98118099e-17 0.00000000e+00 2.72243044e-15 0.00000000e+00 8.98118099e-17
1.65958691e+02 1.48705236e-15 5.93380743e-17 0.00000000e+00 1.42771429e-15 0.00000000e+00 5.93380743e-17
1.90546072e+02 7.88267102e-16 3.92042769e-17 0.00000000e+00 7.49062825e-16 0.00000000e+00 3.92042769e-17
2.18776162e+02 4.18027862e-16 2.59020089e-17 0.00000000e+00 3.92125853e-16 0.00000000e+00 2.59020089e-17
2.51188643e+02 2.21612596e-16 1.71132876e-17 0.00000000e+00 2.04499308e-16 0.00000000e+00 1.71132876e-17
2.88403150e+02 1.17427080e-16 1.13066370e-17 0.00000000e+00 1.06120443e-16 0.00000000e+00 1.13066370e-17
3.31131121e+02 6.23660078e-17 7.47022097e-18 0.00000000e+00 5.48957869e-17 0.00000000e+00 7.47022097e-18
3.80189396e+02 3.32170964e-17 4.93552605e-18 0.00000000e+00 2.82815703e-17 0.00000000e+00 4.93552605e-18
4.36515832e+02 1.77920747e-17 3.26086972e-18 0.00000000e+00 1.45312050e-17 0.00000000e+00 3.26086972e-18
5.01187234e+02 9.59863659e-18 2.15443526e-18 0.00000000e+00 7.44420133e-18 0.00000000e+00 2.15443526e-18
5.75439937e+02 5.22777029e-18 1.42342126e-18 0.00000000e+00 3.80434903e-18 0.00000000e+00 1.42342126e-18
6.60693448e+02 2.88058585e-18 9.40445101e-19 0.00000000e+00 1.94014074e-18 0.00000000e+00 9.40445101e-19
7.58577575e+02 1.60897528e-18 6.21345916e-19 0.00000000e+00 9.87629365e-19 0.00000000e+00 6.21345916e-19
8.70963590e+02 9.12347907e-19 4.10519176e-19 0.00000000e+00 5.01828732e-19 0.00000000e+00 4.10519176e-19
1.00000000e+03 2.54546439e-19 0.00000000e+00 0.00000000e+00 2.54546439e-19 0.00000000e+00 0.00000000e+00
