Dust emission spectrum from A.P. Jones, M. Kohler, N. Ysard, M. Bocchio, and L. Verstraete (2017), A&A, 602A, 46J 
inside the DustPedia framework.

lambda    nu*dP/dnu     j_nu    j_nu(carb.) j_nu(sil)
 (um)   (erg s-1 H-1) (Jy cm2 sr-1 H-1)
0.9927057738263894 2.4218480566046635e-25 6.38170718737673e-18 6.381707187373341e-18 3.388647614167587e-30
1.0001793341362166 2.4616261605622606e-25 6.5353583881783806e-18 6.535358388174296e-18 4.083630392913145e-30
1.0077091589558085 2.5013403258621266e-25 6.690790377006802e-18 6.690790377001887e-18 4.914952121641968e-30
1.0114953028030835 2.521168522202463e-25 6.7691662355213256e-18 6.769166235515934e-18 5.38951568790817e-30
1.0152956718711033 2.5409748589405506e-25 6.847977676416586e-18 6.847977676410679e-18 5.908027431413915e-30
1.0229392996569957 2.580494646566136e-25 7.006840947496138e-18 7.006840947489044e-18 7.09282996364523e-30
1.0267826658714554 2.6001599054930115e-25 7.086764786516462e-18 7.086764786508694e-18 7.768117965691056e-30
1.0306404723013447 2.619794583581854e-25 7.167106628995229e-18 7.167106628986724e-18 8.504989091425052e-30
1.03451277320114 2.639396780291832e-25 7.247862954449892e-18 7.247862954440584e-18 9.308790683307438e-30
1.0383996230291617 2.658964605987856e-25 7.329030199705065e-18 7.32903019969488e-18 1.0185309213074997e-29
1.0403485208654093 2.6687350422660397e-25 7.369766792299558e-18 7.369766792288905e-18 1.065277395336962e-29
1.0423010764483396 2.678496182302912e-25 7.410604759737221e-18 7.41060475972608e-18 1.1140804113674383e-29
1.0462171883269815 2.697989642492328e-25 7.492582988520453e-18 7.492582988508272e-18 1.2182044031590577e-29
1.0471985131304309 2.7028568342706195e-25 7.513140187854407e-18 7.51314018784195e-18 1.2456596470842567e-29
1.048180758391296 2.707721498945542e-25 7.533722328307314e-18 7.533722328294578e-18 1.2737082312718257e-29
1.0501480137395462 2.7174431317798994e-25 7.574961199872807e-18 7.574961199859492e-18 1.3316345658133216e-29
1.0521189612883777 2.727154311073907e-25 7.616299136308726e-18 7.616299136294807e-18 1.3920841107132012e-29
1.0531058218030118 2.731998400830565e-25 7.636984119047123e-18 7.63698411903289e-18 1.4232896190238687e-29
1.0540936079674168 2.7368151925969046e-25 7.657624825025548e-18 7.657624825010996e-18 1.4551722207632882e-29
1.058054026499678 2.75605378773817e-25 7.740427842321668e-18 7.740427842305774e-18 1.5896890527938275e-29
1.0590464539527713 2.7608561525265906e-25 7.761188345422812e-18 7.761188345406559e-18 1.6251369526308296e-29
1.06003981227728 2.765655547494886e-25 7.78197262771528e-18 7.781972627698666e-18 1.661342144552276e-29
1.0620293250338977 2.775245315955604e-25 7.823612288122675e-18 7.823612288105314e-18 1.736086351672554e-29
1.0660195594769086 2.794387985894166e-25 7.907174292287873e-18 7.907174292268917e-18 1.8953606160753257e-29
1.070024785945596 2.8134800201213026e-25 7.991109949791717e-18 7.99110994977103e-18 2.068587173679761e-29
1.0740450607676866 2.83251965541905e-25 8.0754153215731e-18 8.07541532155053e-18 2.2569260123345388e-29
1.07808044048254 2.8515051430679407e-25 8.160086435382822e-18 8.160086435358206e-18 2.4616280101183016e-29
1.0861967418109137 2.8892729664923723e-25 8.330412420408621e-18 8.330412420379365e-18 2.9256202355901873e-29
1.0902777775684922 2.907975051129984e-25 8.415836110550613e-18 8.415836110518734e-18 3.187929911372138e-29
1.0943741465085532 2.9266148098919134e-25 8.501603057381169e-18 8.50160305734644e-18 3.472655391533837e-29
1.1026131145906286 2.963700716708251e-25 8.674150078171954e-18 8.674150078130786e-18 4.1167502479705424e-29
1.1109141095355224 3.0005175851729633e-25 8.848019928760927e-18 8.848019928712186e-18 4.874138618805673e-29
1.1192775983109025 3.037018139136601e-25 9.023076315690234e-18 9.023076315632598e-18 5.763594084095637e-29
1.1277040513999907 3.0730316311673185e-25 9.198809059731721e-18 9.198809059663656e-18 6.806798665227545e-29
1.1361939428280308 3.108733540402902e-25 9.375736680214203e-18 9.375736680133913e-18 8.028755787020264e-29
1.1447477501889525 3.1441119659434306e-25 9.55382397100663e-18 9.553823970912047e-18 9.458265219893945e-29
1.1533659546722406 3.1791747562724553e-25 9.733094993456524e-18 9.73309499334524e-18 1.1128470932084479e-28
1.1707974979042381 3.2484682541831185e-25 1.0095546782711686e-17 1.0095546782558197e-17 1.5349014206917997e-28
1.1884924949847024 3.31634984182788e-25 1.0462277010676778e-17 1.0462277010466113e-17 2.1066651231916607e-28
1.2064549276569216 3.3833562196212786e-25 1.0834983640346212e-17 1.0834983640058463e-17 2.877461487995502e-28
1.2246888378427687 3.4487493185649584e-25 1.121132185024702e-17 1.1211321849855879e-17 3.9114336730900517e-28
1.2431983285522175 3.512375992601016e-25 1.1590731638035878e-17 1.159073163750671e-17 5.29171829339214e-28
1.2619875648066055 3.5742130971078677e-25 1.1973054254835683e-17 1.197305425412313e-17 7.125518571778751e-28
1.3004222497298317 3.6914852065360383e-25 1.2742509231647279e-17 1.2742509230373132e-17 1.274146142113881e-27
1.3400274889804893 3.800112261086323e-25 1.3516976757922134e-17 1.3516976755684744e-17 2.237389357456839e-27
1.3808389325824078 3.8996977717266666e-25 1.4293658662674837e-17 1.4293658658814882e-17 3.859953472539061e-27
1.4228933163050095 3.99074498246397e-25 1.5072862893476612e-17 1.507286288693096e-17 6.54565158812917e-27
1.466228494730424 4.075489330102702e-25 1.5861740805661958e-17 1.5861740794745794e-17 1.091616852774195e-26
1.5108834753276823 4.152266333154486e-25 1.66527363574081e-17 1.6652736339496852e-17 1.7911247090551935e-26
1.5568984535646726 4.219733655640609e-25 1.743872624040469e-17 1.743872621146006e-17 2.894462967563085e-26
1.6043148490894465 4.278029688500166e-25 1.821808946309488e-17 1.821808941694369e-17 4.615119121139634e-26
1.6531753430134553 4.327348080246415e-25 1.898935363380557e-17 1.8989353561280606e-17 7.252495882132177e-26
1.7035239163302658 4.368303009277834e-25 1.9752879936053782e-17 1.9752879823699106e-17 1.1235466968244664e-25
1.755405889504358 4.404383194090291e-25 2.0522585845284457e-17 2.0522585673606212e-17 1.7167824284936312e-25
1.8088679632656115 4.434739194555933e-25 2.1293369202912838e-17 2.1293368944080386e-17 2.588324542461728e-25
1.8639582606462262 4.458800225021497e-25 2.2060920544540796e-17 2.2060920159347332e-17 3.851934695264558e-25
1.9207263702978936 4.476997401432279e-25 2.2825577505747305e-17 2.2825576939682984e-17 5.660643318705064e-25
1.979223391128241 4.4903213290577885e-25 2.3590745662294795e-17 2.3590744840519408e-17 8.21775382457314e-25
2.039501978296691 4.499954816179116e-25 2.436137051332438e-17 2.4361369334352888e-17 1.1789715003199126e-24
2.1016163906111602 4.509191472300453e-25 2.515483986279313e-17 2.515483819053439e-17 1.6722587413907708e-24
2.1656225393682647 4.519943682631383e-25 2.5982756274204156e-17 2.5982753928291744e-17 2.345912410545352e-24
2.231578038680979 4.532355449236095e-25 2.6847600319366654e-17 2.6847597063455434e-17 3.2559112264184463e-24
2.299542257339062 4.547574490729034e-25 2.775815838586547e-17 2.775815391359033e-17 4.4722751322147966e-24
2.369576372248914 4.568129760021976e-25 2.8732841393220175e-17 2.8732835311435785e-17 6.081784391282064e-24
2.4417434235010123 4.597006944880527e-25 2.979508437297428e-17 2.979507618224617e-17 8.190728117343477e-24
2.5161083711144245 4.639313451697599e-25 3.098507073873847e-17 3.09850598103582e-17 1.0928380268916231e-23
2.5927381535095444 4.7034058543976575e-25 3.2369839575902455e-17 3.236982512545836e-17 1.445044409713263e-23
2.6717017477616296 4.799266971297508e-25 3.4035514257844216e-17 3.403549531591615e-17 1.8941928068623118e-23
2.753070231689431 4.94192382209915e-25 3.6114596770505593e-17 3.611457214946685e-17 2.4621038743460296e-23
2.836916847834745 5.165411639475376e-25 3.889743612977512e-17 3.8897404385607985e-17 3.174416715219284e-23
2.9233170693905177 5.544684700209551e-25 4.3025131902893303e-17 4.302509129863632e-17 4.060425698410525e-23
2.967498994190263 5.866728455555824e-25 4.621213151411551e-17 4.621208578806983e-17 4.5726045672110143e-23
3.0123486681368425 6.242866589803e-25 4.9918178031238767e-17 4.9918126603009836e-17 5.1428228946117537e-23
3.0578761833420214 7.084161596667288e-25 5.750131659525541e-17 5.750125881244201e-17 5.778281343385374e-23
3.1040917844459814 8.168468913034342e-25 6.730458457526092e-17 6.730451976417627e-17 6.481108466343408e-23
3.127460860933648 9.315213754334156e-25 7.733109173033716e-17 7.733102311065702e-17 6.861968014959092e-23
3.1510058709225794 1.0843217890318787e-24 9.069363948477269e-17 9.069356686133498e-17 7.262343771643226e-23
3.162844764501044 1.2265239709503811e-24 1.0297299636996436e-16 1.0297292166125589e-16 7.470870844301068e-23
3.1747281389236908 1.3919140624981897e-24 1.1729740303005936e-16 1.1729732618440224e-16 7.684565713026087e-23
3.1986289994194426 1.853281785542201e-24 1.5735290343002037e-16 1.57352822140571e-16 8.128944935162169e-23
3.2227097969389145 2.9407692907272058e-24 2.5156579295882407e-16 2.5156570692210175e-16 8.603672235554876e-23
3.2348180950136065 3.972052958716446e-24 3.410627795554911e-16 3.410626909740727e-16 8.858141835189258e-23
3.240889293275058 4.743053214925836e-24 4.080295594064759e-16 4.080294694815504e-16 8.992492557024152e-23
3.2469718861334385 5.634966705253756e-24 4.856678057873777e-16 4.856677144713785e-16 9.13159992053909e-23
3.2714166318528037 1.0392690371860952e-23 9.024710493771429e-16 9.024709522799031e-16 9.709723965747549e-23
3.2744851364798273 1.0690071249734783e-23 9.291654577384844e-16 9.291653599523212e-16 9.778616297479257e-23
3.2775565192852394 1.0995993790608644e-23 9.566522747601142e-16 9.566521762807582e-16 9.847935586098837e-23
3.283707930232385 1.0701649608223239e-23 9.32791719418059e-16 9.327916196851548e-16 9.973290445094567e-23
3.2898708863219004 9.768428815419564e-24 8.530470847872957e-16 8.530469839006166e-16 1.0088667904550901e-22
3.29141343181113 9.548355567288988e-24 8.342197227798267e-16 8.342196216030045e-16 1.0117682228417294e-22
3.292184975758714 9.440219881559155e-24 8.249654713565157e-16 8.249653700343662e-16 1.0132214965796186e-22
3.295272960557952 8.757653203834669e-24 7.660349265594366e-16 7.660348246696521e-16 1.0188978442745592e-22
3.3076538914384823 6.393156112923977e-24 5.613126138210955e-16 5.61312509643486e-16 1.0417760946975179e-22
3.310756385682612 5.911949290323491e-24 5.195500113838461e-16 5.195499066278418e-16 1.0475600420448615e-22
3.313861789986515 5.4679714309625944e-24 4.809833704991621e-16 4.809832651621713e-16 1.0533699095897363e-22
3.3200813396944477 4.8453316617879685e-24 4.270135601011403e-16 4.2701345351981293e-16 1.0658132725699563e-22
3.345076488085796 3.734531546102587e-24 3.315977828832225e-16 3.3159767076382116e-16 1.1211940143311187e-22
3.3482140837626964 3.776162051850981e-24 3.3560875015332963e-16 3.3560863728327274e-16 1.128700569484872e-22
3.3513546224236106 3.818252810466156e-24 3.396678936810913e-16 3.3966778005605706e-16 1.1362503431744024e-22
3.3576445397418455 4.125940212539703e-24 3.6772832264640797e-16 3.6772820744426243e-16 1.152021455514352e-22
3.3702598118196083 5.260896739194825e-24 4.706440713866363e-16 4.706439528716816e-16 1.185149545938771e-22
3.382922481734668 5.51927189286401e-24 4.956136605415642e-16 4.956135387792622e-16 1.2176230188706154e-22
3.389271646505754 5.6531270255838386e-24 5.08586181075949e-16 5.085860576612936e-16 1.2341465540190652e-22
3.395632727569191 5.7973472232626895e-24 5.225398981967189e-16 5.2253977307830885e-16 1.251184101057154e-22
3.421196662673239 6.489779270490035e-24 5.893555784684565e-16 5.893554462593255e-16 1.3220913097733197e-22
3.4276182099114902 6.350085876406065e-24 5.777520206554842e-16 5.777518868329744e-16 1.3382250956785953e-22
3.4340518103208963 5.738225193646646e-24 5.230628359369035e-16 5.230627005737829e-16 1.353631206962936e-22
3.4469541582030403 4.866854126555218e-24 4.453005895581983e-16 4.453004512072306e-16 1.3835096789236085e-22
3.472904465399547 4.622574425458128e-24 4.261339953320311e-16 4.2613385012630006e-16 1.4520573091305442e-22
3.4990501388274233 4.24901051220142e-24 3.9464572643438913e-16 3.9464557413233487e-16 1.5230205406752881e-22
3.5253949054701885 2.9198348050758934e-24 2.7323446982648116e-16 2.7323431051069057e-16 1.5931579053193418e-22
3.5519380250092896 1.6707699456750444e-24 1.5752571770915128e-16 1.575255512401884e-16 1.6646896287616898e-22
3.578680990867387 1.1755511033031428e-24 1.116693357783391e-16 1.116691614346638e-16 1.743436752626077e-22
3.605625307711299 9.752522532934406e-25 9.33398264016822e-17 9.333964368785481e-17 1.8271382738640178e-22
3.660119384959845 8.291346517483355e-25 8.055448959548532e-17 8.055428897796292e-17 2.00617522392422e-22
3.715437065384467 7.2570843741967865e-25 7.157172998038905e-17 7.157151001406768e-17 2.199663213689027e-22
3.8285932144167436 6.732550509909324e-25 6.842082061594576e-17 6.842055734079144e-17 2.632751543329618e-22
3.94519561050918 6.632590823663706e-25 6.945782505096142e-17 6.945751180696958e-17 3.1324399184206196e-22
4.06534921144712 6.707293488110759e-25 7.237933693807331e-17 7.237896625508598e-17 3.706829873160926e-22
4.189162171576248 6.8834525668626185e-25 7.654255065903125e-17 7.654211398661961e-17 4.36672411656878e-22
4.316745939156006 7.133867869235884e-25 8.174307735425833e-17 8.17425651707382e-17 5.121835201439959e-22
4.448215356677963 7.449504553494143e-25 8.795947490925147e-17 8.79588772107907e-17 5.976984607545959e-22
4.58368876423945 7.831624122432505e-25 9.528760020895767e-17 9.528690541872399e-17 6.947902337149042e-22
4.723288106065518 8.289109958224838e-25 1.0392541581214069e-16 1.0392461012209172e-16 8.056900489721308e-22
4.867139040275056 8.839591122048942e-25 1.142024347731685e-16 1.1420150432602928e-16 9.304471392044835e-22
4.940699165968905 9.171626707940013e-25 1.2028298973370428e-16 1.2028199075914867e-16 9.989745555943063e-22
5.015371051989984 9.515807776200383e-25 1.2668294838955025e-16 1.2668187653314466e-16 1.0718564056001664e-21
5.091171501069577 9.935335513882405e-25 1.3426712747652437e-16 1.3426597699728544e-16 1.1504792389504557e-21
5.129500256944802 1.0150796336845954e-24 1.382116345764393e-16 1.3821044293428437e-16 1.1916421549459327e-21
5.168117569889187 1.0375456592592767e-24 1.423341249581781e-16 1.4233289066473148e-16 1.2342934466772453e-21
5.20702561229733 1.065072016968905e-24 1.4721027411724431e-16 1.472089940304236e-16 1.2800868206953688e-21
5.246226572918644 1.0933093255190043e-24 1.5225078075750878e-16 1.5224945337224445e-16 1.3273852642928448e-21
5.265937586045735 1.1077017307633135e-24 1.5483458510556964e-16 1.5483323349195926e-16 1.3516136103599827e-21
5.285722656980489 1.1222805701855984e-24 1.5746181354001838e-16 1.5746043730392102e-16 1.3762360972953588e-21
5.305582063971359 1.1370488734145943e-24 1.6013328083988892e-16 1.6013187958098803e-16 1.4012589008642316e-21
5.3255160863122235 1.1529077145622301e-24 1.6297675978117608e-16 1.6297533299037198e-16 1.4267908041449142e-21
5.365609099470188 1.1923415153020076e-24 1.698201141658258e-16 1.698186342537189e-16 1.479912106912546e-21
5.406003951863644 1.233282312654647e-24 1.769735223775964e-16 1.769719875632375e-16 1.5348143588965408e-21
5.446702915881641 1.275802858558322e-24 1.8445341140579325e-16 1.8445181985001537e-16 1.5915557778561695e-21
5.487708281020852 1.3217387835685876e-24 1.9253340144797795e-16 1.925317511144156e-16 1.6503335623160743e-21
5.529022354014368 1.3854618374460599e-24 2.0333509664999184e-16 2.0333338434969137e-16 1.7123003004636363e-21
5.570647458961463 1.4529404394703637e-24 2.148438465910513e-16 2.148420701919762e-16 1.7763990750967626e-21
5.612585937458331 1.5244444600763494e-24 2.2711407161369876e-16 2.2711222891096194e-16 1.8427027367881075e-21
5.654840148729818 1.6030259616065285e-24 2.406192239709081e-16 2.4061731249297775e-16 1.9114779303791665e-21
5.67608639626678 1.656474248107842e-24 2.495761718523157e-16 2.4957422426533493e-16 1.9475869808761367e-21
5.686739436050992 1.6840231666908565e-24 2.5420308934646345e-16 2.542011234670279e-16 1.965879435549205e-21
5.6974124697621304 1.7121394605813604e-24 2.5893230154620754e-16 2.589303172138291e-16 1.9843323784356363e-21
5.718818669136295 1.770128770332357e-24 2.687080146413334e-16 2.687059929159171e-16 2.0217254163344714e-21
5.740305295436557 1.8340341412320082e-24 2.794549712813029e-16 2.7945291131066375e-16 2.0599706392435395e-21
5.7835210386641895 1.9997014940115e-24 3.069919050418366e-16 3.069897650026686e-16 2.1400391679617584e-21
5.827062130521658 2.1905037686215988e-24 3.388153567895768e-16 3.388131332798068e-16 2.2235097699962882e-21
5.8489554468988025 2.324268502589626e-24 3.6085609340423953e-16 3.6085382498493324e-16 2.2684193064658954e-21
5.870931020387893 2.4678014189009595e-24 3.845799338325113e-16 3.845776196285685e-16 2.314203942843081e-21
5.892989160043636 2.621888433612078e-24 4.10127870415919e-16 4.101255095344874e-16 2.360881431456509e-21
5.915130176081913 2.7971029648658312e-24 4.3917963492377734e-16 4.3917722555615737e-16 2.4093676199560348e-21
5.95966208400165 3.2868208236131638e-24 5.199566039535654e-16 5.199540867306112e-16 2.517222954184308e-21
6.004529249263818 3.9924701878411564e-24 6.363412542892895e-16 6.363386159467154e-16 2.6383425743883144e-21
6.027089341400364 4.482894978080664e-24 7.171923143835084e-16 7.171896071263824e-16 2.7072571261587835e-21
6.049734195844842 5.0623973747943386e-24 8.129464876299713e-16 8.129437072020945e-16 2.780427876684413e-21
6.095279466722835 6.736126538230221e-24 1.0898664722898101e-15 1.0898635163818499e-15 2.955907960142861e-21
6.141167624020661 9.311653067328814e-24 1.5179140169986686e-15 1.5179108380319544e-15 3.178966713464113e-21
6.164241091010745 1.0956366068984564e-23 1.7927328785939076e-15 1.7927295625846163e-15 3.3160092910993344e-21
6.187401249150058 1.2829843379089172e-23 2.1071675443561435e-15 2.10716408507677e-15 3.459279373473492e-21
6.1990139391386085 1.3744653438309507e-23 2.261652306918917e-15 2.261648774310509e-15 3.5326084079714914e-21
6.204828454712694 1.4226531905815653e-23 2.3431400879303177e-15 2.343136518010391e-15 3.569919927120215e-21
6.210648424152782 1.4578342925021552e-23 2.4033362667862868e-15 2.403332664175925e-15 3.6026103615239084e-21
6.233982942956859 1.577368831501157e-23 2.6101670184095386e-15 2.6101632972171938e-15 3.721192344700399e-21
6.239830258556775 1.5926556517453762e-23 2.6379350352518755e-15 2.637931294416678e-15 3.740835197295062e-21
6.245683058788269 1.5939933187778985e-23 2.6426270228777514e-15 2.642623262296785e-15 3.760580966575848e-21
6.257405133728602 1.5907374988478494e-23 2.6421789370329546e-15 2.6421751399775e-15 3.7970554542492914e-21
6.269149208991335 1.5672650216485043e-23 2.6080774282435223e-15 2.608073608837531e-15 3.81940599045707e-21
6.280915325867298 1.5083613944555507e-23 2.514767158588054e-15 2.5147633344705896e-15 3.82411746422589e-21
6.304513850009849 1.3630878954364736e-23 2.281103008832358e-15 2.2810991913879223e-15 3.81744443585576e-21
6.32820103803542 1.1830081915853035e-23 1.9871811209464054e-15 1.9871773277535357e-15 3.79319286977136e-21
6.3519772230701035 1.0178656526377218e-23 1.7162036636471218e-15 1.7161998894754465e-15 3.7741716752563165e-21
6.375842739491607 8.789362635737095e-24 1.4875254775989744e-15 1.4875217166576104e-15 3.76094136429784e-21
6.399797922933955 7.676061535088764e-24 1.3039896422765397e-15 1.3039858739530787e-15 3.7683234610604565e-21
6.42384311029221 6.750506076946974e-24 1.1510672330800363e-15 1.1510634528059666e-15 3.780274069849535e-21
6.447978639727206 6.07621946372642e-24 1.039983561513386e-15 1.0399797523649843e-15 3.80914840204481e-21
6.472204850670314 5.514588855550032e-24 9.474031545901929e-16 9.473993126847916e-16 3.841905401388752e-21
6.496522083828205 5.149811815169614e-24 8.880587781053038e-16 8.88054889146576e-16 3.888958727925882e-21
6.520930681187647 4.842622341980561e-24 8.38223086351937e-16 8.382191474614228e-16 3.938890514352955e-21
6.57002334288761 4.529079107529422e-24 7.898529636445738e-16 7.89848902835277e-16 4.060809296909866e-21
6.619489833774732 4.497825400634992e-24 7.903083041024886e-16 7.903041003627228e-16 4.203739766053274e-21
6.6693287637831435 4.619775602328596e-24 8.178477071227315e-16 8.178433481115373e-16 4.359011194236215e-21
6.719538636694507 4.7752529667486314e-24 8.517365251340104e-16 8.517320082564917e-16 4.516877518510873e-21
6.770126513364129 5.162634107207347e-24 9.277641007125697e-16 9.277594115231916e-16 4.689189378139941e-21
6.8210952395837445 5.747613135558809e-24 1.0406653034547375e-15 1.0406604229956738e-15 4.880459063655706e-21
6.872447682569556 6.484186476660728e-24 1.182868241087212e-15 1.1828631498389271e-15 5.0912482852735075e-21
6.924186731123532 7.416030234521774e-24 1.3630434375092418e-15 1.3630381158700391e-15 5.32163920272997e-21
6.976315295795916 8.17388604938646e-24 1.5136452850963421e-15 1.5136397240772386e-15 5.561019103855873e-21
7.028836309048954 8.286016932478092e-24 1.5459615165347335e-15 1.5459557197850687e-15 5.796749664339013e-21
7.081752725421856 7.96020755579467e-24 1.496354807107738e-15 1.4963487726042657e-15 6.034503472583872e-21
7.135067521697011 7.743773441052306e-24 1.4666286306222347e-15 1.4666223336824462e-15 6.296939788354132e-21
7.1887836970674375 7.923286233061976e-24 1.5119248136960658e-15 1.5119182148465402e-15 6.5988495254770264e-21
7.242904273305506 8.560820242359175e-24 1.6458776822767045e-15 1.6458707317064029e-15 6.950570301376783e-21
7.297432294932914 9.570075174109942e-24 1.8537657614741544e-15 1.8537583966131033e-15 7.364861051886101e-21
7.352370829391971 1.0724268213121284e-23 2.0929772295780443e-15 2.092969364193517e-15 7.865384526786644e-21
7.379995003818881 1.1442954334142565e-23 2.2416286345237082e-15 2.241620480372382e-15 8.154151325947615e-21
7.407722967218148 1.2235797542022458e-23 2.4059491693510583e-15 2.4059407102216727e-15 8.459129386225408e-21
7.463496598684601 1.4248655598792172e-23 2.822836092487821e-15 2.8228269396654424e-15 9.152822378659257e-21
7.519690156487492 1.6856251090066824e-23 3.3645762198565317e-15 3.3645662431235287e-15 9.976733003129008e-21
7.533803324048627 1.761511769653195e-23 3.522648099012266e-15 3.522637888425502e-15 1.0210586765257438e-20
7.547942979602549 1.8408255665750003e-23 3.688167879092803e-15 3.688157428700047e-15 1.045039275602204e-20
7.57630195363571 2.0080786289684302e-23 4.038382231551292e-15 4.038371281494324e-15 1.0950056967578416e-20
7.590521371821866 2.0926479115280315e-23 4.216355341886709e-15 4.216344129309216e-15 1.1212577494294635e-20
7.604767477414989 2.1807826459826375e-23 4.402179582812545e-15 4.4021681009400436e-15 1.1481872500628878e-20
7.633339951266878 2.3580422969645752e-23 4.777884292558623e-15 4.7778722633936805e-15 1.2029164943759358e-20
7.662019777021956 2.496106516676772e-23 5.076633552683722e-15 5.076621015731981e-15 1.2536951742663504e-20
7.690807358020558 2.591023256705909e-23 5.289476321766265e-15 5.289463336548792e-15 1.2985217473730021e-20
7.719703099118437 2.6397289444048146e-23 5.409154237072661e-15 5.409140870736236e-15 1.3366336425168462e-20
7.748707406692464 2.6323502574955853e-23 5.414300683646661e-15 5.414286984134631e-15 1.3699512032258168e-20
7.777823177463063 2.581870753672959e-23 5.3304269583735935e-15 5.330412804385772e-15 1.4153987821584713e-20
7.807048350752435 2.5044435154982076e-23 5.190002216056611e-15 5.189987582077033e-15 1.4633979577274083e-20
7.836380830085272 2.3973179922857065e-23 4.986669797218904e-15 4.986654709511437e-15 1.5087707469343607e-20
7.851088371676256 2.322969052577637e-23 4.84108516484082e-15 4.841069889967143e-15 1.5274873675532707e-20
7.86582351679805 2.2441696248506758e-23 4.685644234101589e-15 4.68562878500366e-15 1.544909793051587e-20
7.89537682495964 2.070260673712603e-23 4.338776987351324e-15 4.338761238823068e-15 1.574852825705458e-20
7.9250411701946435 1.8825446981175398e-23 3.960192133258504e-15 3.960176076776764e-15 1.605648174053981e-20
7.939915112024199 1.7829007208193208e-23 3.757616488673846e-15 3.757600270798694e-15 1.6217875152961075e-20
7.954816969689239 1.688685049513178e-23 3.565728588413976e-15 3.565712199890277e-15 1.6388523698631815e-20
7.9847046421970465 1.5149322913026756e-23 3.2108610501305384e-15 3.2108442856868998e-15 1.6764443638127548e-20
8.044817289139356 1.2219131106201872e-23 2.609311586268424e-15 2.6092938895613724e-15 1.76967070517503e-20
8.07504310897143 1.1130856943784408e-23 2.3858486150192424e-15 2.3858303351559127e-15 1.827986333025052e-20
8.105382492623747 1.016819558890947e-23 2.187695323760673e-15 2.1876764072195027e-15 1.8916541171066177e-20
8.135835866775926 9.404712461908069e-24 2.0310337190869743e-15 2.0310141053871803e-15 1.9613699794037645e-20
8.166403659710703 8.828692219768274e-24 1.9138004529410237e-15 1.9137800690132755e-15 2.038392774805934e-20
8.197086301319933 8.40220097296845e-24 1.8281928487139316e-15 1.828171627928402e-15 2.122078552923074e-20
8.227884223110665 8.028170301925055e-24 1.7533724631999323e-15 1.7533503495143056e-15 2.2113685626172275e-20
8.258797858211198 7.814479071842301e-24 1.7131141486472534e-15 1.7130908859417753e-15 2.3262705478045425e-20
8.289827641377162 7.752165564385967e-24 1.7058387413971736e-15 1.7058134014854312e-15 2.5339911742285176e-20
8.320974008997652 7.815766897394751e-24 1.7262957317132766e-15 1.7262678918652024e-15 2.783984807469894e-20
8.35223739910135 7.93202657180962e-24 1.7585568937886073e-15 1.7585263011544949e-15 3.059263411266721e-20
8.383618251362687 8.291847073411628e-24 1.8452372420839513e-15 1.8452037626910185e-15 3.3479392932218077e-20
8.415117007108037 8.808843390443104e-24 1.9676528587973893e-15 1.967616220784466e-15 3.663801292394101e-20
8.446734109321913 9.500279566834303e-24 2.1300737582779214e-15 2.130033792748331e-15 3.99655295908615e-20
8.478470002653195 1.0381870232987813e-23 2.3364824171696913e-15 2.336438951924748e-15 4.3465244943987373e-20
8.542299949622933 1.2305570742839487e-23 2.7902685974673015e-15 2.790217606456249e-15 5.099101105272332e-20
8.558332380220154 1.2712471461934469e-23 2.8879427074917036e-15 2.8878897618815336e-15 5.29456101699427e-20
8.574394900937412 1.2968802857752291e-23 2.9517039941108416e-15 2.9516491094121755e-15 5.488469866618253e-20
8.606610438733982 1.2972641546144871e-23 2.9636710442292167e-15 2.9636123660382108e-15 5.867819100618795e-20
8.622764948673899 1.2769163444942784e-23 2.9226608808084096e-15 2.922600309379806e-15 6.057142860378978e-20
8.638949780445296 1.2325855244843527e-23 2.8264899493426875e-15 2.8264275503768362e-15 6.23989658519917e-20
8.655163606183647 1.1875188963882199e-23 2.7282567838060855e-15 2.7281925055093014e-15 6.42782967846941e-20
8.671407862489573 1.1338263427598026e-23 2.609790163408992e-15 2.6097239937199345e-15 6.616968905754656e-20
8.703987895363145 1.006330814508018e-23 2.3250295809013966e-15 2.324959599056182e-15 6.998184521434047e-20
8.736690337257128 8.928101827271604e-24 2.070501315585981e-15 2.07042727664377e-15 7.403894221093907e-20
8.802464289484785 7.001860399235382e-24 1.6360145154733218e-15 1.6359316131405279e-15 8.290233279401061e-20
8.868733419248175 5.714304530433909e-24 1.345223406397403e-15 1.3451296714581537e-15 9.373493924952086e-20
8.935501454478851 4.856357103702969e-24 1.1518580908677011e-15 1.1517497423811211e-15 1.0834848658032132e-19
9.002772151174003 4.277591908725075e-24 1.0222215716088171e-15 1.0220970450069506e-15 1.2452660186646172e-19
9.07054929360775 3.875454956229898e-24 9.330946823106368e-16 9.329527318299694e-16 1.4195048066765667e-19
9.13883669454403 3.582707857272682e-24 8.691039946058739e-16 8.689432754986931e-16 1.6071910718101624e-19
9.207638195451068 3.382142701281206e-24 8.266270381224055e-16 8.26446663134966e-16 1.8037498743933223e-19
9.276957666717493 3.204601326156874e-24 7.891308392012593e-16 7.889284999534742e-16 2.0233924778543125e-19
9.346799007870057 3.0883449563654816e-24 7.662282153211071e-16 7.660033236267009e-16 2.2489169440614434e-19
9.417166147792997 2.983415709730011e-24 7.457674740398691e-16 7.455180759078688e-16 2.493981320001277e-19
9.488063044949055 2.9157366475366166e-24 7.343367959983165e-16 7.340666911854198e-16 2.701048128965139e-19
9.559493687602165 2.85418937424624e-24 7.242476735044272e-16 7.239550059062881e-16 2.926675981392533e-19
9.631462094041797 2.8187845586278066e-24 7.206485822237678e-16 7.203326929467968e-16 3.15889276970673e-19
9.703972312809022 2.787022088887444e-24 7.178924609817832e-16 7.175520754438082e-16 3.4038553797526866e-19
9.777099908821425 2.7764670196168136e-24 7.205630785295408e-16 7.202036797092135e-16 3.593988203273509e-19
9.924867353363874 2.7806643174000637e-24 7.3255916814425e-16 7.321630613370735e-16 3.9610680717674326e-19
10.074868099996943 2.8326370422007997e-24 7.575298178980893e-16 7.571068299642763e-16 4.2298793381304223e-19
10.150790707826552 2.873406293788924e-24 7.742234926301662e-16 7.737903438258205e-16 4.331488043455145e-19
10.22721067892732 2.9428367123189954e-24 7.989006983273285e-16 7.984575220717932e-16 4.431762555353547e-19
10.304205975847633 3.018404411775901e-24 8.255842353525461e-16 8.251309010235443e-16 4.533343290016225e-19
10.381780929913377 3.1361763256832988e-24 8.642547309676122e-16 8.637950691425204e-16 4.596618250915888e-19
10.459939905058707 3.2666849956182905e-24 9.069970618754486e-16 9.065310459895855e-16 4.660158858633051e-19
10.538687298071551 3.468593116854945e-24 9.703073237425327e-16 9.698369072767632e-16 4.704164657696624e-19
10.618027538840941 3.696107765253734e-24 1.0417365589023802e-15 1.0412620767016579e-15 4.74482200722306e-19
10.697971937068667 4.033959049069522e-24 1.1455191992828364e-15 1.1450452994383997e-15 4.738998444365204e-19
10.778518246224262 4.508816675396604e-24 1.2900040444866966e-15 1.2895313147071364e-15 4.727297795597651e-19
10.859664048220797 5.2153834273972444e-24 1.5033914150351425e-15 1.5029203079819014e-15 4.711070532412228e-19
10.941420754335242 6.2875667092473445e-24 1.8261050525685214e-15 1.8256359182847203e-15 4.691342838008453e-19
10.961955922839442 6.663026111112813e-24 1.938782092462512e-15 1.938313537679359e-15 4.685547831524105e-19
10.982529632329763 7.083575324186122e-24 2.065020337382763e-15 2.0645523497132427e-15 4.679876695200945e-19
11.023792963743814 8.107092615562512e-24 2.3722781878269666e-15 2.371811314786799e-15 4.668730401681763e-19
11.065211328886559 9.449618629651275e-24 2.7755140316067334e-15 2.775048304885905e-15 4.657267208274251e-19
11.08597883104876 1.0310854102275222e-23 3.034157492066397e-15 3.0336923310449573e-15 4.651610214395131e-19
11.106785310247485 1.1273367874243915e-23 3.323620962489238e-15 3.3231563803666468e-15 4.64582122590978e-19
11.14851549250461 1.3562484079471232e-23 4.013522630749902e-15 4.01305923593038e-15 4.633948195217636e-19
11.169441129330048 1.47951780305074e-23 4.38652967665898e-15 4.3860668377701415e-15 4.628388888398443e-19
11.190406043337886 1.5897725244034668e-23 4.722264025196999e-15 4.721801819113182e-15 4.622060838155007e-19
11.21140851448765 1.6971809445043396e-23 5.050771921429948e-15 5.050310480020456e-15 4.614414094919132e-19
11.22192452720434 1.7536836752627682e-23 5.223817979379603e-15 5.22335691123084e-15 4.610681487626851e-19
11.232450403670388 1.7787074118450846e-23 5.3033276251655446e-15 5.3028668614105455e-15 4.607637549990221e-19
11.253533585369773 1.8019588335082068e-23 5.382737605052355e-15 5.3822774108399215e-15 4.601942124314477e-19
11.274656339961506 1.8099016624983807e-23 5.416611970054534e-15 5.4161523298956746e-15 4.596401588581021e-19
11.285231677511122 1.8138876454575845e-23 5.433632915775767e-15 5.4331735439680895e-15 4.593718076793596e-19
11.295816934455262 1.7936313262178232e-23 5.377993324372266e-15 5.377534356867711e-15 4.589675045567594e-19
11.317017243752359 1.7404622013095287e-23 5.228366298247963e-15 5.227908218415119e-15 4.580798328437967e-19
11.338257342390673 1.687288990977138e-23 5.078146384050623e-15 5.077689203669889e-15 4.571803807324265e-19
11.359537305047965 1.6299053121725996e-23 4.9146483666755246e-15 4.914192194574579e-15 4.561721009445576e-19
11.402217121831576 1.5010498676599505e-23 4.5431163594145195e-15 4.542662614645355e-15 4.537447691666192e-19
11.423617126015266 1.4339014418020054e-23 4.348028412438754e-15 4.347576033725791e-15 4.523787129621846e-19
11.445057294333186 1.3654021597097466e-23 4.1480882714446365e-15 4.147637463303759e-15 4.508081408756461e-19
11.488058425037956 1.2264347324469938e-23 3.739904477391252e-15 3.7394574251488114e-15 4.470522424394716e-19
11.53122111869469 1.102984304001608e-23 3.3760903875824588e-15 3.375647029151777e-15 4.433584306816978e-19
11.574545982324347 9.932591172576819e-24 3.051658683746605e-15 3.051218958222089e-15 4.397255245154249e-19
11.618033625228566 8.967169752524183e-24 2.7653967834613975e-15 2.7649608568059485e-15 4.359266554487303e-19
11.661684658998247 8.168996716535565e-24 2.5287124578122627e-15 2.5282812576734894e-15 4.3120013877322555e-19
11.705499697522141 7.560832884469173e-24 2.3492488891831734e-15 2.348822828405832e-15 4.26060777341757e-19
11.749479356995494 7.090938316129594e-24 2.2115245412962378e-15 2.2111041965100596e-15 4.2034478617859305e-19
11.793624255928705 6.690514643065309e-24 2.094480134981446e-15 2.0940656639113405e-15 4.1447107010542543e-19
11.83793501515603 6.447261173780352e-24 2.0259123323426252e-15 2.0255046789165092e-15 4.0765342611512433e-19
11.882412257844306 6.241758141577227e-24 1.9687065468784733e-15 1.9683058312680787e-15 4.0071561039465734e-19
11.92705660950172 6.147875192033795e-24 1.9463805492514264e-15 1.9459876796904505e-15 3.9286956097541323e-19
11.971868697986617 6.084015358290636e-24 1.9333998466088596e-15 1.9330150042966667e-15 3.8484231219294404e-19
12.016849153516302 6.134576203392284e-24 1.9567917479089858e-15 1.95641621439656e-15 3.7553351242563307e-19
12.061998608675935 6.207971612368141e-24 1.9876432098868745e-15 1.987277083461358e-15 3.661264255162718e-19
12.152807060118223 6.571764578697891e-24 2.1199617900548656e-15 2.1196169596775867e-15 3.448303772783269e-19
12.198467333490619 6.869302297816553e-24 2.224269104171531e-15 2.223936447428737e-15 3.3265674279426003e-19
12.244299160690385 7.201421576779338e-24 2.3405698192451064e-15 2.3402493949412806e-15 3.2042430382588036e-19
12.290303186275983 7.635738168731534e-24 2.4910535147114847e-15 2.4907470252675684e-15 3.0648944391537e-19
12.3364800572276 8.108668814675507e-24 2.655279587238702e-15 2.654983823607836e-15 2.957636308651231e-19
12.382830422956244 8.653792723342826e-24 2.8444339088057222e-15 2.844138414570403e-15 2.9549423531884856e-19
12.429354935312874 9.226000279871407e-24 3.0439077508280813e-15 3.043612469490836e-15 2.9528133724450133e-19
12.476058240797144 9.779561350431986e-24 3.2386662983471176e-15 3.2383711731207404e-15 2.9512522637791613e-19
12.522937033967983 1.0342300430588055e-23 3.4378963531899862e-15 3.437599913288489e-15 2.9643990149709546e-19
12.569987951963114 1.0787211048481134e-23 3.599262073410267e-15 3.59895841857045e-15 3.0365483981760943e-19
12.593579661530361 1.0941641495827408e-23 3.657641259059224e-15 3.6573339938828324e-15 3.0726517639079557e-19
12.617215648686605 1.1052890125441232e-23 3.701764717908275e-15 3.70145384089164e-15 3.1087701663344585e-19
12.664620788327802 1.1100021115567455e-23 3.731517033480197e-15 3.731198972873329e-15 3.180606068694521e-19
12.71220403757155 1.0961828532954245e-23 3.698905980124391e-15 3.6985807447989605e-15 3.252353254294947e-19
12.736062662318053 1.0815100424799757e-23 3.6562440501218085e-15 3.655915242967209e-15 3.2880715459916686e-19
12.759966065607527 1.0624064232645209e-23 3.598401674707389e-15 3.598069297599941e-15 3.323771074486212e-19
12.807907544139693 1.0096243770880488e-23 3.432475490817006e-15 3.4321360094700434e-15 3.3948134696392984e-19
12.856029147395699 9.507116192347032e-24 3.244330453617556e-15 3.2439837886280833e-15 3.4666498947127706e-19
12.904331552136407 8.879784029067212e-24 3.041636765820729e-15 3.0412827442539686e-15 3.540215667596829e-19
12.95281543766539 8.23888064995003e-24 2.8327080847606034e-15 2.8323465627364076e-15 3.615220241942727e-19
13.00148148583848 7.653842770361532e-24 2.6414464543605736e-15 2.6410772384990474e-15 3.6921586152560206e-19
13.050330381073369 7.119543560504102e-24 2.4662840314932715e-15 2.4659069234125587e-15 3.771080807133955e-19
13.099362810359226 6.635666617785761e-24 2.307300512035532e-15 2.3069152921515358e-15 3.8521988399562516e-19
13.197981031955921 5.827007854249765e-24 2.041373799383696e-15 2.0409715803754246e-15 4.0221900827143446e-19
13.247568211189632 5.500218327939926e-24 1.9341293989928315e-15 1.933718309131359e-15 4.1108986147209113e-19
13.297341698339563 5.2051769578430794e-24 1.837256364446679e-15 1.8368361722437334e-15 4.20192202945382e-19
13.397450398986955 4.730313776823165e-24 1.6822151531765173e-15 1.6817760154668307e-15 4.391377096867868e-19
13.447787020368724 4.540229874970206e-24 1.620683077532873e-15 1.6202341038478258e-15 4.489736850475255e-19
13.498312765455129 4.366320684805508e-24 1.5644603083887969e-15 1.5640012562606563e-15 4.590521281410022e-19
13.59993447169816 4.08193351372399e-24 1.473574764779534e-15 1.4730948559080106e-15 4.799088715235484e-19
13.702321234386334 3.862106594121802e-24 1.4047137515380425e-15 1.4042101810341451e-15 5.035705038974086e-19
13.805478813227746 3.693114186535027e-24 1.3533609543797423e-15 1.3528152752131378e-15 5.456791666044739e-19
13.90941301129231 3.544256650824568e-24 1.3085894023588096e-15 1.307996799941686e-15 5.926024171239587e-19
13.96167316792965 3.4925280705102886e-24 1.2943353297539398e-15 1.2937123423199437e-15 6.229874339962786e-19
14.014129675338197 3.448745148148474e-24 1.2829114089395048e-15 1.2822564823681988e-15 6.54926571305845e-19
14.119634696140762 3.413539495896039e-24 1.279374899779376e-15 1.2786518126290752e-15 7.230871503008724e-19
14.225934008823913 3.388306476422981e-24 1.2794782530860861e-15 1.2786812366713581e-15 7.97016414728086e-19
14.333033593193976 3.363726760073782e-24 1.2797592051311127e-15 1.2788806709946474e-15 8.785341364656614e-19
14.44093947407611 3.334974017116193e-24 1.2783722521887943e-15 1.2774068964732111e-15 9.653557155828428e-19
14.54965772165321 3.307725892168721e-24 1.2774729786375038e-15 1.2764118527830057e-15 1.0611258544984147e-18
14.659194451807393 3.281916292855964e-24 1.2770474631957777e-15 1.275880666446168e-15 1.166796749609518e-18
14.769555826464039 3.2565861345658937e-24 1.2767310991298968e-15 1.2754481868491828e-15 1.2829122807135924e-18
14.992777389284976 3.1943267331597743e-24 1.2712496952748217e-15 1.2697089229653815e-15 1.5407723094401034e-18
15.21937263962189 3.1381461317860397e-24 1.2677667198683311e-15 1.265914532811477e-15 1.852187056854085e-18
15.449392566130673 3.0685585643284205e-24 1.2583899988521326e-15 1.2561649486536686e-15 2.225050198463788e-18
15.682888928090767 3.007823949261042e-24 1.252125651319509e-15 1.2493117978541546e-15 2.8138534653540303e-18
15.919914267052077 2.938041678273435e-24 1.2415611369666247e-15 1.2380084434460843e-15 3.552693520540239e-18
16.03976693895051 2.907952728653394e-24 1.2380974498304817e-15 1.2341313418467961e-15 3.9661079836849775e-18
16.1605219186579 2.9079224853661483e-24 1.2474054617663928e-15 1.2429793933632923e-15 4.426068403100273e-18
16.22123989475974 2.9114249006301265e-24 1.2536002562345106e-15 1.248942027325602e-15 4.658228908908494e-18
16.282185999175777 2.914977469745421e-24 1.2598456681033188e-15 1.2549426782390052e-15 4.9029898643138145e-18
16.312744867225646 2.9167727602665136e-24 1.2629875583062007e-15 1.2579572444972327e-15 5.030313808968306e-18
16.343361089024967 2.9185808384322526e-24 1.2661423518510653e-15 1.260981297088664e-15 5.161054762401331e-18
16.404766024646595 2.9222357324757517e-24 1.272491003434772e-15 1.2670578361466572e-15 5.433167288114539e-18
16.466401669612416 2.925942967166655e-24 1.2788923651250813e-15 1.2731722514675368e-15 5.720113657544199e-18
16.497306278852424 2.9278164913979217e-24 1.282113057030863e-15 1.2762436495683451e-15 5.8694074625177586e-18
16.528268890738765 2.929703448270996e-24 1.285347226725396e-15 1.2793245016299904e-15 6.022725095405504e-18
16.590368558098763 2.9335181734987394e-24 1.2918564270290257e-15 1.2855145465700636e-15 6.34188045896212e-18
16.65270154503456 2.937184343540779e-24 1.2983307291170844e-15 1.2916576665754106e-15 6.673062541673869e-18
16.715268728169598 2.9400375994750894e-24 1.3044747605938458e-15 1.2974771633385162e-15 6.997597255329582e-18
16.778070987420957 2.9429520367357367e-24 1.3106738805062443e-15 1.3033354927567662e-15 7.33838774947798e-18
16.9043842704834 2.9489675514469298e-24 1.3232404961727107e-15 1.3151683798159536e-15 8.072116356756877e-18
17.03164849990255 2.9552379710423525e-24 1.336037280723525e-15 1.3271558213466124e-15 8.88145937691233e-18
17.159870834853997 2.961541449562056e-24 1.34896680544684e-15 1.339199481098858e-15 9.767324347982142e-18
17.289058488411015 2.9659226371395907e-24 1.3611331000793526e-15 1.3504635884211659e-15 1.0669511658186787e-17
17.35401657858945 2.968227699366388e-24 1.3673089439100801e-15 1.356156755099283e-15 1.1152188810797117e-17
17.386587088641786 2.9694092122459325e-24 1.3704204314253608e-15 1.3590185735961398e-15 1.1401857829221083e-17
17.419218727950305 2.970610200670369e-24 1.3735477871548682e-15 1.3618905332277305e-15 1.1657253927138044e-17
17.48466585346766 2.973071105392361e-24 1.3798505981298011e-15 1.3676648317746055e-15 1.2185766355195557e-17
17.550358875560836 2.975611473970945e-24 1.3862184001746402e-15 1.373479563822986e-15 1.2738836351654165e-17
17.682486308455736 2.980604471923062e-24 1.3989980599490502e-15 1.3851183390270338e-15 1.3879720922016772e-17
17.81560845938729 2.982712184621489e-24 1.4105271205804492e-15 1.3958523109172543e-15 1.467480966319492e-17
17.882544892141226 2.9838687409324886e-24 1.4163757150749392e-15 1.4012857533020356e-15 1.5089961772903794e-17
17.949732817065083 2.98508488667344e-24 1.4222767384893364e-15 1.4067632822785115e-15 1.5513456210824913e-17
18.084866926577256 2.9876438322921548e-24 1.4342127299107246e-15 1.4178499981191574e-15 1.6362731791567732e-17
18.221018389814958 2.990642560259197e-24 1.4464605353127719e-15 1.429202071338854e-15 1.7258463973917664e-17
18.496404071615608 3.0014219021658013e-24 1.473614156018515e-15 1.4544577361361056e-15 1.915641988240938e-17
18.635790038622734 3.0132817711502513e-24 1.4905858224775883e-15 1.4703987364848995e-15 2.0187085992688508e-17
18.776226396166493 3.0251028678091812e-24 1.5077102714603184e-15 1.486436418758573e-15 2.1273852701744583e-17
18.91772105982334 3.036060294776156e-24 1.5245744694555537e-15 1.502172134016863e-15 2.2402335438690717e-17
19.203636446149176 3.058170162148434e-24 1.5588867124789818e-15 1.53403818733217e-15 2.484852514681201e-17
19.4938730510763 3.079017281197725e-24 1.5932344665922239e-15 1.5656870221029396e-15 2.7547444489285157e-17
19.78849618389234 3.098946754756167e-24 1.6277823641818743e-15 1.59725373094178e-15 3.052863324009467e-17
20.08757214094514 3.1175867592101917e-24 1.6623230648957333e-15 1.6285068641175002e-15 3.381620077823323e-17
20.391466406516905 3.135348852465893e-24 1.6970856475625085e-15 1.6596363748991017e-15 3.7449272663406816e-17
20.699681925472166 3.1527587788763977e-24 1.732302965237862e-15 1.690886844510111e-15 4.1416120727751024e-17
21.012556099387844 3.1698927748914947e-24 1.7680432760877582e-15 1.722375079751268e-15 4.56681963364902e-17
21.652507708764745 3.220471968866218e-24 1.850960531712367e-15 1.795553873120834e-15 5.5406658591532655e-17
21.979755641372343 3.247437400706392e-24 1.894667829415937e-15 1.83362848480932e-15 6.103934460661682e-17
22.311949477282987 3.2739877985220496e-24 1.9390276741634622e-15 1.871779986147823e-15 6.724768801563822e-17
22.64916396703608 3.2998916404919642e-24 1.983906900195291e-15 1.909820274551471e-15 7.408662564382047e-17
22.991811201917592 3.325528001310105e-24 2.0295662233873082e-15 1.9479366251431448e-15 8.162959824416335e-17
23.339642165776596 3.350621648425033e-24 2.0758167716461307e-15 1.985880441202255e-15 8.993633044387621e-17
23.69273528050995 3.375577889419027e-24 2.122915796656838e-15 2.023829878495589e-15 9.908591816124877e-17
24.414313559781952 3.435207967077589e-24 2.2262143887660377e-15 2.1059857901233306e-15 1.202285986427074e-16
24.78366481022829 3.4689195298011235e-24 2.282071174210673e-15 2.1495917985889514e-15 1.3247937562172162e-16
25.15860378059443 3.504910910896159e-24 2.3406309963019965e-15 2.1946222530048636e-15 1.4600874329713308e-16
25.924826076583233 3.579358807618419e-24 2.4631480727024183e-15 2.2857948571469022e-15 1.7735321555551698e-16
26.714384190886577 3.660126288818554e-24 2.5954380726143748e-15 2.38008526181481e-15 2.1535281079956417e-16
27.527988831636016 3.7486554465397974e-24 2.739172866599458e-15 2.4779250039559407e-15 2.6124786264351707e-16
28.366372352060132 3.848627101718105e-24 2.897871116565833e-15 2.5812221504293637e-15 3.1664896613646977e-16
29.2302894097004 3.963455549719752e-24 3.0752224772203767e-15 2.691968649501013e-15 3.8325382771936365e-16
30.12051764570424 4.0926190375164995e-24 3.272149851810903e-15 2.808445191495176e-15 4.6370466031572725e-16
30.575747924857424 4.162583332370846e-24 3.37838751326549e-15 2.868117726079035e-15 5.102697871864542e-16
31.037858384806153 4.236649594397245e-24 3.4904685245163304e-15 2.9288021528810547e-15 5.616663716352765e-16
31.983137356627505 4.401571130870419e-24 3.736785945627928e-15 3.0566706570628298e-15 6.80115288565099e-16
32.95720543894392 4.595997750329205e-24 4.0206810188077546e-15 3.1968811038636086e-15 8.237999149441472e-16
33.960939423588975 4.817933000665664e-24 4.34320055848441e-15 3.346788629296666e-15 9.964119291877425e-16
34.99524280568484 5.063420684358884e-24 4.7035141570694786e-15 3.5021621539176936e-15 1.2013520031517838e-15
36.06104659690874 5.340626132523502e-24 5.1121070150130555e-15 3.6676328282047785e-15 1.4444741868082757e-15
37.159310163528254 5.658120468949358e-24 5.5809645769222874e-15 3.850853193830673e-15 1.7301113830916127e-15
38.29102208995955 6.01577059218136e-24 6.114453666248989e-15 4.049023102351648e-15 2.065430563897342e-15
39.45720106862597 6.4080552696209276e-24 6.711536507612596e-15 4.257191587393255e-15 2.454344920219344e-15
40.65889681691763 6.842327462421138e-24 7.384632357448289e-15 4.479537921871676e-15 2.905094435576613e-15
41.897191022077855 7.324485461143545e-24 8.145757204512925e-15 4.7217208793507505e-15 3.424036325162177e-15
43.173198314866475 7.854963821903631e-24 9.001768605317187e-15 4.982804324706857e-15 4.018964280610331e-15
44.48806727287728 8.427258668515382e-24 9.951746306947909e-15 5.260813904521107e-15 4.690932402426802e-15
45.8429814544115 9.044064934802566e-24 1.1005403235774397e-14 5.5574656649773936e-15 5.4479375707970015e-15
47.23916046383907 9.700092601673399e-24 1.2163189808484761e-14 5.875005717331597e-15 6.288184091153168e-15
48.67786104940597 1.0394962247030181e-23 1.343147895971221e-14 6.213616882041184e-15 7.217862077671025e-15
50.16037823447602 1.1118809406145436e-23 1.4804321961893322e-14 6.573444457304621e-15 8.230877504588704e-15
51.68804648322576 1.186885131540932e-23 1.628426799150119e-14 6.9542801630972815e-15 9.329987828403908e-15
53.26224090184056 1.2631333529583097e-23 1.7858215952468655e-14 7.354624787446988e-15 1.0503591165021664e-14
54.884378476295105 1.3400990977655307e-23 1.9523384089177792e-14 7.773974036560415e-15 1.1749410052617386e-14
56.55591934783037 1.4164488380005506e-23 2.1264167862195756e-14 8.213830356137824e-15 1.3050337506057934e-14
58.27836812727644 1.49135259152516e-23 2.307050753039301e-14 8.672847419254488e-15 1.439766011113853e-14
60.05327524940399 1.5669091753069784e-23 2.4977556791451382e-14 9.145520001663535e-15 1.5832036789787842e-14
61.88223836852342 1.6430912296126344e-23 2.6989642059275714e-14 9.628988375027257e-15 1.7360653684248458e-14
62.81758386220369 1.680764438250548e-23 2.8025767314083565e-14 9.875731260945547e-15 1.8150036053138018e-14
63.7670670344103 1.7204973843043285e-23 2.9121912444296795e-14 1.0125715700570062e-14 1.8996196743726738e-14
65.70913619443517 1.8031438942700887e-23 3.1450356791843544e-14 1.0634441347101092e-14 2.0815915444742452e-14
67.71035238438829 1.8809285420444674e-23 3.380623481593245e-14 1.1146261575349735e-14 2.2659973240582716e-14
69.77251696707448 1.9510636856735847e-23 3.6134767829432223e-14 1.1654884256065658e-14 2.4479883573366566e-14
71.89748616702131 2.0145091381894372e-23 3.8446107924100123e-14 1.2162673672885109e-14 2.6283434251215024e-14
74.08717274132995 2.070770695037852e-23 4.0723440803369687e-14 1.2669855971096408e-14 2.8053584832273277e-14
76.34354770141287 2.1196680183249184e-23 4.295459395904677e-14 1.3166538927488148e-14 2.978805503155863e-14
78.66864208716851 2.160963128313523e-23 4.512512766565985e-14 1.3644321788679929e-14 3.148080587697991e-14
81.06454879518883 2.195094523994883e-23 4.723388078737448e-14 1.4103461351174795e-14 3.313041943619969e-14
83.5334244626476 2.2245803729538596e-23 4.932621822695104e-14 1.4543937299269677e-14 3.4782280927681363e-14
86.07749140856238 2.245569344094671e-23 5.130804955605326e-14 1.4958658653886715e-14 3.6349390902166556e-14
88.69903963417964 2.254111004097081e-23 5.3071779505881564e-14 1.5341100932579638e-14 3.773067857330192e-14
91.4004288842828 2.2524174536491322e-23 5.4647028373751e-14 1.5689625702795564e-14 3.895740267095544e-14
94.18409077127889 2.2409971348849694e-23 5.602582803350657e-14 1.60030044733049e-14 4.0022823560201676e-14
97.05253096397554 2.2207505280191858e-23 5.721054337341459e-14 1.6277579695010245e-14 4.0932963678404335e-14
100.00833144301866 2.1962423142760186e-23 5.830232435425905e-14 1.6511311613519083e-14 4.1791012740739985e-14
103.05415282502196 2.1647894366786395e-23 5.921757115627283e-14 1.6701838054018905e-14 4.2515733102253914e-14
106.19273675747671 2.1307073572615054e-23 6.006037672353398e-14 1.6845848094730474e-14 4.321452862880352e-14
109.4269083866038 2.0908612168120924e-23 6.073216586124738e-14 1.6943622619911287e-14 4.3788543241336096e-14
112.75957890036308 2.0414447449006632e-23 6.110271500801781e-14 1.699869378078508e-14 4.410402122723276e-14
116.1937481489129 1.984992214883402e-23 6.122249186011407e-14 1.7008850134656133e-14 4.421364172545794e-14
119.73250734487735 1.919753138220551e-23 6.101363455735521e-14 1.6969384744426718e-14 4.4044249812928477e-14
123.37904184585196 1.84874352525342e-23 6.054628380406027e-14 1.688339550241428e-14 4.3662888301645994e-14
127.13663402165271 1.7712196093822018e-23 5.97740322993283e-14 1.6758931537194952e-14 4.301510076213338e-14
131.0086662088879 1.6898352963598592e-23 5.876433628462742e-14 1.6595320477341334e-14 4.216901580728607e-14
134.99862375551584 1.604298768304447e-23 5.748890335466652e-14 1.6387653802184333e-14 4.1101249552482173e-14
139.11009815812417 1.5168197211682538e-23 5.6009546553600185e-14 1.6139635013077005e-14 3.986991154052318e-14
143.3467902947586 1.4293056953040814e-23 5.4385425449085727e-14 1.5860762318013566e-14 3.852466313107218e-14
147.71251375620898 1.342742419094203e-23 5.264770340059844e-14 1.555295861747706e-14 3.709474478312139e-14
152.21119827875228 1.2642508861601924e-23 5.107981371054303e-14 1.521345477721577e-14 3.5866358933327277e-14
156.84689328144228 1.1927068950373294e-23 4.965684055603447e-14 1.484502001232345e-14 3.481182054371102e-14
159.21741877681018 1.1571339092003408e-23 4.890391551161803e-14 1.4652267663571594e-14 3.4251647848046425e-14
161.62377151112827 1.1212946468943123e-23 4.810546519100008e-14 1.445459109428302e-14 3.365087409671705e-14
166.54613279848823 1.0493515134595563e-23 4.639006479383414e-14 1.404579632733227e-14 3.234426846650186e-14
171.61840792845166 9.801899719882794e-24 4.465227151866355e-14 1.3619261180885902e-14 3.103301033777765e-14
176.84516262850022 9.146797408042994e-24 4.293699809530865e-14 1.3177389876181199e-14 2.975960821912744e-14
179.5181642894721 8.828528541345191e-24 4.206938439744982e-14 1.2952056926149863e-14 2.911732747129996e-14
182.2315681744764 8.505190549147764e-24 4.114121311746295e-14 1.2724388257283495e-14 2.8416824860179457e-14
187.78155384880017 7.855684580166311e-24 3.915672841546856e-14 1.226363672861719e-14 2.6893091686851366e-14
190.61961427604518 7.545231701033736e-24 3.8177685869188486e-14 1.2031083429681454e-14 2.6146602439507038e-14
193.5005680909718 7.245456070473725e-24 3.721494702223149e-14 1.1797470403088678e-14 2.5417476619142818e-14
199.3937587803602 6.683312257530793e-24 3.5373069395095255e-14 1.1328474382055378e-14 2.404459501303987e-14
205.46643057848152 6.1678084812014706e-24 3.3638853785859486e-14 1.0858428149802483e-14 2.2780425636057015e-14
211.72404970390772 5.711138951676255e-24 3.209684551687479e-14 1.0389034227296503e-14 2.170781128957829e-14
218.17224885259444 5.280787931152248e-24 3.058212566082869e-14 9.923368784668111e-15 2.0658756876160576e-14
224.8168322680627 4.858128643349986e-24 2.899127182818318e-14 9.464430945050002e-15 1.952684088313318e-14
231.66378096599615 4.4556858633800135e-24 2.7399468453236095e-14 9.012386378394249e-15 1.838708207484183e-14
238.71925811795668 4.0717655969286495e-24 2.5801185298768436e-14 8.566998360553548e-15 1.7234186938214896e-14
245.98961459906556 3.7108295072241376e-24 2.423021157859484e-14 8.131319189077954e-15 1.6098892389516884e-14
249.71106150874405 3.534532247799736e-24 2.342821291508637e-14 7.918213781222497e-15 1.550999913386387e-14
253.4888082224776 3.360975999356222e-24 2.2614845954720718e-14 7.708632577622237e-15 1.4906213377098484e-14
261.20898134247824 3.0367542209218766e-24 2.1055578706834503e-14 7.298621174045241e-15 1.375695753278926e-14
269.1642775569489 2.7528399698038872e-24 1.9668345105904177e-14 6.898985898118057e-15 1.2769359207786116e-14
277.3618576987742 2.4953811976931493e-24 1.8371857531156656e-14 6.512130560548073e-15 1.1859726970608585e-14
285.8091006888481 2.240167417282841e-24 1.6995187593021764e-14 6.141074570146469e-15 1.0854113022875291e-14
294.5136101780917 2.00349552737826e-24 1.566257557884861e-14 5.7846285391774695e-15 9.87794703967114e-15
303.4832213917586 1.799208661581983e-24 1.449391304764924e-14 5.441184908696577e-15 9.052728138952662e-15
312.7260081821858 1.617168923494097e-24 1.3424212597957336e-14 5.1118247475972325e-15 8.312387850360098e-15
322.25029029634635 1.455212526256226e-24 1.244770177158932e-14 4.797925406703195e-15 7.649776364886127e-15
332.0646408647343 1.3093250813622852e-24 1.1540896694045205e-14 4.498864657124684e-15 7.0420320369205215e-15
342.17789411833206 1.1752390576220589e-24 1.0674501399355457e-14 4.2138139516093376e-15 6.460687447746122e-15
352.59915334060224 1.0529763902114765e-24 9.855288263493734e-15 3.9427223857594804e-15 5.91256587773425e-15
363.337799061663 9.43402422631225e-25 9.098650881542444e-15 3.685678755424892e-15 5.4129721261175545e-15
374.40349750202313 8.450288529764678e-25 8.398096642058983e-15 3.4423005545944997e-15 4.955796087464485e-15
380.062092440151 7.996009082649952e-25 8.066725279410727e-15 3.325632828050713e-15 4.7410924513600146e-15
385.80620927347337 7.565030570662929e-25 7.747281445674212e-15 3.212247125603888e-15 4.535034320070325e-15
397.5561983449763 6.76796141647427e-25 7.14209851220807e-15 2.9950596810928085e-15 4.147038831115258e-15
409.6640412816112 6.045042639481601e-25 6.573499686430174e-15 2.7900654759819824e-15 3.783434210448192e-15
415.8555509384264 5.709589979528852e-25 6.30255809454641e-15 2.6920081108496167e-15 3.610549983696794e-15
422.1406367649012 5.390856467737107e-25 6.040659593031817e-15 2.5968499391396537e-15 3.443809653892165e-15
434.9972154030873 4.804990851671996e-25 5.548153588460116e-15 2.4152838816711574e-15 3.1328697067889587e-15
448.24534984018095 4.281646202721418e-25 5.094434749343579e-15 2.2449158503985366e-15 2.8495188989450425e-15
461.89696517289525 3.814144180499746e-25 4.676399957083537e-15 2.08487204601187e-15 2.591527911071669e-15
475.9643496848308 3.396769489159166e-25 4.2915080713327795e-15 1.9346002676810293e-15 2.356907803651751e-15
490.4601659075747 3.0220780641683234e-25 3.934403088293154e-15 1.7940950892695047e-15 2.1403079990236504e-15
505.39746201868155 2.6850899669477896e-25 3.602146166889079e-15 1.6630447243321555e-15 1.939101442556924e-15
520.7896835867783 2.3845089166143083e-25 3.2963305574809655e-15 1.5407412093930248e-15 1.7555893480879407e-15
536.6506856743796 2.1175817963965e-25 3.01648601771751e-15 1.42670286542275e-15 1.5897831522947609e-15
552.9947453093008 1.8798219847761647e-25 2.7593523604349082e-15 1.3203582954930518e-15 1.438994064941857e-15
569.8365743358964 1.6679333237505968e-25 2.522890719074493e-15 1.2212430648870242e-15 1.3016476541874687e-15
587.1913326576936 1.4792299138631743e-25 2.3056041772879107e-15 1.128945301165547e-15 1.1766588761223642e-15
605.0746418833327 1.311284170398126e-25 2.106081649018783e-15 1.0430676539798727e-15 1.063013995038911e-15
623.502599388115 1.1619087683588098e-25 1.9230019763118322e-15 9.632269926811882e-16 9.597749836306443e-16
642.4917928037942 1.0291310415219994e-25 1.75512355727807e-15 8.890550369086006e-16 8.660685203694693e-16
662.0593149496696 9.111737677310365e-26 1.601280966537712e-15 8.20200863263947e-16 7.81080103273765e-16
682.2227792184137 8.064392577865558e-26 1.4603848218702168e-15 7.563281426996677e-16 7.040566791705492e-16
703.0003354304876 7.134937579532748e-26 1.3314202049727293e-15 6.971176121855219e-16 6.343025927872073e-16
724.4106861714122 6.310515532344883e-26 1.2134422751582485e-15 6.422669699195715e-16 5.711753052386768e-16
746.4731036265977 5.57959603147296e-26 1.10557027607467e-15 5.914859073348625e-16 5.140843687398076e-16
769.2074469289008 4.931858851399829e-26 1.0069862764266055e-15 5.444994406718737e-16 4.624868357547317e-16
792.6341800345017 4.358082051533125e-26 9.169330606018714e-16 5.010501969320736e-16 4.1588286366979784e-16
816.7743901432078 3.8500292772321157e-26 8.347099244679869e-16 4.608954388276424e-16 3.738144856403444e-16
841.6498066797607 3.4003415910612823e-26 7.596672581146813e-16 4.2380512639706e-16 3.3586213171762137e-16
867.2828208532309 3.002450756950344e-26 6.912037255597844e-16 3.895622856840902e-16 3.0164143987569405e-16
893.6965058121084 2.650515041338553e-26 6.287670374279755e-16 3.5796464112692306e-16 2.7080239630105246e-16
920.9146374132232 2.3393329881792765e-26 5.7184832587583205e-16 3.288225467598163e-16 2.430257791160158e-16
948.9617156232121 2.0642689556539643e-26 5.19977325866002e-16 3.0195761274580094e-16 2.1801971312020083e-16
977.8629865717667 1.821199467166126e-26 4.727210650349474e-16 2.7720277670567184e-16 1.9551828832927566e-16
1007.6444652765354 1.6064628564170188e-26 4.2968228148840135e-16 2.544022372354235e-16 1.752800442529779e-16
1038.332959060126 1.4168049985145146e-26 3.904956075874785e-16 2.3341020149150744e-16 1.5708540609597098e-16
1069.95609168029 1.2493390191921252e-26 3.548262102603913e-16 2.140910885989331e-16 1.4073512166145812e-16
1102.542328195006 1.101504013750447e-26 3.223671566742134e-16 1.963187711025591e-16 1.2604838557165438e-16
1136.1210005848498 9.710276412974286e-27 2.9283677368275555e-16 1.799755417075456e-16 1.1286123197521004e-16
1170.7223341557005 8.558944541864791e-27 2.659766728057032e-16 1.6495160566104866e-16 1.010250671446546e-16
1206.3774747455793 7.543198845407111e-27 2.415506490838686e-16 1.5114523171089795e-16 9.040541737297072e-17
1243.1185167600695 6.64724770369765e-27 2.1934302631571843e-16 1.3846228599059664e-16 8.088074032512177e-17
1280.9785320615858 5.857102117747163e-27 1.991563143401766e-16 1.2681520482816554e-16 7.234110951201109e-17
1319.9915997384837 5.160369356380346e-27 1.8080955947977264e-16 1.1612249933967355e-16 6.468706014009914e-17
1360.1928367808064 4.546094891734225e-27 1.6413772627538232e-16 1.063088264033258e-16 5.78288998720565e-17
1401.618429690285 4.004605814335463e-27 1.4899064695485512e-16 9.730477188835596e-17 5.1685875066499124e-17
1444.305667053031 3.527345754904325e-27 1.3523109984566575e-16 8.904600209720881e-17 4.618509774845691e-17
1488.2929731042755 3.1067437583739722e-27 1.2273355075507486e-16 8.147270065679899e-17 4.1260850098275896e-17
1533.6199423153234 2.7361145366560457e-27 1.1138365212281689e-16 7.452969303221903e-17 3.685395909059783e-17
1580.327375033885 2.4095573842159996e-27 1.0107733197790564e-16 6.816622673474611e-17 3.2911105243159545e-17
1628.457314209858 2.1218623545106684e-27 9.171978329001885e-17 6.233544144122776e-17 2.93843418487911e-17
1678.0530832396191 1.8684260271164204e-27 8.322446969550866e-17 5.699392414842373e-17 2.6230545547084924e-17
1729.1593249628888 1.645186177968274e-27 7.551261258466729e-17 5.210165820905069e-17 2.34109543756166e-17
1781.8220418472597 1.4485615752450354e-27 6.851264290433881e-17 4.762189640313673e-17 2.08907465012021e-17
1836.0886373966016 1.2753923434945736e-27 6.215940970066487e-17 4.352077650743716e-17 1.863863319322771e-17
1892.007958820556 1.1228902856776747e-27 5.639358664457559e-17 3.976703952769604e-17 1.6626547116879542e-17
1949.6303410035755 9.88595440406052e-28 5.116115153788964e-17 3.633186594229932e-17 1.482928559559033e-17
2009.0076518130663 8.70341618716523e-28 4.6413121249142586e-17 3.318887516546931e-17 1.3224246083673265e-17
2070.1933387874215 7.66219544763262e-28 4.2104989721741633e-17 3.0313818064885726e-17 1.17911716568559e-17
2133.242477245972 6.745436952813263e-28 3.8196163465316946e-17 2.7684291566213278e-17 1.0511871899103666e-17
2198.211819864143 5.938289201656286e-28 3.464976681303637e-17 2.5279719941068678e-17 9.370046871967684e-18
2265.1598477584885 5.227673467097568e-28 3.143234194787846e-17 2.3081232195203486e-17 8.351109752674981e-18
2334.1468231275226 4.602062823567668e-28 2.8513474853554096e-17 2.1071492797903995e-17 7.441982055650102e-18
2405.2348434957767 4.051305102387144e-28 2.586555911668788e-17 1.9234586309326448e-17 6.6309728073614285e-18
2478.487897609897 3.5664599801557203e-28 2.346354297030303e-17 1.7555915412009556e-17 5.907627558293477e-18
2553.971923037092 3.1396458784409224e-28 2.1284635547733646e-17 1.6022069368255852e-17 5.262566179477799e-18
2631.7548655177807 2.7639200874153345e-28 1.9308136027380697e-17 1.462074145497947e-17 4.6873945724012315e-18
2711.906740125872 2.4331718665063684e-28 1.7515275381026294e-17 1.3340659387687965e-17 4.174615993338327e-18
2794.4996942916955 2.142019069717944e-28 1.5889009781266784e-17 1.2171483173867933e-17 3.717526607398847e-18
2879.6080727443887 1.8857236409086333e-28 1.441387864286231e-17 1.1103743378385707e-17 3.310135264476607e-18
2967.308484432098 1.6601153073842792e-28 1.3075863716596975e-17 1.012877099259216e-17 2.947092724004817e-18
3057.6798714803062 1.4615199669100884e-28 1.1862226173209249e-17 9.238613568453239e-18 2.6236126047560098e-18
