Dust emission spectrum from A.P. Jones, M. Kohler, N. Ysard, M. Bocchio, and L. Verstraete (2017), A&A, 602A, 46J 
inside the DustPedia framework.

lambda    nu*dP/dnu     j_nu    j_nu(carb.) j_nu(sil)
 (um)   (erg s-1 H-1) (Jy cm2 sr-1 H-1)
0.9927057738263894 7.808478130634511e-26 2.05757833869256e-18 2.0575783386881988e-18 4.360861228480643e-30
1.0001793341362166 7.936884203353246e-26 2.1071592261002537e-18 2.1071592260949998e-18 5.253728687043543e-30
1.0077091589558085 8.065090340277615e-26 2.157316550670536e-18 2.1573165506642143e-18 6.321312439049141e-30
1.0114953028030835 8.129102622342106e-26 2.1826088383879585e-18 2.1826088383810278e-18 6.930554482385864e-30
1.0152956718711033 8.193045999696551e-26 2.2080421579286806e-18 2.208042157921085e-18 7.596071092017308e-30
1.0229392996569957 8.320638014178809e-26 2.259310525004292e-18 2.2593105249951755e-18 9.116263527111044e-30
1.0267826658714554 8.38413126107971e-26 2.2851043145858266e-18 2.285104314575844e-18 9.982421489078503e-30
1.0306404723013447 8.447527503786484e-26 2.311033496688499e-18 2.3110334966775718e-18 1.0927348642213683e-29
1.03451277320114 8.510820619780716e-26 2.337096943615144e-18 2.3370969436031868e-18 1.1957860209330917e-29
1.0383996230291617 8.57400452140263e-26 2.3632935138834505e-18 2.363293513870369e-18 1.3081328599248136e-29
1.0403485208654093 8.605553624248887e-26 2.376441359854571e-18 2.376441359840891e-18 1.3680388280677248e-29
1.0423010764483396 8.637073157014948e-26 2.389622052495989e-18 2.389622052481683e-18 1.4305726097706163e-29
1.0462171883269815 8.700020512140731e-26 2.41608139121053e-18 2.4160813911948905e-18 1.5639670591344687e-29
1.0471985131304309 8.715737699653092e-26 2.422716525262507e-18 2.4227165252465167e-18 1.5991348739864717e-29
1.048180758391296 8.731446840432317e-26 2.429359741975305e-18 2.429359741958955e-18 1.6350604560128175e-29
1.0501480137395462 8.762840610575192e-26 2.4426703488105653e-18 2.4426703487934727e-18 1.7092474521655028e-29
1.0521189612883777 8.794201081701916e-26 2.456013062081415e-18 2.4560130620635482e-18 1.7866561650255872e-29
1.0531058218030118 8.809844391780031e-26 2.4626896447247623e-18 2.462689644706496e-18 1.8266126422760533e-29
1.0540936079674168 8.825399790009834e-26 2.46935199371748e-18 2.4693519936988056e-18 1.8674336026632165e-29
1.058054026499678 8.887530272637607e-26 2.4960792520764956e-18 2.496079252056099e-18 2.03963462871439e-29
1.0590464539527713 8.903039661278398e-26 2.502780436232288e-18 2.5027804362114374e-18 2.0850058346075077e-29
1.06003981227728 8.918539575927298e-26 2.509489329642922e-18 2.5094893296216077e-18 2.131343323137242e-29
1.0620293250338977 8.949510622245644e-26 2.5229301667256836e-18 2.522930166703413e-18 2.2269958845507342e-29
1.0660195594769086 9.011335065630951e-26 2.5499034969315095e-18 2.549903496907201e-18 2.4307839122419452e-29
1.070024785945596 9.072997874142773e-26 2.5769979906726135e-18 2.5769979906460907e-18 2.652364954746329e-29
1.0740450607676866 9.134493364620617e-26 2.6042123849111366e-18 2.6042123848822045e-18 2.893212286402848e-29
1.07808044048254 9.195815900306036e-26 2.6315454058634698e-18 2.631545405831921e-18 3.154914041048737e-29
1.0861967418109137 9.317810844559171e-26 2.6865307671073866e-18 2.686530767069908e-18 3.747858860346123e-29
1.0902777775684922 9.37822447447267e-26 2.714108573746107e-18 2.7141085737052775e-18 4.082931851613744e-29
1.0943741465085532 9.438438776553517e-26 2.741797782490407e-18 2.7417977824459417e-18 4.4465364264915013e-29
1.1026131145906286 9.558248008666263e-26 2.7975050666939897e-18 2.7975050666413024e-18 5.268712626874042e-29
1.1109141095355224 9.677196290178039e-26 2.8536418534301256e-18 2.8536418533677763e-18 6.234947687128409e-29
1.1192775983109025 9.795131156331918e-26 2.910164243237097e-18 2.910164243163408e-18 7.369000114871984e-29
1.1277040513999907 9.911501940804714e-26 2.966907757275172e-18 2.966907757188189e-18 8.698287432773231e-29
1.1361939428280308 1.002687451038412e-25 3.0240396583725633e-18 3.0240396582700195e-18 1.0254402918030303e-28
1.1447477501889525 1.0141210460949436e-25 3.0815486422338533e-18 3.0815486421131168e-18 1.207370733137682e-28
1.1533659546722406 1.0254535046660101e-25 3.139442508655801e-18 3.139442508513821e-18 1.4198012250720932e-28
1.1707974979042381 1.0478520070757643e-25 3.2565006430859793e-18 3.2565006428903718e-18 1.956078753874218e-28
1.1884924949847024 1.0697977522229514e-25 3.3749516676403687e-18 3.374951667372204e-18 2.681636901667181e-28
1.2064549276569216 1.0914637775652908e-25 3.4953435010381985e-18 3.495343500672352e-18 3.6584579378625497e-28
1.2246888378427687 1.112612013946003e-25 3.616920289234185e-18 3.616920288737486e-18 4.967006932386983e-28
1.2431983285522175 1.1331929666577133e-25 3.7395015790757615e-18 3.7395015784046235e-18 6.711387840521695e-28
1.2619875648066055 1.153199123834808e-25 3.863036506546165e-18 3.863036505643605e-18 9.025599119686012e-28
1.3004222497298317 1.191153305439782e-25 4.111700614159135e-18 4.111700612549494e-18 1.6096414663916975e-27
1.3400274889804893 1.2263274073740645e-25 4.362039309422812e-18 4.36203930660408e-18 2.818729855062753e-27
1.3808389325824078 1.2585924892927326e-25 4.613150169683837e-18 4.613150164834877e-18 4.848960075364142e-27
1.4228933163050095 1.2881097318232678e-25 4.865132065526648e-18 4.8651320573282856e-18 8.198361883547759e-27
1.466228494730424 1.3155991930767015e-25 5.120291507227379e-18 5.120291493597098e-18 1.363028144130239e-26
1.5108834753276823 1.3405225889054046e-25 5.3761891610726124e-18 5.376189138779392e-18 2.229322113579181e-26
1.5568984535646726 1.3624452719913254e-25 5.630523643128721e-18 5.630523607221541e-18 3.590717918386389e-26
1.6043148490894465 1.3814103216650503e-25 5.882768156795971e-18 5.882768099737222e-18 5.70587496560868e-26
1.6531753430134553 1.3974786368397736e-25 6.132443135734039e-18 6.132443046382196e-18 8.935184238021315e-26
1.7035239163302658 1.4108467743789765e-25 6.379659763365145e-18 6.379659625443807e-18 1.3792133597303338e-25
1.755405889504358 1.4226393174756015e-25 6.6289049415465995e-18 6.62890473159209e-18 2.099545104594876e-25
1.8088679632656115 1.4325805491608162e-25 6.878525479838824e-18 6.878525164526524e-18 3.1531229826996488e-25
1.8639582606462262 1.4404845106352646e-25 7.127122259578942e-18 7.12712179221714e-18 4.673617991094787e-25
1.9207263702978936 1.4464887836175388e-25 7.374795846674718e-18 7.374795162717808e-18 6.839569063533626e-25
1.979223391128241 1.4509115363128793e-25 7.622636003831082e-18 7.6226350151918e-18 9.886392819737388e-25
2.039501978296691 1.4541330088511388e-25 7.872228600365518e-18 7.872227188351622e-18 1.412013897527661e-24
2.1016163906111602 1.4572153010298354e-25 8.129177429743653e-18 8.129175436249336e-18 1.9934943146692236e-24
2.1656225393682647 1.4607743833220502e-25 8.39721630145653e-18 8.39721351841636e-18 2.7830401708169518e-24
2.231578038680979 1.4648549938785533e-25 8.677130874214243e-18 8.677127031024926e-18 3.843189317111298e-24
2.299542257339062 1.4698260356972594e-25 8.971741745347986e-18 8.97173649401762e-18 5.2513303638609806e-24
2.369576372248914 1.4765023898697286e-25 9.28697546118597e-18 9.28696835890776e-18 7.102278213232643e-24
2.4417434235010123 1.4858461519205775e-25 9.630377328673656e-18 9.630367817963135e-18 9.510710520852034e-24
2.5161083711144245 1.4995044208310678e-25 1.0014897901649742e-17 1.0014885287406345e-17 1.2614243395449105e-23
2.5927381535095444 1.5201726705078458e-25 1.0462151682275353e-17 1.0462135106065805e-17 1.6576209546128006e-23
2.6717017477616296 1.551070001070419e-25 1.0999901745843954e-17 1.099988015831757e-17 2.158752638334711e-23
2.753070231689431 1.5970426740547031e-25 1.1670870348275964e-17 1.1670842478896761e-17 2.786937920391371e-23
2.836916847834745 1.6690705502594635e-25 1.2568710812639116e-17 1.2568675135850989e-17 3.567678812255712e-23
2.9233170693905177 1.7913365382847958e-25 1.3900247716387338e-17 1.390020242277579e-17 4.5293611551287224e-23
2.967498994190263 1.8951829088743358e-25 1.492832717445199e-17 1.4928276373248262e-17 5.080120372640965e-23
3.0123486681368425 2.0164718795853065e-25 1.612377916973913e-17 1.6123722266353327e-17 5.690338580153365e-23
3.0578761833420214 2.28785673961624e-25 1.8570267337090618e-17 1.8570203665411612e-17 6.367167900639275e-23
3.1040917844459814 2.6376181969372372e-25 2.173281173045007e-17 2.1732740615397107e-17 7.111505296875662e-23
3.127460860933648 3.0075899239368825e-25 2.4967780496393502e-17 2.4967705364832116e-17 7.513156138887461e-23
3.1510058709225794 3.5005611015593845e-25 2.92790046045927e-17 2.927892526336427e-17 7.934122843468853e-23
3.162844764501044 3.959391072849523e-25 3.3241124692890077e-17 3.324104316421624e-17 8.152867384974683e-23
3.1747281389236908 4.493016290290278e-25 3.786290812213748e-17 3.786282435526801e-17 8.376686948140436e-23
3.1986289994194426 5.981558468023775e-25 5.078642650688982e-17 5.078633809659671e-17 8.841029311427001e-23
3.2227097969389145 9.490311572249009e-25 8.118412293093384e-17 8.118402957550101e-17 9.335543284342787e-23
3.2348180950136065 1.2817724156129792e-24 1.1006017980379269e-16 1.1006008380268651e-16 9.600110617473242e-23
3.240889293275058 1.5305360395018328e-24 1.31667075521823e-16 1.3166697812486523e-16 9.739695777405474e-23
3.2469718861334385 1.8183135443301968e-24 1.5671722576194856e-16 1.5671712692041616e-16 9.884153241637362e-23
3.2714166318528037 3.353379819316878e-24 2.911977646031931e-16 2.911976597714412e-16 1.0483175204722531e-22
3.2744851364798273 3.4493307196229334e-24 2.9981081342833643e-16 2.9981070788518067e-16 1.0554315571643506e-22
3.2775565192852394 3.548037516008211e-24 3.086795268584454e-16 3.0867942059979266e-16 1.06258652799483e-22
3.283707930232385 3.453071437893266e-24 3.0098130304610314e-16 3.0098119549710424e-16 1.0754899888851166e-22
3.2898708863219004 3.1519715504102475e-24 2.7525205877179426e-16 2.752519500384904e-16 1.0873330383443112e-22
3.29141343181113 3.08096547986981e-24 2.691774673029853e-16 2.6917735827201187e-16 1.0903097352070537e-22
3.292184975758714 3.046075728585596e-24 2.6619160684266015e-16 2.661914976626121e-16 1.0918004799164797e-22
3.295272960557952 2.825849773623666e-24 2.4717804797956137e-16 2.471779382177683e-16 1.0976179315484275e-22
3.3076538914384823 2.0629469175691695e-24 1.8112464423230204e-16 1.8112453212846534e-16 1.1210383670222035e-22
3.310756385682612 1.9076829286082163e-24 1.6764972745917013e-16 1.676496147638474e-16 1.1269532269033166e-22
3.313861789986515 1.7644299661146053e-24 1.5520590822877158e-16 1.5520579493956103e-16 1.1328921056451284e-22
3.3200813396944477 1.5635307244738756e-24 1.377921817510293e-16 1.377920671888885e-16 1.1456214078764384e-22
3.345076488085796 1.2051249328916143e-24 1.0700585894399465e-16 1.0700573871906435e-16 1.2022493030908705e-22
3.3482140837626964 1.2185574114699292e-24 1.0830004757159145e-16 1.0829992657978264e-16 1.209918087893109e-22
3.3513546224236106 1.2321383831588646e-24 1.0960977968352542e-16 1.0960965792076866e-16 1.217627567028163e-22
3.3576445397418455 1.3314171117921071e-24 1.1866380898444132e-16 1.1866368561141522e-16 1.233730260898425e-22
3.3702598118196083 1.697618993017951e-24 1.5187036624093335e-16 1.5187023948850222e-16 1.2675243115205354e-22
3.382922481734668 1.780991082217351e-24 1.5992752790288598e-16 1.5992739784566008e-16 1.3005722587566267e-22
3.389271646505754 1.8241832369073813e-24 1.6411348654343612e-16 1.6411335480695527e-16 1.3173648084423666e-22
3.395632727569191 1.8707217764139536e-24 1.6861621858343513e-16 1.6861608511605459e-16 1.334673805931593e-22
3.421196662673239 2.0941710596482726e-24 1.90177715578563e-16 1.9017757492194146e-16 1.4065662162133349e-22
3.4276182099114902 2.049098756410941e-24 1.8643384831026753e-16 1.8643370602724257e-16 1.4228302500060078e-22
3.4340518103208963 1.8516702609022932e-24 1.6878736285218385e-16 1.6878721902022638e-16 1.4383195745862746e-22
3.4469541582030403 1.5705009772885465e-24 1.4369549464662428e-16 1.4369534781975902e-16 1.4682686525367567e-22
3.472904465399547 1.4916709880163045e-24 1.375103263548361e-16 1.3751017265655944e-16 1.5369827666550545e-22
3.4990501388274233 1.3711256150156288e-24 1.273493823601514e-16 1.2734922157671582e-16 1.6078343558666649e-22
3.5253949054701885 9.422353067334766e-25 8.817319529158141e-17 8.817302754199302e-17 1.677495883885795e-22
3.5519380250092896 5.391766190707182e-25 5.0835355346778393e-17 5.0835180526542865e-17 1.7482023553259277e-22
3.578680990867387 3.7936424468402373e-25 3.603701540739559e-17 3.603683282173078e-17 1.8258566480686263e-22
3.605625307711299 3.1471766762844956e-25 3.012112236888422e-17 3.012093155877293e-17 1.908101112885217e-22
3.660119384959845 2.6754060647831674e-25 2.5992879389955697e-17 2.5992671101461005e-17 2.0828849469463414e-22
3.715437065384467 2.3413241961978675e-25 2.3090901872747226e-17 2.3090674862234045e-17 2.270105131823276e-22
3.8285932144167436 2.17132587594763e-25 2.206651075819036e-17 2.2066242449033283e-17 2.683091570729018e-22
3.94519561050918 2.138165647220196e-25 2.2391300685206587e-17 2.239098568529944e-17 3.149999071440142e-22
4.06534921144712 2.161159375077987e-25 2.332137140903689e-17 2.3321003900316293e-17 3.675087205965764e-22
4.189162171576248 2.216635004765338e-25 2.4648516931985592e-17 2.464809048126011e-17 4.264507254749754e-22
4.316745939156006 2.2957558040711058e-25 2.6305806011342995e-17 2.630531377391381e-17 4.922374291890777e-22
4.448215356677963 2.395534739616246e-25 2.828509954057055e-17 2.828453481387326e-17 5.647266972848966e-22
4.58368876423945 2.516293881585677e-25 3.061582139903685e-17 3.0615176698064155e-17 6.447009726978919e-22
4.723288106065518 2.660799318918501e-25 3.3359996067718393e-17 3.3359262675241825e-17 7.333924765769306e-22
4.867139040275056 2.834621695481982e-25 3.6621682475495956e-17 3.662085261545334e-17 8.298600426158999e-22
4.940699165968905 2.9395580659097156e-25 3.85513763177199e-17 3.855049479001792e-17 8.815277019715816e-22
5.015371051989984 3.0481868939563717e-25 4.058019161910474e-17 4.057925610015231e-17 9.35518952437052e-22
5.091171501069577 3.1808803174128146e-25 4.298673783777855e-17 4.298574497570783e-17 9.928620707408568e-22
5.129500256944802 3.248965799090039e-25 4.4237403537022234e-17 4.4236381065843685e-17 1.0224711785612207e-21
5.168117569889187 3.3199494073027633e-25 4.554422155562942e-17 4.5543168648931775e-17 1.0529066976470439e-21
5.20702561229733 3.407184840446e-25 4.709283563355684e-17 4.7091749968639387e-17 1.0856649174588594e-21
5.246226572918644 3.4966377511259426e-25 4.869306565023447e-17 4.8691946459499914e-17 1.1191907345638422e-21
5.265937586045735 3.5422178803335814e-25 4.9513133420586045e-17 4.951199717520587e-17 1.1362453801911787e-21
5.285722656980489 3.5883793104444087e-25 5.034683205810239e-17 5.034567856148462e-17 1.1534966177704508e-21
5.305582063971359 3.635131430586319e-25 5.119441528629326e-17 5.119324434025307e-17 1.1709460401812235e-21
5.3255160863122235 3.685380025974798e-25 5.209708354009103e-17 5.209589485567699e-17 1.188684414037522e-21
5.365609099470188 3.8106991264321918e-25 5.4274161588545834e-17 5.4272936120729086e-17 1.2254678167428774e-21
5.406003951863644 3.940789870310595e-25 5.654953915601257e-17 5.654827603049244e-17 1.2631255201138609e-21
5.446702915881641 4.0758835455966476e-25 5.892843235416481e-17 5.892713068123751e-17 1.3016729273095945e-21
5.487708281020852 4.221895488692846e-25 6.149898218173349e-17 6.149764094566519e-17 1.3412360683028949e-21
5.529022354014368 4.425161766440103e-25 6.494518081635565e-17 6.494379811513215e-17 1.3827012234707116e-21
5.570647458961463 4.640436324269942e-25 6.861734746197963e-17 6.861592228950007e-17 1.425172479546319e-21
5.612585937458331 4.8685857990007845e-25 7.253293726137602e-17 7.253146859227628e-17 1.4686690997332866e-21
5.654840148729818 5.119445529343331e-25 7.684448286772591e-17 7.684296951209091e-17 1.5133556349989619e-21
5.67608639626678 5.290474329985727e-25 7.971004270480042e-17 7.970850597288483e-17 1.5367319156016028e-21
5.686739436050992 5.378637682143874e-25 8.119046948522589e-17 8.118892095639886e-17 1.5485288270206942e-21
5.6974124697621304 5.468623445724711e-25 8.270373341025878e-17 8.270217301150934e-17 1.5603987494569748e-21
5.718818669136295 5.654238054262792e-25 8.583212178316054e-17 8.583053742402876e-17 1.5843591317859963e-21
5.740305295436557 5.85889459953065e-25 8.92729958097818e-17 8.927138706184457e-17 1.6087479372310342e-21
5.7835210386641895 6.390148456842334e-25 9.810083425656023e-17 9.809917478285441e-17 1.6594737058221114e-21
5.827062130521658 7.002319660832577e-25 1.0830811926576044e-16 1.0830640744284595e-16 1.7118229144734094e-21
5.8489554468988025 7.432003690276279e-25 1.1538614470965468e-16 1.1538440481214474e-16 1.7398975099761315e-21
5.870931020387893 7.893158836449018e-25 1.2300627108006746e-16 1.230045027206477e-16 1.768359419765393e-21
5.892989160043636 8.38832005677306e-25 1.3121396765582147e-16 1.3121217044240167e-16 1.7972134197865097e-21
5.915130176081913 8.951556793775952e-25 1.405504729025432e-16 1.4054864579977966e-16 1.827102763540594e-21
5.95966208400165 1.0526884324152333e-24 1.6652940081416705e-16 1.6652750708730115e-16 1.893726865863617e-21
6.004529249263818 1.2798118751495613e-24 2.0398326238407498e-16 2.0398129428658003e-16 1.9680974949276697e-21
6.027089341400364 1.4377186409577575e-24 2.300122498034244e-16 2.3001023946660117e-16 2.010336823283003e-21
6.049734195844842 1.6243405873898277e-24 2.608451841035121e-16 2.608431291033541e-16 2.055000157915842e-21
6.095279466722835 2.1634769139518536e-24 3.500381025663811e-16 3.500359404644274e-16 2.1621019537264052e-21
6.141167624020661 2.9932782621220994e-24 4.879411848787803e-16 4.879388870101673e-16 2.297868612832519e-21
6.164241091010745 3.523190614947247e-24 5.76481254204278e-16 5.764788727846649e-16 2.3814196131399436e-21
6.187401249150058 4.1268694031336816e-24 6.7779512260086975e-16 6.777926547305066e-16 2.467870363106744e-21
6.1990139391386085 4.42162465835325e-24 7.275685526578213e-16 7.275660406626448e-16 2.5119951763781232e-21
6.204828454712694 4.57689377303817e-24 7.538241469391711e-16 7.538216125874901e-16 2.5343516808768496e-21
6.210648424152782 4.690227448917182e-24 7.732150207628984e-16 7.732124669320302e-16 2.5538308681814113e-21
6.233982942956859 5.075249274369285e-24 8.398320038794258e-16 8.398293802107428e-16 2.623668682605896e-21
6.239830258556775 5.124451592782922e-24 8.48769184866806e-16 8.487665500998973e-16 2.6347669089061607e-21
6.245683058788269 5.1286885743459446e-24 8.502677432099963e-16 8.502650973029188e-16 2.6459070772208567e-21
6.257405133728602 5.11804289918715e-24 8.500953272842153e-16 8.500926610405887e-16 2.666243626465312e-21
6.269149208991335 5.042228675674945e-24 8.390746054702268e-16 8.390719277641618e-16 2.6777060649799055e-21
6.280915325867298 4.852208315034251e-24 8.089688692728995e-16 8.089661911467989e-16 2.6781261006368116e-21
6.304513850009849 4.3836515861200265e-24 7.335961867352051e-16 7.335935178153231e-16 2.6689198823113735e-21
6.32820103803542 3.8029063902259755e-24 6.388006302185088e-16 6.387979812290767e-16 2.6489894321608553e-21
6.3519772230701035 3.270325787717726e-24 5.514033294724442e-16 5.514006970267931e-16 2.6324456510745936e-21
6.375842739491607 2.8222863140618855e-24 4.776481493864183e-16 4.776455300223872e-16 2.6193640311936626e-21
6.399797922933955 2.4631698594409224e-24 4.184369769830904e-16 4.184343577034438e-16 2.6192796465800646e-21
6.42384311029221 2.164603074295638e-24 3.690987968968526e-16 3.6909617505624837e-16 2.621840604187515e-21
6.447978639727206 1.947003022979885e-24 3.3324193607617826e-16 3.3323930131997314e-16 2.6347562050374105e-21
6.472204850670314 1.7657299622709236e-24 3.0335137944622747e-16 3.033487295757795e-16 2.6498704479752122e-21
6.496522083828205 1.6478836102298474e-24 2.841691226560433e-16 2.841664490942906e-16 2.673561752687493e-21
6.520930681187647 1.5486029359529238e-24 2.6805202653429247e-16 2.6804932774436945e-16 2.6987899230639864e-21
6.57002334288761 1.446974641241536e-24 2.523464884512942e-16 2.523437265890961e-16 2.7618621981609163e-21
6.619489833774732 1.4362992786678744e-24 2.523706782720784e-16 2.5236784208455995e-16 2.836187518350246e-21
6.6693287637831435 1.4749840720364723e-24 2.6111925019681417e-16 2.6111633382650453e-16 2.9163703096226266e-21
6.719538636694507 1.5244787486316803e-24 2.71913182619157e-16 2.719101860281524e-16 2.9965910045911384e-21
6.770126513364129 1.6487035366370333e-24 2.9628440099488465e-16 2.962813176851527e-16 3.0833097319331514e-21
6.8210952395837445 1.8365647659473004e-24 3.3252920549653627e-16 3.325260265053581e-16 3.1789911780814663e-21
6.872447682569556 2.073219202747734e-24 3.782039829621571e-16 3.782006992401791e-16 3.2837219780281177e-21
6.924186731123532 2.3727625077947357e-24 4.3610641579674513e-16 4.3610301850207445e-16 3.397294670677354e-21
6.976315295795916 2.6161512223660635e-24 4.844605049431364e-16 4.844569905070826e-16 3.514436053906114e-21
7.028836309048954 2.6512910044491815e-24 4.946639495687503e-16 4.946603204053954e-16 3.629163354665679e-21
7.081752725421856 2.54517558856546e-24 4.784405055004862e-16 4.78436761214436e-16 3.7442860501577395e-21
7.135067521697011 2.474211173544811e-24 4.686021579723729e-16 4.685982873419984e-16 3.870630374532505e-21
7.1887836970674375 2.530743858062255e-24 4.829176081190943e-16 4.829135932570945e-16 4.014861999768492e-21
7.242904273305506 2.734735651008585e-24 5.257720928013662e-16 5.257679111224341e-16 4.1816789321528665e-21
7.297432294932914 3.0583210878269177e-24 5.924102806993061e-16 5.924059019480959e-16 4.3787512102682796e-21
7.352370829391971 3.4283718796575326e-24 6.69090341275647e-16 6.690857178756729e-16 4.623399973954132e-21
7.379995003818881 3.658891421373864e-24 7.16762082698583e-16 7.167573176379289e-16 4.7650606542871e-21
7.407722967218148 3.913250251397194e-24 7.694701681256881e-16 7.6946525440007e-16 4.9137256179694145e-21
7.463496598684601 4.5593034753576e-24 9.032547890297502e-16 9.032495399286368e-16 5.249101113235809e-21
7.519690156487492 5.396497225557354e-24 1.077162777097671e-15 1.0771571338109228e-15 5.643286748052775e-21
7.533803324048627 5.64015131063006e-24 1.1279100506063708e-15 1.1279042958640165e-15 5.754742354119864e-21
7.547942979602549 5.89482887828147e-24 1.1810526166299086e-15 1.1810467481398419e-15 5.868490067111274e-21
7.57630195363571 6.4319080432675124e-24 1.2935003033345722e-15 1.2934941991699573e-15 6.104164614954566e-21
7.590521371821866 6.70343537234708e-24 1.3506364537238272e-15 1.3506302258467463e-15 6.227877080950323e-21
7.604767477414989 6.986428626059897e-24 1.4102970560167804e-15 1.4102907018289158e-15 6.354187864050176e-21
7.633339951266878 7.555585259941401e-24 1.530918770245613e-15 1.5309121609621741e-15 6.609283438907015e-21
7.662019777021956 7.998623027555564e-24 1.6267766525852723e-15 1.6267698079791457e-15 6.844606126388403e-21
7.690807358020558 8.302890929243023e-24 1.695003889246207e-15 1.6949968390901404e-15 7.050156066426454e-21
7.719703099118437 8.458547299712886e-24 1.7332683744935653e-15 1.7332611516964102e-15 7.222797154354062e-21
7.748707406692464 8.433872525235393e-24 1.7347053891914442e-15 1.7346980082788084e-15 7.380912636188438e-21
7.777823177463063 8.270634418791813e-24 1.7075220595788463e-15 1.7075144228952878e-15 7.636683558347391e-21
7.807048350752435 8.020785607057537e-24 1.6621614669102477e-15 1.6621535479215562e-15 7.918988691613872e-21
7.836380830085272 7.675503420793335e-24 1.5965842333009512e-15 1.596576039198611e-15 8.194102340623573e-21
7.851088371676256 7.43606140939849e-24 1.5496808506311871e-15 1.549672537922029e-15 8.312709157755591e-21
7.86582351679805 7.182327208040142e-24 1.4996116914301226e-15 1.4996032668694609e-15 8.424560661555358e-21
7.89537682495964 6.622482243042207e-24 1.3879157306179471e-15 1.3879071091076222e-15 8.621510324871543e-21
7.9250411701946435 6.018318525216844e-24 1.2660362169801494e-15 1.2660273900100083e-15 8.826970141301781e-21
7.939915112024199 5.697622461507462e-24 1.200822898190333e-15 1.2008139629700944e-15 8.935220238476566e-21
7.954816969689239 5.394424560430991e-24 1.1390551410824924e-15 1.1390460921845303e-15 9.048897962006897e-21
7.9847046421970465 4.835293472123526e-24 1.0248283414859217e-15 1.0248190452823437e-15 9.296203578160231e-21
8.044817289139356 3.892190425060577e-24 8.311505526705492e-16 8.311406598223143e-16 9.892848235010705e-21
8.07504310897143 3.541707568384327e-24 7.591489262245416e-16 7.591386708680991e-16 1.025535644264588e-20
8.105382492623747 3.231678370875312e-24 6.952981576764372e-16 6.952875121467421e-16 1.0645529695016874e-20
8.135835866775926 2.9856263646901353e-24 6.447733350531864e-16 6.447622821398734e-16 1.105291331305805e-20
8.166403659710703 2.7997864649537135e-24 6.069112470325986e-16 6.068997494834869e-16 1.1497549111615914e-20
8.197086301319933 2.6619794612627105e-24 5.792067852412372e-16 5.791948137947979e-16 1.1971446439339496e-20
8.227884223110665 2.541044135718636e-24 5.549703914821512e-16 5.549579164322599e-16 1.2475049891205217e-20
8.258797858211198 2.471583236625995e-24 5.418280826267738e-16 5.418149554881083e-16 1.3127138665449757e-20
8.289827641377162 2.4507184008742945e-24 5.392725887682242e-16 5.392582372667253e-16 1.4351501498893763e-20
8.320974008997652 2.4702635842664703e-24 5.456157454167948e-16 5.455999219290913e-16 1.5823487703516203e-20
8.35223739910135 2.5066947746226523e-24 5.557426386092982e-16 5.557251998068048e-16 1.7438802493338307e-20
8.383618251362687 2.62127404976441e-24 5.833287150028695e-16 5.833096131975695e-16 1.91018052998719e-20
8.415117007108037 2.78626312829663e-24 6.223743988572428e-16 6.223534829078764e-16 2.0915949366284756e-20
8.446734109321913 3.0071999864526435e-24 6.742493978175598e-16 6.74226597257221e-16 2.2800560338684397e-20
8.478470002653195 3.2891098707557934e-24 7.402276476873785e-16 7.402028890896844e-16 2.4758597693895997e-20
8.542299949622933 3.9043613331413145e-24 8.853077235258705e-16 8.852787992862527e-16 2.8924239617709997e-20
8.558332380220154 4.0344114987781e-24 9.165133075660744e-16 9.164833063200558e-16 3.0001246018173075e-20
8.574394900937412 4.116166894315227e-24 9.36841001875081e-16 9.368099285299906e-16 3.107334509050524e-20
8.606610438733982 4.116460127155857e-24 9.404278720089514e-16 9.403946881561597e-16 3.3183852791719394e-20
8.622764948673899 4.050720850784641e-24 9.27146356980183e-16 9.271121141450377e-16 3.4242835145720475e-20
8.638949780445296 3.908065879814045e-24 8.961738322608144e-16 8.96138559082885e-16 3.527317792946e-20
8.655163606183647 3.763069963663983e-24 8.645438137892883e-16 8.645074823791279e-16 3.633141016029859e-20
8.671407862489573 3.590385772289808e-24 8.264187484441408e-16 8.263813518872079e-16 3.7396556932957784e-20
8.703987895363145 3.1805358754515024e-24 7.348319148070708e-16 7.347923724869847e-16 3.954232008599419e-20
8.736690337257128 2.815667305393658e-24 6.5297674386534005e-16 6.529349329371911e-16 4.181092814890546e-20
8.802464289484785 2.1963152467991224e-24 5.131784153695952e-16 5.131317191641629e-16 4.6696205432342883e-20
8.868733419248175 1.7817640251532068e-24 4.1945098630067954e-16 4.1939840852713877e-16 5.257777354084627e-20
8.935501454478851 1.5049974795649124e-24 3.56963766575262e-16 3.5690329177233275e-16 6.04748029293414e-20
9.002772151174003 1.3177359529717609e-24 3.1490103440318843e-16 3.1483196366788177e-16 6.907073530669379e-20
9.07054929360775 1.1870822981755586e-24 2.858142314651626e-16 2.8573606720097163e-16 7.816426419090343e-20
9.13883669454403 1.0914818385228617e-24 2.647749310551121e-16 2.6468713617770424e-16 8.779487740790925e-20
9.207638195451068 1.0253867590303545e-24 2.5061403211227793e-16 2.5051635469067964e-16 9.767742159837675e-20
9.276957666717493 9.666825577314306e-25 2.380449049300807e-16 2.37936302762668e-16 1.0860216741269882e-19
9.346799007870057 9.275673636606798e-25 2.301324158050814e-16 2.3001285119553585e-16 1.1956460954555565e-19
9.417166147792997 8.920710100786919e-25 2.229919020942562e-16 2.2286058958770173e-16 1.313125065545284e-19
9.488063044949055 8.684653633334304e-25 2.1872553986814626e-16 2.185848392997231e-16 1.4070056842310177e-19
9.559493687602165 8.468021903626068e-25 2.1487520128216285e-16 2.147243814919539e-16 1.508197902088953e-19
9.631462094041797 8.334769074145402e-25 2.130861508397557e-16 2.1292517433180538e-16 1.6097650795030794e-19
9.703972312809022 8.2128933302382855e-25 2.1155103966109073e-16 2.1137953090022083e-16 1.7150876086988907e-19
9.777099908821425 8.158537708480553e-25 2.1173458953362364e-16 2.1155566385030963e-16 1.789256833139642e-19
9.924867353363874 8.129900741894913e-25 2.1418023338201462e-16 2.1398773165628843e-16 1.92501725726213e-19
10.074868099996943 8.252821890880863e-25 2.2070454389338497e-16 2.2050400061554886e-16 2.0054327783615496e-19
10.150790707826552 8.361047331200658e-25 2.252838131802263e-16 2.250810430723854e-16 2.0277010784081412e-19
10.22721067892732 8.560746778797796e-25 2.324011573987608e-16 2.321963306092519e-16 2.0482678950896089e-19
10.304205975847633 8.779731197960612e-25 2.4014037480830983e-16 2.399335343754717e-16 2.0684043283805854e-19
10.381780929913377 9.133492822145352e-25 2.5169708466815887e-16 2.514900598770119e-16 2.0702479114704774e-19
10.459939905058707 9.527705319290296e-25 2.645373135947494e-16 2.6433015299064296e-16 2.0716060410645848e-19
10.538687298071551 1.0150117324229056e-24 2.839402848574955e-16 2.8373391023185955e-16 2.063746256360216e-19
10.618027538840941 1.0854339006288704e-24 3.059261927335832e-16 3.0572078408261933e-16 2.0540865096373806e-19
10.697971937068667 1.1911418338630826e-24 3.382473206003069e-16 3.3804488792617715e-16 2.0243267412977335e-19
10.778518246224262 1.340685659643822e-24 3.835795615206989e-16 3.833803488176961e-16 1.9921270300295828e-19
10.859664048220797 1.564388567890436e-24 4.509521448395827e-16 4.507563385467309e-16 1.9580629285196014e-19
10.941420754335242 1.9051646422249926e-24 5.533191041973721e-16 5.531268511213696e-16 1.9225307600239635e-19
10.961955922839442 2.0247281577387027e-24 5.891477279041905e-16 5.889564057816207e-16 1.9132212257003513e-19
10.982529632329763 2.158733817543898e-24 6.29319098365947e-16 6.291287017853586e-16 1.9039658058841173e-19
11.023792963743814 2.4851661549611563e-24 7.272034183035052e-16 7.270148688947372e-16 1.8854940876813402e-19
11.065211328886559 2.9137848482948844e-24 8.558282665661395e-16 8.556415969518739e-16 1.8666961426558538e-19
11.08597883104876 3.188892080957018e-24 9.383898465493653e-16 9.382041279258131e-16 1.857186235522153e-19
11.106785310247485 3.496439745377455e-24 1.0308224269312627e-15 1.0306376701575225e-15 1.847567737403262e-19
11.14851549250461 4.2281594163635785e-24 1.2512319575497068e-15 1.2510491552551044e-15 1.8280229460244591e-19
11.169441129330048 4.622303496536413e-24 1.3704378156364897e-15 1.3702559767397566e-15 1.818388967332044e-19
11.190406043337886 4.974668144922706e-24 1.477676589415005e-15 1.4774957393385108e-15 1.8085007649424212e-19
11.21140851448765 5.3179017131320765e-24 1.5825954645900183e-15 1.582415646235367e-15 1.798183546516e-19
11.22192452720434 5.498515962922296e-24 1.6378807051799352e-15 1.6377013989339544e-15 1.7930624598054782e-19
11.232450403670388 5.5782778076236756e-24 1.6631984890269895e-15 1.6630196335675383e-15 1.7885545945100989e-19
11.253533585369773 5.651938815820443e-24 1.6883240082761426e-15 1.6881460194635227e-15 1.7798881261991358e-19
11.274656339961506 5.6765418093698266e-24 1.6988560732467492e-15 1.698678938059152e-15 1.771351875975108e-19
11.285231677511122 5.688888862117677e-24 1.7041482063567854e-15 1.7039714902037861e-15 1.7671615299958396e-19
11.295816934455262 5.623582124157506e-24 1.6861651935212365e-15 1.6859889241465872e-15 1.7626937464913103e-19
11.317017243752359 5.452448048622333e-24 1.6379209843750603e-15 1.6377456234454307e-15 1.7536092962932627e-19
11.338257342390673 5.281331961668609e-24 1.5894951574707344e-15 1.5893207052912025e-15 1.744521795311344e-19
11.359537305047965 5.0967361619140856e-24 1.5368172535212032e-15 1.53664374621952e-15 1.7350730168303267e-19
11.402217121831576 4.6824487857834824e-24 1.4172020623123488e-15 1.4170305830583253e-15 1.7147925402323843e-19
11.423617126015266 4.466610673474816e-24 1.3544131799717074e-15 1.3542427654112634e-15 1.7041456044390073e-19
11.445057294333186 4.246393294315558e-24 1.290053197501602e-15 1.2898839237340272e-15 1.692737675744506e-19
11.488058425037956 3.79953730360963e-24 1.1586353678546757e-15 1.158468601566648e-15 1.6676628802790108e-19
11.53122111869469 3.402679120500674e-24 1.0415154802359826e-15 1.0413511786163173e-15 1.6430161966537015e-19
11.574545982324347 3.050042572346105e-24 9.370856748231711e-16 9.369237958217067e-16 1.618790014645234e-19
11.618033625228566 2.739749168922694e-24 8.449146997688024e-16 8.44755293195274e-16 1.594065735280021e-19
11.661684658998247 2.4827258141413484e-24 7.685276311647036e-16 7.683710506894431e-16 1.5658047526055362e-19
11.705499697522141 2.286471107850468e-24 7.104362432478563e-16 7.102826307101106e-16 1.5361253774568471e-19
11.749479356995494 2.1344827486803742e-24 6.657032921782121e-16 6.655528493252927e-16 1.5044285291967644e-19
11.793624255928705 2.0047832896229123e-24 6.276017614594373e-16 6.274545191474668e-16 1.4724231197055574e-19
11.83793501515603 1.925321052818278e-24 6.04990485027359e-16 6.048467757097456e-16 1.4370931761328515e-19
11.882412257844306 1.8579548811843592e-24 5.860156474227285e-16 5.858754801301173e-16 1.4016729261127194e-19
11.92705660950172 1.826276911317632e-24 5.781883572297594e-16 5.780520365907479e-16 1.363206390114076e-19
11.971868697986617 1.8041977168208822e-24 5.733443102177839e-16 5.732118618958208e-16 1.3244832196325127e-19
12.016849153516302 1.8186929681061616e-24 5.80122126448164e-16 5.79993981169552e-16 1.281452786119355e-19
12.061998608675935 1.84047532835554e-24 5.892759371002852e-16 5.89152082282697e-16 1.238548175882978e-19
12.152807060118223 1.9533657710530854e-24 6.301292060973521e-16 6.300146830249255e-16 1.1452307242643223e-19
12.198467333490619 2.0467320037351077e-24 6.627285513223261e-16 6.626191603952307e-16 1.0939092709556396e-19
12.244299160690385 2.1511413218550582e-24 6.991531326397793e-16 6.990488337562698e-16 1.0429888350957491e-19
12.290303186275983 2.2881530214221955e-24 7.464781400641378e-16 7.463794751717621e-16 9.866489237564757e-20
12.3364800572276 2.4375135072074678e-24 7.981926512515503e-16 7.980984594599289e-16 9.419179162136106e-20
12.382830422956244 2.60987462239263e-24 8.578453530138977e-16 8.57752078704605e-16 9.32743092926469e-20
12.429354935312874 2.7909104769712892e-24 9.20797070779908e-16 9.207046919886739e-16 9.237879123420251e-20
12.476058240797144 2.9658892474815592e-24 9.82204130252153e-16 9.82112625444998e-16 9.150480715507946e-20
12.522937033967983 3.143828955297523e-24 1.0450439119428962e-15 1.0449527911393406e-15 9.112080355572121e-20
12.569987951963114 3.284090283363653e-24 1.095769939926252e-15 1.095677261284485e-15 9.267864176708221e-20
12.593579661530361 3.332482731046235e-24 1.1140034460848817e-15 1.113909991108264e-15 9.345497661786882e-20
12.617215648686605 3.3670850935496635e-24 1.1276830457951791e-15 1.127588816201411e-15 9.422959376820709e-20
12.664620788327802 3.3802837686011965e-24 1.1363569788927532e-15 1.1362612139910373e-15 9.576490171550904e-20
12.71220403757155 3.33430509500625e-24 1.1251116561804112e-15 1.1250143653482333e-15 9.729083217820702e-20
12.736062662318053 3.2865375501398463e-24 1.1110745985905354e-15 1.1109765507243234e-15 9.804786621193987e-20
12.759966065607527 3.2246226851564696e-24 1.0921891487545543e-15 1.0920903461523525e-15 9.880260220176898e-20
12.807907544139693 3.054277771620563e-24 1.0383796024687787e-15 1.0382793034816752e-15 1.0029898710316219e-19
12.856029147395699 2.8643953604396867e-24 9.774830675316618e-16 9.773812649174557e-16 1.0180261420605112e-19
12.904331552136407 2.662322183206733e-24 9.119385120622529e-16 9.118351809406266e-16 1.0333112162667166e-19
12.95281543766539 2.455790734309687e-24 8.44354781083207e-16 8.442499051652649e-16 1.0487591794185076e-19
13.00148148583848 2.2672593185393133e-24 7.8246238755552e-16 7.823559380852034e-16 1.0644947031641448e-19
13.050330381073369 2.095075275606109e-24 7.257558933508168e-16 7.256478409850922e-16 1.0805236572480085e-19
13.099362810359226 1.939047830968647e-24 6.742300828169473e-16 6.74120395921788e-16 1.0968689515937723e-19
13.197981031955921 1.6774721302979656e-24 5.876682753206121e-16 5.875552121935616e-16 1.1306312705056796e-19
13.247568211189632 1.5714162837441665e-24 5.525821433317563e-16 5.524673414331229e-16 1.1480189863346677e-19
13.297341698339563 1.4755443850050554e-24 5.20818664635268e-16 5.207020918416135e-16 1.1657279365419307e-19
13.397450398986955 1.3205080397215593e-24 4.69604922446156e-16 4.694847133770896e-16 1.2020906906641614e-19
13.447787020368724 1.2580760107394787e-24 4.490835391608709e-16 4.489614677347371e-16 1.2207142613384654e-19
13.498312765455129 1.2008300431711465e-24 4.3025949655957195e-16 4.30135531740977e-16 1.2396481859510462e-19
13.59993447169816 1.1065451200350382e-24 3.9946191173652423e-16 3.993340874023974e-16 1.2782433412675278e-19
13.702321234386334 1.0328254004111485e-24 3.7565613675798247e-16 3.755238241979632e-16 1.3231256001922576e-19
13.805478813227746 9.75283543723399e-25 3.573977410004563e-16 3.572560354988111e-16 1.4170550164531754e-19
13.90941301129231 9.241924015931251e-25 3.4122483262715685e-16 3.410727372577914e-16 1.5209536936538831e-19
13.96167316792965 9.058485936325968e-25 3.3570863697461463e-16 3.35549608427664e-16 1.5902854695056565e-19
14.014129675338197 8.900296765333362e-25 3.3108541723715584e-16 3.3091915034834694e-16 1.6626688880881953e-19
14.119634696140762 8.749855207643892e-25 3.2793952268084094e-16 3.277580100968982e-16 1.8151258394262914e-19
14.225934008823913 8.630895147419424e-25 3.259162865765163e-16 3.2571852317593553e-16 1.9776340058063867e-19
14.333033593193976 8.513823465456529e-25 3.239158447739158e-16 3.237004004781291e-16 2.154442957867413e-19
14.44093947407611 8.383513724806426e-25 3.2135936491954563e-16 3.21125482541182e-16 2.3388237836365177e-19
14.54965772165321 8.257806197275773e-25 3.1892377493615574e-16 3.186698146153872e-16 2.539603207684723e-19
14.659194451807393 8.136489532986516e-25 3.166041541046534e-16 3.1632832531330805e-16 2.758287913453694e-19
14.769555826464039 8.0165488585901065e-25 3.14285476033343e-16 3.1398595034193027e-16 2.9952569141280286e-19
14.992777389284976 7.7400096134659245e-25 3.080300070872743e-16 3.076793789320454e-16 3.506281552287362e-19
15.21937263962189 7.482268951515179e-25 3.022730990680902e-16 3.018624006632669e-16 4.106984048232347e-19
15.449392566130673 7.1822139462473795e-25 2.9453653922854357e-16 2.9405605041532473e-16 4.804888132188959e-19
15.682888928090767 6.909568384231758e-25 2.876381051347238e-16 2.870465093031014e-16 5.915958316223251e-19
15.919914267052077 6.608250497098341e-25 2.7925223325487845e-16 2.785257270559683e-16 7.265061989102504e-19
16.03976693895051 6.47243941910701e-25 2.7557224916408956e-16 2.7477265813590363e-16 7.995910281859404e-19
16.1605219186579 6.429795322565809e-25 2.7581759293005e-16 2.7493795258112045e-16 8.79640348929547e-19
16.22123989475974 6.419417368240113e-25 2.764070354677656e-16 2.754879886851778e-16 9.190467825877625e-19
16.282185999175777 6.409112587873847e-25 2.770001762972289e-16 2.760398854681625e-16 9.602908290663288e-19
16.312744867225646 6.403987669056766e-25 2.7729814470791984e-16 2.763165151886242e-16 9.816295192955713e-19
16.343361089024967 6.398881098237834e-25 2.775970518359944e-16 2.765935906052495e-16 1.003461230744818e-18
16.404766024646595 6.388723118610897e-25 2.78197703269497e-16 2.771490521263099e-16 1.048651143187143e-18
16.466401669612416 6.378638992697649e-25 2.788021775950605e-16 2.777062192351289e-16 1.0959583599316313e-18
16.497306278852424 6.373624763855396e-25 2.791058645363587e-16 2.779854266923221e-16 1.1204378440365857e-18
16.528268890738765 6.368629182944318e-25 2.794105274774797e-16 2.7826504192852716e-16 1.1454855489525677e-18
16.590368558098763 6.358694263863912e-25 2.800228110565249e-16 2.788254705551166e-16 1.1973405014083363e-18
16.65270154503456 6.348264272396989e-25 2.80613867479397e-16 2.7936328003064135e-16 1.2505874487557137e-18
16.715268728169598 6.335486800437495e-25 2.8110125628058985e-16 2.7979964327889764e-16 1.301613001692108e-18
16.778070987420957 6.322812504781717e-25 2.81592941302149e-16 2.802381423716446e-16 1.3547989305042551e-18
16.9043842704834 6.297773095905913e-25 2.8258935545495644e-16 2.811213215310469e-16 1.4680339239095649e-18
17.03164849990255 6.273146464783998e-25 2.8360347378164804e-16 2.820123737676962e-16 1.5911000139518032e-18
17.159870834853997 6.248291379374897e-25 2.8460643908201253e-16 2.828828392621092e-16 1.723599819903391e-18
17.289058488411015 6.217766758249377e-25 2.853482433172447e-16 2.834939715680957e-16 1.854271749149029e-18
17.35401657858945 6.202717247886662e-25 2.8572709470338657e-16 2.8380368905660703e-16 1.9234056467794738e-18
17.386587088641786 6.195245454701217e-25 2.8591852257358987e-16 2.839595566580091e-16 1.9589659155808893e-18
17.419218727950305 6.187808897534201e-25 2.8611129176851634e-16 2.841160859969433e-16 1.995205771573102e-18
17.48466585346766 6.17304132582253e-25 2.865008761568816e-16 2.8443109821084154e-16 2.0697779460400277e-18
17.550358875560836 6.158414262848235e-25 2.8689589490208835e-16 2.847486626111535e-16 2.147232290934821e-18
17.682486308455736 6.128745666019377e-25 2.8766323668401114e-16 2.8535928800182716e-16 2.3039486821839643e-18
17.81560845938729 6.0916417854755355e-25 2.880742564292955e-16 2.8567596590257375e-16 2.3982905267217327e-18
17.882544892141226 6.07332835451592e-25 2.8828730543703963e-16 2.858402882537967e-16 2.447017183242874e-18
17.949732817065083 6.055157346038456e-25 2.8850467467813287e-16 2.8600848251926957e-16 2.496192158863291e-18
18.084866926577256 6.019154584863985e-25 2.8894836913305315e-16 2.8635614904701913e-16 2.5922200860338854e-18
18.221018389814958 5.984261250159472e-25 2.8943605118115275e-16 2.867440957120365e-16 2.6919554691161616e-18
18.496404071615608 5.927664697272325e-25 2.9103174744372113e-16 2.8813527425865637e-16 2.8964731850648432e-18
18.635790038622734 5.917439185595845e-25 2.9271908919607907e-16 2.897138808485967e-16 3.005208347482342e-18
18.776226396166493 5.906836220027337e-25 2.943965223641717e-16 2.9127836265083323e-16 3.1181597133385966e-18
18.91772105982334 5.893743883936805e-25 2.9595760895856493e-16 2.927246392545159e-16 3.2329697040489904e-18
19.203636446149176 5.867328401927002e-25 2.9908408618730747e-16 2.9560749440257615e-16 3.47659178473132e-18
19.4938730510763 5.83657616535391e-25 3.020130601512973e-16 2.982761868606021e-16 3.736873290695143e-18
19.78849618389234 5.802393234879155e-25 3.0478204774859593e-16 3.0076654481834967e-16 4.01550293024624e-18
20.08757214094514 5.763789649960021e-25 3.0733003493904896e-16 3.0301685013662594e-16 4.313184802423031e-18
20.391466406516905 5.721745470097934e-25 3.0970372271883046e-16 3.0507158632702226e-16 4.632136391808189e-18
20.699681925472166 5.677855630169972e-25 3.1197331715435814e-16 3.0700434285205133e-16 4.9689743023067814e-18
21.012556099387844 5.632411934008066e-25 3.1415409779658186e-16 3.088387973217041e-16 5.3153004748778866e-18
21.652507708764745 5.579769899308938e-25 3.2069628177181506e-16 3.1462575424006803e-16 6.0705275317471685e-18
21.979755641372343 5.555486355797403e-25 3.241263795508087e-16 3.17636790083368e-16 6.489589467440661e-18
22.311949477282987 5.528531201881567e-25 3.274286789573186e-16 3.2049005458790986e-16 6.9386243694087e-18
22.64916396703608 5.498239265928482e-25 3.3055615174606137e-16 3.2313668198650575e-16 7.419469759555643e-18
22.991811201917592 5.465338965944997e-25 3.3354905928546216e-16 3.256138918206317e-16 7.935167464830453e-18
23.339642165776596 5.429152405178643e-25 3.3635327413915e-16 3.278659093447458e-16 8.48736479440416e-18
23.69273528050995 5.390532797389577e-25 3.3901298097270924e-16 3.2993403050483635e-16 9.078950467872972e-18
24.414313559781952 5.329229761519241e-25 3.4536505765696984e-16 3.3497524228489276e-16 1.0389815372077101e-17
24.78366481022829 5.3035376541546255e-25 3.4889971640769197e-16 3.3777849251931646e-16 1.1121223888375533e-17
25.15860378059443 5.28006906518024e-25 3.526107690256875e-16 3.4070156444094035e-16 1.1909204584747105e-17
25.924826076583233 5.228823922679271e-25 3.598233164061367e-16 3.4615779631489445e-16 1.3665520091242354e-17
26.714384190886577 5.176634800060569e-25 3.6708118758477506e-16 3.513932895363073e-16 1.5687898048467702e-17
27.527988831636016 5.124413907476916e-25 3.74445070579699e-16 3.5643673397297467e-16 1.8008336606724257e-17
28.366372352060132 5.0773298914182495e-25 3.8230379958216525e-16 3.61629131172872e-16 2.0674668409293276e-17
29.2302894097004 5.039727579639394e-25 3.910295785471938e-16 3.6730053356389334e-16 2.3729044983300362e-17
30.12051764570424 5.005868203541686e-25 4.002315082408352e-16 3.72970558803734e-16 2.7260949437101143e-17
30.575747924857424 4.988549836356353e-25 4.0487488491551582e-16 3.7562685452664784e-16 2.924803038886785e-17
31.037858384806153 4.971172646248439e-25 4.0956235027351574e-16 3.781609782261588e-16 3.140137204735706e-17
31.983137356627505 4.9439087527644465e-25 4.1972123577027714e-16 3.835006256377967e-16 3.6220610132480334e-17
32.95720543894392 4.93437227200112e-25 4.316698573741713e-16 3.897977234770048e-16 4.1872133897166563e-17
33.960939423588975 4.93433465280842e-25 4.448132636312199e-16 3.963759303253643e-16 4.84373333058554e-17
34.99524280568484 4.933619230685691e-25 4.582938954450824e-16 4.0231162163554746e-16 5.598227380953486e-17
36.06104659690874 4.941872988745736e-25 4.730416049762577e-16 4.083525168459161e-16 6.468908813034149e-17
37.159310163528254 4.971623980338394e-25 4.903829368129048e-16 4.1571452475594466e-16 7.466841205696026e-17
38.29102208995955 5.016487395957843e-25 5.098778166469945e-16 4.237159283327099e-16 8.616188831428456e-17
39.45720106862597 5.066640833195245e-25 5.306593575145954e-16 4.3137639069851255e-16 9.92829668160828e-17
40.65889681691763 5.129933987167237e-25 5.536519075017235e-16 4.393079355183234e-16 1.1434397198340026e-16
41.897191022077855 5.214482721433963e-25 5.799166428995445e-16 4.483079070649739e-16 1.3160873583457053e-16
43.173198314866475 5.318754477525657e-25 6.095279133135143e-16 4.581101392953094e-16 1.5141777401820525e-16
44.48806727287728 5.438610864648613e-25 6.422453340539089e-16 4.683412157497051e-16 1.7390411830420395e-16
45.8429814544115 5.5778636855018935e-25 6.787505341421028e-16 4.79233209267874e-16 1.9951732487422882e-16
47.23916046383907 5.738001052884778e-25 7.195023675906232e-16 4.910951973068024e-16 2.284071702838211e-16
48.67786104940597 5.921005002818118e-25 7.650615002322231e-16 5.039778269734841e-16 2.6108367325873887e-16
50.16037823447602 6.125986946696904e-25 8.15654624344323e-16 5.179711268786206e-16 2.9768349746570255e-16
51.68804648322576 6.354792860680394e-25 8.71888502297151e-16 5.331525505221128e-16 3.3873595177503806e-16
53.26224090184056 6.604801900446512e-25 9.337888068999645e-16 5.494670218539278e-16 3.843217850460369e-16
54.884378476295105 6.877682836253244e-25 1.00198294200487e-15 5.670606596376016e-16 4.3492228236726815e-16
56.55591934783037 7.173416320523846e-25 1.0768954352093192e-15 5.863677612998842e-16 4.905276739094349e-16
58.27836812727644 7.4919110687103925e-25 1.1589626203080355e-15 6.074941106002174e-16 5.514685097078179e-16
60.05327524940399 7.842317786940445e-25 1.25011673290852e-15 6.301045717995512e-16 6.200121611089685e-16
61.88223836852342 8.228126260659102e-25 1.3515633130490924e-15 6.542504431476648e-16 6.973128699014275e-16
62.81758386220369 8.433692352817227e-25 1.4062690410361225e-15 6.671307036479301e-16 7.391383373881925e-16
63.7670670344103 8.658034808680523e-25 1.4654979073973925e-15 6.806038102305648e-16 7.848940971668273e-16
65.70913619443517 9.153846973966516e-25 1.5966099780723414e-15 7.0942106565080325e-16 8.871889124215378e-16
67.71035238438829 9.675117183399574e-25 1.7389245580704072e-15 7.401660410477071e-16 9.987585170226997e-16
69.77251696707448 1.0210449712568232e-24 1.891031197530433e-15 7.726359712477767e-16 1.1183952262826565e-15
71.89748616702131 1.0766660979730526e-24 2.0547745461256493e-15 8.075202384855858e-16 1.2472543076400641e-15
74.08717274132995 1.1342325601394165e-24 2.230563366131066e-15 8.452468131071352e-16 1.3853165530239305e-15
76.34354770141287 1.1934169832406018e-24 2.418432579807534e-15 8.852352550864907e-16 1.5331973247210442e-15
78.66864208716851 1.2538680329560214e-24 2.618321169930726e-15 9.270517617460395e-16 1.6912694081846868e-15
81.06454879518883 1.3157178230754866e-24 2.8311518308501e-15 9.71070589648709e-16 1.8600812412013908e-15
83.5334244626476 1.3802469200634392e-24 3.060458575192973e-15 1.0175785037229302e-15 2.0428800714700444e-15
86.07749140856238 1.444894344582253e-24 3.3013770351846185e-15 1.066148260370033e-15 2.2352287748145874e-15
88.69903963417964 1.5065606082369462e-24 3.547112465502808e-15 1.116347411693982e-15 2.430765053808826e-15
91.4004288842828 1.5657942171886234e-24 3.79885180145167e-15 1.1681415816078411e-15 2.630710219843829e-15
94.18409077127889 1.6220630777389432e-24 4.055222813016545e-15 1.2214603284884929e-15 2.8337624845280518e-15
97.05253096397554 1.675082312968961e-24 4.315314489900347e-15 1.275942306242097e-15 3.0393721836582505e-15
100.00833144301866 1.7274391073847844e-24 4.585728746155192e-15 1.3313017226975217e-15 3.25442702345767e-15
103.05415282502196 1.7763889771922076e-24 4.859292034401871e-15 1.3871432033432762e-15 3.4721488310585946e-15
106.19273675747671 1.8246619034860696e-24 5.143356779755269e-15 1.4428912202839953e-15 3.700465559471273e-15
109.4269083866038 1.868995863384261e-24 5.42877575308908e-15 1.4982629731684421e-15 3.930512779920638e-15
112.75957890036308 1.904927952200041e-24 5.701661534794561e-15 1.5532547705901534e-15 4.148406764204407e-15
116.1937481489129 1.933430316158121e-24 5.963218440130826e-15 1.6072120310015133e-15 4.356006409129312e-15
119.73250734487735 1.9514236886050418e-24 6.202018865481624e-15 1.659126944948503e-15 4.5428919205331244e-15
123.37904184585196 1.9605942842620423e-24 6.4209392129325296e-15 1.7087758796319434e-15 4.712163333300584e-15
127.13663402165271 1.9588997720115134e-24 6.6107747239883094e-15 1.7564905254195296e-15 4.85428419856878e-15
131.0086662088879 1.9480640935037866e-24 6.774429066623425e-15 1.8016123718802575e-15 4.972816694743169e-15
134.99862375551584 1.926707265758575e-24 6.9042182156004e-15 1.842920379995751e-15 5.061297835604646e-15
139.11009815812417 1.896561679601073e-24 7.003176330248103e-15 1.8801754183712067e-15 5.123000911876898e-15
143.3467902947586 1.8594109437683595e-24 7.0751033591882656e-15 1.9139052487062796e-15 5.1611981104819876e-15
147.71251375620898 1.8161715863648566e-24 7.121042848116283e-15 1.9437435509132726e-15 5.1772992972030085e-15
152.21119827875228 1.7769098062416623e-24 7.179288769093302e-15 1.9686958341320773e-15 5.210592934961223e-15
156.84689328144228 1.740931697883786e-24 7.248148568643586e-15 1.988490305487277e-15 5.259658263156309e-15
159.21741877681018 1.7207280581400697e-24 7.272307803329886e-15 1.996585158191716e-15 5.275722645138171e-15
161.62377151112827 1.6983803639359333e-24 7.286343309021331e-15 2.003495144354671e-15 5.282848164666661e-15
166.54613279848823 1.6478706866613083e-24 7.284959038563806e-15 2.0136951818111466e-15 5.271263856752658e-15
171.61840792845166 1.594661457392656e-24 7.26443428424465e-15 2.018677369667822e-15 5.2457569145768274e-15
176.84516262850022 1.5405173542912581e-24 7.23151369339728e-15 2.018326786327988e-15 5.2131869070692906e-15
179.5181642894721 1.5124293121345957e-24 7.206973371404672e-15 2.01622894043293e-15 5.1907444309717445e-15
182.2315681744764 1.4816369107807048e-24 7.16695758394694e-15 2.0128778227808618e-15 5.15407976116608e-15
187.78155384880017 1.4139789388815696e-24 7.04799037308164e-15 2.0024993147301987e-15 5.045491058351438e-15
190.61961427604518 1.3800625463796642e-24 6.98289946063508e-15 1.9954854624066415e-15 4.9874139982284405e-15
193.5005680909718 1.3463986977416138e-24 6.91552825935215e-15 1.9872749348900095e-15 4.9282533244621426e-15
199.3937587803602 1.2812304447409902e-24 6.7812263869406615e-15 1.967388044180631e-15 4.813838342760035e-15
205.46643057848152 1.218933061927788e-24 6.647987071892919e-15 1.9429441603750123e-15 4.705042911517906e-15
211.72404970390772 1.1628696641802018e-24 6.535377318476386e-15 1.914089200465387e-15 4.621288118011001e-15
218.17224885259444 1.1069199322956635e-24 6.41040028633674e-15 1.8812824760100966e-15 4.529117810326646e-15
224.8168322680627 1.04728730946988e-24 6.2497709097532755e-15 1.8450508766986665e-15 4.404720033054608e-15
231.66378096599615 9.869835347465192e-25 6.069284292774723e-15 1.8054271591030387e-15 4.263857133671684e-15
238.71925811795668 9.259575614976161e-25 5.8674307384041705e-15 1.762386469502285e-15 4.105044268901885e-15
245.98961459906556 8.65613937292672e-25 5.652107919577111e-15 1.7166088491258574e-15 3.9354990704512524e-15
249.71106150874405 8.34729431118098e-25 5.532901517845133e-15 1.6929780968202191e-15 3.839923421024915e-15
253.4888082224776 8.033843327518856e-25 5.405695527459896e-15 1.6689427349070394e-15 3.7367527925528566e-15
261.20898134247824 7.431918730887339e-25 5.152980399365078e-15 1.6194001675378466e-15 3.5335802318272307e-15
269.1642775569489 6.894557160661864e-25 4.9259866565342296e-15 1.5676803880732883e-15 3.3583062684609405e-15
277.3618576987742 6.391635300924556e-25 4.705742483282795e-15 1.5144884634355087e-15 3.1912540198472868e-15
285.8091006888481 5.86112672259997e-25 4.446584991307484e-15 1.4607385185088409e-15 2.985846472798643e-15
294.5136101780917 5.349817467410424e-25 4.182286372558511e-15 1.4063921767144053e-15 2.775894195844106e-15
303.4832213917586 4.901352318040833e-25 3.948389968905275e-15 1.3512963191256271e-15 2.5970936497796486e-15
312.7260081821858 4.491924423353921e-25 3.728772397058744e-15 1.295943779237864e-15 2.4328286178208802e-15
322.25029029634635 4.1191177998341816e-25 3.523440666518361e-15 1.2409278163918203e-15 2.2825128501265415e-15
332.0646408647343 3.774561125952006e-25 3.327043882383068e-15 1.1863533954055735e-15 2.1406904869774936e-15
342.17789411833206 3.448144593621694e-25 3.1318925329344735e-15 1.132260367975046e-15 1.9996321649594266e-15
352.59915334060224 3.142219683020918e-25 2.940947304352725e-15 1.0788822925345303e-15 1.8620650118181946e-15
363.337799061663 2.861793703859323e-25 2.760058823443435e-15 1.0264895290464245e-15 1.7335692943970111e-15
374.40349750202313 2.6043738928857152e-25 2.5882883841741076e-15 9.75221116794627e-16 1.61306726737948e-15
380.062092440151 2.483489662148416e-25 2.505453487074893e-15 9.500539750626545e-16 1.5553995120122387e-15
385.80620927347337 2.36754958310895e-25 2.424586759512111e-15 9.252184046222241e-16 1.4993683548898867e-15
397.5561983449763 2.149674628293762e-25 2.268509972160341e-15 8.765800807884929e-16 1.391929891371848e-15
409.6640412816112 1.9475835836928828e-25 2.1178411535240396e-15 8.2933185610540285e-16 1.2885092974186367e-15
415.8555509384264 1.8522635624458117e-25 2.044629956018233e-15 8.062552222476221e-16 1.2383747337706105e-15
422.1406367649012 1.760755794928457e-25 1.9729937992739066e-15 7.835590817019482e-16 1.1894347175719581e-15
434.9972154030873 1.5902666817606803e-25 1.8362248897828637e-15 7.394213534545129e-16 1.0968035363283504e-15
448.24534984018095 1.4352490598491965e-25 1.70770361171156e-15 6.969737120861019e-16 1.0107298996254587e-15
461.89696517289525 1.2943926379305047e-25 1.5870133351053227e-15 6.561297556193663e-16 9.308835794859565e-16
475.9643496848308 1.1665665848742644e-25 1.4738503542005985e-15 6.168843057535699e-16 8.569660484470288e-16
490.4601659075747 1.0498492822838011e-25 1.3667847655670869e-15 5.793916476819452e-16 7.873931178851419e-16
505.39746201868155 9.430920232022907e-26 1.2651923616039693e-15 5.437035057374271e-16 7.214888558665424e-16
520.7896835867783 8.464360456853424e-26 1.170108018009668e-15 5.097307958726954e-16 6.603772221369726e-16
536.6506856743796 7.5941487304439e-26 1.0817831689351155e-15 4.774447682622959e-16 6.043384006728197e-16
552.9947453093008 6.808331923611917e-26 9.993811603538537e-16 4.467793863884585e-16 5.526017739653954e-16
569.8365743358964 6.098627125665848e-26 9.22469115242582e-16 4.1769055806814777e-16 5.047785571744339e-16
587.1913326576936 5.45843717874468e-26 8.507802230628404e-16 3.9014082901684286e-16 4.606393940459974e-16
605.0746418833327 4.8816189229700845e-26 7.840472922088762e-16 3.6408834442448576e-16 4.1995894778439054e-16
623.502599388115 4.3624851279572776e-26 7.220074201300965e-16 3.394873390873845e-16 3.82520081042712e-16
642.4917928037942 3.895767672648681e-26 6.644006778607985e-16 3.162888878963469e-16 3.4811178996445173e-16
662.0593149496696 3.4765978965487914e-26 6.109712809128976e-16 2.944423803934976e-16 3.1652890051939986e-16
682.2227792184137 3.1004947337667203e-26 5.614701176514253e-16 2.738950938081165e-16 2.875750238433088e-16
703.0003354304876 2.763346592627863e-26 5.156562963243505e-16 2.5459360982942387e-16 2.6106268649492667e-16
724.4106861714122 2.4613878352303187e-26 4.732976314724142e-16 2.364843945527208e-16 2.368132369196933e-16
746.4731036265977 2.1911720691960195e-26 4.341702689233282e-16 2.1951233894102902e-16 2.1465792998229907e-16
769.2074469289008 1.949555108893046e-26 3.9805989971417333e-16 2.0362251542100398e-16 1.944373842931694e-16
792.6341800345017 1.733676515351856e-26 3.6476259384697404e-16 1.8876159866245204e-16 1.7600099518452193e-16
816.7743901432078 1.540937555153361e-26 3.340846984926447e-16 1.7487715373481668e-16 1.5920754475782813e-16
841.6498066797607 1.3689769099444273e-26 3.0584190080597387e-16 1.6191718835654028e-16 1.4392471244943364e-16
867.2828208532309 1.2156538066702375e-26 2.798595241624803e-16 1.498308391910011e-16 1.300286849714792e-16
893.6965058121084 1.0790362102457437e-26 2.559737977759567e-16 1.385692497541592e-16 1.1740454802179746e-16
920.9146374132232 9.573798311258244e-27 2.3403083546592267e-16 1.2808524656528482e-16 1.0594558890063783e-16
948.9617156232121 8.49108013347875e-27 2.1388536263296572e-16 1.1833298291818194e-16 9.555237971478381e-17
977.8629865717667 7.528002930752082e-27 1.9540119724220835e-16 1.092683794929394e-16 8.613281774926894e-17
1007.6444652765354 6.671793482736943e-27 1.7845115022925142e-16 1.0084923656756304e-16 7.760191366168837e-17
1038.332959060126 5.9109681164646175e-27 1.6291635676675074e-16 9.303513569271383e-17 6.988122107403696e-17
1069.95609168029 5.2352220898879136e-27 1.4868614407221597e-16 8.578762429648785e-17 6.289851977572816e-17
1102.542328195006 4.63531711608595e-27 1.3565760817413416e-16 7.907020233154658e-17 5.658740584258758e-17
1136.1210005848498 4.1029696486508625e-27 1.2373493228512175e-16 7.284808142365436e-17 5.088685086146736e-17
1170.7223341557005 3.630759642713406e-27 1.128290252147998e-16 6.708816438901466e-17 4.5740860825785097e-17
1206.3774747455793 3.212055278310891e-27 1.0285742869441585e-16 6.175925717360413e-17 4.1098171520811716e-17
1243.1185167600695 2.840935072985803e-27 9.374395603289165e-17 5.683202916589273e-17 3.6911926866998895e-17
1280.9785320615858 2.5121076803636772e-27 8.541802700194569e-17 5.2278738950528074e-17 3.313928805141763e-17
1319.9915997384837 2.220845457883915e-27 7.781421467751393e-17 4.8073136926054714e-17 2.974107775145923e-17
1360.1928367808064 1.962936186075848e-27 7.087222992022765e-17 4.4190603978174164e-17 2.668162594205352e-17
1401.618429690285 1.734632645028188e-27 6.453669898959786e-17 4.060818105181296e-17 2.3928517937784898e-17
1444.305667053031 1.5325955709924752e-27 5.87565266024028e-17 3.730427896015657e-17 2.1452247642246223e-17
1488.2929731042755 1.3538495756547342e-27 5.3484541543047705e-17 3.4258564987174256e-17 1.9225976555873452e-17
1533.6199423153234 1.195748767417822e-27 4.867737185415077e-17 3.1452039382107145e-17 1.722533247204361e-17
1580.327375033885 1.0559434337749814e-27 4.4295249287159406e-17 2.886706489145206e-17 1.5428184395707348e-17
1628.457314209858 9.323454409524174e-28 4.0301634841584094e-17 2.648715705488333e-17 1.3814477786700761e-17
1678.0530832396191 8.23098685208101e-28 3.6662918729105416e-17 2.429687441413635e-17 1.2366044314969061e-17
1729.1593249628888 7.265557634676906e-28 3.3348276701210465e-17 2.2281839323551783e-17 1.1066437377658682e-17
1781.8220418472597 6.412564245799206e-28 3.0329516658568947e-17 2.04287328099139e-17 9.90078384865504e-18
1836.0886373966016 5.659053794567623e-28 2.7580802498061075e-17 1.8725169213652864e-17 8.855633284408201e-18
1892.007958820556 4.993536475599781e-28 2.507844581891939e-17 1.7159599962447798e-17 7.918845856471587e-18
1949.6303410035755 4.405825264949869e-28 2.2800741821849804e-17 1.5721286042791267e-17 7.07945577905854e-18
2009.0076518130663 3.8869079928146922e-28 2.0727899031280095e-17 1.440032620132584e-17 6.327572829954251e-18
2070.1933387874215 3.428805173579181e-28 1.8841832941759754e-17 1.3187547916202042e-17 5.654285025557714e-18
2133.242477245972 3.024440705266094e-28 1.7125952310816927e-17 1.2074406162908075e-17 5.051546147908855e-18
2198.211819864143 2.6675535856042923e-28 1.5565107485281707e-17 1.1052997788726137e-17 4.512109696555565e-18
2265.1598477584885 2.3526076525805648e-28 1.4145483391518003e-17 1.011602368557513e-17 4.029459705942872e-18
2334.1468231275226 2.0747041838102703e-28 1.2854458498629784e-17 9.2567324399545e-18 3.5977260586752855e-18
2405.2348434957767 1.829512977393727e-28 1.1680526367575227e-17 8.468888071829754e-18 3.2116382957454743e-18
2478.487897609897 1.6132068988134569e-28 1.0613198970662821e-17 7.746735751117612e-18 2.8664632195452124e-18
2553.971923037092 1.4223998289614899e-28 9.642890674548939e-18 7.084955218812139e-18 2.5579354557368005e-18
2631.7548655177807 1.2540989124459403e-28 8.760858356053376e-18 6.478635857162375e-18 2.282222498891e-18
2711.906740125872 1.1056614266513575e-28 7.95914363163472e-18 5.923255116292617e-18 2.0358885153421042e-18
2794.4996942916955 9.747523675708286e-29 7.230491138757815e-18 5.4146416271772326e-18 1.8158495115805853e-18
2879.6080727443887 8.593100555439559e-29 6.568295898986387e-18 4.948956446545634e-18 1.6193394524407529e-18
2967.308484432098 7.575146477722943e-29 5.966548379825078e-18 4.5226681731371454e-18 1.443880206687932e-18
3057.6798714803062 6.677581861113487e-29 5.419767647383824e-18 4.132520894823892e-18 1.2872467525599323e-18
