Dust emission spectrum from A.P. Jones, M. Kohler, N. Ysard, M. Bocchio, and L. Verstraete (2017), A&A, 602A, 46J 
inside the DustPedia framework.

lambda    nu*dP/dnu     j_nu    j_nu(carb.) j_nu(sil)
 (um)   (erg s-1 H-1) (Jy cm2 sr-1 H-1)
0.9927057738263894 4.973434203132405e-25 1.3105281610677165e-17 1.3105281604082816e-17 6.594351078675438e-27
1.0001793341362166 5.055229601947358e-25 1.3421102567299725e-17 1.3421102559355977e-17 7.94374830404894e-27
1.0077091589558085 5.136903071683216e-25 1.3740609897930863e-17 1.3740609888373885e-17 9.556977886932676e-27
1.0114953028030835 5.177684101015195e-25 1.3901730124795297e-17 1.390173011431779e-17 1.0477511265266085e-26
1.0152956718711033 5.218422703023047e-25 1.406375275641537e-17 1.406375274493237e-17 1.1483001310657517e-26
1.0229392996569957 5.299716697518522e-25 1.4390369697420742e-17 1.4390369683641222e-17 1.3779518701084922e-26
1.0267826658714554 5.3401731783768395e-25 1.455470148373242e-17 1.4554701468644557e-17 1.50878618251468e-26
1.0306404723013447 5.380569478966723e-25 1.4719900339570623e-17 1.4719900323055546e-17 1.6515079772360132e-26
1.03451277320114 5.420901736502123e-25 1.4885959234731894e-17 1.488595921666045e-17 1.8071446061642212e-26
1.0383996230291617 5.4611661106529555e-25 1.505287105381055e-17 1.5052871034042477e-17 1.9768072954024386e-26
1.0403485208654093 5.481271647679442e-25 1.513664456338865e-17 1.5136644542715947e-17 2.0672701746912844e-26
1.0423010764483396 5.501358784287947e-25 1.5220628597952547e-17 1.522062857633557e-17 2.1616975604677816e-26
1.0462171883269815 5.541475964201227e-25 1.538922458661261e-17 1.5389224562981468e-17 2.3631140762859452e-26
1.0471985131304309 5.551493021104908e-25 1.5431503729908797e-17 1.5431503705746677e-17 2.416212461471358e-26
1.048180758391296 5.56150506535262e-25 1.5473834700561994e-17 1.547383467585745e-17 2.4704538805705818e-26
1.0501480137395462 5.5815138818225545e-25 1.555865165931346e-17 1.5558651633488862e-17 2.5824600314224197e-26
1.0521189612883777 5.601501946502933e-25 1.5643674530606993e-17 1.5643674503613738e-17 2.69932554867846e-26
1.0531058218030118 5.611472641186479e-25 1.5686219813371822e-17 1.5686219785775356e-17 2.759646846055453e-26
1.0540936079674168 5.621387485487011e-25 1.5728674875963184e-17 1.572867484775047e-17 2.821272031293445e-26
1.058054026499678 5.66099000655449e-25 1.5898994735440167e-17 1.589899470462796e-17 3.081221124637983e-26
1.0590464539527713 5.670876136346333e-25 1.5941699004299576e-17 1.5941698972802484e-17 3.149708543341238e-26
1.06003981227728 5.680756351752231e-25 1.5984452754464834e-17 1.5984452722268302e-17 3.219653110518805e-26
1.0620293250338977 5.700498811893389e-25 1.607010821592943e-17 1.607010818228911e-17 3.364032278620494e-26
1.0660195594769086 5.739910263136077e-25 1.6242007588715654e-17 1.6242007551999516e-17 3.671613069248218e-26
1.070024785945596 5.779220750561454e-25 1.64146850560763e-17 1.641468501601609e-17 4.0060210035557686e-26
1.0740450607676866 5.818426693696399e-25 1.6588132753053943e-17 1.65881327093592e-17 4.369474522347797e-26
1.07808044048254 5.857524541900871e-25 1.6762342749226604e-17 1.6762342701582956e-17 4.764364748073812e-26
1.0861967418109137 5.935312535811014e-25 1.711281759831521e-17 1.7112817541725615e-17 5.658960046786745e-26
1.0902777775684922 5.973838001073057e-25 1.7288608287225252e-17 1.7288608225580952e-17 6.164429823610546e-26
1.0943741465085532 6.012238735515463e-25 1.746511602510871e-17 1.746511595797979e-17 6.712891707444035e-26
1.1026131145906286 6.088652552876273e-25 1.7820249433334613e-17 1.7820249353805668e-17 7.952894252116553e-26
1.1109141095355224 6.164527408155337e-25 1.8178150872462634e-17 1.817815077836363e-17 9.409899808695901e-26
1.1192775983109025 6.239766549387148e-25 1.8538542474170903e-17 1.8538542362974462e-17 1.111964359956808e-25
1.1277040513999907 6.314019675542194e-25 1.8900378637703486e-17 1.8900378506469942e-17 1.3123354205308944e-25
1.1361939428280308 6.387647431461714e-25 1.926472614815029e-17 1.9264725993465007e-17 1.5468528092789595e-25
1.1447477501889525 6.4606257081177255e-25 1.9631514852683002e-17 1.9631514670584853e-17 1.8209815272990077e-25
1.1533659546722406 6.532970883654674e-25 2.0000796142031033e-17 2.000079592793061e-17 2.1410042485268005e-25
1.1707974979042381 6.675998481364679e-25 2.0747580002710415e-17 2.074757970784555e-17 2.948648624719513e-25
1.1884924949847024 6.8161912101909245e-25 2.1503425151145082e-17 2.1503424747054257e-17 4.040908211061273e-25
1.2064549276569216 6.954653456545052e-25 2.2271836464910478e-17 2.2271835913829765e-17 5.51080720141478e-25
1.2246888378427687 7.089873089012828e-25 2.3048021684395072e-17 2.3048020936490682e-17 7.479043956159204e-25
1.2431983285522175 7.221537723328978e-25 2.383085009730816e-17 2.38308490871393e-17 1.0101688641993913e-24
1.2619875648066055 7.349603681196007e-25 2.4620021592362307e-17 2.4620020234410584e-17 1.3579517070452772e-24
1.3004222497298317 7.592829038342176e-25 2.6209422143718458e-17 2.6209419723915312e-17 2.4198031447071223e-24
1.3400274889804893 7.818643765272246e-25 2.7810869467168363e-17 2.781086523334007e-17 4.23382827973786e-24
1.3808389325824078 8.02626273727796e-25 2.941885926016282e-17 2.941885198330384e-17 7.276858982323378e-24
1.4228933163050095 8.216752586123483e-25 3.1034302042470034e-17 3.103428975040529e-17 1.2292064745329346e-23
1.466228494730424 8.394745407457466e-25 3.267221798351658e-17 3.267219756652184e-17 2.0416994740451782e-23
1.5108834753276823 8.556866611878837e-25 3.431746239285e-17 3.4317429032102906e-17 3.336074710667998e-23
1.5568984535646726 8.700406197169359e-25 3.595582428524705e-17 3.595577060585704e-17 5.367939000901937e-23
1.6043148490894465 8.825704043032758e-25 3.758446704168139e-17 3.7584381829601664e-17 8.521207973908396e-23
1.6531753430134553 8.933223014830594e-25 3.92009442671432e-17 3.9200810969736434e-17 1.3329740677158664e-22
1.7035239163302658 9.024296787263344e-25 4.080665891709693e-17 4.080645338730287e-17 2.0552979406714915e-22
1.755405889504358 9.106188354473865e-25 4.243103381167528e-17 4.2430721290815287e-17 3.1252086000107574e-22
1.8088679632656115 9.177245374581895e-25 4.406447943242897e-17 4.406401062998826e-17 4.688024406991993e-22
1.8639582606462262 9.236392183488111e-25 4.5699135147317916e-17 4.5698441112329917e-17 6.9403498800254395e-22
1.9207263702978936 9.284628651723905e-25 4.733686261113453e-17 4.7335848187555774e-17 1.0144235787529822e-21
1.979223391128241 9.324119497646736e-25 4.89860113507697e-17 4.898454690482932e-17 1.4644459403985263e-21
2.039501978296691 9.357433904071607e-25 5.06582674055806e-17 5.065617858647648e-17 2.0888191041255313e-21
2.1016163906111602 9.391516904742214e-25 5.239123360778056e-17 5.2388288618378625e-17 2.944989401946658e-21
2.1656225393682647 9.430479851243223e-25 5.421082135718036e-17 5.420671577747755e-17 4.1055797028152964e-21
2.231578038680979 9.474786741170025e-25 5.612430233843219e-17 5.611864110157819e-17 5.661236854006387e-21
2.299542257339062 9.526995528616425e-25 5.815228565554996e-17 5.814456186583616e-17 7.723789713813786e-21
2.369576372248914 9.59252116138938e-25 6.033549911462743e-17 6.032506931416174e-17 1.0429800465695157e-20
2.4417434235010123 9.677736417146928e-25 6.272537251861659e-17 6.27114286680754e-17 1.3943850541191885e-20
2.5161083711144245 9.793410971124792e-25 6.540828397848438e-17 6.538982128507304e-17 1.846269341134022e-20
2.5927381535095444 9.957019831821044e-25 6.852632849210132e-17 6.850210960878018e-17 2.4218883321150838e-20
2.6717017477616296 1.0189343098587313e-24 7.22609378440716e-17 7.222945485016093e-17 3.148299391067159e-20
2.753070231689431 1.0521513031139469e-24 7.688912541226104e-17 7.684855849570896e-17 4.0566916552081026e-20
2.836916847834745 1.102372994757786e-24 8.30127125340488e-17 8.296088418999863e-17 5.182834405017015e-20
2.9233170693905177 1.185016432433685e-24 9.195380994455545e-17 9.188814755988581e-17 6.566238466967323e-20
2.967498994190263 1.2536798259296651e-24 9.875217070527635e-17 9.867860629411516e-17 7.356441116127259e-20
3.0123486681368425 1.3335698578004112e-24 1.0663270890252256e-16 1.0655040074018855e-16 8.230816233400273e-20
3.0578761833420214 1.5090826993138867e-24 1.224904893509106e-16 1.2239849514820702e-16 9.199420270361129e-20
3.1040917844459814 1.734533616939157e-24 1.4291792716947307e-16 1.4281529729545685e-16 1.026298740162353e-19
3.127460860933648 1.9714045903759488e-24 1.636579398352919e-16 1.6354957743510198e-16 1.0836240018983899e-19
3.1510058709225794 2.2864974850581683e-24 1.9124468464094323e-16 1.9113031890162775e-16 1.143657393154248e-19
3.162844764501044 2.579171066363887e-24 2.1653467779224497e-16 2.1641719447925022e-16 1.1748331299476667e-19
3.1747281389236908 2.919343476421505e-24 2.460147630970811e-16 2.4589409120851735e-16 1.2067188856366665e-19
3.1986289994194426 3.8674544791379644e-24 3.283662505741161e-16 3.282389677037349e-16 1.2728287038110107e-19
3.2227097969389145 6.100194280245467e-24 5.218363154674237e-16 5.217019975175801e-16 1.343179498436309e-19
3.2348180950136065 8.216726560354688e-24 7.055342989252566e-16 7.05396218767329e-16 1.3808015792753036e-19
3.240889293275058 9.798935388505194e-24 8.429707844394946e-16 8.428307195195878e-16 1.4006491990694555e-19
3.2469718861334385 1.1629328813412906e-23 1.002311265180019e-15 1.002169146346994e-15 1.421188330246943e-19
3.2714166318528037 2.1390536420411616e-23 1.857492060221184e-15 1.8573414289982575e-15 1.506312229269654e-19
3.2744851364798273 2.2000859502372624e-23 1.9122827353156614e-15 1.9121310942243754e-15 1.5164109128598455e-19
3.2775565192852394 2.2628693250326569e-23 1.968697989922702e-15 1.968545333267718e-15 1.526566549835996e-19
3.283707930232385 2.2025587927375455e-23 1.9198242127253935e-15 1.9196697265268907e-15 1.5448619850295444e-19
3.2898708863219004 2.011190232066313e-23 1.756311067864566e-15 1.7561549042842837e-15 1.5616358028187884e-19
3.29141343181113 1.9660597629858317e-23 1.7177050214441108e-15 1.7175484363206714e-15 1.5658512343934019e-19
3.292184975758714 1.943884100736901e-23 1.698728719825111e-15 1.6985719235996555e-15 1.5679622545542636e-19
3.295272960557952 1.8039199581369745e-23 1.5778949685350508e-15 1.5777373488338265e-15 1.5761970122443647e-19
3.3076538914384823 1.3189978830577047e-23 1.1580667455733312e-15 1.1579058117493281e-15 1.6093382400260918e-19
3.310756385682612 1.2202920796410048e-23 1.0724090020643762e-15 1.0722472314948833e-15 1.617705694928293e-19
3.313861789986515 1.1292159279749595e-23 9.933008793411353e-16 9.931382687253725e-16 1.626106157628093e-19
3.3200813396944477 1.0015108374872182e-23 8.826200930020171e-16 8.824556811202413e-16 1.6441188177586807e-19
3.345076488085796 7.738579243958167e-24 6.871265346896503e-16 6.869541086993206e-16 1.7242599032962e-19
3.3482140837626964 7.824323038087266e-24 6.953915747130645e-16 6.952180634797562e-16 1.7351123330827046e-19
3.3513546224236106 7.911011549653496e-24 7.037555560993694e-16 7.035809539943631e-16 1.7460210500625102e-19
3.3576445397418455 8.543044991179995e-24 7.614069625516143e-16 7.612300817627972e-16 1.768807888168421e-19
3.3702598118196083 1.0872960303779312e-23 9.727038106015304e-16 9.725221482795226e-16 1.8166232200803723e-19
3.382922481734668 1.1404690645202886e-23 1.0241061842452712e-15 1.0239198496976179e-15 1.8633454765334933e-19
3.389271646505754 1.168013798143355e-23 1.0508090024394827e-15 1.0506202946768306e-15 1.8870776265191327e-19
3.395632727569191 1.1977010091024991e-23 1.0795395536345102e-15 1.079348399800744e-15 1.911538337665202e-19
3.421196662673239 1.3402413188306012e-23 1.2171118073898579e-15 1.2169104990456136e-15 2.0130834424392104e-19
3.4276182099114902 1.3116516355643025e-23 1.1933844637582147e-15 1.1931808623368618e-15 2.0360142135278496e-19
3.4340518103208963 1.1861363981972903e-23 1.0812121297295742e-15 1.081006346398786e-15 2.057833307883645e-19
3.4469541582030403 1.0073839932996501e-23 9.217220702798e-16 9.215120722331677e-16 2.0999804663247352e-19
3.472904465399547 9.57472685585196e-24 8.826502796421118e-16 8.824306079960581e-16 2.1967164605349723e-19
3.4990501388274233 8.810389556624488e-24 8.183040679140603e-16 8.180744326934705e-16 2.296352205899538e-19
3.5253949054701885 6.08491391759272e-24 5.694185935871834e-16 5.69179178010573e-16 2.39415576610403e-19
3.5519380250092896 3.5227994690210996e-24 3.3214118804295077e-16 3.3189185905641785e-16 2.4932898653287977e-19
3.578680990867387 2.5084010999000373e-24 2.3828099340336315e-16 2.3802078161313385e-16 2.6021179022924796e-19
3.605625307711299 2.0996715634244097e-24 2.0095619217361022e-16 2.006844644245843e-16 2.717277490258791e-19
3.660119384959845 1.80492295233782e-24 1.7535709896838412e-16 1.7506093956147595e-16 2.961594069081279e-19
3.715437065384467 1.5978556987353674e-24 1.5758573377503427e-16 1.5726346637378002e-16 3.222674012542511e-19
3.8285932144167436 1.5016853570264746e-24 1.5261162063837926e-16 1.5223198519809288e-16 3.7963544028642723e-19
3.94519561050918 1.4938036221983822e-24 1.564341196519565e-16 1.55989976151274e-16 4.441435006824685e-19
4.06534921144712 1.5230284312783722e-24 1.6435211637773824e-16 1.63835848635968e-16 5.162677417702498e-19
4.189162171576248 1.5744792487551309e-24 1.7507879438233995e-16 1.7448206540990837e-16 5.967289724315898e-19
4.316745939156006 1.6427295493062893e-24 1.8823136492357405e-16 1.8754542705685127e-16 6.859378667228316e-19
4.448215356677963 1.7261019508680184e-24 2.0380821321462513e-16 2.0302469602113334e-16 7.835171934917276e-19
4.58368876423945 1.825070191126952e-24 2.2205682500423114e-16 2.2116648002053747e-16 8.90344983693599e-19
4.723288106065518 1.9417116681369122e-24 2.434437394550248e-16 2.4243586182499535e-16 1.0078776300295185e-18
4.867139040275056 2.0799140146181372e-24 2.687129317505911e-16 2.675783856851025e-16 1.1345460654886723e-18
4.940699165968905 2.161740458219722e-24 2.835054387002823e-16 2.8230351714682133e-16 1.201921553460918e-18
5.015371051989984 2.2467579058709803e-24 2.991085176658719e-16 2.9783653077406183e-16 1.2719868918099954e-18
5.091171501069577 2.3481411166145248e-24 3.173301618217323e-16 3.1598407471486057e-16 1.3460871068716845e-18
5.129500256944802 2.400287984382592e-24 3.2681940880983644e-16 3.2543520682700925e-16 1.3842019828272225e-18
5.168117569889187 2.454537556170908e-24 3.3672200554912337e-16 3.3529870935379333e-16 1.4232961953300001e-18
5.20702561229733 2.5195240410696213e-24 3.482391977458878e-16 3.467737731639529e-16 1.4654245819347944e-18
5.246226572918644 2.5861801042196425e-24 3.6014321917547e-16 3.5863478826497424e-16 1.508430910495693e-18
5.265937586045735 2.620150525877046e-24 3.6624472845118057e-16 3.6471446217699474e-16 1.5302662741858026e-18
5.285722656980489 2.6545581659378605e-24 3.7244834675068343e-16 3.7089602205544384e-16 1.552324695239668e-18
5.305582063971359 2.689409914458691e-24 3.7875595604989015e-16 3.771813486783766e-16 1.574607371513723e-18
5.3255160863122235 2.7265856517283338e-24 3.854342278846331e-16 3.838369909336819e-16 1.5972369509510794e-18
5.365609099470188 2.8171716013729152e-24 4.0123772998769895e-16 3.99593599994051e-16 1.6441299936480825e-18
5.406003951863644 2.9110875622891244e-24 4.177351889033236e-16 4.160431775852504e-16 1.6920113180732373e-18
5.446702915881641 3.008488271287921e-24 4.3496212686061086e-16 4.332212338441545e-16 1.7408930164563034e-18
5.487708281020852 3.1132096684698e-24 4.534911544873484e-16 4.517002192749173e-16 1.790935212431136e-18
5.529022354014368 3.2552376876799826e-24 4.777497668670899e-16 4.759064524982235e-16 1.8433143688663593e-18
5.570647458961463 3.4052464099161925e-24 5.035280300708331e-16 5.016312127610495e-16 1.8968173097836837e-18
5.612585937458331 3.563794600895885e-24 5.309395805497854e-16 5.289881210321895e-16 1.951459517595904e-18
5.654840148729818 3.737250988369724e-24 5.609730934767976e-16 5.5896564504999e-16 2.0074484268074102e-18
5.67608639626678 3.8535768439906496e-24 5.806072492587888e-16 5.785705290841386e-16 2.0367201746502387e-18
5.686739436050992 3.913462444234016e-24 5.907366733680279e-16 5.886851968717294e-16 2.0514764962986532e-18
5.6974124697621304 3.9745325207298095e-24 6.01081206792217e-16 5.990148932668432e-16 2.066313525373706e-18
5.718818669136295 4.1003383213395805e-24 6.22437072461155e-16 6.203408415207708e-16 2.0962309403840272e-18
5.740305295436557 4.2385008605714696e-24 6.458277464077699e-16 6.437011010814966e-16 2.1266453262733075e-18
5.7835210386641895 4.593816604061875e-24 7.052375141575329e-16 7.030477026180881e-16 2.1898115394447465e-18
5.827062130521658 5.0013633957923104e-24 7.735840255805678e-16 7.713292019880971e-16 2.2548235924712446e-18
5.8489554468988025 5.285180487625899e-24 8.205547601647857e-16 8.182650713073467e-16 2.2896888574389494e-18
5.870931020387893 5.5891796608487816e-24 8.710126867114456e-16 8.686877054079084e-16 2.3249813035371684e-18
5.892989160043636 5.9149727865825195e-24 9.252472994005843e-16 9.228865943666223e-16 2.360705033961931e-18
5.915130176081913 6.284651870157784e-24 9.867677910424452e-16 9.843700952511455e-16 2.3976957912995817e-18
5.95966208400165 7.313868341757375e-24 1.1570129157704385e-15 1.154532605807139e-15 2.48030996329932e-18
6.004529249263818 8.791604381924241e-24 1.4012529327448708e-15 1.3986804306691341e-15 2.572502075736046e-18
6.027089341400364 9.816506443917823e-24 1.5704858155495617e-15 1.5678608957349182e-15 2.62491981464352e-18
6.049734195844842 1.1025922392291126e-23 1.7706008078944745e-15 1.7679204892611086e-15 2.6803186333656818e-18
6.095279466722835 1.4514054776028978e-23 2.348290458558952e-15 2.3454770284661575e-15 2.8134300927947383e-18
6.141167624020661 1.9873661560042866e-23 3.239651352230889e-15 3.2366689206112642e-15 2.9824316196235106e-18
6.164241091010745 2.3296024733295456e-23 3.811806690006505e-15 3.808720053771969e-15 3.086636234534931e-18
6.187401249150058 2.7190889958987377e-23 4.465819194419905e-15 4.462624972396465e-15 3.1942220234378336e-18
6.1990139391386085 2.9093245985774646e-23 4.7872292447978595e-15 4.783980148668433e-15 3.249096129427886e-18
6.204828454712694 3.009498760139791e-23 4.956708519085726e-15 4.953431645247531e-15 3.276873838193894e-18
6.210648424152782 3.0827167791590615e-23 5.082062531858458e-15 5.078761522739841e-15 3.3010091186141344e-18
6.233982942956859 3.331605638552118e-23 5.5130081071908186e-15 5.509620926213121e-15 3.387180977696468e-18
6.239830258556775 3.363528982151514e-23 5.5710541913934586e-15 5.567653551321137e-15 3.4006400723208522e-18
6.245683058788269 3.366510775131477e-23 5.581223109512394e-15 5.577808964910976e-15 3.4141446014185495e-18
6.257405133728602 3.360167511115352e-23 5.581162089409325e-15 5.5777234157171105e-15 3.4386736922156885e-18
6.269149208991335 3.3118772438454947e-23 5.51127739436272e-15 5.5078254406331234e-15 3.451953729593732e-18
6.280915325867298 3.190054304756894e-23 5.318515727864239e-15 5.315064475939625e-15 3.45125192461321e-18
6.304513850009849 2.8893569092499694e-23 4.8352866761906005e-15 4.831849537316104e-15 3.4371388744968478e-18
6.32820103803542 2.516476723395012e-23 4.227100937763077e-15 4.2236914312112505e-15 3.409506551826702e-18
6.3519772230701035 2.1745710671852075e-23 3.6665023745452764e-15 3.663116194854215e-15 3.386179691061853e-18
6.375842739491607 1.886875476767989e-23 3.1933775645311203e-15 3.1900103580749876e-15 3.3672064561328803e-18
6.399797922933955 1.65666933669278e-23 2.814307370843073e-15 2.810942714080023e-15 3.3646567630504632e-18
6.42384311029221 1.4652806264188812e-23 2.498533438993026e-15 2.495168038802624e-15 3.3654001904012532e-18
6.447978639727206 1.3261549362870638e-23 2.2697984198756308e-15 2.266419273733862e-15 3.379146141768122e-18
6.472204850670314 1.2103410031005078e-23 2.0793587962831148e-15 2.075963193746465e-15 3.395602536649116e-18
6.496522083828205 1.1354783490678457e-23 1.9580744917084063e-15 1.9546517153029956e-15 3.422776405410476e-18
6.520930681187647 1.0725444279541132e-23 1.856497238811274e-15 1.853045432023895e-15 3.4518067873795802e-18
6.57002334288761 1.0092045197100338e-23 1.7600116091840436e-15 1.7564861787575322e-15 3.525430426511531e-18
6.619489833774732 1.0045132773545137e-23 1.7650200129209135e-15 1.7614073342531511e-15 3.612678667762203e-18
6.6693287637831435 1.0316029018370874e-23 1.8262663396537144e-15 1.822559596059869e-15 3.706743593845545e-18
6.719538636694507 1.0655403010579092e-23 1.900547677228603e-15 1.8967473204654193e-15 3.8003567631843765e-18
6.770126513364129 1.1474943703663194e-23 2.0621335165112583e-15 2.0582320932714984e-15 3.90142323975949e-18
6.8210952395837445 1.270504369762588e-23 2.3003806698813356e-15 2.296367729339668e-15 4.0129405416671846e-18
6.872447682569556 1.425087242024521e-23 2.599694572999819e-15 2.5955596348326242e-15 4.134938167194944e-18
6.924186731123532 1.6201600721439493e-23 2.977804140779257e-15 2.973537041882584e-15 4.267098896671719e-18
6.976315295795916 1.7794655136061675e-23 3.2952252678683864e-15 3.290822187909281e-15 4.403079959105483e-18
7.028836309048954 1.8057189405320673e-23 3.3690155529353645e-15 3.3644797925233387e-15 4.535760412026231e-18
7.081752725421856 1.741801756995851e-23 3.2742279819225798e-15 3.2695594815340543e-15 4.668500388525032e-18
7.135067521697011 1.70081873581754e-23 3.2212583082876765e-15 3.21644418612236e-15 4.8141221653171716e-18
7.1887836970674375 1.742066151546371e-23 3.3242179622799025e-15 3.3192375817411465e-15 4.980380538755439e-18
7.242904273305506 1.8785131697990802e-23 3.611573207362595e-15 3.606400485068002e-15 5.172722294592666e-18
7.297432294932914 2.0924443043181305e-23 4.053156885987901e-15 4.047756223002293e-15 5.4006629856076115e-18
7.352370829391971 2.3370737210949333e-23 4.5610963702979565e-15 4.555409867269347e-15 5.6865030286085844e-18
7.379995003818881 2.4890793645087603e-23 4.8760061555405985e-15 4.870153774571517e-15 5.852380969079125e-18
7.407722967218148 2.656573375802152e-23 5.223672984846446e-15 5.217646784715738e-15 6.026200130708057e-18
7.463496598684601 3.0808274823776654e-23 6.103502854487731e-15 6.097085127368217e-15 6.417727119514861e-18
7.519690156487492 3.629517448006568e-23 7.244664326526029e-15 7.237787355344798e-15 6.876971181231649e-18
7.533803324048627 3.7891333909167515e-23 7.577459183849054e-15 7.570452431088074e-15 7.006752760979956e-18
7.547942979602549 3.955880649930776e-23 7.925765597522202e-15 7.918626557472646e-15 7.13904004955583e-18
7.57630195363571 4.307363628930876e-23 8.662400213302711e-15 8.654987487636785e-15 7.412725665928117e-18
7.590521371821866 4.485161124912095e-23 9.036891951134323e-15 9.029335596515595e-15 7.556354618727832e-18
7.604767477414989 4.670381210501357e-23 9.427742304669874e-15 9.420039484723238e-15 7.70281994663165e-18
7.633339951266878 5.0428327886898504e-23 1.021782840880178e-14 1.020983033965838e-14 7.998069143402266e-18
7.662019777021956 5.333437706855232e-23 1.0847256971155908e-14 1.0838987288041188e-14 8.269683114719478e-18
7.690807358020558 5.533801559974838e-23 1.1297047313289512e-14 1.1288541482860175e-14 8.505830429340015e-18
7.719703099118437 5.637536526171066e-23 1.1552059029328003e-14 1.1543356030027843e-14 8.702999300159141e-18
7.748707406692464 5.623985626063196e-23 1.1567590267787161e-14 1.1558704519157309e-14 8.885748629847462e-18
7.777823177463063 5.52034576475658e-23 1.139708478518568e-14 1.1387888969303714e-14 9.195815881962738e-18
7.807048350752435 5.360321389016578e-23 1.110828801512717e-14 1.1098746522526224e-14 9.541492600945419e-18
7.836380830085272 5.1381101351205814e-23 1.068780141309538e-14 1.0677921172538821e-14 9.880240556557525e-18
7.851088371676256 4.983490880649925e-23 1.038563287989716e-14 1.0375605606649523e-14 1.0027273247640326e-17
7.86582351679805 4.8195402306943594e-23 1.0062809264908527e-14 1.0052643202102525e-14 1.0166062806004808e-17
7.89537682495964 4.457435498794112e-23 9.341731121274033e-15 9.331320337867178e-15 1.0410783406853637e-17
7.9250411701946435 4.0663934500995396e-23 8.554218854894169e-15 8.543552028226653e-15 1.0666826667514362e-17
7.939915112024199 3.858875778810819e-23 8.132912329263177e-15 8.122110430813705e-15 1.0801898449472066e-17
7.954816969689239 3.6625948144962033e-23 7.733721004749133e-15 7.722777362791167e-15 1.0943641957970316e-17
7.9847046421970465 3.3005794040901434e-23 6.995495384380014e-15 6.984243855826552e-15 1.1251528553461353e-17
8.044817289139356 2.6907755645749985e-23 5.745966546778379e-15 5.733975122908405e-15 1.1991423869974912e-17
8.07504310897143 2.464953856411624e-23 5.283516600840004e-15 5.271077698245898e-15 1.2438902594106839e-17
8.105382492623747 2.265233447525842e-23 4.873667679822866e-15 4.860748514523107e-15 1.2919165299760443e-17
8.135835866775926 2.1073169840734472e-23 4.550943868611893e-15 4.537528757229614e-15 1.3415111382279887e-17
8.166403659710703 1.9887458521638067e-23 4.311015287330487e-15 4.2970602070255104e-15 1.3955080304978154e-17
8.197086301319933 1.90153303042186e-23 4.1374505311105325e-15 4.122922443758751e-15 1.452808735178228e-17
8.227884223110665 1.8252836618081675e-23 3.986465146828988e-15 3.971328722466519e-15 1.513642436246913e-17
8.258797858211198 1.782786240029192e-23 3.9082788548407044e-15 3.892352826954507e-15 1.5926027886199032e-17
8.289827641377162 1.7723856443462118e-23 3.900076787203446e-15 3.8826529185306065e-15 1.742386867283977e-17
8.320974008997652 1.7885658292477522e-23 3.9504678139106305e-15 3.93124361335926e-15 1.9224200551370622e-17
8.35223739910135 1.8159018029025644e-23 4.025915199637219e-15 4.0047171886172284e-15 2.119801101999084e-17
8.383618251362687 1.8944312115213773e-23 4.2157977506297524e-15 4.192576891910312e-15 2.3220858719439415e-17
8.415117007108037 2.0060857556607243e-23 4.481042739845995e-15 4.455617110107592e-15 2.542562973840233e-17
8.446734109321913 2.1544267371587896e-23 4.83047664510303e-15 4.802768620020333e-15 2.770802508269386e-17
8.478470002653195 2.3427722828212717e-23 5.272504975887252e-15 5.242433051620887e-15 3.0071924266364886e-17
8.542299949622933 2.7531708586918073e-23 6.242771140818462e-15 6.207685261426553e-15 3.5085879391910204e-17
8.558332380220154 2.840200057757962e-23 6.452195443805121e-15 6.415815345079293e-15 3.638009872582649e-17
8.574394900937412 2.895541626815898e-23 6.590262708695371e-15 6.5525937907867605e-15 3.7668917908612577e-17
8.606610438733982 2.8992169077938486e-23 6.623419887156141e-15 6.583211905293624e-15 4.020798186251722e-17
8.622764948673899 2.857890355246938e-23 6.541261985512395e-15 6.4997791639287634e-15 4.14828215836333e-17
8.638949780445296 2.766124610604599e-23 6.3431082510677376e-15 6.3003836633708375e-15 4.2724587696898616e-17
8.655163606183647 2.672791737094322e-23 6.1405862345490955e-15 6.0965868018820475e-15 4.399943266704751e-17
8.671407862489573 2.5614118512610645e-23 5.895741880180044e-15 5.850459704309419e-15 4.528217587062411e-17
8.703987895363145 2.2964252350374705e-23 5.30566740560444e-15 5.2578027950570006e-15 4.786461054744051e-17
8.736690337257128 2.0605425038194405e-23 4.778570011317587e-15 4.727979672094365e-15 5.059033922322179e-17
8.802464289484785 1.6615225555317224e-23 3.882218244358409e-15 3.825780028861152e-15 5.643821549725655e-17
8.868733419248175 1.3974895960766953e-23 3.2898766679774272e-15 3.2264232079579762e-15 6.345346001945015e-17
8.935501454478851 1.2247940429752406e-23 2.9050353957122878e-15 2.832171356377304e-15 7.286403933498459e-17
9.002772151174003 1.1111544374457477e-23 2.6553398724854975e-15 2.5722802169360122e-15 8.305965554948432e-17
9.07054929360775 1.0348963615539162e-23 2.491723688224699e-15 2.39793278160029e-15 9.379090662440865e-17
9.13883669454403 9.81869120410836e-24 2.381847498385814e-15 2.2767466489575984e-15 1.0510084942821592e-16
9.207638195451068 9.483598954782356e-24 2.3178795240552083e-15 2.2012413020039106e-15 1.166382220512981e-16
9.276957666717493 9.20087778705508e-24 2.265709731261458e-15 2.13635676915433e-15 1.293529621071278e-16
9.346799007870057 9.0472828392867e-24 2.244659674160941e-15 2.102634485087092e-15 1.420251890738488e-16
9.417166147792997 8.920484488587167e-24 2.2298626244304135e-15 2.0743122330733173e-15 1.5555039135709626e-16
9.488063044949055 8.860611935236555e-24 2.23157101125826e-15 2.065399916190666e-15 1.6617109506759399e-16
9.559493687602165 8.81666554718132e-24 2.2372199855516028e-15 2.0596365347141593e-15 1.7758345083744252e-16
9.631462094041797 8.827599770112946e-24 2.256858275776705e-15 2.0679099867218224e-15 1.8894828905488264e-16
9.703972312809022 8.847579469447639e-24 2.278995428267013e-15 2.0783236686824677e-15 2.0067175958454618e-16
9.777099908821425 8.897793748636352e-24 2.3092014457002863e-15 2.1005537738302947e-15 2.086476718699921e-16
9.924867353363874 9.045871547692781e-24 2.3831125873954847e-15 2.1601445198406627e-15 2.229680675548219e-16
10.074868099996943 9.270769663437695e-24 2.479274382948372e-15 2.248596025982344e-15 2.3067835696602807e-16
10.150790707826552 9.407156385956846e-24 2.5347064522677964e-15 2.302295527661118e-15 2.3241092460667784e-16
10.22721067892732 9.603272768448754e-24 2.6070292275563726e-15 2.3731033130921695e-15 2.3392591446420314e-16
10.304205975847633 9.812592598757037e-24 2.683908665739237e-15 2.4485380875279747e-15 2.353705782112626e-16
10.381780929913377 1.0103216084830651e-23 2.784203243865927e-15 2.5494819654792316e-15 2.3472127838669495e-16
10.459939905058707 1.0420839566132756e-23 2.8933523989719438e-15 2.659342280026999e-15 2.340101189449451e-16
10.538687298071551 1.0884762090914009e-23 3.0449130290569707e-15 2.812658722414211e-15 2.322543066427596e-16
10.618027538840941 1.1401680176588659e-23 3.2135283458245082e-15 2.983230024886887e-15 2.302983209376191e-16
10.697971937068667 1.2141905387852538e-23 3.447924376145815e-15 3.2218202723240567e-15 2.261041038217592e-16
10.778518246224262 1.3167726309789501e-23 3.767378764590863e-15 3.545725683589685e-15 2.2165308100117828e-16
10.859664048220797 1.467671400499565e-23 4.230723616623531e-15 4.013713839146946e-15 2.170097774765872e-16
10.941420754335242 1.6947056283652894e-23 4.921952567155538e-15 4.709735054267085e-15 2.1221751288845232e-16
10.961955922839442 1.773880411382497e-23 5.161570010993144e-15 4.950597488164306e-15 2.109725228288393e-16
10.982529632329763 1.8624399519945565e-23 5.4294282223431085e-15 5.2196937221620385e-15 2.097345001810704e-16
11.023792963743814 2.0775342603973263e-23 6.079231413914028e-15 5.8719671154499524e-15 2.0726429846407712e-16
11.065211328886559 2.3589688698534858e-23 6.928693585429329e-15 6.723937437054063e-15 2.047561483752693e-16
11.08597883104876 2.5393053062791878e-23 7.472370516804059e-15 7.268883307195173e-15 2.0348720960888458e-16
11.106785310247485 2.740690467135938e-23 8.08011979195556e-15 7.877914107985516e-15 2.0220568397004602e-16
11.14851549250461 3.219117857393511e-23 9.52628021238106e-15 9.326674001375563e-15 1.9960621100549759e-16
11.169441129330048 3.476502738338599e-23 1.0307265246328017e-14 1.0108942622568741e-14 1.9832262375927709e-16
11.190406043337886 3.7069093276043044e-23 1.1011012137715386e-14 1.0813998506590727e-14 1.9701363112465484e-16
11.21140851448765 3.931354542309652e-23 1.1699621775616103e-14 1.1503960372022666e-14 1.9566140359343128e-16
11.22192452720434 4.049320258595755e-23 1.2061988298972483e-14 1.1866998531376534e-14 1.9498976759594502e-16
11.232450403670388 4.1018310840710047e-23 1.222986645080168e-14 1.2035471199826782e-14 1.9439525097489901e-16
11.253533585369773 4.151154387931943e-23 1.2400158323704345e-14 1.2206907704269226e-14 1.932506194351176e-16
11.274656339961506 4.1686659022810545e-23 1.2475841142818963e-14 1.2283718129365217e-14 1.921230134537444e-16
11.285231677511122 4.1774562612228923e-23 1.251387532300443e-14 1.2322306058931118e-14 1.9156926407331152e-16
11.295816934455262 4.1358147926504434e-23 1.2400755952794378e-14 1.2209762934084735e-14 1.9099301870964303e-16
11.317017243752359 4.0261781808453385e-23 1.209468053694859e-14 1.1904850931305654e-14 1.8982960564293137e-16
11.338257342390673 3.916496962798108e-23 1.1787278288505079e-14 1.1598610433869936e-14 1.8866785463514494e-16
11.359537305047965 3.7980600717985316e-23 1.145227860109184e-14 1.1264809203108719e-14 1.8746939798312021e-16
11.402217121831576 3.5318759244358034e-23 1.0689667037338959e-14 1.0504736311668283e-14 1.8493072567067798e-16
11.423617126015266 3.3931180913830693e-23 1.0288973452424147e-14 1.0105363484702484e-14 1.8360996772166035e-16
11.445057294333186 3.251660565816073e-23 9.87853648821528e-15 9.696328187358124e-15 1.822083008571584e-16
11.488058425037956 2.964901553161464e-23 9.041205618475156e-15 8.86203987863365e-15 1.7916573984150358e-16
11.53122111869469 2.709965549159179e-23 8.294849353706292e-15 8.118671272815257e-15 1.7617808089103642e-16
11.574545982324347 2.4831846333858392e-23 7.629259896188905e-15 7.456015567991868e-15 1.7324432819703786e-16
11.618033625228566 2.283659129580634e-23 7.0426051761614726e-15 6.8723415368631456e-15 1.7026363929832653e-16
11.661684658998247 2.1194281951060874e-23 6.560688743520797e-15 6.3937847468387364e-15 1.669039966820576e-16
11.705499697522141 1.9948638326488566e-23 6.198300788460077e-15 6.0349020589566935e-15 1.6339872950338325e-16
11.749479356995494 1.8990436628205854e-23 5.9227446045718336e-15 5.7630607601154404e-15 1.5968384445639618e-16
11.793624255928705 1.8176193853821693e-23 5.690096948799067e-15 5.534149873248833e-15 1.5594707555023478e-16
11.83793501515603 1.768944032575543e-23 5.558523897547286e-15 5.406661649201645e-15 1.5186224834563705e-16
11.882412257844306 1.7281276067877796e-23 5.450669596859509e-15 5.302888450737913e-15 1.4778114612159627e-16
11.92705660950172 1.7105142637696143e-23 5.415385947542184e-15 5.271999917444894e-15 1.4338603009728763e-16
11.971868697986617 1.6991775411742357e-23 5.3997062860644915e-15 5.2607278915352655e-15 1.389783945292265e-16
12.016849153516302 1.7115819128526075e-23 5.459561103973604e-15 5.325435931526941e-15 1.341251724466635e-16
12.061998608675935 1.7287873498192737e-23 5.535161324450385e-15 5.405858981031137e-15 1.2930234341924997e-16
12.152807060118223 1.8082777250082818e-23 5.833257775622341e-15 5.71434844042726e-15 1.1890933519508243e-16
12.198467333490619 1.872045463036401e-23 6.06165328662255e-15 5.948407436328762e-15 1.1324585029378671e-16
12.244299160690385 1.9430413499927862e-23 6.315175264843039e-15 6.2075300401309526e-15 1.076452247120856e-16
12.290303186275983 2.0352488025950457e-23 6.639716515919972e-15 6.5382244149701645e-15 1.0149210094980832e-16
12.3364800572276 2.1358323638655496e-23 6.994035898064892e-15 6.897460812604916e-15 9.657508545997414e-17
12.382830422956244 2.2526657188244897e-23 7.40433583363371e-15 7.308961624336656e-15 9.537420929705325e-17
12.429354935312874 2.3750575241131184e-23 7.835959014745703e-15 7.741760016794384e-15 9.419899795131746e-17
12.476058240797144 2.4936888170887552e-23 8.258270121812465e-15 8.165221309483224e-15 9.304881232923849e-17
12.522937033967983 2.6142766935847823e-23 8.690148165221756e-15 8.597738929049665e-15 9.240923617209217e-17
12.569987951963114 2.710925021151499e-23 9.04527552917709e-15 8.95149484809988e-15 9.378068107720923e-17
12.593579661530361 2.7450731913650445e-23 9.176404626036325e-15 9.081941071932187e-15 9.44635541041355e-17
12.617215648686605 2.7702107079909284e-23 9.277816158154526e-15 9.182671568638212e-15 9.514458951631465e-17
12.664620788327802 2.783922555553789e-23 9.358769976905234e-15 9.262275935496053e-15 9.649404140918057e-17
12.71220403757155 2.759006025767086e-23 9.30985542898174e-15 9.212020987637029e-15 9.78344413447104e-17
12.736062662318053 2.73035634060321e-23 9.230472887844381e-15 9.131973599906057e-15 9.849928793832374e-17
12.759966065607527 2.6924820946308316e-23 9.119515720423071e-15 9.0203537913933e-15 9.916192902976925e-17
12.807907544139693 2.5863645769511908e-23 8.793005816982214e-15 8.69253039429185e-15 1.0047542269036557e-16
12.856029147395699 2.46747400762305e-23 8.420325264232351e-15 8.318532003521475e-15 1.0179326071087534e-16
12.904331552136407 2.3406900639976668e-23 8.017682561581915e-15 7.91455303936255e-15 1.0312952221936573e-16
12.95281543766539 2.211385731114435e-23 7.603229741032953e-15 7.498753794412959e-15 1.0447594661999398e-16
13.00148148583848 2.0934941911456572e-23 7.22493651142111e-15 7.11909240757238e-15 1.0584410384872984e-16
13.050330381073369 1.9859692035611562e-23 6.879604137759479e-15 6.772369726800091e-15 1.0723441095938638e-16
13.099362810359226 1.888898583286323e-23 6.567925906220435e-15 6.4592779558644305e-15 1.0864795035600801e-16
13.197981031955921 1.7285961389020092e-23 6.055785329166523e-15 5.944235151708716e-15 1.1155017745780492e-16
13.247568211189632 1.6646873783198856e-23 5.853805442931789e-15 5.740768547907681e-15 1.1303689502410665e-16
13.297341698339563 1.607338234427126e-23 5.673375612273953e-15 5.5588286009996894e-15 1.1454701127426243e-16
13.397450398986955 1.5168316752182623e-23 5.394224039370045e-15 5.276593085640821e-15 1.1763095372922303e-16
13.447787020368724 1.4815135194066977e-23 5.28841921259408e-15 5.1692173746083295e-15 1.192018379857507e-16
13.498312765455129 1.4495453548520032e-23 5.19374626047726e-15 5.072951932814118e-15 1.2079432766314314e-16
13.59993447169816 1.3989233401616265e-23 5.0501021758255344e-15 4.926081837429868e-15 1.240203383956677e-16
13.702321234386334 1.3620001840380848e-23 4.9538259535031966e-15 4.825996861121791e-15 1.2782909238140695e-16
13.805478813227746 1.3370451098539436e-23 4.8996715360659435e-15 4.763268226567831e-15 1.3640330949811294e-16
13.90941301129231 1.316491591355923e-23 4.860672108330671e-15 4.714803781791047e-15 1.4586832653962486e-16
13.96167316792965 1.3114432328553801e-23 4.860225243668347e-15 4.707965803986233e-15 1.5225943968211576e-16
14.014129675338197 1.3081317231581815e-23 4.866167373765814e-15 4.707250368127034e-15 1.5891700563877893e-16
14.119634696140762 1.3127264416441935e-23 4.920022931433589e-15 4.7471458402505925e-15 1.7287709118299804e-16
14.225934008823913 1.319635374589418e-23 4.983152425965772e-15 4.79548163024419e-15 1.8767079572158195e-16
14.333033593193976 1.3270021701516862e-23 5.048695579671081e-15 4.844998756659145e-15 2.036968230119348e-16
14.44093947407611 1.333594521570449e-23 5.1119745560142236e-15 4.891686171383279e-15 2.2028838463094562e-16
14.54965772165321 1.3408559611852607e-23 5.1785042488394216e-15 4.940223409020615e-15 2.3828083981880777e-16
14.659194451807393 1.3487959171943822e-23 5.24838615832882e-15 4.9905898792208505e-15 2.5779627910796955e-16
14.769555826464039 1.3572018052071874e-23 5.3208534363984625e-15 5.0420061603729505e-15 2.7884727602551383e-16
14.992777389284976 1.3720932085092443e-23 5.46053431259558e-15 5.1367447455790995e-15 3.2378956701648147e-16
15.21937263962189 1.3899448955323423e-23 5.615181087835046e-15 5.239024224860681e-15 3.761568629743667e-16
15.449392566130673 1.4065672372653193e-23 5.768213664434766e-15 5.33181984779755e-15 4.363938166372163e-16
15.682888928090767 1.4333688621419024e-23 5.966964657394482e-15 5.4341914602411664e-15 5.327731971533167e-16
15.919914267052077 1.4621910949864195e-23 6.1789444710009976e-15 5.530412017460411e-15 6.485324535405852e-16
16.03976693895051 1.478359600226612e-23 6.294301942867459e-15 5.583759569501688e-15 7.105423733657706e-16
16.1605219186579 1.5022609231141623e-23 6.444217443625823e-15 5.666107091740466e-15 7.781103518853562e-16
16.22123989475974 1.5147101674311364e-23 6.522033433188404e-15 5.710964158775788e-15 8.110692744126145e-16
16.282185999175777 1.5274609328707185e-23 6.601646357295151e-15 5.756163021192542e-15 8.454833361026087e-16
16.312744867225646 1.533953019036447e-23 6.642147802738824e-15 5.778891049323663e-15 8.632567534151633e-16
16.343361089024967 1.5405249097941254e-23 6.683124231774336e-15 5.801705036899962e-15 8.814191948743756e-16
16.404766024646595 1.553914311257024e-23 6.766538233751168e-15 5.847591574442307e-15 9.189466593088627e-16
16.466401669612416 1.5676418973550042e-23 6.851962858725538e-15 5.8938240172791565e-15 9.58138841446379e-16
16.497306278852424 1.5746366526172847e-23 6.895453380809606e-15 5.917070389050839e-15 9.783829917587695e-16
16.528268890738765 1.581720999204267e-23 6.93947607898801e-15 5.940403761840113e-15 9.990723171478944e-16
16.590368558098763 1.596165544092972e-23 7.029159510130008e-15 5.9873322157294335e-15 1.041827294400574e-15
16.65270154503456 1.6107307123571118e-23 7.119952088757466e-15 6.034383361529242e-15 1.0855687272282262e-15
16.715268728169598 1.6245327863428508e-23 7.207941891354709e-15 6.080812334137672e-15 1.1271295572170345e-15
16.778070987420957 1.6386591186459768e-23 7.297936490480161e-15 6.127591928735075e-15 1.1703445617450826e-15
16.9043842704834 1.6679299684429088e-23 7.484220970626869e-15 6.2222084060767605e-15 1.2620125645501102e-15
17.03164849990255 1.698638676176454e-23 7.679397124997462e-15 6.318243795946074e-15 1.361153329051389e-15
17.159870834853997 1.730590278734436e-23 7.882749168298723e-15 6.415449377763495e-15 1.4672997905352268e-15
17.289058488411015 1.7611452406526317e-23 8.082318301502928e-15 6.511603903417086e-15 1.57071439808584e-15
17.35401657858945 1.7769415026180188e-23 8.185450226252098e-15 6.5602253675171334e-15 1.6252248587349636e-15
17.386587088641786 1.784973995413584e-23 8.237883895522639e-15 6.584672737042432e-15 1.6532111584802079e-15
17.419218727950305 1.7930979036724238e-23 8.290908235572254e-15 6.609211425339074e-15 1.681696810233183e-15
17.48466585346766 1.8096256366318466e-23 8.398766556805712e-15 6.658563448363879e-15 1.7402031084418325e-15
17.550358875560836 1.8265362930217764e-23 8.509102213517973e-15 6.7082828275466e-15 1.800819385971377e-15
17.682486308455736 1.860189316187156e-23 8.731119036417248e-15 6.808533024292144e-15 1.922586012125103e-15
17.81560845938729 1.8816864498627645e-23 8.898511172632604e-15 6.907424822433524e-15 1.991086350199081e-15
17.882544892141226 1.8926054864932566e-23 8.983774696633986e-15 6.9574366806583245e-15 2.0263380159756605e-15
17.949732817065083 1.9035323743907903e-23 9.069590714636092e-15 7.0078275380622e-15 2.061763176573892e-15
18.084866926577256 1.9247789994341134e-23 9.23986491768436e-15 7.109751503160468e-15 2.130113414523892e-15
18.221018389814958 1.94643683536234e-23 9.414177756457443e-15 7.213451201935874e-15 2.2007265545215716e-15
18.496404071615608 1.9908686945756418e-23 9.774608124848367e-15 7.43099029063261e-15 2.3436178342157567e-15
18.635790038622734 2.015355538265198e-23 9.96939755634954e-15 7.550339641488956e-15 2.4190579148605837e-15
18.776226396166493 2.040163275458683e-23 1.0168167035234884e-14 7.671143900162409e-15 2.497023135072474e-15
18.91772105982334 2.064651013366032e-23 1.0367759259357746e-14 7.792174464299354e-15 2.575584795058393e-15
19.203636446149176 2.114775674258661e-23 1.0779961623062866e-14 8.038842424986909e-15 2.741119198075958e-15
19.4938730510763 2.1655318509974755e-23 1.1205523283618338e-14 8.289590898518729e-15 2.9159323850996067e-15
19.78849618389234 2.217126123057368e-23 1.1645888386887374e-14 8.544904601841668e-15 3.1009837850457073e-15
20.08757214094514 2.2693982628434932e-23 1.2100619380083473e-14 8.804183650154027e-15 3.2964357299294486e-15
20.391466406516905 2.3226243944696704e-23 1.2571782949871663e-14 9.068240726421136e-15 3.503542223450529e-15
20.699681925472166 2.3763751988216547e-23 1.3057141672296191e-14 9.337625010012703e-15 3.719516662283486e-15
21.012556099387844 2.4294677211821874e-23 1.3550628913798032e-14 9.612939285393228e-15 3.937689628404801e-15
21.652507708764745 2.543112043497315e-23 1.4616491202974532e-14 1.0211845919620519e-14 4.404645283354009e-15
21.979755641372343 2.602571682062148e-23 1.5184307597983156e-14 1.0524360796648653e-14 4.6599468013344995e-15
22.311949477282987 2.66331286399489e-23 1.5773538773030526e-14 1.0842814883123931e-14 4.9307238899066e-15
22.64916396703608 2.725261007077134e-23 1.638436865753399e-14 1.1166691895534548e-14 5.217676761999446e-15
22.991811201917592 2.7886572159262255e-23 1.701914550657661e-14 1.149690744202051e-14 5.522238064556102e-15
23.339642165776596 2.85335194397916e-23 1.7677423601393996e-14 1.1832521181363108e-14 5.844902420030885e-15
23.69273528050995 2.9195415174509035e-23 1.8361125144882162e-14 1.2174210221419297e-14 6.18691492346287e-15
24.414313559781952 3.0599476201057146e-23 1.9830238768760623e-14 1.2897930792582859e-14 6.932307976177761e-15
24.78366481022829 3.1344803381024425e-23 2.062056258227414e-14 1.327849963981118e-14 7.342062942462957e-15
25.15860378059443 3.211939538576096e-23 2.1449804098777786e-14 1.3670668045054506e-14 7.779136053723283e-15
25.924826076583233 3.3736496357570997e-23 2.3215885986622746e-14 1.4478475464835618e-14 8.737410521787128e-15
26.714384190886577 3.5452720402579804e-23 2.5139935906503795e-14 1.532479322897671e-14 9.815142677527088e-15
27.527988831636016 3.726834618154071e-23 2.7232282107372934e-14 1.6211753648581656e-14 1.1020528458791282e-14
28.366372352060132 3.919962848523575e-23 2.9515842445937315e-14 1.714675173044228e-14 1.2369090715495019e-14
29.2302894097004 4.1252092533158416e-23 3.2007262500853236e-14 1.8137568997398316e-14 1.3869693503454917e-14
30.12051764570424 4.3441596119766803e-23 3.473262744532962e-14 1.9177336211454137e-14 1.5555291233875484e-14
30.575747924857424 4.459863246411681e-23 3.619662382582801e-14 1.9712430722776607e-14 1.6484193103051404e-14
31.037858384806153 4.580049386709186e-23 3.773386934378547e-14 2.02576090088508e-14 1.747626033493468e-14
31.983137356627505 4.833142670716008e-23 4.1031756770848165e-14 2.1391433682379623e-14 1.964032308846855e-14
32.95720543894392 5.108590648633917e-23 4.469108683168946e-14 2.2597103741898842e-14 2.209398308979061e-14
33.960939423588975 5.401831152092067e-23 4.869564618969017e-14 2.386097639055117e-14 2.4834669799139004e-14
34.99524280568484 5.706168531212857e-23 5.300575666582662e-14 2.5160943427767087e-14 2.7844813238059528e-14
36.06104659690874 6.024616950008636e-23 5.766830669038632e-14 2.65119615375707e-14 3.115634515281563e-14
37.159310163528254 6.356276058172527e-23 6.269599899202428e-14 2.794284258631984e-14 3.475315640570444e-14
38.29102208995955 6.70047633558113e-23 6.810391365148904e-14 2.9434881561451446e-14 3.866903209003759e-14
39.45720106862597 7.048352321297752e-23 7.382157602037071e-14 3.095781593680736e-14 4.286376008356336e-14
40.65889681691763 7.402547760032223e-23 7.989254243752203e-14 3.252180793737075e-14 4.737073450015132e-14
41.897191022077855 7.762750753551313e-23 8.633163819224285e-14 3.414422094633638e-14 5.2187417245906455e-14
43.173198314866475 8.126225552886419e-23 9.31263386060656e-14 3.581042245625031e-14 5.731591614981529e-14
44.48806727287728 8.481930411617506e-23 1.0016308145964871e-13 3.7500041550641936e-14 6.266303990900679e-14
45.8429814544115 8.830113286977579e-23 1.074505303105489e-13 3.9209740964150784e-14 6.824078934639809e-14
47.23916046383907 9.161484057295247e-23 1.148781502323653e-13 4.0939079118835094e-14 7.393907111353022e-14
48.67786104940597 9.475730998874536e-23 1.2243727155010858e-13 4.267715580653311e-14 7.976011574357542e-14
50.16037823447602 9.762876159036042e-23 1.2998942301554146e-13 4.441312900180865e-14 8.557629401373282e-14
51.68804648322576 1.002253673465008e-22 1.3751092654586727e-13 4.613519127011867e-14 9.137573527574858e-14
53.26224090184056 1.0244978481719664e-22 1.4484380269624848e-13 4.782651616125208e-14 9.701728653499641e-14
54.884378476295105 1.0429959780700799e-22 1.5195003949545672e-13 4.947583847257026e-14 1.0247420102288651e-13
56.55591934783037 1.0570565719794988e-22 1.5868860055784477e-13 5.1082802788409004e-14 1.0760579776943574e-13
58.27836812727644 1.066650231526095e-22 1.6500566223278041e-13 5.2635022139429446e-14 1.1237064009335098e-13
60.05327524940399 1.0740307875155272e-22 1.7120753017277234e-13 5.4102623083709e-14 1.1710490708906336e-13
61.88223836852342 1.0794762100015941e-22 1.773162438844932e-13 5.5470539478205316e-14 1.2184570440628785e-13
62.81758386220369 1.0810888011600793e-22 1.8026525608020645e-13 5.612151920888518e-14 1.2414373687132125e-13
63.7670670344103 1.0835647152475835e-22 1.8340903655560485e-13 5.6750258874707193e-14 1.266587776808977e-13
65.70913619443517 1.088989784182162e-22 1.8994112097229883e-13 5.793789963387635e-14 1.3200322133842245e-13
67.71035238438829 1.0895974214820532e-22 1.95835117932864e-13 5.89971788413948e-14 1.3683793909146914e-13
69.77251696707448 1.0844870925988826e-22 2.0085294802433591e-13 5.990710016766342e-14 1.409458478566725e-13
71.89748616702131 1.0749320276859391e-22 2.0514651417579804e-13 6.068689129919604e-14 1.44459622876602e-13
74.08717274132995 1.0612941537642565e-22 2.0871238785321422e-13 6.134702243537446e-14 1.473653654178397e-13
76.34354770141287 1.0440922340111216e-22 2.115829345917274e-13 6.18565094238849e-14 1.497264251678425e-13
78.66864208716851 1.0237352709805834e-22 2.137759047970916e-13 6.219403434190734e-14 1.515818704551842e-13
81.06454879518883 1.0008705444174873e-22 2.1536657971600134e-13 6.237564083969064e-14 1.5299093887631065e-13
83.5334244626476 9.769836441467753e-23 2.166292080126396e-13 6.241607736835813e-14 1.5421313064428142e-13
86.07749140856238 9.506386286930472e-23 2.1720733763644158e-13 6.23026611389434e-14 1.549046764974982e-13
88.69903963417964 9.205743532858116e-23 2.1674406898130716e-13 6.202658022194993e-14 1.5471748875935725e-13
91.4004288842828 8.881422440545114e-23 2.1547663969724385e-13 6.159828101047986e-14 1.5387835868676405e-13
94.18409077127889 8.538652950383872e-23 2.1346975165167082e-13 6.102921569825937e-14 1.5244053595341142e-13
97.05253096397554 8.183289104465989e-23 2.1081630302068665e-13 6.032161577426109e-14 1.504946872464256e-13
100.00833144301866 7.833432469741438e-23 2.0794942237901536e-13 5.948319071328066e-14 1.484662316657347e-13
103.05415282502196 7.479878077608328e-23 2.0461122213373506e-13 5.852004597068511e-14 1.4609117616304993e-13
106.19273675747671 7.137913417023162e-23 2.0120349581810879e-13 5.743458828164092e-14 1.4376890753646783e-13
109.4269083866038 6.796721520482499e-23 1.974208595843641e-13 5.6240392294658696e-14 1.4118046728970535e-13
112.75957890036308 6.444645001246697e-23 1.9289540303388673e-13 5.495976575395035e-14 1.379356372799364e-13
116.1937481489129 6.090671497062123e-23 1.8785266932314792e-13 5.3595424097789675e-14 1.342572452253582e-13
119.73250734487735 5.730063946940603e-23 1.8211301270379543e-13 5.214206486854758e-14 1.2997094783524783e-13
123.37904184585196 5.372216151177284e-23 1.7593988528038234e-13 5.061735231498742e-14 1.2532253296539494e-13
127.13663402165271 5.014972564282614e-23 1.692422161824597e-13 4.9051299578690086e-14 1.2019091660376958e-13
131.0086662088879 4.665612525298912e-23 1.622475421131509e-13 4.7446723012810804e-14 1.1480081910034006e-13
134.99862375551584 4.3227787890947624e-23 1.549036980764615e-13 4.579417364860079e-14 1.091095244278607e-13
139.11009815812417 3.9917444338199107e-23 1.4739773789591337e-13 4.410784410084935e-14 1.0328989379506402e-13
143.3467902947586 3.676499022909728e-23 1.3989167200621494e-13 4.241581009459677e-14 9.747586191161819e-14
147.71251375620898 3.378354827570928e-23 1.3246220601559455e-13 4.07240787437521e-14 9.173812727184251e-14
152.21119827875228 3.1133288796804166e-23 1.2578852894992474e-13 3.902595739893046e-14 8.676257155099424e-14
156.84689328144228 2.876550972442939e-23 1.197615554871378e-13 3.732884080970987e-14 8.24327146774279e-14
159.21741877681018 2.762548508975332e-23 1.1675350433126535e-13 3.648634557599653e-14 8.026715875526881e-14
161.62377151112827 2.6504104849754666e-23 1.1370715955880808e-13 3.5649589263596297e-14 7.805757029521181e-14
166.54613279848823 2.4326617201556902e-23 1.0754388150396656e-13 3.3995720045152026e-14 7.354816145881452e-14
171.61840792845166 2.2300280339780055e-23 1.0158828401950644e-13 3.236694586300378e-14 6.922133815650266e-14
176.84516262850022 2.043444330406893e-23 9.592359096682158e-14 3.076700145006765e-14 6.515658951675394e-14
179.5181642894721 1.9549152561450488e-23 9.31549136303455e-14 2.9980284548857436e-14 6.317462908148805e-14
182.2315681744764 1.8670275963840764e-23 9.031165121482034e-14 2.9203370304376916e-14 6.11082809104434e-14
187.78155384880017 1.69564892294841e-23 8.45197686927331e-14 2.7681227648159824e-14 5.683854104457325e-14
190.61961427604518 1.615329433597594e-23 8.173312912669609e-14 2.6936449910752166e-14 5.479667921594393e-14
193.5005680909718 1.538688231839035e-23 7.903187939400037e-14 2.6202918848874988e-14 5.2828960545125414e-14
199.3937587803602 1.3971235387648742e-23 7.394619013134333e-14 2.477119639768855e-14 4.9174993733654776e-14
205.46643057848152 1.269835036411895e-23 6.925603356883154e-14 2.338688123448325e-14 4.5869152334348293e-14
211.72404970390772 1.1584890938468305e-23 6.510758325582725e-14 2.205057461493165e-14 4.30570086408956e-14
218.17224885259444 1.0559479175610732e-23 6.11521089791176e-14 2.0765781599538878e-14 4.038632737957873e-14
224.8168322680627 9.581722567417695e-24 5.717969694246144e-14 1.953567344742381e-14 3.764402349503764e-14
231.66378096599615 8.672534226422014e-24 5.333024706687991e-14 1.8357487752881153e-14 3.4972759313998753e-14
238.71925811795668 7.825178433704069e-24 4.958509372843525e-14 1.7227811669775298e-14 3.2357282058659953e-14
245.98961459906556 7.044874653657856e-24 4.6000174104064416e-14 1.6150082367093447e-14 2.985009173697097e-14
249.71106150874405 6.670674320986861e-24 4.4215745485577545e-14 1.563193609603896e-14 2.8583809389538586e-14
253.4888082224776 6.3067023777927114e-24 4.243562071950889e-14 1.5127930831514622e-14 2.7307689887994274e-14
261.20898134247824 5.634899710500767e-24 3.9070028631935215e-14 1.4158308850993316e-14 2.49117197809419e-14
269.1642775569489 5.0525622098556104e-24 3.609927867313316e-14 1.3234002293910233e-14 2.286527637922293e-14
277.3618576987742 4.531868982299338e-24 3.336518339147536e-14 1.2357420258802567e-14 2.1007763132672797e-14
285.8091006888481 4.0281361425296345e-24 3.055973801974044e-14 1.1532089729318707e-14 1.9027648290421735e-14
294.5136101780917 3.568551124140328e-24 2.7897592445326443e-14 1.0753569230487687e-14 1.7144023214838746e-14
303.4832213917586 3.1750803128821728e-24 2.557754359283371e-14 1.0016860666691271e-14 1.5560682926142436e-14
312.7260081821858 2.828288178371098e-24 2.3477783454253763e-14 9.32221050241541e-15 1.4155572951838347e-14
322.25029029634635 2.5229859000560486e-24 2.158129860153009e-14 8.670467944274688e-15 1.2910830657255402e-14
332.0646408647343 2.2510637070099765e-24 1.9841744471347378e-14 8.058869027012832e-15 1.1782875444334549e-14
342.17789411833206 2.004328077033136e-24 1.820497942465256e-14 7.484435715688449e-15 1.0720543708964114e-14
352.59915334060224 1.7819818705026805e-24 1.6678384413345285e-14 6.945741609424677e-15 9.73264280392061e-15
363.337799061663 1.5846727588320749e-24 1.5283386864631666e-14 6.44170872839617e-15 8.841678136235498e-15
374.40349750202313 1.4092429403172062e-24 1.4005389713305843e-14 5.970515518514792e-15 8.034874194791053e-15
380.062092440151 1.3288200204118854e-24 1.3405720203223161e-14 5.746722213126509e-15 7.658997990096656e-15
385.80620927347337 1.2528818883149877e-24 1.2830653513292271e-14 5.530518249200666e-15 7.300135264091601e-15
397.5561983449763 1.1134051671981464e-24 1.174954893917411e-14 5.119959942294668e-15 6.629588996879441e-15
409.6640412816112 9.881159283946719e-25 1.0744969279515379e-14 4.736802759871615e-15 6.008166519643764e-15
415.8555509384264 9.303854801060182e-25 1.0270104437822533e-14 4.555023365570668e-15 5.715081072251869e-15
422.1406367649012 8.757752140753261e-25 9.813394179393313e-15 4.379549921244825e-15 5.4338442581484906e-15
434.9972154030873 7.759834611145918e-25 8.960007536477439e-15 4.0472667636856195e-15 4.912740772791819e-15
448.24534984018095 6.875245708190123e-25 8.180379458680366e-15 3.738529195719224e-15 4.441850262961141e-15
461.89696517289525 6.090863649891956e-25 7.467812741998762e-15 3.4512652620275345e-15 4.016547479971226e-15
475.9643496848308 5.3955314669467135e-25 6.8167613120146045e-15 3.1840197808592416e-15 3.632741531155364e-15
490.4601659075747 4.77586397421325e-25 6.217633552290015e-15 2.9363053975798464e-15 3.2813281547101665e-15
505.39746201868155 4.222588002894625e-25 5.6647558838666066e-15 2.707161473165373e-15 2.9575944107012334e-15
520.7896835867783 3.732267742540321e-25 5.159464123918863e-15 2.4950267166432647e-15 2.6644374072755987e-15
536.6506856743796 3.299434320914182e-25 4.700029775639107e-15 2.2987574037107398e-15 2.4012723719283666e-15
552.9947453093008 2.9161775757055986e-25 4.280597600271571e-15 2.117094147145139e-15 2.1635034531264312e-15
569.8365743358964 2.576587690345112e-25 3.897307571165997e-15 1.9489953172269413e-15 1.9483122539390553e-15
587.1913326576936 2.275826992828403e-25 3.5472215456664307e-15 1.793539057627328e-15 1.7536824880391023e-15
605.0746418833327 2.0095714043064214e-25 3.227615762125506e-15 1.6498562948605132e-15 1.5777594672649923e-15
623.502599388115 1.7739643533527309e-25 2.9359766018656867e-15 1.517127307078677e-15 1.4188492947870092e-15
642.4917928037942 1.5655628783337157e-25 2.6699770751253036e-15 1.3945801600806003e-15 1.2753969150447033e-15
662.0593149496696 1.3812950924004435e-25 2.4274640238388416e-15 1.2814924038200197e-15 1.1459716200188225e-15
682.2227792184137 1.2184242272833863e-25 2.206450431254375e-15 1.1771840849817824e-15 1.0292663462725931e-15
703.0003354304876 1.074515514277606e-25 2.0051074733572603e-15 1.081020150439213e-15 9.240873229180478e-16
724.4106861714122 9.474033755855904e-26 1.8217518072346833e-15 9.92407748910964e-16 8.293440583237193e-16
746.4731036265977 8.351613168761754e-26 1.6548322180627977e-15 9.107877683712584e-16 7.440444496915397e-16
769.2074469289008 7.360778105129538e-26 1.5029226827087814e-15 8.356376343824822e-16 6.672850483262995e-16
792.6341800345017 6.486345619253081e-26 1.3647160999850814e-15 7.664737803682733e-16 5.982423196168084e-16
816.7743901432078 5.714848764939859e-26 1.2390142093564457e-15 7.028459742598019e-16 5.361682350966439e-16
841.6498066797607 5.034333262996036e-26 1.124715868661329e-15 6.443324798257424e-16 4.803833888355868e-16
867.2828208532309 4.434199305194682e-26 1.020811106570252e-15 5.905406283953064e-16 4.302704781749456e-16
893.6965058121084 3.90507254610659e-26 9.263787820335305e-16 5.411073539246823e-16 3.852714281088482e-16
920.9146374132232 3.438655083757481e-26 8.405768494042366e-16 4.956959436741372e-16 3.4488090573009943e-16
948.9617156232121 3.027592023401739e-26 7.626327954163995e-16 4.539926082991979e-16 3.086401871172016e-16
977.8629865717667 2.665376809595566e-26 6.918406176079415e-16 4.1570639962126833e-16 2.7613421798667284e-16
1007.6444652765354 2.346258577539727e-26 6.275562080579462e-16 3.80567993739794e-16 2.4698821431815204e-16
1038.332959060126 2.06515282902048e-26 5.69191321017979e-16 3.4832776701762407e-16 2.208635540003549e-16
1069.95609168029 1.81756880285307e-26 5.162098039817117e-16 3.187551599885252e-16 1.9745464399318667e-16
1102.542328195006 1.5995411607220223e-26 4.681231566371312e-16 2.916373243256322e-16 1.7648583231149927e-16
1136.1210005848498 1.4075663006644608e-26 4.2448552100989903e-16 2.667770914920464e-16 1.5770842951785264e-16
1170.7223341557005 1.2385497045776745e-26 3.8489013209131345e-16 2.4399188375510107e-16 1.4089824833621248e-16
1206.3774747455793 1.0897621329918575e-26 3.4896700453744636e-16 2.2311359808989587e-16 1.2585340644755053e-16
1243.1185167600695 9.587975304689144e-27 3.163798933506009e-16 2.0398761854993008e-16 1.123922748006707e-16
1280.9785320615858 8.435322931058972e-27 2.8682235539800435e-16 1.8647102956166442e-16 1.003513258363399e-16
1319.9915997384837 7.420918010239788e-27 2.600148988769539e-16 1.704316443420258e-16 8.958325453492803e-17
1360.1928367808064 6.528244780862474e-27 2.3570367104482827e-16 1.5574790035209825e-16 7.995577069273008e-17
1401.618429690285 5.7427657217297524e-27 2.1365857711332946e-16 1.4230834961092494e-16 7.135022750240451e-17
1444.305667053031 5.051661315119726e-27 1.9367018805616697e-16 1.3001023836804526e-16 6.365994968812171e-17
1488.2929731042755 4.4436226761312796e-27 1.7554765750710166e-16 1.1875854569199455e-16 5.678911181510715e-17
1533.6199423153234 3.908692087950883e-27 1.5911775400733426e-16 1.0846601893096031e-16 5.0651735076373916e-17
1580.327375033885 3.438104492733839e-27 1.442233463553134e-16 9.905273305252957e-17 4.5170613302783804e-17
1628.457314209858 3.0241412892656532e-27 1.3072176105118293e-16 9.044521638491001e-17 4.0276544666272916e-17
1678.0530832396191 2.6599999849422312e-27 1.1848319651088032e-16 8.257571193020633e-17 3.5907484580673976e-17
1729.1593249628888 2.339692464077349e-27 1.0738984619073639e-16 7.538201413510544e-17 3.200783205563094e-17
1781.8220418472597 2.0579517291687072e-27 9.733497998595724e-17 6.880719705742134e-17 2.85277829285359e-17
1836.0886373966016 1.8101410022465077e-27 8.822171212531786e-17 6.279899960085767e-17 2.5422712524460195e-17
1892.007958820556 1.5921779578686548e-27 7.996206465216781e-17 5.73093673044226e-17 2.2652697347745208e-17
1949.6303410035755 1.4004684358207723e-27 7.247613628445293e-17 5.2294153584592865e-17 2.0181982699860073e-17
2009.0076518130663 1.2318536747263008e-27 6.569164651759081e-17 4.7713063979307215e-17 1.79785825382836e-17
2070.1933387874215 1.0835549246406861e-27 5.954307649387189e-17 4.352917769895635e-17 1.601389879491556e-17
2133.242477245972 9.531237898728592e-28 5.397081365571539e-17 3.9708501395927854e-17 1.426231225978751e-17
2198.211819864143 8.384067774029078e-28 4.89208227234493e-17 3.621990498482216e-17 1.2700917738627137e-17
2265.1598477584885 7.375107242056867e-28 4.4344179909789265e-17 3.303491893111868e-17 1.130926097867059e-17
2334.1468231275226 6.487699078788732e-28 4.0196505704600687e-17 3.012746396410651e-17 1.006904174049417e-17
2405.2348434957767 5.707195490308736e-28 3.643759198933037e-17 2.7473658534541327e-17 8.96393345478905e-18
2478.487897609897 5.020716890990973e-28 3.303101876061129e-17 2.5051654437602164e-17 7.979364323009119e-18
2553.971923037092 4.416926455976987e-28 2.9943717698283075e-17 2.2841432198810604e-17 7.102285499472477e-18
2631.7548655177807 3.8858521628782724e-28 2.714570601543973e-17 2.0824664935439568e-17 6.321041080000156e-18
2711.906740125872 3.4187289263249e-28 2.460984339903564e-17 1.8984604342181456e-17 5.6252390568541886e-18
2794.4996942916955 3.0078470999436598e-28 2.2311524984627164e-17 1.730592268914104e-17 5.005602295486124e-18
2879.6080727443887 2.646428227198311e-28 2.022846533625757e-17 1.577461200109511e-17 4.453853335162463e-18
2967.308484432098 2.3285133887776725e-28 1.834048731343959e-17 1.4377874291629386e-17 3.962613021810202e-18
3057.6798714803062 2.048859080303023e-28 1.6629283456845934e-17 1.3103994510213808e-17 3.525288946632124e-18
