Dust emission spectrum from A.P. Jones, M. Kohler, N. Ysard, M. Bocchio, and L. Verstraete (2017), A&A, 602A, 46J 
inside the DustPedia framework.

lambda    nu*dP/dnu     j_nu    j_nu(carb.) j_nu(sil)
 (um)   (erg s-1 H-1) (Jy cm2 sr-1 H-1)
0.9927057738263894 3.2205587675706135e-24 8.486355276634719e-17 8.486355276634305e-17 4.148489012976872e-30
1.0001793341362166 3.2737754027045132e-24 8.691529153309816e-17 8.691529153309314e-17 4.998834962906277e-30
1.0077091589558085 3.3269164262939714e-24 8.899109081640622e-17 8.899109081640018e-17 6.0158563141607384e-30
1.0114953028030835 3.353452039453001e-24 9.003790947728814e-17 9.003790947728156e-17 6.596365366468623e-30
1.0152956718711033 3.3799609172332184e-24 9.109061755150223e-17 9.109061755149502e-17 7.230587003963463e-30
1.0229392996569957 3.4328621059042904e-24 9.321282182377714e-17 9.321282182376849e-17 8.679620704188233e-30
1.0267826658714554 3.459190270713875e-24 9.428061615967154e-17 9.428061615966203e-17 9.505416453573024e-30
1.0306404723013447 3.485480060076669e-24 9.535406859896528e-17 9.535406859895485e-17 1.040644973138243e-29
1.03451277320114 3.511728937044565e-24 9.643313297540953e-17 9.643313297539812e-17 1.1389245554973425e-29
1.0383996230291617 3.5379343787248504e-24 9.751776254507853e-17 9.751776254506608e-17 1.2460863966648797e-29
1.0403485208654093 3.551020026890717e-24 9.806214951465773e-17 9.806214951464469e-17 1.303234426750694e-29
1.0423010764483396 3.564093876764018e-24 9.86079099974269e-17 9.860790999741326e-17 1.3628941175603943e-29
1.0462171883269815 3.5902049378209175e-24 9.970352746636104e-17 9.970352746634613e-17 1.4901733636219285e-29
1.0471985131304309 3.596724844085176e-24 9.997828086237844e-17 9.99782808623632e-17 1.523732390661257e-29
1.048180758391296 3.603241529530874e-24 1.0025337234971265e-16 1.0025337234969707e-16 1.5580159376001497e-29
1.0501480137395462 3.61626508402919e-24 1.0080456654131966e-16 1.0080456654130333e-16 1.628816525446659e-29
1.0521189612883777 3.6292752940746224e-24 1.0135710390660785e-16 1.013571039065908e-16 1.7026979339839176e-29
1.0531058218030118 3.6357653123497336e-24 1.016335951827643e-16 1.0163359518274691e-16 1.740836071983108e-29
1.0540936079674168 3.642219159676667e-24 1.0190950390354565e-16 1.0190950390352788e-16 1.779800919467607e-29
1.058054026499678 3.667997926191016e-24 1.0301639757461935e-16 1.0301639757459992e-16 1.9441895990691285e-29
1.0590464539527713 3.674433273587211e-24 1.0329393174976068e-16 1.032939317497408e-16 1.9875069803503513e-29
1.06003981227728 3.680864808116945e-24 1.0357178864530846e-16 1.0357178864528814e-16 2.0317487960575334e-29
1.0620293250338977 3.693716288784807e-24 1.0412846741739346e-16 1.0412846741737226e-16 2.123081249877935e-29
1.0660195594769086 3.719371851943138e-24 1.0524566251931265e-16 1.0524566251928946e-16 2.3176906835883885e-29
1.070024785945596 3.7449622382392524e-24 1.0636793149253528e-16 1.0636793149250999e-16 2.5293286492192204e-29
1.0740450607676866 3.770485088725539e-24 1.0749522248505825e-16 1.0749522248503067e-16 2.75940891503046e-29
1.07808044048254 3.7959380633138256e-24 1.0862748319182139e-16 1.0862748319179129e-16 3.009455833611984e-29
1.0861967418109137 3.846580149425305e-24 1.1090540570062962e-16 1.1090540570059385e-16 3.5761494765509545e-29
1.0902777775684922 3.871662412070003e-24 1.1204799134263202e-16 1.1204799134259303e-16 3.8964745873702217e-29
1.0943741465085532 3.8966638457641694e-24 1.1319524917581756e-16 1.1319524917577511e-16 4.244139828244832e-29
1.1026131145906286 3.946415337640906e-24 1.155035618694918e-16 1.155035618694415e-16 5.0304981710172973e-29
1.1109141095355224 3.9958170623610316e-24 1.1782990099494892e-16 1.1782990099488934e-16 5.954990769879981e-29
1.1192775983109025 4.044805949664139e-24 1.2017245565860569e-16 1.2017245565853528e-16 7.040470228252357e-29
1.1277040513999907 4.09315449794142e-24 1.22524435793857e-16 1.2252443579377386e-16 8.31332232934788e-29
1.1361939428280308 4.1410961830032194e-24 1.2489274772081737e-16 1.2489274772071935e-16 9.803966757465341e-29
1.1447477501889525 4.188615013153209e-24 1.2727692573115371e-16 1.2727692573103824e-16 1.1547432140788355e-28
1.1533659546722406 4.235721257625538e-24 1.2967729214926923e-16 1.296772921491334e-16 1.358401960487852e-28
1.1707974979042381 4.328848048099734e-24 1.3453136852596596e-16 1.3453136852577868e-16 1.8728662069716702e-28
1.1884924949847024 4.420123844811717e-24 1.3944415484353473e-16 1.394441548432778e-16 2.56950699709261e-28
1.2064549276569216 4.5102621121406535e-24 1.4443828265942245e-16 1.4443828265907168e-16 3.5082186181978975e-28
1.2246888378427687 4.59827860194612e-24 1.494825416449034e-16 1.4948254164442673e-16 4.766844407678288e-28
1.2431983285522175 4.6839673480839095e-24 1.545694670710906e-16 1.5456946707044597e-16 6.446215050404046e-28
1.2619875648066055 4.7672962037805474e-24 1.5969695859187344e-16 1.596969585910058e-16 8.676268801876529e-28
1.3004222497298317 4.925489074847926e-24 1.700212421155068e-16 1.7002124211395674e-16 1.5500267794782159e-27
1.3400274889804893 5.072237339790609e-24 1.8041918112444163e-16 1.8041918112172237e-16 2.7192405063914476e-27
1.3808389325824078 5.2069959407229595e-24 1.908533096442328e-16 1.908533096395463e-16 4.686593360186028e-27
1.4228933163050095 5.3304191783428816e-24 2.0132751602261995e-16 2.0132751601468066e-16 7.939268114773432e-27
1.466228494730424 5.4454745282120344e-24 2.1193701794860788e-16 2.119370179353817e-16 1.3226149323979438e-26
1.5108834753276823 5.549925474887456e-24 2.225807265748077e-16 2.225807265531303e-16 2.1677427603818178e-26
1.5568984535646726 5.6419620019053006e-24 2.3316313028068485e-16 2.331631302456942e-16 3.4990700941539036e-26
1.6043148490894465 5.7217508364767e-24 2.4366209730773455e-16 2.4366209725200877e-16 5.572584223534895e-26
1.6531753430134553 5.789533107372846e-24 2.5405742619222767e-16 2.540574261047628e-16 8.746492948346004e-26
1.7035239163302658 5.8461121879154066e-24 2.6435334704422076e-16 2.643533469088909e-16 1.3532984203563613e-25
1.755405889504358 5.8961359181985415e-24 2.7473530391055717e-16 2.7473530370403964e-16 2.0651759069876147e-25
1.8088679632656115 5.938455403674686e-24 2.851345205614506e-16 2.8513452025050563e-16 3.109449399140621e-25
1.8639582606462262 5.972292079717336e-24 2.954926311792748e-16 2.9549263071715884e-16 4.62115949215231e-25
1.9207263702978936 5.998208811039826e-24 3.0581340089285044e-16 3.058134002146932e-16 6.781572029699125e-25
1.979223391128241 6.0175171170572075e-24 3.1614155296273477e-16 3.16141551979636e-16 9.830986657953997e-25
2.039501978296691 6.031786887836587e-24 3.265423792783034e-16 3.2654237786993696e-16 1.4083664458772227e-24
2.1016163906111602 6.0454170409908595e-24 3.3724781594236333e-16 3.3724781394766957e-16 1.9946938013221823e-24
2.1656225393682647 6.060958152450176e-24 3.4841230227802973e-16 3.484122994839359e-16 2.794093889314304e-24
2.231578038680979 6.078592497856848e-24 3.6006801257007995e-16 3.60068008697865e-16 3.872215004959517e-24
2.299542257339062 6.0998474364244234e-24 3.7233151785654506e-16 3.72331512545487e-16 5.31105800466459e-24
2.369576372248914 6.128100835750071e-24 3.8544822193146213e-16 3.854482147193015e-16 7.212160722746392e-24
2.4417434235010123 6.16734182796785e-24 3.9973067764432374e-16 3.9973066794446964e-16 9.699854016622871e-24
2.5161083711144245 6.224402464841712e-24 4.1571571459334507e-16 4.157157016678921e-16 1.2925453007415723e-23
2.5927381535095444 6.3104632205988796e-24 4.342995021563542e-16 4.3429948508481997e-16 1.7071534372745758e-23
2.6717017477616296 6.4388735966845234e-24 4.566330137811945e-16 4.566329914254543e-16 2.2355740307226117e-23
2.753070231689431 6.62973296047233e-24 4.844877039441843e-16 4.844876749081294e-16 2.903605492646826e-23
2.836916847834745 6.928573062630692e-24 5.2174685578694715e-16 5.217468183690478e-16 3.7417899469014716e-23
2.9233170693905177 7.435666387779102e-24 5.769859683960304e-16 5.769859205421926e-16 4.785383773573296e-23
2.967498994190263 7.866296271553083e-24 6.196269702678222e-16 6.196269163756071e-16 5.389221510606015e-23
3.0123486681368425 8.369228982730801e-24 6.692064556153567e-16 6.692063949923904e-16 6.062296641356104e-23
3.0578761833420214 9.494472177328964e-24 7.706552753261219e-16 7.706552071899561e-16 6.813616568600611e-23
3.1040917844459814 1.0944458670240917e-23 9.01775169917428e-16 9.017750934573724e-16 7.646005577717501e-23
3.127460860933648 1.2478292078027374e-23 1.035896732777496e-15 1.0358966517982585e-15 8.097923756934013e-23
3.1510058709225794 1.4521888347012723e-23 1.2146236658750506e-15 1.2146235801382973e-15 8.573675333235878e-23
3.162844764501044 1.64241379200039e-23 1.3788908610615114e-15 1.378890772840359e-15 8.82211523095313e-23
3.1747281389236908 1.863628409601612e-23 1.5704904386623593e-15 1.5704903478931637e-15 9.076919562935932e-23
3.1986289994194426 2.4806542692901403e-23 2.106199687084717e-15 2.106199591005377e-15 9.607934048004875e-23
3.2227097969389145 3.935123035089791e-23 3.3662700091243827e-15 3.3662699073245583e-15 1.0179982406569698e-22
3.2348180950136065 5.314409497648875e-23 4.563250525113703e-15 4.5632504202132875e-15 1.0490041654307596e-22
3.240889293275058 6.345604410883326e-23 5.458918664021355e-15 5.458918557465716e-15 1.0655563937345214e-22
3.2469718861334385 7.538538083692512e-23 6.497332533549818e-15 6.497332425267562e-15 1.0828225450286419e-22
3.2714166318528037 1.3901849247374126e-22 1.2071962148059297e-14 1.2071962032539721e-14 1.1551957327894434e-22
3.2744851364798273 1.4299642857457384e-22 1.242904176291236e-14 1.2429041646540712e-14 1.1637164819824083e-22
3.2775565192852394 1.470886219038274e-22 1.2796721007227686e-14 1.2796720889997952e-14 1.1722973327364001e-22
3.283707930232385 1.4315334435653307e-22 1.2477726248873694e-14 1.2477726130142714e-14 1.187309771618789e-22
3.2898708863219004 1.306731612963734e-22 1.1411288489695939e-14 1.1411288369628172e-14 1.200677675127369e-22
3.29141343181113 1.2773002245404464e-22 1.1159503138667437e-14 1.1159503018263581e-14 1.2040385259096955e-22
3.292184975758714 1.2628386824771921e-22 1.103574198490993e-14 1.103574186433775e-14 1.2057217909487864e-22
3.295272960557952 1.1715558210652827e-22 1.0247638910353985e-14 1.0247638789135151e-14 1.2121883306615317e-22
3.3076538914384823 8.553237394549813e-23 7.509655565678475e-15 7.509655441860571e-15 1.2381790463155224e-22
3.310756385682612 7.909624006216486e-23 6.951083374815037e-15 6.9510832503403504e-15 1.2447468640806068e-22
3.313861789986515 7.315790351024547e-23 6.435244853284796e-15 6.435244728150508e-15 1.25134290870843e-22
3.3200813396944477 6.483006512662654e-23 5.713399792552941e-15 5.713399665975685e-15 1.2657725759941836e-22
3.345076488085796 4.997410944027467e-23 4.437317957389504e-15 4.437317824221829e-15 1.331676758881962e-22
3.3482140837626964 5.053122437279221e-23 4.49099398346994e-15 4.490993849390642e-15 1.3407929837373305e-22
3.3513546224236106 5.109449886608568e-23 4.545314747353098e-15 4.5453146123565615e-15 1.3499653552375627e-22
3.3576445397418455 5.521089736006332e-23 4.920723430823033e-15 4.920723293885077e-15 1.3693795375110691e-22
3.3702598118196083 7.039383455008546e-23 6.297489294237708e-15 6.297489153170803e-15 1.4106690382526805e-22
3.382922481734668 7.385201810750849e-23 6.631684349518605e-15 6.631684204471263e-15 1.4504734015001143e-22
3.389271646505754 7.564359805999897e-23 6.805311199637467e-15 6.805311052561529e-15 1.4707593913085238e-22
3.395632727569191 7.75741135699119e-23 6.992089286090657e-15 6.9920891369149304e-15 1.491757265756898e-22
3.421196662673239 8.684370265528536e-23 7.886527180898043e-15 7.886527022946661e-15 1.5795138163874643e-22
3.4276182099114902 8.497582652559688e-23 7.731384494254993e-15 7.731384334350685e-15 1.599043068573897e-22
3.4340518103208963 7.679053194434093e-23 6.999772936130562e-15 6.99977277439203e-15 1.6173853150595253e-22
3.4469541582030403 6.513320118526568e-23 5.959466245219192e-15 5.959466079971807e-15 1.6524738756154022e-22
3.472904465399547 6.186641632687188e-23 5.703181980381403e-15 5.703181806787267e-15 1.7359413597202604e-22
3.4990501388274233 5.686986134310182e-23 5.282041001669213e-15 5.282040819436593e-15 1.8223262096697715e-22
3.5253949054701885 3.9087284567059764e-23 3.657738943679649e-15 3.657738753082643e-15 1.9059700652389703e-22
3.5519380250092896 2.237368726366989e-23 2.109465251714061e-15 2.1094650526415457e-15 1.9907251506585464e-22
3.578680990867387 1.5746783218627464e-23 1.4958369889055973e-15 1.4958367802877457e-15 2.0861785171354866e-22
3.605625307711299 1.306649091794075e-23 1.2505728541934246e-15 1.2505726353162392e-15 2.188771852766185e-22
3.660119384959845 1.1111589091225285e-23 1.0795452655983053e-15 1.0795450245955373e-15 2.4100276829989565e-22
3.715437065384467 9.72749841367892e-24 9.593575793660898e-16 9.593573142879431e-16 2.650781466918402e-22
3.8285932144167436 9.026697435058097e-24 9.173552356562209e-16 9.173549159308702e-16 3.1972535065380935e-22
3.94519561050918 8.895006090742765e-24 9.315029274439273e-16 9.315025434143255e-16 3.840296024229519e-22
4.06534921144712 8.998306547564142e-24 9.710197751636859e-16 9.71019315512017e-16 4.596516687679873e-22
4.189162171576248 9.239031871503821e-24 1.027360991008191e-15 1.0273604422172881e-15 5.487909025423215e-22
4.316745939156006 9.581273943418944e-24 1.0978656059593158e-15 1.0978649521336342e-15 6.538256814477827e-22
4.448215356677963 1.0013536424946022e-23 1.1823409189135786e-15 1.18234014193593e-15 7.769776483501642e-22
4.58368876423945 1.0538222261630944e-23 1.282188590873708e-15 1.282187668732321e-15 9.221413867265528e-22
4.723288106065518 1.1168067098968121e-23 1.4002058398640293e-15 1.4002047453495298e-15 1.0945144996351848e-21
4.867139040275056 1.1927667904883243e-23 1.5409861124749682e-15 1.5409848147857077e-15 1.297689260015585e-21
4.940699165968905 1.238587209207451e-23 1.624368035393571e-15 1.6243666221122915e-15 1.413281279702041e-21
5.015371051989984 1.2862037363067167e-23 1.7123095104181648e-15 1.7123079711759029e-15 1.539242262356979e-21
5.091171501069577 1.3441118285098688e-23 1.816446298859987e-15 1.816444620764651e-15 1.6780953359269307e-21
5.129500256944802 1.3739037699124872e-23 1.8706856042522005e-15 1.8706838520787845e-15 1.7521734162985627e-21
5.168117569889187 1.40498199472343e-23 1.9274032040548677e-15 1.9274013742465655e-15 1.8298083016732847e-21
5.20702561229733 1.442904373874443e-23 1.9943285056678836e-15 1.9943265924323595e-15 1.913235524774962e-21
5.246226572918644 1.481837147514784e-23 2.0635593001779797e-15 2.0635572997063655e-15 2.000471613698145e-21
5.265937586045735 1.5016927615412565e-23 2.099066646118292e-15 2.099064600545002e-15 2.0455732893809557e-21
5.285722656980489 1.5218135423211962e-23 2.135183719736201e-15 2.135181628041635e-15 2.091694565916495e-21
5.305582063971359 1.5422038627788824e-23 2.171922157832222e-15 2.1719200189732407e-15 2.1388589825106103e-21
5.3255160863122235 1.5640732082637745e-23 2.210997292529779e-15 2.210995105237717e-15 2.187292062279963e-21
5.365609099470188 1.6182144402853032e-23 2.3047537762235236e-15 2.3047514871434695e-15 2.2890800545903664e-21
5.406003951863644 1.674444205701803e-23 2.4027936350594997e-15 2.4027912394196326e-15 2.395639867098019e-21
5.446702915881641 1.7328627454050688e-23 2.5053435391198564e-15 2.5053410319211063e-15 2.507198750621232e-21
5.487708281020852 1.7959362165023178e-23 2.6160820341008056e-15 2.616079409716099e-15 2.624384705745736e-21
5.529022354014368 1.8829548700391622e-23 2.7634886803722024e-15 2.7634859297487815e-15 2.7506234218914984e-21
5.570647458961463 1.9750904349322e-23 2.920532837262815e-15 2.920529954218056e-15 2.883044759626428e-21
5.612585937458331 2.072707794553069e-23 3.0879518330423207e-15 3.0879488110873795e-15 3.0219549412624086e-21
5.654840148729818 2.1799060761839838e-23 3.272107382809846e-15 3.2721042144463858e-15 3.1683634607165893e-21
5.67608639626678 2.2525386293330605e-23 3.3938346382418848e-15 3.39383139094213e-15 3.24729975461274e-21
5.686739436050992 2.2899698518164743e-23 3.456706667437864e-15 3.456703379912281e-15 3.2875255821057997e-21
5.6974124697621304 2.328167940900378e-23 3.520962498690001e-15 3.5209591704247654e-15 3.328265236107831e-21
5.718818669136295 2.4069381371115922e-23 3.653765641390766e-15 3.6537622300781414e-15 3.411312625076018e-21
5.740305295436557 2.4936711076973532e-23 3.799650028970882e-15 3.799646531536193e-15 3.49743468857641e-21
5.7835210386641895 2.7180173989473155e-23 4.172669479612317e-15 4.172665795509189e-15 3.684103126134118e-21
5.827062130521658 2.976190035863711e-23 4.6034108834666905e-15 4.60340700010009e-15 3.883366600568178e-21
5.8489554468988025 3.15681026213956e-23 4.9011300439036435e-15 4.901126047294651e-15 3.996608991444347e-21
5.870931020387893 3.3505622926247636e-23 5.221485873742633e-15 5.2214817602970955e-15 4.113445537044342e-21
5.892989160043636 3.5585005852385725e-23 5.5663705907084725e-15 5.566366356714073e-15 4.233994398981569e-21
5.915130176081913 3.7948211063279655e-23 5.958336782779474e-15 5.958332420789033e-15 4.361990440023876e-21
5.95966208400165 4.454510354626816e-23 7.046785330152658e-15 7.0467806656840674e-15 4.664468592475707e-21
6.004529249263818 5.404143657229374e-23 8.613413228917181e-15 8.613408195758185e-15 5.0331589961346425e-21
6.027089341400364 6.063712534542227e-23 9.700981280330092e-15 9.700976019721341e-15 5.26060874666478e-21
6.049734195844842 6.842860915171624e-23 1.0988627194749162e-14 1.0988621683085296e-14 5.511663866811478e-21
6.095279466722835 9.092209014489544e-23 1.471067045386412e-14 1.4710664281926166e-14 6.171937951780874e-21
6.141167624020661 1.2552204679317978e-22 2.0461638002626664e-14 2.046163089991241e-14 7.102714247912786e-21
6.164241091010745 1.4761580198407957e-22 2.415360165502335e-14 2.4153593948559e-14 7.706464346557612e-21
6.187401249150058 1.7277937898934731e-22 2.837720531598641e-14 2.8377196950345612e-14 8.36564079783506e-21
6.1990139391386085 1.8506762957607221e-22 3.0452468899661035e-14 3.045246019498725e-14 8.704673785809332e-21
6.204828454712694 1.9154016640196437e-22 3.154707312481546e-14 3.154706424457759e-14 8.880237864033467e-21
6.210648424152782 1.9626726280780608e-22 3.235595657989904e-14 3.2355947552248985e-14 9.02765006228178e-21
6.233982942956859 2.12331927247974e-22 3.5135840292377985e-14 3.513583073912575e-14 9.553252230052814e-21
6.239830258556775 2.1438888195969013e-22 3.550949273122355e-14 3.5509483102576584e-14 9.628646965119138e-21
6.245683058788269 2.14573525007159e-22 3.5573411061270724e-14 3.5573401356628585e-14 9.704642142882933e-21
6.257405133728602 2.141467433464558e-22 3.5569288780456825e-14 3.556927894128426e-14 9.839172561680831e-21
6.269149208991335 2.1100642865688905e-22 3.5113468123946414e-14 3.511345823256083e-14 9.891385580376688e-21
6.280915325867298 2.0311009354074979e-22 3.386287892885188e-14 3.386286908767293e-14 9.841178949879545e-21
6.304513850009849 1.8362971621920446e-22 3.0730101821095737e-14 3.073009217542725e-14 9.645668486182989e-21
6.32820103803542 1.5947718703223702e-22 2.678849204479484e-14 2.6788482711164414e-14 9.333630419763795e-21
6.3519772230701035 1.3732900779662806e-22 2.315477938516135e-14 2.3154770343338772e-14 9.041822579517375e-21
6.375842739491607 1.186971838526605e-22 2.0088497018222632e-14 2.0088488229969047e-14 8.788253585529386e-21
6.399797922933955 1.0377227297349333e-22 1.7628567527027285e-14 1.7628558895833714e-14 8.631193561537513e-21
6.42384311029221 9.136604108984718e-23 1.557934396562034e-14 1.5579335462575935e-14 8.50304440541225e-21
6.447978639727206 8.233409143484318e-23 1.4092002791463405e-14 1.40919943286317e-14 8.46283170229525e-21
6.472204850670314 7.481381204988706e-23 1.2852969350860383e-14 1.2852960906671048e-14 8.444189332182685e-21
6.496522083828205 6.993735527655918e-23 1.2060340163861322e-14 1.206033166211521e-14 8.501746109548947e-21
6.520930681187647 6.583391272899025e-23 1.139537664044829e-14 1.1395368066964817e-14 8.573483473971754e-21
6.57002334288761 6.166746663425477e-23 1.0754555203185438e-14 1.0754546367447513e-14 8.835737923835804e-21
6.619489833774732 6.129274561481917e-23 1.0769685687175478e-14 1.076967647022761e-14 9.216947865265537e-21
6.6693287637831435 6.297610447126698e-23 1.114878017438472e-14 1.1148770506058957e-14 9.668325761324539e-21
6.719538636694507 6.510966027382603e-23 1.1613264507753082e-14 1.1613254376792897e-14 1.0130960187016957e-20
6.770126513364129 7.035744416864292e-23 1.2643760832561783e-14 1.264375014263887e-14 1.0689922915027305e-20
6.8210952395837445 7.826119787477453e-23 1.417000610761621e-14 1.4169994738303938e-14 1.1369312275394289e-20
6.872447682569556 8.820434531895136e-23 1.6090548780362617e-14 1.6090536607760917e-14 1.217260170216203e-20
6.924186731123532 1.0077204273214907e-22 1.8521590013354923e-14 1.8521576905904942e-14 1.3107449982393615e-20
6.976315295795916 1.1100943425508802e-22 2.055679584302974e-14 2.055678177890899e-14 1.4064120752218698e-20
7.028836309048954 1.125873397405729e-22 2.10059544780453e-14 2.1005939580106148e-14 1.4897939151817406e-20
7.081752725421856 1.0829363360853092e-22 2.035696909829033e-14 2.0356953442414025e-14 1.5655876313130175e-20
7.135067521697011 1.0547495501354528e-22 1.997638360858817e-14 1.9976367058682944e-14 1.654990522855193e-20
7.1887836970674375 1.0797907233001588e-22 2.060461202757059e-14 2.0604594303406066e-14 1.7724164530709348e-20
7.242904273305506 1.1664196963707493e-22 2.2425236041348487e-14 2.2425216778029396e-14 1.92633190872856e-20
7.297432294932914 1.3030836192454708e-22 2.5241304313158017e-14 2.524128310888259e-14 2.1204275419327725e-20
7.352370829391971 1.4593635618404606e-22 2.8481334520064284e-14 2.84813109951981e-14 2.35248661838721e-20
7.379995003818881 1.5565990555184344e-22 3.0493148127940515e-14 3.0493123220027876e-14 2.4907912642206074e-20
7.407722967218148 1.663828973927323e-22 3.271619952859237e-14 3.271617312193266e-14 2.640665970882734e-20
7.463496598684601 1.9358476459609824e-22 3.835155230392029e-14 3.835152230590652e-14 2.99980137621875e-20
7.519690156487492 2.2880455610491796e-22 4.567031923955427e-14 4.567028472024501e-14 3.4519309274413443e-20
7.533803324048627 2.3905298737249912e-22 4.780550241209739e-14 4.7805466572874496e-14 3.5839222905481753e-20
7.547942979602549 2.497628360527848e-22 5.004098628611002e-14 5.0040949073474297e-14 3.721263571551616e-20
7.57630195363571 2.723451213760074e-22 5.47704498792233e-14 5.477040975821172e-14 4.012101156451e-20
7.590521371821866 2.8376605219644873e-22 5.717438196045874e-14 5.717434031283126e-14 4.164762746915211e-20
7.604767477414989 2.9566715978327906e-22 5.968407427048501e-14 5.968403103538642e-14 4.3235098574373234e-20
7.633339951266878 3.1960356431578887e-22 6.475833159379066e-14 6.475828510302544e-14 4.649076524949882e-20
7.662019777021956 3.382656841339053e-22 6.879718114281377e-14 6.879713174097984e-14 4.9401833925409803e-20
7.690807358020558 3.5111760688905515e-22 7.167933606879605e-14 7.167928421795377e-14 5.185084231934301e-20
7.719703099118437 3.5774617503145616e-22 7.330692958341792e-14 7.330687581502747e-14 5.3768390464339554e-20
7.748707406692464 3.568197057448104e-22 7.339179773860193e-14 7.339174271915933e-14 5.501944259734594e-20
7.777823177463063 3.500859696852193e-22 7.22773472647202e-14 7.227729138190716e-14 5.588281306691107e-20
7.807048350752435 3.3971998538051467e-22 7.040076831650358e-14 7.040071189381088e-14 5.642269269119625e-20
7.836380830085272 3.2534984166308123e-22 6.767613784120322e-14 6.767608131710274e-14 5.652410048878347e-20
7.851088371676256 3.1536256944098337e-22 6.572179921091751e-14 6.572174296330245e-14 5.62476150772338e-20
7.86582351679805 3.0477468602804452e-22 6.363448352895566e-14 6.363442768291153e-14 5.584604409874769e-20
7.89537682495964 2.8139769065746156e-22 5.897430405847973e-14 5.89742494091971e-14 5.464928261864371e-20
7.9250411701946435 2.5615616400215927e-22 5.3885978196502244e-14 5.388592485050857e-14 5.3345993695248926e-20
7.939915112024199 2.42756997465602e-22 5.11631234294701e-14 5.1163070767131987e-14 5.266233812571136e-20
7.954816969689239 2.3008611823764285e-22 4.858363907666958e-14 4.8583587067907113e-14 5.200876245682912e-20
7.9847046421970465 2.0671725098981531e-22 4.381320362658007e-14 4.3813152817285456e-14 5.080929461627383e-20
8.044817289139356 1.6732282030323084e-22 3.5730639917819754e-14 3.573059096506378e-14 4.8952755977388596e-20
8.07504310897143 1.52708415746024e-22 3.273235511421113e-14 3.273230668138789e-14 4.843282324435786e-20
8.105382492623747 1.3978191624942599e-22 3.007418984531671e-14 3.007414174258709e-14 4.810272961006505e-20
8.135835866775926 1.2954311431473908e-22 2.797602099101214e-14 2.797597273263194e-14 4.8258380200754685e-20
8.166403659710703 1.2183402845250184e-22 2.6410029144967456e-14 2.6409980466874827e-14 4.86780926269234e-20
8.197086301319933 1.161424308387503e-22 2.5270850123052987e-14 2.527080067773617e-14 4.9445316818101017e-20
8.227884223110665 1.1115741050650203e-22 2.4277056331998437e-14 2.427700600638322e-14 5.0325615211016035e-20
8.258797858211198 1.083378108986054e-22 2.37501482795726e-14 2.3750096534944132e-14 5.1744628470952994e-20
8.289827641377162 1.0756272360064862e-22 2.3668826410406522e-14 2.3668772054787894e-14 5.435561861402807e-20
8.320974008997652 1.0848906346813364e-22 2.3962358353476194e-14 2.3962300722027696e-14 5.763144850339587e-20
8.35223739910135 1.1012798885342424e-22 2.4415744481435955e-14 2.4415683178097844e-14 6.13033381060215e-20
8.383618251362687 1.1505911915147732e-22 2.5604834462091273e-14 2.5604768765901417e-14 6.56961898554307e-20
8.415117007108037 1.2211631746330466e-22 2.7277420032596842e-14 2.7277349517305985e-14 7.051529085453867e-20
8.446734109321913 1.3153304166283634e-22 2.949124585455169e-14 2.94911698049326e-14 7.604961906983983e-20
8.478470002653195 1.4352279400941933e-22 3.230039262102856e-14 3.230031037267773e-14 8.224835082626568e-20
8.542299949622933 1.696771641460507e-22 3.8474027147381494e-14 3.8473931382561243e-14 9.576482026891714e-20
8.558332380220154 1.7521598138536368e-22 3.980451143532892e-14 3.9804412334184526e-14 9.910114439137257e-20
8.574394900937412 1.7871844706259955e-22 4.06763800639183e-14 4.067627798256072e-14 1.0208135756912279e-19
8.606610438733982 1.7884274862031099e-22 4.085760588319744e-14 4.085749910319694e-14 1.0678000051273943e-19
8.622764948673899 1.7612745140994175e-22 4.031280627676444e-14 4.031269764409452e-14 1.0863266992384317e-19
8.638949780445296 1.7016799211573597e-22 3.902188609720762e-14 3.9021776275509895e-14 1.0982169773766368e-19
8.655163606183647 1.6410769786360142e-22 3.7702805516014314e-14 3.770269450534953e-14 1.1101066478714709e-19
8.671407862489573 1.568823393202054e-22 3.611046687924766e-14 3.611035488174059e-14 1.1199750708055623e-19
8.703987895363145 1.3971057231535431e-22 3.227877043163665e-14 3.227865702526688e-14 1.1340636977740067e-19
8.736690337257128 1.2441786225050448e-22 2.885354047880397e-14 2.8853425306229556e-14 1.1517257441726294e-19
8.802464289484785 9.848851199146285e-23 2.3012260461947664e-14 2.3012140426468364e-14 1.200354793038947e-19
8.868733419248175 8.120160141036597e-23 1.9115938654022363e-14 1.9115810424065614e-14 1.2822995674576973e-19
8.935501454478851 6.972616068846103e-23 1.6538042944351313e-14 1.6537901952578063e-14 1.4099177324673167e-19
9.002772151174003 6.202973809887795e-23 1.482332530052334e-14 1.4823169414662754e-14 1.5588586058681526e-19
9.07054929360775 5.672553634048301e-23 1.3657827766888791e-14 1.3657655397632136e-14 1.7236925665630127e-19
9.13883669454403 5.290337565316562e-23 1.2833459199015548e-14 1.2833268853103177e-14 1.9034591236609788e-19
9.207638195451068 5.0332479128395046e-23 1.2301724621939205e-14 1.2301515209775888e-14 2.0941216331819506e-19
9.276957666717493 4.807290343970803e-23 1.1837918908843652e-14 1.1837688376447595e-14 2.305323960567529e-19
9.346799007870057 4.6647179276338206e-23 1.1573313678254314e-14 1.1573061271900338e-14 2.5240635397483385e-19
9.417166147792997 4.5375955542229206e-23 1.1342673981540464e-14 1.1342397987922583e-14 2.7599361788004427e-19
9.488063044949055 4.4612768742100475e-23 1.1235856189675475e-14 1.1235559900888618e-14 2.9628878685882116e-19
9.559493687602165 4.393450826692144e-23 1.114833713767926e-14 1.1148018911583635e-14 3.1822609562462384e-19
9.631462094041797 4.361346208231762e-23 1.1150188658189777e-14 1.1149847837186339e-14 3.408210034343231e-19
9.703972312809022 4.334410124701383e-23 1.116474951430462e-14 1.1164384984108548e-14 3.645301960725117e-19
9.777099908821425 4.336546051610596e-23 1.1254428563552364e-14 1.12540450760746e-14 3.8348747776115964e-19
9.924867353363874 4.3759216389330796e-23 1.1528257818183943e-14 1.1527837718856816e-14 4.200993271267978e-19
10.074868099996943 4.481269794207279e-23 1.1984223324710044e-14 1.1983775364177481e-14 4.479605325616317e-19
10.150790707826552 4.554471882869342e-23 1.2271773524903465e-14 1.2271314419440026e-14 4.591054634400726e-19
10.22721067892732 4.666829639249185e-23 1.2669182228710443e-14 1.2668711881960385e-14 4.703467500600978e-19
10.304205975847633 4.7878306187821435e-23 1.3095519821610413e-14 1.3095038013513237e-14 4.818080971727535e-19
10.381780929913377 4.9664395857947354e-23 1.368631244658332e-14 1.368582235864948e-14 4.900879338426459e-19
10.459939905058707 5.162654122112394e-23 1.4334140348750862e-14 1.433364178277213e-14 4.985659787310198e-19
10.538687298071551 5.456190719240314e-23 1.526319644956014e-14 1.526269062272838e-14 5.058268317623652e-19
10.618027538840941 5.784761809222556e-23 1.630417250779407e-14 1.6303659481725568e-14 5.130260685053422e-19
10.697971937068667 6.26363573191383e-23 1.7786781920546057e-14 1.7786265101744572e-14 5.168188014897587e-19
10.778518246224262 6.929046839959254e-23 1.9824488533233515e-14 1.982396740858406e-14 5.211246494433108e-19
10.859664048220797 7.909765595754506e-23 2.2800765959277005e-14 2.2800239253483106e-14 5.267057939022096e-19
10.941420754335242 9.387690926586864e-23 2.7264776066358487e-14 2.7264241550615855e-14 5.345157426269439e-19
10.961955922839442 9.903397666893089e-23 2.8816531304123307e-14 2.8815994015928666e-14 5.372881946361174e-19
10.982529632329763 1.0480405262012093e-22 3.055272093482668e-14 3.055218066385269e-14 5.40270973995966e-19
11.023792963743814 1.1882450408722518e-22 3.4770144192551827e-14 3.476959699655955e-14 5.471959922710088e-19
11.065211328886559 1.3718104880462553e-22 4.0292411868670007e-14 4.029185550383929e-14 5.563648307143907e-19
11.08597883104876 1.4894508677905442e-22 4.38298172464127e-14 4.382925493131883e-14 5.623150938795938e-19
11.106785310247485 1.620862226813897e-22 4.7786355722973864e-14 4.7785786816419154e-14 5.689065547134694e-19
11.14851549250461 1.9331839151394567e-22 5.720837972859327e-14 5.720779543607354e-14 5.842925197110851e-19
11.169441129330048 2.1012981853054843e-22 6.230007391831335e-14 6.22994812664152e-14 5.926518981560032e-19
11.190406043337886 2.251801916822088e-22 6.688757681020218e-14 6.688697593435704e-14 6.008758451184577e-19
11.21140851448765 2.3984559413914645e-22 7.137750375287618e-14 7.137689517807066e-14 6.085748055113374e-19
11.22192452720434 2.47556548343521e-22 7.37413688906166e-14 7.374075632473149e-14 6.125658851092921e-19
11.232450403670388 2.5099115789752457e-22 7.483458676148809e-14 7.483397235875445e-14 6.144027336328175e-19
11.253533585369773 2.542212176712222e-22 7.593992065273536e-14 7.593930369597341e-14 6.169567619420505e-19
11.274656339961506 2.5537254556911386e-22 7.642702450715033e-14 7.642640524939146e-14 6.192577588700166e-19
11.285231677511122 2.5595031886524453e-22 7.667178730018075e-14 7.667116710806565e-14 6.201921151251019e-19
11.295816934455262 2.5323357484276128e-22 7.5929119608045e-14 7.592850017212444e-14 6.194359205685821e-19
11.317017243752359 2.460782206312048e-22 7.392214978946317e-14 7.392153281257768e-14 6.169768854945485e-19
11.338257342390673 2.3891959728682336e-22 7.190639514208461e-14 7.190578071660498e-14 6.144254796503746e-19
11.359537305047965 2.31187813658976e-22 6.970998881400375e-14 6.970937735764026e-14 6.11456363488982e-19
11.402217121831576 2.138058622837629e-22 6.471103536315962e-14 6.471043131406127e-14 6.040490983778931e-19
11.423617126015266 2.0474278808464792e-22 6.208428514551278e-14 6.20836852152258e-14 5.999302869818141e-19
11.445057294333186 1.954993278453205e-22 5.93926458328492e-14 5.939205023180103e-14 5.956010481639313e-19
11.488058425037956 1.7675164258842095e-22 5.38988534827118e-14 5.3898267143044696e-14 5.863396671084507e-19
11.53122111869469 1.60089727929314e-22 4.9001367440316737e-14 4.900078999217429e-14 5.774481424492316e-19
11.574545982324347 1.4527286392189477e-22 4.463318674828508e-14 4.463261783834411e-14 5.689099409759151e-19
11.618033625228566 1.3223801791700062e-22 4.078104903679841e-14 4.0780488175041133e-14 5.608617572664902e-19
11.661684658998247 1.2149831154559447e-22 3.7609795262446497e-14 3.7609241477221286e-14 5.537852252051465e-19
11.705499697522141 1.1334815640960381e-22 3.5218743041285653e-14 3.52181956611053e-14 5.473801803381619e-19
11.749479356995494 1.0707920541796461e-22 3.339590334690508e-14 3.3395361578908274e-14 5.417679968108263e-19
11.793624255928705 1.0175171318768125e-22 3.185359472949108e-14 3.1853058291216286e-14 5.3643827479456e-19
11.83793501515603 9.856928057892555e-23 3.0973263798757474e-14 3.09727320751323e-14 5.317236251839166e-19
11.882412257844306 9.589967617153574e-23 3.0247618706148805e-14 3.024709149785159e-14 5.272082972074511e-19
11.92705660950172 9.475314613276307e-23 2.999827986946783e-14 2.999775688743783e-14 5.229820300002559e-19
11.971868697986617 9.40162954606795e-23 2.9876829777346475e-14 2.9876310846792165e-14 5.189305543106345e-19
12.016849153516302 9.484204262283227e-23 3.025247714040384e-14 3.025196216475446e-14 5.14975649378629e-19
12.061998608675935 9.598071889096917e-23 3.0730717873067246e-14 3.0730206617282087e-14 5.112557851454954e-19
12.152807060118223 1.0122617846988488e-22 3.265418715774352e-14 3.26536828776255e-14 5.042801180176274e-19
12.198467333490619 1.0543285482926533e-22 3.4138989870321723e-14 3.41384888788728e-14 5.009914489255259e-19
12.244299160690385 1.101137579797317e-22 3.578861976947101e-14 3.578812164318427e-14 4.981262867306863e-19
12.290303186275983 1.161968480915097e-22 3.7907607678595425e-14 3.7907112399560095e-14 4.952790353392504e-19
12.3364800572276 1.228084629503886e-22 4.0215084900514195e-14 4.0214589384950913e-14 4.955155632797904e-19
12.382830422956244 1.3041318824334148e-22 4.286579383791056e-14 4.2865288424694824e-14 5.054132157480188e-19
12.429354935312874 1.3838845741965162e-22 4.5658105938263706e-14 4.565759017240754e-14 5.157658561655424e-19
12.476058240797144 1.4611719132095863e-22 4.8389166567212474e-14 4.8388639976826045e-14 5.265903864347149e-19
12.522937033967983 1.5397090744067697e-22 5.118165196807753e-14 5.118111317469699e-14 5.387933805496002e-19
12.569987951963114 1.6021557741043667e-22 5.345754790104958e-14 5.345699315221638e-14 5.5474883319147495e-19
12.593579661530361 1.6240762710919e-22 5.429065080655506e-14 5.429008873319803e-14 5.620733570337939e-19
12.617215648686605 1.6400837342709666e-22 5.49286569669682e-14 5.4928088019681615e-14 5.689472865934041e-19
12.664620788327802 1.6480810222906307e-22 5.540388025575889e-14 5.540329948489272e-14 5.807708661613018e-19
12.71220403757155 1.630684996600132e-22 5.502503954965417e-14 5.502444902551114e-14 5.9052414302671875e-19
12.736062662318053 1.6113391708086782e-22 5.4474290802588825e-14 5.447369632984446e-14 5.94472744369233e-19
12.759966065607527 1.585918819287396e-22 5.3715534943192296e-14 5.371493704690621e-14 5.97896286070279e-19
12.807907544139693 1.5150776078541698e-22 5.150892622704144e-14 5.150832340865207e-14 6.02818389366327e-19
12.856029147395699 1.435790569719383e-22 4.899676175312975e-14 4.8996155033973725e-14 6.067191560107248e-19
12.904331552136407 1.3512443503547462e-22 4.6284847493957377e-14 4.6284236730795e-14 6.107631623688565e-19
12.95281543766539 1.2649138779056424e-22 4.349051674259819e-14 4.348990212820062e-14 6.14614397556658e-19
13.00148148583848 1.1861069940834547e-22 4.0934184409252366e-14 4.0933565645410536e-14 6.187638418400063e-19
13.050330381073369 1.114133479623565e-22 3.859474398037218e-14 3.859412076968765e-14 6.232106845314403e-19
13.099362810359226 1.0490173752536227e-22 3.647558665122495e-14 3.647495842678963e-14 6.282244353290954e-19
13.197981031955921 9.40804687613634e-23 3.2959180554924906e-14 3.295853905423053e-14 6.415006943761971e-19
13.247568211189632 8.973369568707132e-23 3.155448903310088e-14 3.155383959935494e-14 6.494337459449116e-19
13.297341698339563 8.581813120040471e-23 3.029097934802948e-14 3.0290321555979607e-14 6.577920498740058e-19
13.397450398986955 7.957130398590163e-23 2.8297499835834406e-14 2.829682302427992e-14 6.7681155449146e-19
13.447787020368724 7.709882578129186e-23 2.752124136494628e-14 2.752055402870447e-14 6.873362418039982e-19
13.498312765455129 7.48461796484988e-23 2.6817516565398464e-14 2.6816818312213868e-14 6.982531845980702e-19
13.59993447169816 7.121313992587159e-23 2.5707887098764224e-14 2.5707165102240246e-14 7.219965239764881e-19
13.702321234386334 6.846782687219516e-23 2.490291130019111e-14 2.4902163021763544e-14 7.482784275639457e-19
13.805478813227746 6.642186266269479e-23 2.4340637983144638e-14 2.4339847951527898e-14 7.900316167401915e-19
13.90941301129231 6.464929746894711e-23 2.386942986144201e-14 2.386859424353816e-14 8.356179038477618e-19
13.96167316792965 6.407735111399574e-23 2.374714754168741e-14 2.3746283417703607e-14 8.641239838055536e-19
14.014129675338197 6.361511023495025e-23 2.3664419142474833e-14 2.3663525225542417e-14 8.93916932410434e-19
14.119634696140762 6.341828168234626e-23 2.376880591804437e-14 2.376784808384799e-14 9.57834196376457e-19
14.225934008823913 6.335994170358508e-23 2.3925718671152224e-14 2.392469236283027e-14 1.0263083219478225e-18
14.333033593193976 6.331075718844325e-23 2.408713016093905e-14 2.4086029806041002e-14 1.1003548980506782e-18
14.44093947407611 6.32022092463901e-23 2.4226860588101594e-14 2.4225682299240632e-14 1.178288860959723e-18
14.54965772165321 6.311443032846608e-23 2.4375350901235483e-14 2.437408823607863e-14 1.2626651568493482e-18
14.659194451807393 6.304644204777876e-23 2.453240475873679e-14 2.45310506756875e-14 1.3540830493018916e-18
14.769555826464039 6.298462288747892e-23 2.4692860401842968e-14 2.4691407560939012e-14 1.4528409039534212e-18
14.992777389284976 6.269367144483089e-23 2.4950268828969745e-14 2.4948600760227463e-14 1.6680687422688284e-18
15.21937263962189 6.248367141606121e-23 2.5242520848252014e-14 2.5240600980185604e-14 1.9198680664162218e-18
15.449392566130673 6.207715698991441e-23 2.5457318762426378e-14 2.5455105922884634e-14 2.2128395417505534e-18
15.682888928090767 6.17829404686095e-23 2.5719591930803602e-14 2.5716939360418818e-14 2.652570384784068e-18
15.919914267052077 6.134926365607544e-23 2.5925044596938288e-14 2.5921854825423525e-14 3.189771514767607e-18
16.03976693895051 6.119787876893525e-23 2.6055766619679745e-14 2.605227985221971e-14 3.486767460036276e-18
16.1605219186579 6.14779053953981e-23 2.637204923931151e-14 2.636823631088175e-14 3.812928429763549e-18
16.22123989475974 6.166786061847665e-23 2.655292460266611e-14 2.654894680270569e-14 3.9777999604242456e-18
16.282185999175777 6.185815371430772e-23 2.6734932877764556e-14 2.6730782387905634e-14 4.1504898589287884e-18
16.312744867225646 6.195342112681363e-23 2.6826361361973414e-14 2.6822121471540422e-14 4.2398904329936764e-18
16.343361089024967 6.204876602078057e-23 2.6918072477035903e-14 2.691374108032648e-14 4.331396709424268e-18
16.404766024646595 6.223967902992073e-23 2.7102341793330718e-14 2.7097820852878912e-14 4.520940451794479e-18
16.466401669612416 6.243087440980083e-23 2.728773920979488e-14 2.7283019646231267e-14 4.719563563606964e-18
16.497306278852424 6.252657230799723e-23 2.7380860447709054e-14 2.7376038023083218e-14 4.822424625826933e-18
16.528268890738765 6.262233399966951e-23 2.7474263098215544e-14 2.7469335365906642e-14 4.9277323088925484e-18
16.590368558098763 6.281403980169237e-23 2.7661911815835618e-14 2.7656765877778032e-14 5.145938057592423e-18
16.65270154503456 6.300282045661565e-23 2.7849289745723755e-14 2.784391840671132e-14 5.371339012436177e-18
16.715268728169598 6.317839051083914e-23 2.8031823760024563e-14 2.8026231352605453e-14 5.5924074191149666e-18
16.778070987420957 6.335425446451984e-23 2.8215467159870877e-14 2.820964390901656e-14 5.823250854312712e-18
16.9043842704834 6.37067860607072e-23 2.85860721509726e-14 2.857975603247311e-14 6.316118499488281e-18
17.03164849990255 6.406026140437744e-23 2.896108478836138e-14 2.895423090405491e-14 6.853884306478887e-18
17.159870834853997 6.441100656708784e-23 2.933888018932462e-14 2.9331443599599036e-14 7.436589725587015e-18
17.289058488411015 6.472894589373786e-23 2.9705667196425076e-14 2.969763982693439e-14 8.027369490689994e-18
17.35401657858945 6.488833667298461e-23 2.989069979616437e-14 2.988235865191952e-14 8.341144244854428e-18
17.386587088641786 6.496812817717552e-23 2.998362431095235e-14 2.997512145184858e-14 8.502859103764486e-18
17.419218727950305 6.504798030954847e-23 3.007682037613389e-14 3.006815249182805e-14 8.667884305826434e-18
17.48466585346766 6.520785624327534e-23 3.026402539678618e-14 3.02550172457547e-14 9.008151031479738e-18
17.550358875560836 6.536794420518994e-23 3.045231134221265e-14 3.044294881126705e-14 9.362530945599318e-18
17.682486308455736 6.568472162964513e-23 3.0830255739661586e-14 3.082016662043166e-14 1.008911922993847e-17
17.81560845938729 6.596447958732959e-23 3.119465831555294e-14 3.118406011207472e-14 1.0598203478223875e-17
17.882544892141226 6.610483457103315e-23 3.1378485605300984e-14 3.136762286938669e-14 1.0862735914294772e-17
17.949732817065083 6.624546935822304e-23 3.156338719851489e-14 3.1552255382302057e-14 1.1131816212834897e-17
18.084866926577256 6.652745265538006e-23 3.1936376905300666e-14 3.192470710798277e-14 1.1669797317908047e-17
18.221018389814958 6.681337986114242e-23 3.231510127095485e-14 3.2302867361695066e-14 1.2233909259788238e-17
18.496404071615608 6.745560635176188e-23 3.3118814902709955e-14 3.310539286536552e-14 1.3422037344443325e-17
18.635790038622734 6.787844085156842e-23 3.3577557384090504e-14 3.356349576947418e-14 1.406161461631529e-17
18.776226396166493 6.829762099487327e-23 3.403951177529665e-14 3.402477958791588e-14 1.4732187380761454e-17
18.91772105982334 6.869840401267507e-23 3.449728354548023e-14 3.4481857787019125e-14 1.5425758461113825e-17
19.203636446149176 6.94928126210095e-23 3.5423608387957757e-14 3.540669207092182e-14 1.6916317035948286e-17
19.4938730510763 7.024976625115387e-23 3.635067251647495e-14 3.633212943904011e-14 1.854307743482594e-17
19.78849618389234 7.097374863822147e-23 3.728034893657422e-14 3.726002820057034e-14 2.0320736003886598e-17
20.08757214094514 7.165657582440583e-23 3.8207879345284594e-14 3.818561892905072e-14 2.2260416233872083e-17
20.391466406516905 7.230409896021317e-23 3.913639418746368e-14 3.911201254935506e-14 2.438163810859199e-17
20.699681925472166 7.292504626559825e-23 4.006912128273444e-14 4.004245510216254e-14 2.666618057191182e-17
21.012556099387844 7.352224625056443e-23 4.100785810669209e-14 4.0978775172403297e-14 2.9082934288790536e-17
21.652507708764745 7.495236906618637e-23 4.307874070665852e-14 4.3044203525606263e-14 3.453718105224341e-17
21.979755641372343 7.566014386165252e-23 4.414275715136884e-14 4.4105110806808246e-14 3.7646344560578466e-17
22.311949477282987 7.633179836399185e-23 4.5207703435321355e-14 4.516666365025126e-14 4.103978507007968e-17
22.64916396703608 7.696079098007335e-23 4.626910847505657e-14 4.622436659910045e-14 4.474187595610952e-17
22.991811201917592 7.755220993203265e-23 4.733003173182963e-14 4.7281245146864644e-14 4.878658496499539e-17
23.339642165776596 7.809810802163314e-23 4.838426401898911e-14 4.833106460387715e-14 5.3199415111952823e-17
23.69273528050995 7.86038097637608e-23 4.9434282037443e-14 4.937626603627872e-14 5.801600116428039e-17
24.414313559781952 7.969044210329077e-23 5.164403743753479e-14 5.157502769950824e-14 6.900973802655878e-17
24.78366481022829 8.024526048450464e-23 5.279032685696618e-14 5.271502869698642e-14 7.529815997976087e-17
25.15860378059443 8.079721822484978e-23 5.3957569307718976e-14 5.3875387312352464e-14 8.218199536652517e-17
25.924826076583233 8.179236052890779e-23 5.62856941778937e-14 5.6187764203883124e-14 9.792997401058064e-17
26.714384190886577 8.268359580367828e-23 5.863189835419456e-14 5.85151584955618e-14 1.1673985863275017e-16
27.527988831636016 8.347272154891141e-23 6.09941930456805e-14 6.085503421852331e-14 1.391588271571953e-16
28.366372352060132 8.420247959618034e-23 6.340129275087856e-14 6.32353802871845e-14 1.6591246369404375e-16
29.2302894097004 8.491255463238442e-23 6.588316516434136e-14 6.56853893836385e-14 1.97775780702861e-16
30.12051764570424 8.553751837712523e-23 6.838935545093584e-14 6.815340269880854e-14 2.3595275212726334e-16
30.575747924857424 8.57936903159749e-23 6.963087797581025e-14 6.937295304985242e-14 2.579249259578156e-16
31.037858384806153 8.601184361190477e-23 7.086298410423239e-14 7.058088663323815e-14 2.8209747099424533e-16
31.983137356627505 8.641985489212947e-23 7.336755208139822e-14 7.302989275253224e-14 3.3765932886598816e-16
32.95720543894392 8.686807992433148e-23 7.599412773146309e-14 7.558920292320706e-14 4.0492480825602304e-16
33.960939423588975 8.726290336290686e-23 7.866450001865613e-14 7.817864565643986e-14 4.858543622162638e-16
34.99524280568484 8.747821591899533e-23 8.126028877694809e-14 8.067785051643289e-14 5.824382605151995e-16
36.06104659690874 8.761520928281947e-23 8.386625741669387e-14 8.316819119025705e-14 6.980662264368405e-16
37.159310163528254 8.78336230170506e-23 8.663589639192124e-14 8.580003675064035e-14 8.358596412808787e-16
38.29102208995955 8.804015774463745e-23 8.948437395509797e-14 8.848379908473192e-14 1.0005748703660385e-15
39.45720106862597 8.81018681868994e-23 9.227431410094984e-14 9.10782290602341e-14 1.1960850407157353e-15
40.65889681691763 8.810127531040055e-23 9.508395088700312e-14 9.365484551181364e-14 1.4291053751895005e-15
41.897191022077855 8.814232775240385e-23 9.802545245268147e-14 9.631916068283426e-14 1.706291769847202e-15
43.173198314866475 8.818772007043042e-23 1.0106290339502982e-13 9.902642893477153e-14 2.0364744602582834e-15
44.48806727287728 8.818423450492277e-23 1.0413672637628873e-13 1.0170995013701412e-13 2.426776239274599e-15
45.8429814544115 8.816306804329166e-23 1.0728252409884113e-13 1.043929968608569e-13 2.8895272379842604e-15
47.23916046383907 8.816147085909135e-23 1.1054788318921155e-13 1.0711335368981523e-13 3.4345294993963734e-15
48.67786104940597 8.818544723189949e-23 1.1394567396206442e-13 1.0986757779324409e-13 4.078096168820365e-15
50.16037823447602 8.824103005569017e-23 1.1748997320446163e-13 1.1265678726208708e-13 4.833185942374573e-15
51.68804648322576 8.833896528003336e-23 1.2120257862227434e-13 1.1548170024926028e-13 5.720878373014049e-15
53.26224090184056 8.847015653066539e-23 1.250793637087559e-13 1.1832137023505403e-13 6.7579934737018996e-15
54.884378476295105 8.865451754113294e-23 1.2915732874399138e-13 1.2118634794135107e-13 7.970980802640357e-15
56.55591934783037 8.894010752143252e-23 1.335196390635004e-13 1.2413776475929986e-13 9.38187430420056e-15
58.27836812727644 8.934102756433959e-23 1.3820627401654755e-13 1.2718357367483219e-13 1.1022700341715353e-14
60.05327524940399 8.984664750466854e-23 1.4322143082286273e-13 1.3025422057927136e-13 1.2967210243591361e-14
61.88223836852342 9.04833073891812e-23 1.4862912264154416e-13 1.3334779898957874e-13 1.528132365196543e-14
62.81758386220369 9.087817684701108e-23 1.515340627324007e-13 1.3494239710700084e-13 1.659166562539994e-14
63.7670670344103 9.135543508295439e-23 1.5463231772782788e-13 1.3657824452987994e-13 1.8054073197947963e-14
65.70913619443517 9.2563188425646e-23 1.6144830764910413e-13 1.3999050995037915e-13 2.1457797698724964e-14
67.71035238438829 9.399868161304406e-23 1.689453603348805e-13 1.434860491460307e-13 2.5459311188849837e-14
69.77251696707448 9.565217197169783e-23 1.7715306024902765e-13 1.4703043241620218e-13 3.012262783282541e-14
71.89748616702131 9.764345960753502e-23 1.8634867000542684e-13 1.5076249444626563e-13 3.5586175559161236e-14
74.08717274132995 1.0005280654080892e-22 1.9676222742282687e-13 1.5478080166379379e-13 4.198142575903305e-14
76.34354770141287 1.0288053968431024e-22 2.0848509154369554e-13 1.5900117759638603e-13 4.948391394730954e-14
78.66864208716851 1.0615340092462045e-22 2.216690190640073e-13 1.6337486823102012e-13 5.829415083298718e-14
81.06454879518883 1.0999067475881944e-22 2.366771162922854e-13 1.6801646897350412e-13 6.866064731878126e-14
83.5334244626476 1.1456157446460136e-22 2.540204566742904e-13 1.7303483827517412e-13 8.098561839911626e-14
86.07749140856238 1.1985196158319997e-22 2.7384459983266334e-13 1.78414424827432e-13 9.543017500523136e-14
88.69903963417964 1.2581387890252447e-22 2.962217223445528e-13 1.8415054779471694e-13 1.1207117454983581e-13
91.4004288842828 1.325774633078491e-22 3.216528262718983e-13 1.9032795650351876e-13 1.3132486976837962e-13
94.18409077127889 1.4022861219831158e-22 3.5057716005527854e-13 1.9703710148207984e-13 1.535400585731987e-13
97.05253096397554 1.4885820667276865e-22 3.834856181228641e-13 2.0432570456791557e-13 1.7915991355494855e-13
100.00833144301866 1.5874934812971783e-22 4.21422350599643e-13 2.1226817407713154e-13 2.0915417652251145e-13
103.05415282502196 1.6988137494105686e-22 4.647085872763748e-13 2.209316837977776e-13 2.437769034785971e-13
106.19273675747671 1.825899361279512e-22 5.146844925651997e-13 2.3036011000516784e-13 2.8432438256003185e-13
109.4269083866038 1.9681694690134183e-22 5.716840203168228e-13 2.4066262154367454e-13 3.310213987731483e-13
112.75957890036308 2.1232004904524487e-22 6.354975553321307e-13 2.5201185616768913e-13 3.8348569916444146e-13
116.1937481489129 2.2921780473852314e-22 7.069692807647492e-13 2.6446281178288527e-13 4.4250646898186374e-13
119.73250734487735 2.471878248907061e-22 7.856128642086049e-13 2.7800232094847724e-13 5.076105432601276e-13
123.37904184585196 2.6635616404658683e-22 8.723154770272889e-13 2.9277178812070267e-13 5.795436889065861e-13
127.13663402165271 2.8639145523272593e-22 9.66496305972109e-13 3.0902951448434173e-13 6.574667914877674e-13
131.0086662088879 3.0732672754246606e-22 1.0687344030192165e-12 3.2683109763171295e-13 7.419033053875033e-13
134.99862375551584 3.287129109650478e-22 1.1779192967824178e-12 3.4609671012915696e-13 8.318225866532609e-13
139.11009815812417 3.50518207814382e-22 1.294311090796162e-12 3.669350329138939e-13 9.273760578822685e-13
143.3467902947586 3.727592925306542e-22 1.4183580728030942e-12 3.896193650128639e-13 1.0287387077902303e-12
147.71251375620898 3.9529393524558297e-22 1.5499114024344198e-12 4.1421149948286683e-13 1.135699902951553e-12
152.21119827875228 4.201642763660214e-22 1.6975992027805526e-12 4.4058745801055017e-13 1.2570117447700027e-12
156.84689328144228 4.474654951745932e-22 1.8629659005632185e-12 4.687534226368889e-13 1.3942124779263287e-12
159.21741877681018 4.611515190481821e-22 1.9489632743691416e-12 4.835580285030508e-13 1.4654052458660908e-12
161.62377151112827 4.745900262188093e-22 2.0360726816540866e-12 4.988543899761119e-13 1.5372182916779746e-12
166.54613279848823 5.00541313099399e-22 2.212808925211207e-12 5.309103185710011e-13 1.6818986066402056e-12
171.61840792845166 5.263990457912429e-22 2.39799567344656e-12 5.647818452315463e-13 1.8332138282150138e-12
176.84516262850022 5.524534518586396e-22 2.5933331363984224e-12 6.003593390319392e-13 1.9929737973664826e-12
179.5181642894721 5.652003256822449e-22 2.6932721179227484e-12 6.187778375198921e-13 2.0744942804028562e-12
182.2315681744764 5.768134075701095e-22 2.7901553989557314e-12 6.376003752294907e-13 2.1525550237262414e-12
187.78155384880017 5.9683174173024295e-22 2.9749130304525848e-12 6.763938393759835e-13 2.298519191076601e-12
190.61961427604518 6.063333580246712e-22 3.0679514416375894e-12 6.963187811110402e-13 2.3716326605265494e-12
193.5005680909718 6.155827643794179e-22 3.1618271840106566e-12 7.165625641165275e-13 2.445264619894128e-12
199.3937587803602 6.33948028663711e-22 3.3553254354585948e-12 7.579151929745596e-13 2.5974102424840355e-12
205.46643057848152 6.520956236066783e-22 3.5564900245785336e-12 8.001802111045622e-13 2.756309813473972e-12
211.72404970390772 6.721441498868715e-22 3.777478910342048e-12 8.430511367018737e-13 2.9344277736401744e-12
218.17224885259444 6.904005478335655e-22 3.998251129456755e-12 8.863230334145177e-13 3.1119280960422366e-12
224.8168322680627 7.036115190584435e-22 4.198858101130501e-12 9.298174702658857e-13 3.2690406308646156e-12
231.66378096599615 7.131207287556164e-22 4.385212402758162e-12 9.73075759331214e-13 3.4121366434269487e-12
238.71925811795668 7.182722764645859e-22 4.551410354763542e-12 1.015547460485554e-12 3.5358628942779877e-12
245.98961459906556 7.196788800084625e-22 4.699211186421653e-12 1.0570624120634045e-12 3.642148774358247e-12
249.71106150874405 7.17923269242164e-22 4.7586662192629925e-12 1.077503526014766e-12 3.681162693248227e-12
253.4888082224776 7.143629614791789e-22 4.8067014857303846e-12 1.0976848161962353e-12 3.7090166695341484e-12
261.20898134247824 7.05476130971294e-22 4.891475279467903e-12 1.1367476986169775e-12 3.754727580850924e-12
269.1642775569489 6.980898852552873e-22 4.9876756109147115e-12 1.1735127595598159e-12 3.814162851354895e-12
277.3618576987742 6.893506091114126e-22 5.075237078534835e-12 1.2078922805117132e-12 3.867344798023121e-12
285.8091006888481 6.713969547531579e-22 5.09360019585214e-12 1.2400891384619556e-12 3.853511057390185e-12
294.5136101780917 6.495624470658804e-22 5.078035254545585e-12 1.269569396758274e-12 3.808465857787311e-12
303.4832213917586 6.302877653151639e-22 5.0774189011755575e-12 1.2956665042339194e-12 3.781752396941638e-12
312.7260081821858 6.110027676988205e-22 5.071969249698017e-12 1.3183307820078365e-12 3.753638467690179e-12
322.25029029634635 5.918770550994665e-22 5.062840605336754e-12 1.3377262358959757e-12 3.7251143694407786e-12
332.0646408647343 5.721127368956421e-22 5.042822510503127e-12 1.3535943983047598e-12 3.689228112198368e-12
342.17789411833206 5.503494225315383e-22 4.998732507098654e-12 1.3656304953144918e-12 3.633102011784164e-12
352.59915334060224 5.272511200089235e-22 4.9347846953095285e-12 1.373799229174879e-12 3.5609854661346493e-12
363.337799061663 5.041400034800633e-22 4.862181585554121e-12 1.3781923142823958e-12 3.4839892712717257e-12
374.40349750202313 4.810042647699202e-22 4.780334170308868e-12 1.3788077679042001e-12 3.4015264024046693e-12
380.062092440151 4.694026248768394e-22 4.7355399189477345e-12 1.3777180415904214e-12 3.3578218773573143e-12
385.80620927347337 4.577914864271371e-22 4.688202454248354e-12 1.3757094483405619e-12 3.3124930059077925e-12
397.5561983449763 4.345669168670033e-22 4.585900449810094e-12 1.36896305671926e-12 3.216937393090834e-12
409.6640412816112 4.1099912281485066e-22 4.469286266569966e-12 1.358576035493437e-12 3.11071023107653e-12
415.8555509384264 3.99149518373383e-22 4.406030970661847e-12 1.3520595525211604e-12 3.053971418140686e-12
422.1406367649012 3.873142173649977e-22 4.340003034110793e-12 1.3446931607899816e-12 2.9953098733208104e-12
434.9972154030873 3.641535491324956e-22 4.204752688898271e-12 1.3276503306998466e-12 2.8771023581984242e-12
448.24534984018095 3.4170322908884455e-22 4.06569044197691e-12 1.3076681371638179e-12 2.7580223048130923e-12
461.89696517289525 3.200166275232104e-22 3.9236213220955865e-12 1.2847412687435992e-12 2.638880053351987e-12
475.9643496848308 2.991551409159519e-22 3.779552030006312e-12 1.2590334386547604e-12 2.5205185913515507e-12
490.4601659075747 2.7889380905921844e-22 3.630881269013155e-12 1.2310736435359523e-12 2.3998076254772023e-12
505.39746201868155 2.59187975058505e-22 3.4771012604915438e-12 1.2012447556770564e-12 2.2758565048144884e-12
520.7896835867783 2.403837289701304e-22 3.323049982344144e-12 1.1696435396379574e-12 2.153406442706186e-12
536.6506856743796 2.2263186852148375e-22 3.1713812407916712e-12 1.1365073236847223e-12 2.034873917106949e-12
552.9947453093008 2.0581792998892288e-22 3.0211594264463565e-12 1.1020072228314512e-12 1.9191522036149053e-12
569.8365743358964 1.89911533423303e-22 2.872573131649353e-12 1.0663641320097746e-12 1.8062089996395783e-12
587.1913326576936 1.7491235065452717e-22 2.726274276560014e-12 1.0298174547162477e-12 1.6964568218437656e-12
605.0746418833327 1.6081200055184268e-22 2.5828360545327475e-12 9.925978192400623e-13 1.5902382352926852e-12
623.502599388115 1.4759578052580255e-22 2.442764745181413e-12 9.549245108355312e-13 1.4878402343458824e-12
642.4917928037942 1.3524296898089128e-22 2.3064907308941124e-12 9.170038649891357e-13 1.3894868659049767e-12
662.0593149496696 1.237276887639234e-22 2.1743689301408313e-12 8.79030425331299e-13 1.2953385048095326e-12
682.2227792184137 1.130202036164826e-22 2.046688431056985e-12 8.411830398121388e-13 1.205505391244846e-12
703.0003354304876 1.030878288844632e-22 1.9236779121553865e-12 8.036269937604531e-13 1.1200509183949333e-12
724.4106861714122 9.389564459520496e-23 1.8055092966821158e-12 7.66514208781651e-13 1.038995087900465e-12
746.4731036265977 8.540704874466601e-23 1.6922998354494906e-12 7.299764539129068e-13 9.62323381536584e-13
769.2074469289008 7.758447074417694e-23 1.5841186793298579e-12 6.94129848381507e-13 8.899888309483505e-13
792.6341800345017 7.039001046814643e-23 1.4809938631524798e-12 6.590795994697857e-13 8.219142636826944e-13
816.7743901432078 6.378586748852989e-23 1.3829166689286411e-12 6.249168695875191e-13 7.579997993411227e-13
841.6498066797607 5.773452650955271e-23 1.2898418666923526e-12 5.917164857436617e-13 6.981253809486909e-13
867.2828208532309 5.219916210336035e-23 1.2016934910063038e-12 5.595395298139187e-13 6.421539611923849e-13
893.6965058121084 4.714418258388897e-23 1.1183753931939724e-12 5.284369578447885e-13 5.89938435349184e-13
920.9146374132232 4.2535268090081064e-23 1.0397716772644636e-12 4.984486815184582e-13 5.413229957460054e-13
948.9617156232121 3.8339337003322805e-23 9.657455670134624e-13 4.696026312425502e-13 4.961429357709122e-13
977.8629865717667 3.4524823870894355e-23 8.961462928488997e-13 4.419170837472155e-13 4.542292091016845e-13
1007.6444652765354 3.10618000605358e-23 8.30813178395887e-13 4.154016643252824e-13 4.1541151407060475e-13
1038.332959060126 2.792196995172109e-23 7.695770859623307e-13 3.900578425942268e-13 3.795192433681038e-13
1069.95609168029 2.507872609089922e-23 7.122637811109401e-13 3.658803890083228e-13 3.463833921026172e-13
1102.542328195006 2.2507139496024392e-23 6.586959714744233e-13 3.42858138080487e-13 3.1583783339393613e-13
1136.1210005848498 2.0183899386087937e-23 6.086941015048728e-13 3.209740744350217e-13 2.877200270698515e-13
1170.7223341557005 1.8087278998502476e-23 5.620779834007434e-13 3.0020594280268405e-13 2.6187204059805927e-13
1206.3774747455793 1.6197130459332258e-23 5.186695268055935e-13 2.805279934799916e-13 2.3814153332560195e-13
1243.1185167600695 1.4494829938453386e-23 4.782941762292804e-13 2.619117457751023e-13 2.1638243045417806e-13
1280.9785320615858 1.2963162738160591e-23 4.407803827256783e-13 2.4432552251870835e-13 1.9645486020696993e-13
1319.9915997384837 1.1586244142616903e-23 4.0596003014037996e-13 2.2773486529504386e-13 1.782251648453361e-13
1360.1928367808064 1.0349495489972306e-23 3.736707434132218e-13 2.1210391367321233e-13 1.6156682974000948e-13
1401.618429690285 9.23957956067295e-24 3.4375691395332945e-13 1.973961900442159e-13 1.4636072390911355e-13
1444.305667053031 8.244280468508279e-24 3.160685661853285e-13 1.8357418677414622e-13 1.3249437941118232e-13
1488.2929731042755 7.352421754425257e-24 2.9046129927424943e-13 1.7059925438851202e-13 1.198620448857374e-13
1533.6199423153234 6.5538207055072534e-24 2.6679748810139095e-13 1.5843279617781502e-13 1.0836469192357596e-13
1580.327375033885 5.839217727530538e-24 2.4494645888207973e-13 1.470368344825217e-13 9.790962439955811e-14
1628.457314209858 5.200200129248589e-24 2.2478424573841063e-13 1.363737302127231e-13 8.841051552568749e-14
1678.0530832396191 4.6291233123743835e-24 2.0619298127742768e-13 1.26405915902509e-13 7.978706537491865e-14
1729.1593249628888 4.119061912492592e-24 1.8906135401309575e-13 1.1709660221180448e-13 7.196475180129137e-14
1781.8220418472597 3.663759247366232e-24 1.732848870851837e-13 1.0841032183952119e-13 6.487456524566249e-14
1836.0886373966016 3.2575594566694053e-24 1.5876524108383148e-13 1.0031258107891296e-13 5.84526600049185e-14
1892.007958820556 2.8953536613824383e-24 1.4540991194996317e-13 9.276972841012938e-14 5.264018353983379e-14
1949.6303410035755 2.5725329608539286e-24 1.331320611719645e-13 8.574919659091256e-14 4.738286458105193e-14
2009.0076518130663 2.2849533886668386e-24 1.2185079559130567e-13 7.921999672371431e-14 4.263079886759136e-14
2070.1933387874215 2.0288873816393077e-24 1.1149060727351766e-13 7.3152421494306e-14 3.833818577921164e-14
2133.242477245972 1.800977833608637e-24 1.0198070816040764e-13 6.751779792472768e-14 3.446291023567999e-14
2198.211819864143 1.598210715226904e-24 9.325518970221687e-14 6.228879268522241e-14 3.0966397016994454e-14
2265.1598477584885 1.4178835954412417e-24 8.525284200457252e-14 5.743943584183227e-14 2.781340616274027e-14
2334.1468231275226 1.2575724856007096e-24 7.791671435049914e-14 5.294502946811924e-14 2.4971684882379867e-14
2405.2348434957767 1.1151071858083853e-24 7.119402293096909e-14 4.8782165761340505e-14 2.2411857169628583e-14
2478.487897609897 9.88545944882636e-25 6.503589100938067e-14 4.492872092215944e-14 2.0107170087221243e-14
2553.971923037092 8.76149247678601e-25 5.939688150919898e-14 4.1363715388458403e-14 1.803316612074057e-14
2631.7548655177807 7.76362344561985e-25 5.423496078483561e-14 3.806736686346358e-14 1.616759392137204e-14
2711.906740125872 6.877969674682194e-25 4.951131260915848e-14 3.502104516840767e-14 1.4490267440750824e-14
2794.4996942916955 6.092132095805247e-25 4.519004887840005e-14 3.220721255912351e-14 1.2982836319276541e-14
2879.6080727443887 5.395052990406679e-25 4.123808886336229e-14 2.9609424371777834e-14 1.162866449158445e-14
2967.308484432098 4.776874309996529e-25 3.762495122537253e-14 2.721227124105778e-14 1.0412679984314748e-14
3057.6798714803062 4.228801735924116e-25 3.4322488757540015e-14 2.5001284073051145e-14 9.321204684488869e-15
