Dust emission spectrum from A.P. Jones, M. Kohler, N. Ysard, M. Bocchio, and L. Verstraete (2017), A&A, 602A, 46J 
inside the DustPedia framework.

lambda    nu*dP/dnu     j_nu    j_nu(carb.) j_nu(sil)
 (um)   (erg s-1 H-1) (Jy cm2 sr-1 H-1)
0.9927057738263894 2.5695176933107678e-20 6.770825067565233e-13 6.770823324618679e-13 1.7429465574522632e-19
1.0001793341362166 2.6125726538084915e-20 6.936105441734857e-13 6.936103344955008e-13 2.096779848628985e-19
1.0077091589558085 2.6558180206858257e-20 7.103999992388651e-13 7.103997473335233e-13 2.519053417799816e-19
1.0114953028030835 2.677510530328506e-20 7.188933908043226e-13 7.18893114835289e-13 2.759690335601098e-19
1.0152956718711033 2.699248789540482e-20 7.27452906069866e-13 7.274526038402178e-13 3.0222964838364486e-19
1.0229392996569957 2.7428390095313e-20 7.447656095682236e-13 7.447652474441011e-13 3.621241223129619e-19
1.0267826658714554 2.7646416632346345e-20 7.53506164946138e-13 7.535057687463572e-13 3.9619978083257257e-19
1.0306404723013447 2.7864867957392443e-20 7.623135077272147e-13 7.623130743910495e-13 4.333361650144281e-19
1.03451277320114 2.808373919298799e-20 7.711879261169081e-13 7.71187452322829e-13 4.737940790128547e-19
1.0383996230291617 2.830302570068622e-20 7.801297152892804e-13 7.801291974340233e-13 5.178552571177859e-19
1.0403485208654093 2.841282329892794e-20 7.846259681370048e-13 7.84625426805786e-13 5.413312188879595e-19
1.0423010764483396 2.852272308720379e-20 7.891391776745683e-13 7.891386118506368e-13 5.658239315313517e-19
1.0462171883269815 2.8742827210569825e-20 7.982166232519576e-13 7.982160052234495e-13 6.18028508450266e-19
1.0471985131304309 2.879791633308307e-20 8.00496644088594e-13 8.004960123061509e-13 6.317824430169723e-19
1.048180758391296 2.885303057443679e-20 8.027809387435818e-13 8.027802929146457e-13 6.458289356840574e-19
1.0501480137395462 2.896333418627546e-20 8.073623698475848e-13 8.073616950242257e-13 6.748233592372668e-19
1.0521189612883777 2.907373760175944e-20 8.119609575680739e-13 8.119602525076275e-13 7.050604464850745e-19
1.0531058218030118 2.912890433094428e-20 8.142646778747545e-13 8.142639572129897e-13 7.206617648618997e-19
1.0540936079674168 2.91838590918979e-20 8.165660745989591e-13 8.165653380025233e-13 7.365964360232862e-19
1.058054026499678 2.9403915603820035e-20 8.258143873159687e-13 8.258135835466839e-13 8.037692849853461e-19
1.0590464539527713 2.945898886382614e-20 8.281371734222062e-13 8.281363519664375e-13 8.214557685196136e-19
1.06003981227728 2.9514085686505943e-20 8.304642534117214e-13 8.304634138978074e-13 8.395139140701383e-19
1.0620293250338977 2.962434984853286e-20 8.351313167528807e-13 8.351304399778939e-13 8.767749865459234e-19
1.0660195594769086 2.984515910300533e-20 8.445172109234189e-13 8.445162548306511e-13 9.560927680174717e-19
1.070024785945596 3.0066340934785494e-20 8.539724273124053e-13 8.539713850735771e-13 1.0422388281931061e-18
1.0740450607676866 3.028789320810141e-20 8.634973332062797e-13 8.6349619743729e-13 1.1357689897238688e-18
1.07808044048254 3.0509814089954693e-20 8.73092306029059e-13 8.73091068747533e-13 1.2372815261189224e-18
1.0861967418109137 3.095442005122545e-20 8.924843317048181e-13 8.924828648273233e-13 1.466877494744771e-18
1.0902777775684922 3.117633955404386e-20 9.022600249330055e-13 9.022584285347817e-13 1.5963982239568326e-18
1.0943741465085532 3.1398610472886855e-20 9.121067859411052e-13 9.121050491588488e-13 1.7367822564129004e-18
1.1026131145906286 3.18442062425442e-20 9.320152419940862e-13 9.32013188350928e-13 2.053643158194407e-18
1.1109141095355224 3.2291210176850695e-20 9.522132867357044e-13 9.522108616061663e-13 2.425129538120419e-18
1.1192775983109025 3.273928550961613e-20 9.726944593041519e-13 9.726915992277082e-13 2.8600764437067562e-18
1.1277040513999907 3.318685991446879e-20 9.934150516026408e-13 9.934116829552036e-13 3.368647437399695e-18
1.1361939428280308 3.363583467671866e-20 1.0144347363629628e-12 1.0144307738443525e-12 3.962518610412692e-18
1.1447477501889525 3.4086236835550954e-20 1.0357579821848975e-12 1.0357533270999604e-12 4.655084937161467e-18
1.1533659546722406 3.45382531956694e-20 1.057394214011853e-12 1.0573887523115795e-12 5.461700273190678e-18
1.1707974979042381 3.5448549461679e-20 1.1016653433777898e-12 1.1016578534652578e-12 7.489912531727055e-18
1.1884924949847024 3.6365802134733385e-20 1.1472525933492519e-12 1.1472423737325249e-12 1.0219616727058375e-17
1.2064549276569216 3.7296278750458715e-20 1.194389664805222e-12 1.1943757897931018e-12 1.3875012120523403e-17
1.2246888378427687 3.823445442571114e-20 1.242939786976504e-12 1.2429210417879402e-12 1.8745188564293388e-17
1.2431983285522175 3.917988206913357e-20 1.2929239341968323e-12 1.2928987326187349e-12 2.5201578097102203e-17
1.2619875648066055 4.0134304338265096e-20 1.3444363563855881e-12 1.3444026373979768e-12 3.371898761102798e-17
1.3004222497298317 4.206617268791634e-20 1.452067565831676e-12 1.4520080562826872e-12 5.95095489887169e-17
1.3400274889804893 4.403953832976873e-20 1.5664837645162996e-12 1.5663806701756448e-12 1.0309434065424867e-16
1.3808389325824078 4.606622096164587e-20 1.6884765867729766e-12 1.6883011887138323e-12 1.7539805914446403e-16
1.4228933163050095 4.816835782356289e-20 1.8192970396976247e-12 1.819003833583603e-12 2.9320611402187346e-16
1.466228494730424 5.0387533862496257e-20 1.9610749464121153e-12 1.9605931120281314e-12 4.818343839841313e-16
1.5108834753276823 5.2729795853674883e-20 2.1147376350112585e-12 2.1139588972932802e-12 7.787377179782785e-16
1.5568984535646726 5.520597562717786e-20 2.2814755014452577e-12 2.2802363776384674e-12 1.2391238067906e-15
1.6043148490894465 5.784456078232417e-20 2.4633241469048077e-12 2.461379294642753e-12 1.9448522620542968e-15
1.6531753430134553 6.067855525385134e-20 2.6627082507265754e-12 2.659700889807807e-12 3.0073609187682732e-15
1.7035239163302658 6.374769794929382e-20 2.8825853451965394e-12 2.8780027438059157e-12 4.5826013906235895e-15
1.755405889504358 6.712686102666791e-20 3.127831315387656e-12 3.120946653525037e-12 6.884661862618745e-15
1.8088679632656115 7.085136280310128e-20 3.4019232259430073e-12 3.3917220625075416e-12 1.0201163435465975e-14
1.8639582606462262 7.496190162608342e-20 3.708909285418225e-12 3.69399560863696e-12 1.4913676781266482e-14
1.9207263702978936 7.9516463211871e-20 4.054076943276333e-12 4.03255659152398e-12 2.1520351752353394e-14
1.979223391128241 8.458570984472389e-20 4.44386898260186e-12 4.4132063518809645e-12 3.066263072089424e-14
2.039501978296691 9.02467891581167e-20 4.885683430451663e-12 4.842529804932195e-12 4.3153625519468297e-14
2.1016163906111602 9.661011522544084e-20 5.3894628173377084e-12 5.329449203384172e-12 6.001361395353587e-14
2.1656225393682647 1.0377679328967616e-19 5.965576821953564e-12 5.883076906481199e-12 8.249991547236473e-14
2.231578038680979 1.11828702882452e-19 6.624220789495459e-12 6.512080729420509e-12 1.1214006007495134e-13
2.299542257339062 1.2086878572395252e-19 7.377767873561198e-12 7.227002566882381e-12 1.5076530667881662e-13
2.369576372248914 1.3101540373113964e-19 8.240669624624305e-12 8.040124360602445e-12 2.0054526402186095e-13
2.4417434235010123 1.4239410087460793e-19 9.229144747100263e-12 8.965134436361629e-12 2.640103107386377e-13
2.5161083711144245 1.5515294637791946e-19 1.0362363028271818e-11 1.0018280046233335e-11 3.4408298203848416e-13
2.5927381535095444 1.6946252993290308e-19 1.1662771782549344e-11 1.1218681440674572e-11 4.4409034187477345e-13
2.6717017477616296 1.8548027358847002e-19 1.3153918158802667e-11 1.2586173675717948e-11 5.677444830847192e-13
2.753070231689431 2.0337669243124497e-19 1.4862364342463125e-11 1.414323102314378e-11 7.191333193193481e-13
2.836916847834745 2.234369774097436e-19 1.6825620423754304e-11 1.592289333801934e-11 9.027270857349665e-13
2.9233170693905177 2.461387089822197e-19 1.909964406085641e-11 1.797654876376531e-11 1.1230952970910932e-12
2.967498994190263 2.5870321396113026e-19 2.037801312480118e-11 1.9132038985319367e-11 1.245974139481812e-12
3.0123486681368425 2.720398916164755e-19 2.1752404197602192e-11 2.037186974462047e-11 1.3805344529817207e-12
3.0578761833420214 2.8869073344918484e-19 2.3432691414023525e-11 2.1904538613785985e-11 1.5281528002375387e-12
3.1040917844459814 3.069728229629223e-19 2.5293207999416593e-11 2.3605044385285027e-11 1.6881636141315706e-12
3.127460860933648 3.197627330508112e-19 2.6545393260557668e-11 2.47718045029596e-11 1.7735887575980574e-12
3.1510058709225794 3.3468186871596097e-19 2.7993089367424873e-11 2.613063744861542e-11 1.8624519188094537e-12
3.162844764501044 3.4605266314116337e-19 2.905290110053061e-11 2.7144531390496352e-11 1.908369710034265e-12
3.1747281389236908 3.5855777091442744e-19 3.0215870719076095e-11 2.826069802746013e-11 1.9551726916159554e-12
3.1986289994194426 3.9047284119120406e-19 3.3153099410637946e-11 3.1101380011068474e-11 2.051719399569476e-12
3.2227097969389145 4.570442153841036e-19 3.909748745775078e-11 3.694364609166003e-11 2.1538413660907596e-12
3.2348180950136065 5.1697557227356e-19 4.43904266822486e-11 4.218213236298973e-11 2.2082943192588836e-12
3.240889293275058 5.610370045900795e-19 4.826420270243555e-11 4.602718538866772e-11 2.2370173137678346e-12
3.2469718861334385 6.118621924166798e-19 5.2735319298019063e-11 5.0468582228486844e-11 2.2667370695322065e-12
3.2714166318528037 8.75826780703688e-19 7.605425405478802e-11 7.366484908939073e-11 2.389404965397303e-12
3.2744851364798273 8.92667616315717e-19 7.758937194575693e-11 7.518555344486571e-11 2.4038185008912008e-12
3.2775565192852394 9.099345068135823e-19 7.916436953332921e-11 7.674606931179944e-11 2.4183002215297455e-12
3.283707930232385 8.954699258303287e-19 7.80521660100507e-11 7.560805437738113e-11 2.444111632669558e-12
3.2898708863219004 8.463597834426314e-19 7.39100176281454e-11 7.144249567967528e-11 2.4675219484701273e-12
3.29141343181113 8.34769211264353e-19 7.293202846276104e-11 7.045863005339176e-11 2.4733984093692735e-12
3.292184975758714 8.29072691595707e-19 7.245131494734897e-11 6.997497472275147e-11 2.476340224597496e-12
3.295272960557952 7.932564303355956e-19 6.938641177168957e-11 6.68986434739896e-11 2.4877682976999724e-12
3.3076538914384823 6.68473025655509e-19 5.869125275090115e-11 5.615762294892657e-11 2.533629801974586e-12
3.310756385682612 6.428985207120447e-19 5.649878193328071e-11 5.395360036697649e-11 2.5451815663042383e-12
3.313861789986515 6.192356228394801e-19 5.447029867784957e-11 5.191353077278206e-11 2.5567679050675195e-12
3.3200813396944477 5.867042198474833e-19 5.170557458826007e-11 4.912384828606394e-11 2.5817263021961266e-12
3.345076488085796 5.33889856367313e-19 4.7405327948026373e-11 4.4712274623397916e-11 2.693053324628429e-12
3.3482140837626964 5.371756770697758e-19 4.7741822283762125e-11 4.5033683396636456e-11 2.7081388871256672e-12
3.3513546224236106 5.404852653442138e-19 4.80810204976243e-11 4.5357732312414067e-11 2.7232881852102392e-12
3.3576445397418455 5.593778795722662e-19 4.9855082425927047e-11 4.7100106190525946e-11 2.7549762354010986e-12
3.3702598118196083 6.24873849077299e-19 5.590171923385614e-11 5.3080282353222504e-11 2.8214368806336585e-12
3.382922481734668 6.4321542055439e-19 5.775876878069895e-11 5.487286789334668e-11 2.885900887352264e-12
3.389271646505754 6.526229284238067e-19 5.871352286045388e-11 5.579497343397796e-11 2.9185494264759035e-12
3.395632727569191 6.628772779819917e-19 5.974798679708697e-11 5.679579082844666e-11 2.9521959686403236e-12
3.421196662673239 7.113823709886213e-19 6.460268543688133e-11 6.151135193385146e-11 3.0913335030298648e-12
3.4276182099114902 7.056116653371557e-19 6.41989058701281e-11 6.107666893538194e-11 3.122236934746158e-12
3.4340518103208963 6.736045350487278e-19 6.140182486958761e-11 5.825043038456451e-11 3.1513944850230954e-12
3.4469541582030403 6.284532388119408e-19 5.7501332580682065e-11 5.4294118958486255e-11 3.2072136221958094e-12
3.472904465399547 6.216931899186583e-19 5.7311051917676194e-11 5.397503036651788e-11 3.3360215511583237e-12
3.4990501388274233 6.08214695246175e-19 5.6490641655093885e-11 5.302312980849419e-11 3.4675118465996914e-12
3.5253949054701885 5.434549690342219e-19 5.085583269316933e-11 4.726109698719071e-11 3.594735705978634e-12
3.5519380250092896 4.82067621511228e-19 4.545093012923348e-11 4.172873854988278e-11 3.72219157935069e-12
3.578680990867387 4.627492914267486e-19 4.395802603589282e-11 4.0096187769476194e-11 3.861838266416633e-12
3.605625307711299 4.600127000275926e-19 4.402707650061206e-11 4.001841111649606e-11 4.008665384115997e-12
3.660119384959845 4.688395075810618e-19 4.5550052884358805e-11 4.1234052696901665e-11 4.316000187457131e-12
3.715437065384467 4.800647811713094e-19 4.734555245527289e-11 4.270721139958854e-11 4.638341055684357e-12
3.8285932144167436 5.118261251325978e-19 5.201530006007149e-11 4.668993032444712e-11 5.325369735624382e-12
3.94519561050918 5.465734391626651e-19 5.7238269816699275e-11 5.1172317175050245e-11 6.065952641649035e-12
4.06534921144712 5.826687027642371e-19 6.287659014086426e-11 5.601936416115701e-11 6.8572259797072425e-12
4.189162171576248 6.194446042853878e-19 6.888094243901857e-11 6.118225377333987e-11 7.698688665678702e-12
4.316745939156006 6.5641701375420445e-19 7.521522365637606e-11 6.663030499171194e-11 8.584918664664113e-12
4.448215356677963 6.931177738470237e-19 8.18393693165241e-11 7.233836636086767e-11 9.501002955656452e-12
4.58368876423945 7.29258880743373e-19 8.872914173455387e-11 7.828308836283123e-11 1.044605337172265e-11
4.723288106065518 7.646247245330702e-19 9.58654702830852e-11 8.444131135281787e-11 1.14241589302673e-11
4.867139040275056 7.987774379399518e-19 1.0319745222952289e-10 9.079230211398823e-11 1.240515011553465e-11
4.940699165968905 8.154677824378012e-19 1.0694602607214417e-10 9.404662339075842e-11 1.289940268138574e-11
5.015371051989984 8.316633667347212e-19 1.1071846956496959e-10 9.732420471710864e-11 1.3394264847860935e-11
5.091171501069577 8.478179263606228e-19 1.145749707561327e-10 1.0067374085727651e-10 1.3901229898856167e-11
5.129500256944802 8.556790993875659e-19 1.1650791038922378e-10 1.0235372184476967e-10 1.4154188544454092e-11
5.168117569889187 8.634465836986796e-19 1.1845060778011345e-10 1.0404096199566384e-10 1.4409645784449645e-11
5.20702561229733 8.715457039000595e-19 1.2046179031345275e-10 1.0577078441013529e-10 1.469100590331749e-11
5.246226572918644 8.794990412262764e-19 1.2247624032532176e-10 1.0750356037272796e-10 1.4972679952593804e-11
5.265937586045735 8.834198029318305e-19 1.2348444970537033e-10 1.0837086403108209e-10 1.511358567428822e-11
5.285722656980489 8.873026515552883e-19 1.244931868059134e-10 1.0923867594217588e-10 1.5254510863737502e-11
5.305582063971359 8.911471177606088e-19 1.2550235527649533e-10 1.1010691960737317e-10 1.539543566912213e-11
5.3255160863122235 8.950189639528883e-19 1.2652122008146522e-10 1.1098356678057685e-10 1.5537653300888358e-11
5.365609099470188 9.03154099367212e-19 1.2863238451025965e-10 1.1280026821656937e-10 1.583211629369032e-11
5.406003951863644 9.11150065993457e-19 1.307481952338643e-10 1.146214151011649e-10 1.6126780132699402e-11
5.446702915881641 9.19004626020745e-19 1.328681286690208e-10 1.1644664331765238e-10 1.642148535136841e-11
5.487708281020852 9.268345460724689e-19 1.3500898207211087e-10 1.182914430101391e-10 1.6717539061971763e-11
5.529022354014368 9.35566660699304e-19 1.3730694865365385e-10 1.2028077423177603e-10 1.7026174421877838e-11
5.570647458961463 9.442120209320091e-19 1.3961903534634248e-10 1.2228411619225126e-10 1.73349191540912e-11
5.612585937458331 9.527743111914843e-19 1.4194577684568302e-10 1.2430216536071729e-10 1.764361148496573e-11
5.654840148729818 9.614318921531492e-19 1.4431394208920244e-10 1.2636007126260054e-10 1.7953870826601885e-11
5.67608639626678 9.664986762510856e-19 1.45619553092728e-10 1.2750293899701346e-10 1.8116614095714543e-11
5.686739436050992 9.690376223865454e-19 1.462761096022569e-10 1.2807810781538611e-10 1.8198001786870798e-11
5.6974124697621304 9.715807031572394e-19 1.4693524295092432e-10 1.2865584619942396e-10 1.8279396751500376e-11
5.718818669136295 9.766806253506292e-19 1.4826148028052656e-10 1.2981928210079918e-10 1.8442198179727343e-11
5.740305295436557 9.820141826393328e-19 1.4963120862240872e-10 1.3102482018230217e-10 1.8606388440106582e-11
5.7835210386641895 9.944950778956802e-19 1.5267375627422958e-10 1.3372825630640834e-10 1.894549996782127e-11
5.827062130521658 1.007741838896654e-18 1.5587209462433766e-10 1.3658386993580777e-10 1.9288224688529885e-11
5.8489554468988025 1.0163387941757624e-18 1.5779246091095656e-10 1.3831791892581773e-10 1.9474541985138815e-11
5.870931020387893 1.0251974851249878e-18 1.5976584581518472e-10 1.4010470796116097e-10 1.9661137854023787e-11
5.892989160043636 1.034341571137038e-18 1.6179647479075516e-10 1.419484837284241e-10 1.9847991062331098e-11
5.915130176081913 1.0443892941635774e-18 1.6398198946925888e-10 1.4393989430562638e-10 2.0042095163632488e-11
5.95966208400165 1.071255683257812e-18 1.694666356714808e-10 1.4897527184968898e-10 2.049136382179178e-11
6.004529249263818 1.1078053746394937e-18 1.7656794626879713e-10 1.555670435720842e-10 2.1000902696712897e-11
6.027089341400364 1.1324802241822629e-18 1.8117892945209586e-10 1.5988014687527156e-10 2.129878257682434e-11
6.049734195844842 1.1607905173200735e-18 1.8640586743111364e-10 1.647907839767448e-10 2.1615083454368905e-11
6.095279466722835 1.2407510804472923e-18 2.0074637781257263e-10 1.783421356593256e-10 2.2404242153246987e-11
6.141167624020661 1.3596576843970722e-18 2.216409312657427e-10 1.981980004706273e-10 2.3442930795115373e-11
6.164241091010745 1.4349888656462674e-18 2.347997231621034e-10 2.106979574320273e-10 2.410176573007611e-11
6.187401249150058 1.5180838984540845e-18 2.4932939755490526e-10 2.24552461455993e-10 2.477693609891227e-11
6.1990139391386085 1.5583010904636796e-18 2.56414995979332e-10 2.3129475562899573e-10 2.512024035033638e-11
6.204828454712694 1.5792577309853818e-18 2.60107109950882e-10 2.348136147014765e-10 2.529349524940551e-11
6.210648424152782 1.5944004907687067e-18 2.628474678469414e-10 2.374078748704306e-10 2.543959297651077e-11
6.233982942956859 1.6445689591643514e-18 2.721367108937796e-10 2.4619415953878015e-10 2.5942551354999484e-11
6.239830258556775 1.6502530813690231e-18 2.7333343623934106e-10 2.4732593825611614e-10 2.6007497983224867e-11
6.245683058788269 1.64988217948739e-18 2.7352832541485245e-10 2.474558270631353e-10 2.6072498351717104e-11
6.257405133728602 1.6464523256853108e-18 2.7347200018264857e-10 2.4728855581949694e-10 2.6183444363151674e-11
6.269149208991335 1.633955380444098e-18 2.7190565013764756e-10 2.456951409447708e-10 2.6210509192876762e-11
6.280915325867298 1.6058308354932193e-18 2.6772699581084154e-10 2.4159295892214736e-10 2.613403688869416e-11
6.304513850009849 1.5377156168106208e-18 2.57333935102697e-10 2.3144621686894612e-10 2.5887718233750835e-11
6.32820103803542 1.4559477818760853e-18 2.4456567298581793e-10 2.1902358483415898e-10 2.5542088151659016e-11
6.3519772230701035 1.381807100722153e-18 2.329838326470199e-10 2.0775543503637467e-10 2.5228397610645238e-11
6.375842739491607 1.318733448978427e-18 2.2318451118871934e-10 1.9823688150921596e-10 2.494762967950342e-11
6.399797922933955 1.2698889061661095e-18 2.1572546974942179e-10 1.9094126328681105e-10 2.4784206462610763e-11
6.42384311029221 1.228763291793307e-18 2.0952342628428822e-10 1.8487908153758746e-10 2.4644344746700713e-11
6.447978639727206 1.1994996896548613e-18 2.053019919258187e-10 1.807064080627707e-10 2.459558386304797e-11
6.472204850670314 1.1748959842256543e-18 2.0184644602298503e-10 1.7728163336090566e-10 2.4564812662079336e-11
6.496522083828205 1.1593334664890881e-18 1.9992114248411158e-10 1.7531364723228584e-10 2.4607495251825713e-11
6.520930681187647 1.1461496770826884e-18 1.9839026294018275e-10 1.73729279338353e-10 2.4660983601829776e-11
6.57002334288761 1.1328773326970944e-18 1.9756919617256807e-10 1.7270074330528797e-10 2.4868452867280056e-11
6.619489833774732 1.1313017116692392e-18 1.9877986750026701e-10 1.736240858527626e-10 2.515578164750443e-11
6.6693287637831435 1.135450959907095e-18 2.0101105422571798e-10 1.7553675572993345e-10 2.5474298495784526e-11
6.719538636694507 1.1401244813377983e-18 2.0335795207433036e-10 1.7758349476373633e-10 2.5774457310594002e-11
6.770126513364129 1.1532591183609221e-18 2.0724932013697698e-10 1.8114233780430308e-10 2.6106982332673832e-11
6.8210952395837445 1.1732875440303717e-18 2.1243594675745672e-10 1.8594649221620532e-10 2.6489454541251438e-11
6.872447682569556 1.1981984067192982e-18 2.1857959312722498e-10 1.9165985122614287e-10 2.6919741901082148e-11
6.924186731123532 1.2292282255587802e-18 2.259283488691265e-10 1.9853290588302324e-10 2.7395442986103285e-11
6.976315295795916 1.254009654865386e-18 2.3221828516862644e-10 2.0434256674088526e-10 2.7875718427741177e-11
7.028836309048954 1.2581406113948577e-18 2.3473726682624943e-10 2.0642247291671038e-10 2.831479390953905e-11
7.081752725421856 1.2484527971083205e-18 2.3468337116916306e-10 2.0595041694018197e-10 2.8732954228981093e-11
7.135067521697011 1.2420071443398255e-18 2.3522940736740064e-10 2.060245523690064e-10 2.920485499839418e-11
7.1887836970674375 1.2492637887208392e-18 2.3838504194604447e-10 2.086126706749436e-10 2.9772371271100836e-11
7.242904273305506 1.2729421814076477e-18 2.4473205462729185e-10 2.1426956609701205e-10 3.046248853027979e-11
7.297432294932914 1.3096561355567212e-18 2.5368616852326866e-10 2.223517567821295e-10 3.133441174113916e-11
7.352370829391971 1.3520153268599713e-18 2.638629729249232e-10 2.3131966653432805e-10 3.254330639059515e-11
7.379995003818881 1.3784732117479132e-18 2.700373464008518e-10 2.3677038099707745e-10 3.326696540377446e-11
7.407722967218148 1.4071882722040874e-18 2.766982244518541e-10 2.4267526385542614e-10 3.4022960596427994e-11
7.463496598684601 1.4792055715021013e-18 2.9304904217062827e-10 2.57315305658111e-10 3.573373651251728e-11
7.519690156487492 1.5709864662155128e-18 3.135752830034644e-10 2.7582679194033006e-10 3.7748491063134334e-11
7.533803324048627 1.5976095489790584e-18 3.194878591008748e-10 2.811666292989623e-10 3.832122980191247e-11
7.547942979602549 1.625113245539858e-18 3.255979589223161e-10 2.866951916618747e-10 3.8902767260441355e-11
7.57630195363571 1.6822888804032754e-18 3.383196964974877e-10 2.9821929363064204e-10 4.010040286684561e-11
7.590521371821866 1.711043099839466e-18 3.4474818599267686e-10 3.040199023789878e-10 4.0728283613689034e-11
7.604767477414989 1.7406962315063396e-18 3.513810706597559e-10 3.100150234511499e-10 4.136604720860604e-11
7.633339951266878 1.7992395063614587e-18 3.6456335779308927e-10 3.2192363273697997e-10 4.263972505610932e-11
7.662019777021956 1.8427683781934794e-18 3.7478608048412055e-10 3.310087196700458e-10 4.3777360814074786e-11
7.690807358020558 1.8698961931463095e-18 3.817322601103509e-10 3.370118167590415e-10 4.472044335130948e-11
7.719703099118437 1.88004819462854e-18 3.852467761673427e-10 3.397920392691185e-10 4.545473689822426e-11
7.748707406692464 1.871290354428096e-18 3.848928772465392e-10 3.387283865841776e-10 4.616449066236167e-11
7.777823177463063 1.8527769901560716e-18 3.8251691732177216e-10 3.347523716095959e-10 4.776454571217631e-11
7.807048350752435 1.826896425681769e-18 3.785909500102306e-10 3.289681383508606e-10 4.9622811659369926e-11
7.836380830085272 1.7915800445429404e-18 3.7266721086526793e-10 3.2120622485999286e-10 5.146098600527504e-11
7.851088371676256 1.76684770097757e-18 3.682124040457811e-10 3.1595479988227815e-10 5.2257604163503113e-11
7.86582351679805 1.7405852017351926e-18 3.6342007859658704e-10 3.1042292850325455e-10 5.2997150093332515e-11
7.89537682495964 1.682363522607656e-18 3.525836252861518e-10 2.983294604252228e-10 5.425416486092912e-11
7.9250411701946435 1.6210953180406935e-18 3.410197342026731e-10 2.8543161271145085e-10 5.558812149122217e-11
7.939915112024199 1.5896161085080435e-18 3.350252557667062e-10 2.7872778079513007e-10 5.629747497157616e-11
7.954816969689239 1.5599629754844065e-18 3.2939265851590465e-10 2.723477185555546e-10 5.7044939960350034e-11
7.9847046421970465 1.5061774526190258e-18 3.192305388804359e-10 2.605556838676413e-10 5.867485501279449e-11
8.044817289139356 1.4218225859350652e-18 3.036204550760146e-10 2.4102193592679213e-10 6.259851914922249e-11
8.07504310897143 1.3945377480005914e-18 2.9891283047323545e-10 2.3394875252962013e-10 6.49640779436153e-11
8.105382492623747 1.371750313540225e-18 2.9513316498085163e-10 2.2765586199581562e-10 6.747730298503609e-11
8.135835866775926 1.355276151152433e-18 2.9268428703311407e-10 2.227533829322397e-10 6.993090410087438e-11
8.166403659710703 1.3457298500003881e-18 2.9171459740099493e-10 2.1913135388666353e-10 7.258324351433144e-11
8.197086301319933 1.3413329343238052e-18 2.9185391853450274e-10 2.1650782687989726e-10 7.534609165460546e-11
8.227884223110665 1.3391899006141369e-18 2.924824220743345e-10 2.142169847125175e-10 7.826543736181698e-11
8.258797858211198 1.3463089618506348e-18 2.9514199344489096e-10 2.1299608715553768e-10 8.214590628935323e-11
8.289827641377162 1.3759199709186793e-18 3.027667007317155e-10 2.1276428530297678e-10 9.000241542873869e-11
8.320974008997652 1.4161131502224168e-18 3.1278185735898476e-10 2.1334610671888463e-10 9.943575064010008e-11
8.35223739910135 1.4613156485344666e-18 3.239785803119388e-10 2.1425875103011095e-10 1.0971982928182789e-10
8.383618251362687 1.5131919435103208e-18 3.367401863379767e-10 2.1673041547608943e-10 1.2000977086188722e-10
8.415117007108037 1.5729035801473475e-18 3.513433136349465e-10 2.2018375141150264e-10 1.3115956222344383e-10
8.446734109321913 1.6377046912445622e-18 3.671925401865945e-10 2.2470248571406795e-10 1.424900544725265e-10
8.478470002653195 1.707942108861996e-18 3.843793668524136e-10 2.3035244011055574e-10 1.540269267418579e-10
8.542299949622933 1.853604646375126e-18 4.2030190594041103e-10 2.422714619920089e-10 1.7803044394840216e-10
8.558332380220154 1.887647877374842e-18 4.2882447666453384e-10 2.4468619523016494e-10 1.8413828143436886e-10
8.574394900937412 1.9169525956370033e-18 4.362990705561208e-10 2.461013583707799e-10 1.9019771218534103e-10
8.606610438733982 1.959633886678138e-18 4.4768909913835207e-10 2.456249625080922e-10 2.0206413663025975e-10
8.622764948673899 1.975165420045382e-18 4.5208433044049064e-10 2.4409295645126694e-10 2.0799137398922378e-10
8.638949780445296 1.9832994096871706e-18 4.547981244841592e-10 2.4105790217517073e-10 2.137402223089884e-10
8.655163606183647 1.991784501000309e-18 4.5760110371813533e-10 2.379797555846565e-10 2.196213481334787e-10
8.671407862489573 1.9981318968301704e-18 4.5992095728241926e-10 2.344194325067803e-10 2.255015247756389e-10
8.703987895363145 2.0056381384079387e-18 4.633832069091739e-10 2.2616243882147053e-10 2.3722076808770344e-10
8.736690337257128 2.019015861895531e-18 4.682266263445125e-10 2.1874986988035446e-10 2.4947675646415815e-10
8.802464289484785 2.061407786460196e-18 4.81656712454149e-10 2.0644564604132455e-10 2.752110664128244e-10
8.868733419248175 2.1407677592840525e-18 5.03965247583883e-10 1.9837921831047495e-10 3.05586029273408e-10
8.935501454478851 2.2740520067107592e-18 5.393724446224188e-10 1.930460943653526e-10 3.4632635025706613e-10
9.002772151174003 2.4213253408176286e-18 5.786271921401118e-10 1.8946063763926783e-10 3.89166554500844e-10
9.07054929360775 2.5739088245881743e-18 6.197209525335466e-10 1.8695770607298284e-10 4.3276324646056376e-10
9.13883669454403 2.7303195399183953e-18 6.623290854923158e-10 1.85103912935461e-10 4.772251725568549e-10
9.207638195451068 2.8826689748753015e-18 7.045510278693582e-10 1.8378953856083758e-10 5.207614893085206e-10
9.276957666717493 3.0471117285258732e-18 7.503491357395487e-10 1.8258310573139737e-10 5.677660300081514e-10
9.346799007870057 3.2007347786152397e-18 7.941124880106559e-10 1.8171760932563033e-10 6.123948786850255e-10
9.417166147792997 3.358815203982642e-18 8.396064692799809e-10 1.808921941780568e-10 6.587142751019241e-10
9.488063044949055 3.4565018631197083e-18 8.705300959433315e-10 1.8025613242076359e-10 6.902739635225678e-10
9.559493687602165 3.55920353521674e-18 9.03144305409031e-10 1.796295777551971e-10 7.235147276538337e-10
9.631462094041797 3.6520503174078316e-18 9.33680750944302e-10 1.7912205935815758e-10 7.545586915861448e-10
9.703972312809022 3.742193948588131e-18 9.639295052359977e-10 1.7860912599064055e-10 7.85320379245357e-10
9.777099908821425 3.7670750338742454e-18 9.776507929976503e-10 1.7818266990122476e-10 7.994681230964255e-10
9.924867353363874 3.781753504831127e-18 9.962936497908505e-10 1.7738310090713842e-10 8.189105488837121e-10
10.074868099996943 3.694985873633518e-18 9.881470637745024e-10 1.7671806794028672e-10 8.114289958342156e-10
10.150790707826552 3.622550556854197e-18 9.760762863293972e-10 1.764172949800183e-10 7.996589913493789e-10
10.22721067892732 3.548639489692511e-18 9.633597931409708e-10 1.7622708925271765e-10 7.871327038882531e-10
10.304205975847633 3.474830014248149e-18 9.504242934117881e-10 1.7603772321976227e-10 7.743865701920261e-10
10.381780929913377 3.3784922042785465e-18 9.310311563712088e-10 1.7601747964006052e-10 7.550136767311482e-10
10.459939905058707 3.2839548142569652e-18 9.117920374502013e-10 1.760263311165936e-10 7.357657063336075e-10
10.538687298071551 3.1815244906391954e-18 8.90002490904021e-10 1.7633147297236272e-10 7.136710179316584e-10
10.618027538840941 3.080336587052621e-18 8.681833540199851e-10 1.7672010667488318e-10 6.914632473451019e-10
10.697971937068667 2.96131339555311e-18 8.40921117055463e-10 1.7757133868932352e-10 6.633497783661395e-10
10.778518246224262 2.84595797873412e-18 8.142485195815297e-10 1.7899452580997512e-10 6.352539937715547e-10
10.859664048220797 2.7363587345082232e-18 7.887853859997219e-10 1.8139915738093212e-10 6.073862286187898e-10
10.941420754335242 2.6348358557673193e-18 7.652383332695276e-10 1.8535375570993876e-10 5.798845775595888e-10
10.961955922839442 2.6112010027313545e-18 7.597973742699608e-10 1.868021728206358e-10 5.729952014493251e-10
10.982529632329763 2.5885432593134396e-18 7.546181455042951e-10 1.8844188428066975e-10 5.661762612236253e-10
11.023792963743814 2.546658717351375e-18 7.451972258729261e-10 1.9249568791322596e-10 5.527015379597003e-10
11.065211328886559 2.5099165215241188e-18 7.372052562833255e-10 1.9789898552309003e-10 5.393062707602358e-10
11.08597883104876 2.4944520822829533e-18 7.340381697758045e-10 2.014067723078539e-10 5.326313974679506e-10
11.106785310247485 2.4805102781572526e-18 7.313055025010778e-10 2.0533551210670866e-10 5.259699903943691e-10
11.14851549250461 2.4579825160441562e-18 7.27386546323262e-10 2.146936567131342e-10 5.126928896101278e-10
11.169441129330048 2.448286813280993e-18 7.258772244095537e-10 2.1970013006551292e-10 5.061770943440408e-10
11.190406043337886 2.4365727387675036e-18 7.23760136273268e-10 2.2410561966528123e-10 4.996545166079869e-10
11.21140851448765 2.424200919102642e-18 7.214366843886628e-10 2.2835319444537962e-10 4.930834899432831e-10
11.22192452720434 2.4184969845158813e-18 7.204143032748702e-10 2.3058430456292538e-10 4.89829998711945e-10
11.232450403670388 2.4090720308339704e-18 7.182799243458813e-10 2.3145348675792016e-10 4.86826437587961e-10
11.253533585369773 2.3869536222575726e-18 7.130210072017861e-10 2.3203281082678905e-10 4.80988196374997e-10
11.274656339961506 2.363015493585905e-18 7.07195218016061e-10 2.3195104235518461e-10 4.752441756608763e-10
11.285231677511122 2.351229948781989e-18 7.04328102914924e-10 2.31909643836798e-10 4.724184590781259e-10
11.295816934455262 2.336013921531367e-18 7.0042639710847e-10 2.3084147274276833e-10 4.695849243657015e-10
11.317017243752359 2.3039881546697636e-18 6.921204040153467e-10 2.2817622799164116e-10 4.6394417602370574e-10
11.338257342390673 2.272271270019143e-18 6.838737285156728e-10 2.2552068367314283e-10 4.583530448425302e-10
11.359537305047965 2.239972873096872e-18 6.754183166314665e-10 2.2270311968175077e-10 4.527151969497159e-10
11.402217121831576 2.1732318838589844e-18 6.577559838003785e-10 2.1652837310909635e-10 4.412276106912823e-10
11.423617126015266 2.139557916937645e-18 6.487795005779558e-10 2.1335152684753185e-10 4.3542797373042406e-10
11.445057294333186 2.105384923318019e-18 6.396154016006788e-10 2.1014030125955986e-10 4.294751003411191e-10
11.488058425037956 2.035918895258842e-18 6.208354990723549e-10 2.0370362881746104e-10 4.171318702548938e-10
11.53122111869469 1.970294313967649e-18 6.0308126506983e-10 1.9795117278845693e-10 4.051300922813731e-10
11.574545982324347 1.9081713666498618e-18 5.862606866565504e-10 1.92799892789919e-10 3.9346079386663143e-10
11.618033625228566 1.8486423904354582e-18 5.701051570749574e-10 1.8822881896781544e-10 3.818763381071419e-10
11.661684658998247 1.7897027924635744e-18 5.54002395168466e-10 1.8440825590344268e-10 3.6959413926502324e-10
11.705499697522141 1.7333770321296266e-18 5.385827367816564e-10 1.8139373875443016e-10 3.571889980272262e-10
11.749479356995494 1.6784898170666898e-18 5.234880430866489e-10 1.7895890443438442e-10 3.4452913865226444e-10
11.793624255928705 1.6255254117303514e-18 5.088742593674231e-10 1.7681777815671783e-10 3.3205648121070525e-10
11.83793501515603 1.5732516822699569e-18 4.943603026276396e-10 1.753177063123868e-10 3.1904259631525274e-10
11.882412257844306 1.5226711391651058e-18 4.802641455216272e-10 1.7397326518017916e-10 3.062908803414481e-10
11.92705660950172 1.4724903696568923e-18 4.661816521867453e-10 1.7307300584070106e-10 2.931086463460442e-10
11.971868697986617 1.4237877782520837e-18 4.5245629900079014e-10 1.7229036784539122e-10 2.8016593115539894e-10
12.016849153516302 1.3746940150397604e-18 4.3849645278547016e-10 1.7195238574491893e-10 2.665440670405513e-10
12.061998608675935 1.3272982542837142e-18 4.2496897978168097e-10 1.7169686159718633e-10 2.5327211818449466e-10
12.152807060118223 1.2339039142739785e-18 3.980406053100369e-10 1.719956990832242e-10 2.2604490622681272e-10
12.198467333490619 1.187467110012399e-18 3.8449995218000095e-10 1.7256776883959327e-10 2.1193218334040758e-10
12.244299160690385 1.1430775315909972e-18 3.7151730987753316e-10 1.7325522603461082e-10 1.9826208384292247e-10
12.290303186275983 1.097730830694134e-18 3.581194356828035e-10 1.7430840007223246e-10 1.8381103561057098e-10
12.3364800572276 1.061263399556438e-18 3.4752326256384786e-10 1.7548458401264863e-10 1.7203867855119928e-10
12.382830422956244 1.0474880332974353e-18 3.4430111469419416e-10 1.7690266446910898e-10 1.6739845022508531e-10
12.429354935312874 1.0344231666494266e-18 3.412842617694136e-10 1.783935333149565e-10 1.6289072845445716e-10
12.476058240797144 1.0215146276487577e-18 3.3829175760408713e-10 1.79780536215367e-10 1.5851122138872014e-10
12.522937033967983 1.0116894576014293e-18 3.3629689257160254e-10 1.8117270196925696e-10 1.5512419060234548e-10
12.569987951963114 1.0113212424852163e-18 3.374375615487479e-10 1.8210189210792042e-10 1.5533566944082764e-10
12.593579661530361 1.0103161618817244e-18 3.377348892122067e-10 1.8230891650726245e-10 1.5542597270494423e-10
12.617215648686605 1.0087999180496255e-18 3.378609487367711e-10 1.8235457721670798e-10 1.5550637152006308e-10
12.664620788327802 1.0037477897091617e-18 3.374319684279591e-10 1.8180231725289576e-10 1.5562965117506336e-10
12.71220403757155 9.966191213237278e-19 3.3629429767929016e-10 1.8058133935685225e-10 1.55712958322438e-10
12.736062662318053 9.922036859471824e-19 3.3543274502885457e-10 1.7969506553772016e-10 1.557376794911344e-10
12.759966065607527 9.873172470141929e-19 3.3440724352988816e-10 1.7865457539621404e-10 1.557526681336741e-10
12.807907544139693 9.760102641242114e-19 3.3181957433066465e-10 1.7607191971352361e-10 1.5574765461714095e-10
12.856029147395699 9.641442349949977e-19 3.290169637131424e-10 1.7329808837701124e-10 1.5571887533613116e-10
12.904331552136407 9.52021610047258e-19 3.261007161319178e-10 1.7041875353840316e-10 1.556819625935146e-10
12.95281543766539 9.398703991805885e-19 3.2314808182130617e-10 1.675261305868772e-10 1.556219512344289e-10
13.00148148583848 9.284192428897078e-19 3.204102554585542e-10 1.6485134266343674e-10 1.555589127951174e-10
13.050330381073369 9.17598187249167e-19 3.178655678285584e-10 1.6237269818856466e-10 1.5549286963999367e-10
13.099362810359226 9.073859286421518e-19 3.155089214636413e-10 1.6008684016053177e-10 1.5542208130310955e-10
13.197981031955921 8.888059107943953e-19 3.1137509068393827e-10 1.5611934084782927e-10 1.55255749836109e-10
13.247568211189632 8.803736236028626e-19 3.0957980319772207e-10 1.544191252999227e-10 1.5516067789779935e-10
13.297341698339563 8.723110280143478e-19 3.078971187677922e-10 1.528371102123324e-10 1.550600085554598e-10
13.397450398986955 8.573782974051902e-19 3.049046705879046e-10 1.5008199691281322e-10 1.5482267367509128e-10
13.447787020368724 8.503819470692512e-19 3.035528308054303e-10 1.4887055128996133e-10 1.5468227951546903e-10
13.498312765455129 8.435650860767238e-19 3.022508400040705e-10 1.477184877523194e-10 1.5453235225175107e-10
13.59993447169816 8.304665023199465e-19 2.9979774944863175e-10 1.456321743356009e-10 1.5416557511303085e-10
13.702321234386334 8.197730772067249e-19 2.981653889215847e-10 1.4376482664130037e-10 1.5440056228028431e-10
13.805478813227746 8.25415333291404e-19 3.0247775367893637e-10 1.4206589906944215e-10 1.6041185460949425e-10
13.90941301129231 8.326713691270569e-19 3.074339802772937e-10 1.4043949237813538e-10 1.6699448789915835e-10
13.96167316792965 8.412306312035227e-19 3.1176113819432767e-10 1.3969768761259896e-10 1.7206345058172869e-10
14.014129675338197 8.501129702109513e-19 3.16236654644255e-10 1.3898200952007907e-10 1.772546451241759e-10
14.119634696140762 8.684325428089817e-19 3.2548350436758123e-10 1.3771642091500772e-10 1.877670834525735e-10
14.225934008823913 8.867737332392685e-19 3.34859823036258e-10 1.364775327591427e-10 1.9838229027711534e-10
14.333033593193976 9.061078313388765e-19 3.447366331181672e-10 1.3523723486866107e-10 2.094993982495061e-10
14.44093947407611 9.242180044206049e-19 3.5427402005556247e-10 1.3397685299424585e-10 2.2029716706131658e-10
14.54965772165321 9.434240739093837e-19 3.6435871686609344e-10 1.3271929622028705e-10 2.3163942064580634e-10
14.659194451807393 9.637669375062927e-19 3.750175241621834e-10 1.314645440521866e-10 2.4355298010999687e-10
14.769555826464039 9.849766638004859e-19 3.8615601941046956e-10 1.3020930590606383e-10 2.5594671350440573e-10
14.992777389284976 1.0246658505940485e-18 4.0778738655756866e-10 1.276515669643525e-10 2.801358195932161e-10
15.21937263962189 1.0682411492675662e-18 4.3155433844138594e-10 1.2511185421330144e-10 3.064424842280845e-10
15.449392566130673 1.1139568719111033e-18 4.568243223581206e-10 1.2252605448591133e-10 3.342982678722092e-10
15.682888928090767 1.2083266807549166e-18 5.030137593387726e-10 1.1997152305544093e-10 3.8304223628333177e-10
15.919914267052077 1.3110959459190204e-18 5.540444798060676e-10 1.1739349616499748e-10 4.366509836410701e-10
16.03976693895051 1.3592788936292028e-18 5.787300856812883e-10 1.1612173568484666e-10 4.626083499964418e-10
16.1605219186579 1.4095932859107026e-18 6.046703007260002e-10 1.149424894408255e-10 4.897278112851747e-10
16.22123989475974 1.4309157801773014e-18 6.161231870662485e-10 1.143622173849884e-10 5.0176096968126e-10
16.282185999175777 1.4527507692964497e-18 6.278750976733072e-10 1.1378219791774149e-10 5.140928997555657e-10
16.312744867225646 1.4638637897149e-18 6.33865544361416e-10 1.1349229359308478e-10 5.203732507683311e-10
16.343361089024967 1.4751089709889395e-18 6.399335996352922e-10 1.1320246518836644e-10 5.26731134446926e-10
16.404766024646595 1.4980013350179562e-18 6.523064517894585e-10 1.1262305299290727e-10 5.396833987965513e-10
16.466401669612416 1.5214390484212754e-18 6.650016096907441e-10 1.1204399483677619e-10 5.52957614853968e-10
16.497306278852424 1.5333659732049861e-18 6.714725944160125e-10 1.1175460889769293e-10 5.597179855183195e-10
16.528268890738765 1.5454335405832144e-18 6.780272305885961e-10 1.1146532388146846e-10 5.665619067071277e-10
16.590368558098763 1.5699964886409589e-18 6.913916786289503e-10 1.108870729891982e-10 5.805046056397521e-10
16.65270154503456 1.5939513952000136e-18 7.045782065597122e-10 1.1030825941519624e-10 5.942699471445158e-10
16.715268728169598 1.6132691446502603e-18 7.157965876411973e-10 1.0972564732196937e-10 6.060709403192281e-10
16.778070987420957 1.632936139630894e-18 7.272448616331611e-10 1.0914364703408943e-10 6.181012145990716e-10
16.9043842704834 1.673338342540427e-18 7.508489055980256e-10 1.079816020393529e-10 6.428673035586727e-10
17.03164849990255 1.7151997235248815e-18 7.7542681739016e-10 1.0682236174347654e-10 6.686044556466834e-10
17.159870834853997 1.7573753399756565e-18 8.004753736229421e-10 1.0566511347438668e-10 6.948102601485554e-10
17.289058488411015 1.7892845156892024e-18 8.211456189945803e-10 1.0450134239278427e-10 7.16644276601796e-10
17.35401657858945 1.805537176425904e-18 8.317175701905475e-10 1.0392090744294555e-10 7.277966627476017e-10
17.386587088641786 1.8137387202139733e-18 8.370636789290911e-10 1.0363106382562587e-10 7.334326151034654e-10
17.419218727950305 1.8219906731236296e-18 8.424502335314875e-10 1.033414736705541e-10 7.391087598609334e-10
17.48466585346766 1.8386466113849516e-18 8.533457615148552e-10 1.0276306631437501e-10 7.505826952004804e-10
17.550358875560836 1.8555066089621376e-18 8.644063331146037e-10 1.0218571031388618e-10 7.622206228007177e-10
17.682486308455736 1.884492649250491e-18 8.845190917225924e-10 1.0103321230755186e-10 7.834858794150404e-10
17.81560845938729 1.8623738988278472e-18 8.807181955074186e-10 9.987547317505067e-11 7.808427223323681e-10
17.882544892141226 1.85134914304309e-18 8.78794006706732e-10 9.929852289228374e-11 7.794954838144482e-10
17.949732817065083 1.83994745458084e-18 8.766633325490676e-10 9.872287998418399e-11 7.779404525648836e-10
18.084866926577256 1.8138317876498345e-18 8.707264941177004e-10 9.757559847160867e-11 7.731508956460917e-10
18.221018389814958 1.7877332668421873e-18 8.646588704766121e-10 9.643461602117047e-11 7.682242544554414e-10
18.496404071615608 1.7319991647729495e-18 8.503631180874459e-10 9.418737823867332e-11 7.561757398487724e-10
18.635790038622734 1.7046133626293269e-18 8.432243328413337e-10 9.309530426879314e-11 7.501290285725406e-10
18.776226396166493 1.6773948238256323e-18 8.360130268918193e-10 9.200753659759424e-11 7.440054902942252e-10
18.91772105982334 1.6492020735807252e-18 8.281559429766566e-10 9.092001962657402e-11 7.372359233500827e-10
19.203636446149176 1.5939393846967733e-18 8.125025082172395e-10 8.876326433935082e-11 7.237392438778887e-10
19.4938730510763 1.5387481337751325e-18 7.962237097874767e-10 8.662126626699726e-11 7.096024435204795e-10
19.78849618389234 1.4839979646181089e-18 7.794989415612669e-10 8.449734425378464e-11 6.950015973074821e-10
20.08757214094514 1.4296602656552314e-18 7.623066872293648e-10 8.239174610051528e-11 6.799149411288496e-10
20.391466406516905 1.3759941584164496e-18 7.44791105315708e-10 8.030551423904668e-11 6.644855910766613e-10
20.699681925472166 1.3224619805390892e-18 7.266349793873697e-10 7.824677535265957e-11 6.4838820403471e-10
21.012556099387844 1.2670428325936607e-18 7.067073619734948e-10 7.621535810507557e-11 6.304920038684194e-10
21.652507708764745 1.158794162528276e-18 6.660148822762896e-10 7.230586907016973e-11 5.937090132061198e-10
21.979755641372343 1.1074100841442617e-18 6.46101526065607e-10 7.039844742274944e-11 5.757030786428576e-10
22.311949477282987 1.0577443688770822e-18 6.264518164573163e-10 6.851679354161442e-11 5.579350229157016e-10
22.64916396703608 1.0097406904043368e-18 6.070597890306693e-10 6.66608327493719e-11 5.403989562812972e-10
22.991811201917592 9.633714779432492e-19 5.879445944938853e-10 6.483075750542084e-11 5.231138369884644e-10
23.339642165776596 9.186260170601959e-19 5.691180602203717e-10 6.302796522434239e-11 5.060900949960295e-10
23.69273528050995 8.755138088887752e-19 5.506144891241328e-10 6.125429350706264e-11 4.893601956170703e-10
24.414313559781952 7.941643402845434e-19 5.146646428193983e-10 5.783706577097349e-11 4.568275770484248e-10
24.78366481022829 7.561969328000966e-19 4.974734085193845e-10 5.618385487167118e-11 4.412895536477134e-10
25.15860378059443 7.200363114586424e-19 4.808508267139201e-10 5.456652505713917e-11 4.262843016567809e-10
25.924826076583233 6.524380247412744e-19 4.489774704281516e-10 5.142551053882488e-11 3.9755195988932673e-10
26.714384190886577 5.902852050321901e-19 4.1857809647766434e-10 4.8413635910385995e-11 3.701644605672784e-10
27.527988831636016 5.330229114260875e-19 3.8948415427240163e-10 4.5531618795667655e-11 3.4395253547673387e-10
28.366372352060132 4.8052791284290325e-19 3.618194027448047e-10 4.278408360140114e-11 3.190353191434036e-10
29.2302894097004 4.3238406761201447e-19 3.3548432342238857e-10 4.0173864239465385e-11 2.953104591829232e-10
30.12051764570424 3.888018215083229e-19 3.1085664484527266e-10 3.7688879748981614e-11 2.73167765096291e-10
30.575747924857424 3.6881281654203133e-19 2.9933157240318964e-10 3.648962936584819e-11 2.628419430373415e-10
31.037858384806153 3.499453053782549e-19 2.88311092647452e-10 3.531886919253759e-11 2.5299222345491436e-10
31.983137356627505 3.1493435101917153e-19 2.673686785225644e-10 3.3071195318289704e-11 2.3429748320427456e-10
32.95720543894392 2.8364700021444845e-19 2.481407023583297e-10 3.09536081367938e-11 2.1718709422153592e-10
33.960939423588975 2.553095601800943e-19 2.3015276970588635e-10 2.895041837861865e-11 2.012023513272677e-10
34.99524280568484 2.2934897473206174e-19 2.130469136988585e-10 2.7045423990166497e-11 1.86001489708692e-10
36.06104659690874 2.0576933037860857e-19 1.9696470249003984e-10 2.5245202571688002e-11 1.717194999183518e-10
37.159310163528254 1.8426313170627052e-19 1.817504622831787e-10 2.3559847925656878e-11 1.5819061435752179e-10
38.29102208995955 1.6481683926743478e-19 1.6752050492552346e-10 2.1974803205550524e-11 1.4554570171997301e-10
39.45720106862597 1.4711312210481766e-19 1.540803017783211e-10 2.0474888203537156e-11 1.3360541357478397e-10
40.65889681691763 1.3115734758819226e-19 1.4155253431471094e-10 1.9062764583162386e-11 1.2248976973154858e-10
41.897191022077855 1.1685921221109005e-19 1.2996227172981156e-10 1.7741741490462222e-11 1.1222053023934931e-10
43.173198314866475 1.0404960659078351e-19 1.1924058509253953e-10 1.6503699045080203e-11 1.0273688604745933e-10
44.48806727287728 9.247313645601909e-20 1.092014889321299e-10 1.5340704097072496e-11 9.386078483505741e-11
45.8429814544115 8.208813355052432e-20 9.989015084568752e-11 1.4250422891391943e-11 8.563972795429558e-11
47.23916046383907 7.27233379614667e-20 9.11896204969536e-11 1.3231059947653987e-11 7.795856054929964e-11
48.67786104940597 6.434257463483598e-20 8.31379582613123e-11 1.2278324366240584e-11 7.08596338950717e-11
50.16037823447602 5.681292477167338e-20 7.564450465818843e-11 1.1388355152813908e-11 6.425614950537451e-11
51.68804648322576 5.0093963324465827e-20 6.872977863265961e-11 1.0557495219838748e-11 5.8172283412820864e-11
53.26224090184056 4.407998540790799e-20 6.232041112305816e-11 9.781673964494e-12 5.253873715856416e-11
54.884378476295105 3.872846663333509e-20 5.642200121828601e-11 9.057947924955564e-12 4.736405329333043e-11
56.55591934783037 3.3958888000319e-20 5.0980132531409344e-11 8.384754614693548e-12 4.2595377916715786e-11
58.27836812727644 2.972765155165729e-20 4.598724760869794e-11 7.758872910939549e-12 3.8228374697758394e-11
60.05327524940399 2.605263687695461e-20 4.152960665596382e-11 7.17552519441166e-12 3.435408146155215e-11
61.88223836852342 2.2866101192385436e-20 3.756017166613175e-11 6.632005886689715e-12 3.092816577944204e-11
62.81758386220369 2.142554695253947e-20 3.5725850678626326e-11 6.3751402010738565e-12 2.935071047755248e-11
63.7670670344103 2.0110616094244138e-20 3.4040133187081325e-11 6.127905327596239e-12 2.7912227859485085e-11
65.70913619443517 1.7771620211128693e-20 3.099718209873579e-11 5.661179536679327e-12 2.533600256205647e-11
67.71035238438829 1.5683068784651742e-20 2.8187434775808887e-11 5.227286733398528e-12 2.296014804241036e-11
69.77251696707448 1.380963234758678e-20 2.5576195300748884e-11 4.8234341171776665e-12 2.0752761183571214e-11
71.89748616702131 1.2147415748480347e-20 2.3182861175041836e-11 4.449495301846996e-12 1.873336587319484e-11
74.08717274132995 1.0676734047577442e-20 2.099669210124175e-11 4.10434253237304e-12 1.689234956886871e-11
76.34354770141287 9.380361524773754e-21 1.9009090904911565e-11 3.784506186330054e-12 1.522458471858151e-11
78.66864208716851 8.240065397622168e-21 1.7206864761791485e-11 3.4874590346228098e-12 1.3719405727168673e-11
81.06454879518883 7.240548116314349e-21 1.5580157611565258e-11 3.212589736214818e-12 1.2367567875350436e-11
83.5334244626476 6.373240948545763e-21 1.413155836772408e-11 2.958999145923366e-12 1.1172559221800711e-11
86.07749140856238 5.609223713632166e-21 1.2816274368318728e-11 2.7246066743307553e-12 1.009166769398797e-11
88.69903963417964 4.927434835548225e-21 1.1601368994095581e-11 2.5076634286473505e-12 9.093705565448229e-12
91.4004288842828 4.325167425060054e-21 1.0493505394195838e-11 2.3072108382038244e-12 8.186294555992015e-12
94.18409077127889 3.7944206380235514e-21 9.486203924290506e-12 2.1222823574155113e-12 7.363921566874998e-12
97.05253096397554 3.3279802492870928e-21 8.573478019952607e-12 1.9516358063567525e-12 6.621842213595852e-12
100.00833144301866 2.9241548567063564e-21 7.76257810031201e-12 1.79424783912433e-12 5.968330261187681e-12
103.05415282502196 2.570151618704701e-21 7.030620797769953e-12 1.6490998523869854e-12 5.381520945382969e-12
106.19273675747671 2.2642317750465363e-21 6.3824162870246596e-12 1.5151361011912238e-12 4.867280185833435e-12
109.4269083866038 1.9957322554569636e-21 5.796900405367578e-12 1.39164136507584e-12 4.405259040291738e-12
112.75957890036308 1.7559871966616752e-21 5.255865264213532e-12 1.2781041946384255e-12 3.977761069575105e-12
116.1937481489129 1.5437755978674264e-21 4.761418622482254e-12 1.17360738035591e-12 3.5878112421263454e-12
119.73250734487735 1.3543019100747808e-21 4.304245174888614e-12 1.0771606057957837e-12 3.2270845690928292e-12
123.37904184585196 1.1868132413526206e-21 3.886809086917695e-12 9.883045152406664e-13 2.898504571677028e-12
127.13663402165271 1.0378917298110787e-21 3.5026133096263673e-12 9.068062081731844e-13 2.5958071014531834e-12
131.0086662088879 9.066259212778448e-22 3.152808480039331e-12 8.31961562940439e-13 2.3208469170988928e-12
134.99862375551584 7.904233310945177e-22 2.832425692041861e-12 7.629426804976092e-13 2.069483011544252e-12
139.11009815812417 6.882874009748519e-22 2.541545622670684e-12 6.993795141400715e-13 1.8421661085306137e-12
143.3467902947586 5.990490892784426e-22 2.279396191614854e-12 6.411262536389598e-13 1.6382699379758948e-12
147.71251375620898 5.212496733129082e-22 2.0437723429300203e-12 5.877225323002188e-13 1.4560498106298013e-12
152.21119827875228 4.558341805543822e-22 1.8417171212222184e-12 5.385849650774833e-13 1.3031321561447352e-12
156.84689328144228 4.0047547949557282e-22 1.667328923363918e-12 4.933787476582653e-13 1.1739501757056529e-12
159.21741877681018 3.753058344003287e-22 1.5861539162061897e-12 4.721961029984695e-13 1.1139578132077204e-12
161.62377151112827 3.5152906398808323e-22 1.5081200287668434e-12 4.5191665936148016e-13 1.0562033694053633e-12
166.54613279848823 3.079409527168167e-22 1.361355138480841e-12 4.139138349240171e-13 9.474413035568235e-13
171.61840792845166 2.698718860737797e-22 1.2293935947718854e-12 3.7902490973496134e-13 8.503686850369239e-13
176.84516262850022 2.3678499574238514e-22 1.1115187598064121e-12 3.469864628527965e-13 7.645322969536157e-13
179.5181642894721 2.2179265202141915e-22 1.0568783111162947e-12 3.3197477387920564e-13 7.249035372370889e-13
182.2315681744764 2.0748399719486196e-22 1.0036392832976845e-12 3.1760156090193474e-13 6.860377223957497e-13
187.78155384880017 1.810245868477448e-22 9.023186345357923e-13 2.9067196191070857e-13 6.116466726250838e-13
190.61961427604518 1.6911949779999587e-22 8.557180636982385e-13 2.780617048245788e-13 5.776563588736596e-13
193.5005680909718 1.5804263138602373e-22 8.117567889553688e-13 2.65988816728491e-13 5.457679722268779e-13
199.3937587803602 1.382611261085451e-22 7.317809223967786e-13 2.4337025408386616e-13 4.884106683129122e-13
205.46643057848152 1.2124280504555386e-22 6.612509133422993e-13 2.226354859902513e-13 4.3861542735204807e-13
211.72404970390772 1.0685878983438183e-22 6.005509756381723e-13 2.0362074693672305e-13 3.9693022870144915e-13
218.17224885259444 9.421761277595154e-23 5.456335135860576e-13 1.862056389810598e-13 3.594278746049979e-13
224.8168322680627 8.280976944781037e-23 4.941739324620218e-13 1.7027914698679113e-13 3.238947854752305e-13
231.66378096599615 7.26888684598686e-23 4.4698760624851894e-13 1.556923196814983e-13 2.912952865670206e-13
238.71925811795668 6.368201700631007e-23 4.0352802288484017e-13 1.423058946578926e-13 2.612221282269475e-13
245.98961459906556 5.573087369672043e-23 3.639000009304169e-13 1.3004981844760673e-13 2.338501824828101e-13
249.71106150874405 5.205209330990485e-23 3.4502090778759496e-13 1.2432554781396707e-13 2.20695359973628e-13
253.4888082224776 4.855711419775904e-23 3.267240402188057e-13 1.1885993091273242e-13 2.0786410930607326e-13
261.20898134247824 4.227161129117462e-23 2.9309360384649277e-13 1.0863633527260933e-13 1.844572685738834e-13
269.1642775569489 3.695721546952589e-23 2.6404995422224967e-13 9.924892081602304e-14 1.6480103340622666e-13
277.3618576987742 3.2350053345551146e-23 2.381722567033891e-13 9.065328997099532e-14 1.4751896673239385e-13
285.8091006888481 2.8097653652252306e-23 2.1316482467323072e-13 8.281736413247993e-14 1.3034746054075084e-13
294.5136101780917 2.4348532738872536e-23 1.9034768435730076e-13 7.565707670549632e-14 1.1469060765180445e-13
303.4832213917586 2.1204808711596836e-23 1.70819905562085e-13 6.909174623603895e-14 1.0172815932604607e-13
312.7260081821858 1.8502395390542883e-23 1.5358945233591116e-13 6.308327524972285e-14 9.050617708618833e-14
322.25029029634635 1.6180142677863475e-23 1.384028703999396e-13 5.760120375878775e-14 8.080166664115186e-14
332.0646408647343 1.416276102178852e-23 1.2483604276857594e-13 5.259436057903708e-14 7.224168218953889e-14
342.17789411833206 1.2381020956786683e-23 1.124547594564118e-13 4.8014466273050785e-14 6.4440293183361e-14
352.59915334060224 1.0815248060463296e-23 1.0122485961499153e-13 4.382700033893479e-14 5.739785927605671e-14
363.337799061663 9.455951170915174e-24 9.119798337713322e-14 4.0002489244586904e-14 5.1195494132546324e-14
374.40349750202313 8.272958079788089e-24 8.22186144591892e-14 3.6509357408905535e-14 4.5709257050283676e-14
380.062092440151 7.739224931188e-24 7.807670145213246e-14 3.4878228363656625e-14 4.319847308847584e-14
385.80620927347337 7.240424384597691e-24 7.41485509802577e-14 3.331958314642755e-14 4.082896783383014e-14
397.5561983449763 6.3379193026682276e-24 6.68828340420159e-14 3.0406614070664346e-14 3.6476219971351556e-14
409.6640412816112 5.543754528906318e-24 6.028389017374515e-14 2.774418696343141e-14 3.2539703210313747e-14
415.8555509384264 5.183300308099131e-24 5.721610733941144e-14 2.6500187080721652e-14 3.0715920258689797e-14
422.1406367649012 4.845575840767566e-24 5.429651922931373e-14 2.5311091705072465e-14 2.8985427524241264e-14
434.9972154030873 4.236366747507646e-24 4.891583376072182e-14 2.3090857024175005e-14 2.5824976736546835e-14
448.24534984018095 3.7054155043920865e-24 4.408817686602241e-14 2.1065449267065863e-14 2.3022727598956562e-14
461.89696517289525 3.2422241254572797e-24 3.9751871045307606e-14 1.921441729983206e-14 2.053745374547555e-14
475.9643496848308 2.8379931094438578e-24 3.585545140591797e-14 1.752199724176549e-14 1.8333454164152474e-14
490.4601659075747 2.4834082259704393e-24 3.233116016954917e-14 1.597872155510137e-14 1.6352438614447805e-14
505.39746201868155 2.1717114832985226e-24 2.913430198409765e-14 1.4573224064455712e-14 1.4561077919641938e-14
520.7896835867783 1.8993661012614935e-24 2.625672093657533e-14 1.3291675890514504e-14 1.296504504606082e-14
536.6506856743796 1.6621020382848356e-24 2.3676570921783673e-14 1.2123215457358974e-14 1.1553355464424696e-14
552.9947453093008 1.4547306981934139e-24 2.1353695287988077e-14 1.1056960405790642e-14 1.0296734882197437e-14
569.8365743358964 1.2732900482651407e-24 1.9259592693037276e-14 1.0083755208852208e-14 9.175837484185067e-15
587.1913326576936 1.114531672786423e-24 1.73716665436077e-14 9.195556463098183e-15 8.176110080509515e-15
605.0746418833327 9.756144253840817e-25 1.5669552673663203e-14 8.385011309241718e-15 7.284541364421485e-15
623.502599388115 8.54055715552436e-25 1.4134937902289547e-14 7.645391253008404e-15 6.489546649281143e-15
642.4917928037942 7.476831816941679e-25 1.2751304864260101e-14 6.970540329785322e-15 5.780764534474777e-15
662.0593149496696 6.545957130828174e-25 1.1503751460567787e-14 6.354842742534082e-15 5.148908718033705e-15
682.2227792184137 5.731303811323775e-25 1.0378846286026754e-14 5.793155559464843e-15 4.58569072656191e-15
703.0003354304876 5.018332301435476e-25 9.364495409973926e-15 5.280786443529393e-15 4.083708966444533e-15
724.4106861714122 4.394327073521047e-25 8.44980448039795e-15 4.813455893725669e-15 3.6363485866722805e-15
746.4731036265977 3.848157038652325e-25 7.624939181266162e-15 4.3872272500650674e-15 3.237711931201095e-15
769.2074469289008 3.370086027232073e-25 6.881037114102586e-15 3.998503412840883e-15 2.8825337012617014e-15
792.6341800345017 2.9516020807242524e-25 6.2101206392046956e-15 3.6440148729858114e-15 2.5661057662188853e-15
816.7743901432078 2.58526112972254e-25 5.605004447841823e-15 3.32077601260433e-15 2.284228435237493e-15
841.6498066797607 2.2645461494735123e-25 5.059202195352904e-15 3.0260494649208923e-15 2.0331527304320116e-15
867.2828208532309 1.983753754660305e-25 4.566862529353018e-15 2.7573322541438593e-15 1.809530275209159e-15
893.6965058121084 1.737901308300004e-25 4.122727243268717e-15 2.51234759650883e-15 1.6103796467598864e-15
920.9146374132232 1.522631091464618e-25 3.722061138710386e-15 2.2890183049165265e-15 1.4330428337938597e-15
948.9617156232121 1.3341258035081694e-25 3.360585188170109e-15 2.085441845297259e-15 1.2751433428728508e-15
977.8629865717667 1.169045715388074e-25 3.034442660543467e-15 1.899881389955847e-15 1.1345612705876207e-15
1007.6444652765354 1.0244699595882863e-25 2.7401603952052745e-15 1.7307524395913593e-15 1.0094079556139154e-15
1038.332959060126 8.978423432803364e-26 2.474606538829405e-15 1.5766075093598828e-15 8.979990294695218e-16
1069.95609168029 7.869270989629943e-26 2.2349606951106024e-15 1.4361274037000923e-15 7.988332914105093e-16
1102.542328195006 6.897684601678058e-26 2.018682587553629e-15 1.3081097934648332e-15 7.105727940887958e-16
1136.1210005848498 6.046540253937389e-26 1.823479852272897e-15 1.1914554545085514e-15 6.320243977643458e-16
1170.7223341557005 5.300844684974638e-26 1.6472837573289924e-15 1.0851593194425284e-15 5.621244378864642e-16
1206.3774747455793 4.6474835827086903e-26 1.4882315832008533e-15 9.883063443723514e-16 4.99925238828502e-16
1243.1185167600695 4.074986904048466e-26 1.3446466862273047e-15 9.000638533519556e-16 4.445828328753491e-16
1280.9785320615858 3.5733092654393e-26 1.2150157005905471e-15 8.196707930369624e-16 3.9534490755358494e-16
1319.9915997384837 3.133649318263549e-26 1.0979713149772478e-15 7.464309582265743e-16 3.515403567506734e-16
1360.1928367808064 2.748307285938032e-26 9.922822109149848e-16 6.797103197942868e-16 3.125718911206981e-16
1401.618429690285 2.4105509411204164e-26 8.968411895860068e-16 6.189328046951519e-16 2.7790838489085504e-16
1444.305667053031 2.1144828142806063e-26 8.106487326408435e-16 5.63572333303076e-16 2.4707639933776766e-16
1488.2929731042755 1.8549334814483384e-26 7.328012552660051e-16 5.131471177207462e-16 2.1965413754525914e-16
1533.6199423153234 1.627378559370145e-26 6.624845740213309e-16 4.672184736316773e-16 1.9526610038965363e-16
1580.327375033885 1.4278586965350697e-26 5.989653885507018e-16 4.253877004486883e-16 1.7357768810201343e-16
1628.457314209858 1.2529066617319545e-26 5.41582385173977e-16 3.872912278479678e-16 1.542911573260093e-16
1678.0530832396191 1.0994833091137203e-26 4.897379613217669e-16 3.525965275304428e-16 1.3714143379132412e-16
1729.1593249628888 9.649271777994153e-27 4.428931699363496e-16 3.210005875065965e-16 1.2189258242975295e-16
1781.8220418472597 8.46908776004799e-27 4.005625962648653e-16 2.922279611760937e-16 1.0833463508877162e-16
1836.0886373966016 7.433871559866664e-27 3.623081715276413e-16 2.6602751973486805e-16 9.628065179277322e-17
1892.007958820556 6.525738178134767e-27 3.277344065242852e-16 2.4217001043403437e-16 8.556439609025075e-17
1949.6303410035755 5.729011364898914e-27 2.9648408906427616e-16 2.2044622395550875e-16 7.603786510876744e-17
2009.0076518130663 5.029971026716729e-27 2.682356561173669e-16 2.006662513254418e-16 6.756940479192506e-17
2070.1933387874215 4.416597125447794e-27 2.4269907736366753e-16 1.8265713402618833e-16 6.004194333747915e-17
2133.242477245972 3.878341084620325e-27 2.1961179250312313e-16 1.6626062876768636e-16 5.335116373543677e-17
2198.211819864143 3.4059598524151804e-27 1.9873689315743204e-16 1.51332618280387e-16 4.74042748770451e-17
2265.1598477584885 2.9913573832774363e-27 1.798608286291659e-16 1.3774201287320983e-16 4.211881575595605e-17
2334.1468231275226 2.6274354622363154e-27 1.6279072636329881e-16 1.25369363271672e-16 3.742136309162681e-17
2405.2348434957767 2.3079728082973103e-27 1.4735253357627158e-16 1.141058260524224e-16 3.3246707523849193e-17
2478.487897609897 2.0275167585581347e-27 1.3338920624972543e-16 1.038523034019411e-16 2.9536902847784335e-17
2553.971923037092 1.7812831766078486e-27 1.2075872467577314e-16 9.451843827521074e-17 2.6240286400562387e-17
2631.7548655177807 1.565076543320918e-27 1.0933279485646031e-16 8.602189378701793e-17 2.331090106944238e-17
2711.906740125872 1.3752196742921954e-27 9.899568393094457e-17 7.828774894501733e-17 2.0707934985927236e-17
2794.4996942916955 1.2084872409755363e-27 8.96428321477308e-17 7.124773659199582e-17 1.839509555573497e-17
2879.6080727443887 1.0620509598406522e-27 8.117983630041534e-17 6.483971599920077e-17 1.6340120301214557e-17
2967.308484432098 9.334307886088693e-28 7.35214820707628e-17 5.900713199941712e-17 1.4514350071345687e-17
3057.6798714803062 8.204499933415035e-28 6.659069739157155e-17 5.369842548420176e-17 1.289227190736979e-17
