Dust emission spectrum from A.P. Jones, M. Kohler, N. Ysard, M. Bocchio, and L. Verstraete (2017), A&A, 602A, 46J 
inside the DustPedia framework.

lambda    nu*dP/dnu     j_nu    j_nu(carb.) j_nu(sil)
 (um)   (erg s-1 H-1) (Jy cm2 sr-1 H-1)
0.9927057738263894 8.578471579709005e-21 2.2604759859991688e-13 2.2604758274466753e-13 1.5855249310295355e-20
1.0001793341362166 8.72244943055546e-21 2.315718526424093e-13 2.3157183356531053e-13 1.9077098723769382e-20
1.0077091589558085 8.867037141515926e-21 2.3718278622709404e-13 2.37182763304178e-13 2.2922916039035548e-20
1.0114953028030835 8.939553793170906e-21 2.4002094728874117e-13 2.400209221739117e-13 2.5114829433176008e-20
1.0152956718711033 9.012215948176397e-21 2.428810084877798e-13 2.428809809806728e-13 2.750710696035525e-20
1.0229392996569957 9.15789708547741e-21 2.48665225393383e-13 2.486651924291566e-13 3.296422645734608e-20
1.0267826658714554 9.230750936522789e-21 2.5158514502072574e-13 2.5158510895130283e-13 3.60694228761902e-20
1.0306404723013447 9.303738230589412e-21 2.545271463830794e-13 2.54527106929179e-13 3.945390044809535e-20
1.03451277320114 9.376857040487816e-21 2.5749131498678977e-13 2.5749127184529503e-13 4.3141494703268386e-20
1.0383996230291617 9.450105511521193e-21 2.604777383210284e-13 2.604776911630707e-13 4.7157957695651183e-20
1.0403485208654093 9.486777810631764e-21 2.6197932341515893e-13 2.6197927411703715e-13 4.9298121743303574e-20
1.0423010764483396 9.523481863267615e-21 2.634865059412684e-13 2.634864544101665e-13 5.153110189287731e-20
1.0462171883269815 9.596984391351147e-21 2.665177095539513e-13 2.665176532629973e-13 5.629095403482745e-20
1.0471985131304309 9.615379546076358e-21 2.6727902703953e-13 2.6727896949444696e-13 5.754508297437217e-20
1.048180758391296 9.633782460128873e-21 2.6804175412497976e-13 2.680416952990552e-13 5.882592464956588e-20
1.0501480137395462 9.670611469201039e-21 2.6957144310233213e-13 2.695713816324125e-13 6.146991958739608e-20
1.0521189612883777 9.707471227689862e-21 2.7110678859269156e-13 2.7110672436530147e-13 6.422739003289211e-20
1.0531058218030118 9.725888337029316e-21 2.7187590867892687e-13 2.718758430287146e-13 6.565021224225507e-20
1.0540936079674168 9.744233643846835e-21 2.7264422403753017e-13 2.726441569340543e-13 6.710347587850073e-20
1.058054026499678 9.817687419574422e-21 2.7573156005801624e-13 2.7573148682784045e-13 7.323017582249226e-20
1.0590464539527713 9.836068894363006e-21 2.765069204994401e-13 2.7650684565600063e-13 7.48434394276496e-20
1.06003981227728 9.854457540153534e-21 2.772836946666044e-13 2.7728361817595273e-13 7.649065168451795e-20
1.0620293250338977 9.891256264739882e-21 2.788414905625852e-13 2.788414106729369e-13 7.988964833260389e-20
1.0660195594769086 9.964938904913161e-21 2.819741178780348e-13 2.8197403075229315e-13 8.712574172562591e-20
1.070024785945596 1.0038734152866618e-20 2.8512954703274437e-13 2.8512945204705033e-13 9.498569412174896e-20
1.0740450607676866 1.0112640910234348e-20 2.8830788584939896e-13 2.8830778232902166e-13 1.0352037724026317e-19
1.07808044048254 1.0186658169153227e-20 2.915092450387641e-13 2.915091322542078e-13 1.1278455629556735e-19
1.0861967418109137 1.033490807522829e-20 2.979782374047641e-13 2.979781036631392e-13 1.3374162492011944e-19
1.0902777775684922 1.0408883303195075e-20 3.012386778885774e-13 3.0123853232244375e-13 1.4556613372081731e-19
1.0943741465085532 1.0482961552380563e-20 3.0452240480331364e-13 3.045222464193553e-13 1.58383958280627e-19
1.1026131145906286 1.063142517422762e-20 3.1116022271146164e-13 3.1116003539099764e-13 1.8732046404078517e-19
1.1109141095355224 1.0780296075678113e-20 3.1789273619619456e-13 3.1789251494231145e-13 2.212538830877565e-19
1.1192775983109025 1.0929457384545002e-20 3.247176129737237e-13 3.2471735197970214e-13 2.609940215466363e-19
1.1277040513999907 1.1078377983720344e-20 3.3162002867203974e-13 3.316197211992889e-13 3.0747275093348406e-19
1.1361939428280308 1.122769025655447e-20 3.386197819926962e-13 3.386194202317498e-13 3.61760946364134e-19
1.1447477501889525 1.1377398389993837e-20 3.457181634859471e-13 3.4571773839842146e-13 4.25087525675163e-19
1.1533659546722406 1.1527560324189112e-20 3.529181258651063e-13 3.5291762700353324e-13 4.988615730747716e-19
1.1707974979042381 1.1829703695820084e-20 3.676419707441499e-13 3.6764128630501166e-13 6.844391382630239e-19
1.1884924949847024 1.2133756831073342e-20 3.8279051125954636e-13 3.8278957692511044e-13 9.343344359253317e-19
1.2064549276569216 1.2441770345803166e-20 3.984398017918779e-13 3.984385326379101e-13 1.2691539676957217e-18
1.2246888378427687 1.2751822575168338e-20 4.1454096503293086e-13 4.1453924954672157e-13 1.7154862092234374e-18
1.2431983285522175 1.3063695054332569e-20 4.310978776044306e-13 4.310955700882042e-13 2.3075162263744595e-18
1.2619875648066055 1.3377882122007692e-20 4.4813810511522605e-13 4.481350161424303e-13 3.0889727958257548e-18
1.3004222497298317 1.4011471704204925e-20 4.836571123830479e-13 4.836516550613947e-13 5.4573216531565626e-18
1.3400274889804893 1.4654807929525767e-20 5.212706482481283e-13 5.212611838880656e-13 9.464360062660035e-18
1.3808389325824078 1.531058535963455e-20 5.611826707264684e-13 5.611665511280631e-13 1.6119598405477195e-17
1.4228933163050095 1.598456947136429e-20 6.037299429350372e-13 6.037029665112771e-13 2.6976423760087836e-17
1.466228494730424 1.668854568560936e-20 6.495155910073579e-13 6.49471209755307e-13 4.438125205084866e-17
1.5108834753276823 1.7421718160709076e-20 6.987010373271334e-13 6.986292262339198e-13 7.181109321354894e-17
1.5568984535646726 1.8184108183128834e-20 7.514874407004381e-13 7.513730421761761e-13 1.1439852426199024e-16
1.6043148490894465 1.8980663272668915e-20 8.082959837793751e-13 8.081162201792555e-13 1.7976360011958464e-16
1.6531753430134553 1.9816685033063242e-20 8.695996554110148e-13 8.693213531612132e-13 2.7830224980135826e-16
1.7035239163302658 2.0698335880238342e-20 9.359509691752201e-13 9.355263827042997e-13 4.2458647092054734e-16
1.755405889504358 2.1641887331871474e-20 1.0084215451967356e-12 1.0077828900343235e-12 6.386551624120922e-16
1.8088679632656115 2.2648481021757652e-20 1.0874652310410354e-12 1.0865177508995298e-12 9.474801415059007e-16
1.8639582606462262 2.3718993899810346e-20 1.1735507612199453e-12 1.1721638502873077e-12 1.3869109326374998e-15
1.9207263702978936 2.4857774571152966e-20 1.267351774456528e-12 1.265347931902036e-12 2.003842554492219e-15
1.979223391128241 2.6070858018744116e-20 1.3696814451518198e-12 1.3668226631349439e-12 2.858782016875792e-15
2.039501978296691 2.736389142669009e-20 1.4813968694423523e-12 1.477368275459778e-12 4.028593982574739e-15
2.1016163906111602 2.875081716965986e-20 1.6038844353137903e-12 1.5982744990510417e-12 5.609936262748555e-15
2.1656225393682647 3.02396913053421e-20 1.7383192892714448e-12 1.7305970873320846e-12 7.722201939359963e-15
2.231578038680979 3.182986624481053e-20 1.8854556680977084e-12 1.8749448695771417e-12 1.0510798520566198e-14
2.299542257339062 3.352531115947398e-20 2.0463675724219193e-12 2.0322170778201813e-12 1.4150494601737735e-14
2.369576372248914 3.5333138022108795e-20 2.2224006410648135e-12 2.203551733868745e-12 1.884890719606863e-14
2.4417434235010123 3.726152671448907e-20 2.4150721233093343e-12 2.3902232443669353e-12 2.4848878942399632e-14
2.5161083711144245 3.93248666052205e-20 2.6264312300526894e-12 2.593999496987751e-12 3.2431733064938156e-14
2.5927381535095444 4.154523174014108e-20 2.8592312213811305e-12 2.8173124417078157e-12 4.191877967331541e-14
2.6717017477616296 4.3941490451832774e-20 3.1162492808353684e-12 3.0625794591286777e-12 5.366982170669161e-14
2.753070231689431 4.653971105362268e-20 3.401029556549292e-12 3.3329468931823112e-12 6.80826633669795e-14
2.836916847834745 4.9407181284423814e-20 3.7205411930312e-12 3.634947100115797e-12 8.559409291540232e-14
2.9233170693905177 5.2687037517717544e-20 4.088360044506794e-12 3.981706065138183e-12 1.0665397936861278e-13
2.967498994190263 5.460718894998358e-20 4.30140003323831e-12 4.182977585189438e-12 1.184224480488728e-13
3.0123486681368425 5.665206780312028e-20 4.529919013571629e-12 4.398598977351987e-12 1.3132003621964128e-13
3.0578761833420214 5.967562393439992e-20 4.843801059656278e-12 4.698321625041038e-12 1.4547943461523948e-13
3.1040917844459814 6.31337029868074e-20 5.201938940410971e-12 5.04109530286385e-12 1.6084363754712156e-13
3.127460860933648 6.607400142236232e-20 5.4851931471843695e-12 5.316140637708847e-12 1.6905250947552045e-13
3.1510058709225794 6.972134079039758e-20 5.831554995943546e-12 5.653958623919025e-12 1.775963720245216e-13
3.162844764501044 7.288473670286507e-20 6.1190485515864e-12 5.937035588810513e-12 1.820129627758879e-13
3.1747281389236908 7.643778259694225e-20 6.441456145579574e-12 6.254940212130644e-12 1.865159334489293e-13
3.1986289994194426 8.592496651552611e-20 7.295459904598213e-12 7.0996513303062666e-12 1.958085742919458e-13
3.2227097969389145 1.074141449519228e-19 9.188658435406363e-12 8.98301595385579e-12 2.0564248155057318e-13
3.2348180950136065 1.2740528550465452e-19 1.093973349698744e-11 1.0728846297810318e-11 2.1088719917712492e-13
3.240889293275058 1.4229332397154741e-19 1.2241035395488658e-11 1.2027381721482186e-11 2.1365367400647324e-13
3.2469718861334385 1.5953312607595722e-19 1.3749877744525576e-11 1.3533361595470037e-11 2.1651614905553934e-13
3.2714166318528037 2.497398411194891e-19 2.1686682506834702e-11 2.145834771025687e-11 2.2833479657783414e-13
3.2744851364798273 2.5539618388587497e-19 2.2198665150231674e-11 2.196894053668971e-11 2.297246135419598e-13
3.2775565192852394 2.6120157163456103e-19 2.2724556091377033e-11 2.2493434986173945e-11 2.311211052030909e-13
3.283707930232385 2.5574971105861567e-19 2.2292003705272266e-11 2.2058391270130606e-11 2.336124351416601e-13
3.2898708863219004 2.3823657294907766e-19 2.0804473051298758e-11 2.0568598924254508e-11 2.3587412704424677e-13
3.29141343181113 2.340983123077798e-19 2.0452676675096715e-11 2.021623476596791e-11 2.3644190912880986e-13
3.292184975758714 2.3206368894215624e-19 2.0279668581329554e-11 2.004294242699615e-11 2.367261543334047e-13
3.295272960557952 2.1936723978456768e-19 1.918812763039503e-11 1.8950296866197933e-11 2.3783076419710036e-13
3.3076538914384823 1.7505172100360932e-19 1.536936332147181e-11 1.5127098670454277e-11 2.4226465101753593e-13
3.310756385682612 1.6594002024962342e-19 1.4583030938854688e-11 1.4339649256015812e-11 2.433816828388779e-13
3.313861789986515 1.5749714533590205e-19 1.385404235631179e-11 1.3609540214531814e-11 2.445021417799783e-13
3.3200813396944477 1.4574089439069809e-19 1.2843979011156413e-11 1.2597064275052718e-11 2.4691473610369506e-13
3.345076488085796 1.2548443913200344e-19 1.114205658429696e-11 1.0884383332261061e-11 2.5767325203589895e-13
3.3482140837626964 1.2638217599367615e-19 1.1232294468428606e-11 1.0973163501574268e-11 2.591309668543399e-13
3.3513546224236106 1.272875742209783e-19 1.1323373378761904e-11 1.1062778428349717e-11 2.605949504121831e-13
3.3576445397418455 1.3335736108609233e-19 1.1885600900298598e-11 1.1621944105619184e-11 2.63656794679416e-13
3.3702598118196083 1.551396781729674e-19 1.3878920911896246e-11 1.3608842252002385e-11 2.7007865989386103e-13
3.382922481734668 1.6052024526902384e-19 1.4414224900148583e-11 1.4137913513620265e-11 2.7631138652832077e-13
3.389271646505754 1.6329000138130864e-19 1.469046031241963e-11 1.44109915691526e-11 2.7946874326702573e-13
3.395632727569191 1.6633360093592063e-19 1.4992364533727927e-11 1.4709641936422582e-11 2.8272259730534643e-13
3.421196662673239 1.8102349806313374e-19 1.643926610917321e-11 1.614308398664979e-11 2.961821225234214e-13
3.4276182099114902 1.7856958481388475e-19 1.624685720190967e-11 1.5947681450104617e-11 2.9917575180505594e-13
3.4340518103208963 1.6705039037059076e-19 1.5227330399711852e-11 1.4925328102612884e-11 3.020022970989683e-13
3.4469541582030403 1.5056666670954798e-19 1.377633759099966e-11 1.3468920039231244e-11 3.0741755176841503e-13
3.472904465399547 1.4636532715275498e-19 1.3492750120838104e-11 1.317284299409315e-11 3.1990712674495265e-13
3.4990501388274233 1.3981057267323968e-19 1.2985528008790925e-11 1.2652862307565414e-11 3.326657012255142e-13
3.5253949054701885 1.154902852400357e-19 1.0807435681913525e-11 1.0462410808956168e-11 3.450248729573572e-13
3.5519380250092896 9.23541365816137e-20 8.70745352230391e-12 8.350035305837436e-12 3.574182164664743e-13
3.578680990867387 8.365877227244737e-20 7.947012686599004e-12 7.576014637829606e-12 3.70998048769396e-13
3.605625307711299 8.064876516177949e-20 7.718763749880342e-12 7.333480914439606e-12 3.8528283544073934e-13
3.660119384959845 7.950119474329234e-20 7.723930185854824e-12 7.308715714259358e-12 4.1521447159546633e-13
3.715437065384467 7.91017385291471e-20 7.801271115321796e-12 7.354618749123697e-12 4.4665236619809477e-13
3.8285932144167436 8.129334289332284e-20 8.261590051478906e-12 7.74777603490001e-12 5.138140165788972e-13
3.94519561050918 8.426524218077048e-20 8.824425635284163e-12 8.237983383292386e-12 5.864422519917779e-13
4.06534921144712 8.7520666698029e-20 9.444476874629417e-12 8.780169999121065e-12 6.643068755083534e-13
4.189162171576248 9.090080373054019e-20 1.010797896390937e-11 9.360572254175178e-12 7.474067097341934e-13
4.316745939156006 9.432472115650489e-20 1.0808152210339291e-11 9.972890363521514e-12 8.352618468177754e-13
4.448215356677963 9.773857472334725e-20 1.1540410035741074e-11 1.061395271058297e-11 9.26457325158103e-13
4.58368876423945 1.0111876867236759e-19 1.2303150217942137e-11 1.1282200600388873e-11 1.0209496175532657e-12
4.723288106065518 1.0445825778019136e-19 1.309654224582517e-11 1.1977356230149479e-11 1.1191860156756905e-12
4.867139040275056 1.0773712138865614e-19 1.3919016624362844e-11 1.2700773672488043e-11 1.2182429518747992e-12
4.940699165968905 1.0938934013561055e-19 1.4346066728945186e-11 1.3077713498290607e-11 1.2683532306545764e-12
5.015371051989984 1.1098978014886593e-19 1.4775952731551085e-11 1.3457285655925681e-11 1.318667075625403e-12
5.091171501069577 1.1266751211811974e-19 1.522600136743152e-11 1.3855673350982637e-11 1.370328016448879e-12
5.129500256944802 1.1348385470951167e-19 1.5451781847403627e-11 1.4055617873266653e-11 1.3961639741369748e-12
5.168117569889187 1.1429743983170455e-19 1.5679720635157413e-11 1.4257438313572786e-11 1.4222823215846248e-12
5.20702561229733 1.1520474084158057e-19 1.592316877046475e-11 1.4472194750994305e-11 1.4509740194704413e-12
5.246226572918644 1.1609915236228845e-19 1.6167598848617095e-11 1.4687860417457387e-11 1.4797384311597069e-12
5.265937586045735 1.1654146980416276e-19 1.6290170560884026e-11 1.4796027356702618e-11 1.4941432041814044e-12
5.285722656980489 1.169805017379229e-19 1.6412974118787772e-11 1.49044136262542e-11 1.5085604925335728e-12
5.305582063971359 1.174162298424712e-19 1.6536005222063714e-11 1.5013016836083727e-11 1.5229883859799836e-12
5.3255160863122235 1.1786702847338353e-19 1.666185952526281e-11 1.512430552447569e-11 1.5375540007871229e-12
5.365609099470188 1.189007053929279e-19 1.6934520106103897e-11 1.5366816452290563e-11 1.5677036538133383e-12
5.406003951863644 1.1992793939367678e-19 1.720941721794497e-11 1.5611499420235333e-11 1.5979177977096418e-12
5.446702915881641 1.209490708777067e-19 1.7486611336616812e-11 1.585843024336246e-11 1.62818109325435e-12
5.487708281020852 1.2199886006605006e-19 1.7771178233776646e-11 1.6112555160908043e-11 1.6586230728686022e-12
5.529022354014368 1.2334829639222386e-19 1.8103015969576394e-11 1.6412660978281487e-11 1.690354991294904e-12
5.570647458961463 1.2471387217058725e-19 1.8441229449268252e-11 1.6719083772348883e-11 1.7221456769193735e-12
5.612585937458331 1.2609799058831026e-19 1.8786271861542723e-11 1.70322923325325e-11 1.7539795290102224e-12
5.654840148729818 1.275544804988977e-19 1.9146327537264573e-11 1.7360309916049562e-11 1.7860176212150044e-12
5.67608639626678 1.285181553302767e-19 1.9363457812574186e-11 1.7560647039826563e-11 1.8028107727476152e-12
5.686739436050992 1.2900671660671335e-19 1.9473547963304453e-11 1.7662334184510013e-11 1.8112137787944417e-12
5.6974124697621304 1.2949993925401407e-19 1.958468810113761e-11 1.776506736001079e-11 1.819620741126814e-12
5.718818669136295 1.3050092641164701e-19 1.9810222528807518e-11 1.7973776989654555e-11 1.8364455391529607e-12
5.740305295436557 1.3158575349355026e-19 2.00499500728307e-11 1.819652769886545e-11 1.853422373965254e-12
5.7835210386641895 1.343473921717123e-19 2.06248592520977e-11 1.873636869260859e-11 1.888490559489108e-12
5.827062130521658 1.3741162616342495e-19 2.125409223782958e-11 1.933011739336912e-11 1.9239748444604642e-12
5.8489554468988025 1.395611371661429e-19 2.1667671653561704e-11 1.9724438364139504e-11 1.943233289422205e-12
5.870931020387893 1.4181855273730037e-19 2.210087457208094e-11 2.013833984271542e-11 1.96253472936552e-12
5.892989160043636 1.441926432364124e-19 2.2555277693002655e-11 2.057340054703709e-11 1.981877145965567e-12
5.915130176081913 1.4686528174847462e-19 2.3059659094232405e-11 2.1057700250449632e-11 2.0019588437827734e-12
5.95966208400165 1.543384578708365e-19 2.4415477666876126e-11 2.2367205521792334e-11 2.048272145083787e-12
6.004529249263818 1.6494706752744967e-19 2.6290145925551364e-11 2.4189444035480728e-11 2.100701890070636e-12
6.027089341400364 1.7228998591954877e-19 2.7563673552675376e-11 2.543240149982474e-11 2.1312720528506345e-12
6.049734195844842 1.808503562358873e-19 2.9041904655808753e-11 2.6878190515096393e-11 2.163714140712361e-12
6.095279466722835 2.0546177500127122e-19 3.3242531689416583e-11 3.099813892301648e-11 2.244392766400097e-12
6.141167624020661 2.4280264142935685e-19 3.9579817903981197e-11 3.722955697770609e-11 2.3502609262750967e-12
6.164241091010745 2.665583807378804e-19 4.36155537524715e-11 4.119829129845182e-11 2.4172624540196837e-12
6.187401249150058 2.931467182904198e-19 4.814628146769621e-11 4.5660327606016365e-11 2.485953861679847e-12
6.1990139391386085 3.060382116391197e-19 5.0357910475193804e-11 4.78370243734513e-11 2.520886101742486e-12
6.204828454712694 3.127893665617501e-19 5.1517074485986457e-11 4.897855609247072e-11 2.538518393515735e-12
6.210648424152782 3.1765806980209695e-19 5.236803411191404e-11 4.981461575894068e-11 2.553418352973358e-12
6.233982942956859 3.3389094467604127e-19 5.5250941576524185e-11 5.26460944429481e-11 2.6048471335760823e-12
6.239830258556775 3.3578869171130993e-19 5.561709170064025e-11 5.3005500418374157e-11 2.6115912822660867e-12
6.245683058788269 3.3569030631746394e-19 5.565294812357028e-11 5.3034605991635847e-11 2.6183421319344194e-12
6.257405133728602 3.3463520210308907e-19 5.558214873459246e-11 5.2952219432576405e-11 2.6299293020160487e-12
6.269149208991335 3.3067359183252695e-19 5.5027217417734415e-11 5.23941398943996e-11 2.6330775233348443e-12
6.280915325867298 3.2165518462381594e-19 5.3626929040670704e-11 5.100112354712154e-11 2.625805493549153e-12
6.304513850009849 2.9979421153973036e-19 5.017002060273043e-11 4.75681638143368e-11 2.601856788393615e-12
6.32820103803542 2.733032389908509e-19 4.590864549199199e-11 4.334074110663245e-11 2.567904385359545e-12
6.3519772230701035 2.4918559333228206e-19 4.201470273574055e-11 3.9477542716618106e-11 2.5371600191224444e-12
6.375842739491607 2.288132047422311e-19 3.872470459703537e-11 3.6214985824529847e-11 2.5097187725055262e-12
6.399797922933955 2.1271489022027601e-19 3.6135459875781674e-11 3.364135563997998e-11 2.494104235801694e-12
6.42384311029221 1.9925079020932855e-19 3.397538690595333e-11 3.149452783628544e-11 2.4808590696678757e-12
6.447978639727206 1.8949291550082653e-19 3.243291627640552e-11 2.995611204151427e-11 2.4768042348912417e-12
6.472204850670314 1.813145563971661e-19 3.114973522113341e-11 2.8675170513612833e-11 2.4745647075205712e-12
6.496522083828205 1.7598202298485068e-19 3.0347202171557153e-11 2.7867459334729395e-11 2.4797428368277555e-12
6.520930681187647 1.7145591759518618e-19 2.967778576785769e-11 2.7191768148017552e-11 2.4860176198401336e-12
6.57002334288761 1.6662496437896774e-19 2.9058715647758035e-11 2.6549976980142564e-11 2.5087386676154647e-12
6.619489833774732 1.656386168881521e-19 2.910419208097237e-11 2.656461100080165e-11 2.5395810801707163e-12
6.6693287637831435 1.6662304418305514e-19 2.949759606727072e-11 2.69239609240346e-11 2.573635143236113e-12
6.719538636694507 1.6791369224118674e-19 2.994987401668651e-11 2.73439845559814e-11 2.6058894607051243e-12
6.770126513364129 1.7207613939010044e-19 3.092337388242793e-11 2.8281886530033298e-11 2.641487352394629e-12
6.8210952395837445 1.7862494101770528e-19 3.234190855656848e-11 2.96596893221614e-11 2.6822192344070734e-12
6.872447682569556 1.8691466827648643e-19 3.4097635176505365e-11 3.136975610631656e-11 2.7278790701888007e-12
6.924186731123532 1.9738067961371492e-19 3.627795889857741e-11 3.349973789147288e-11 2.778221007104517e-12
6.976315295795916 2.0562259625376363e-19 3.807731982661295e-11 3.52482190109667e-11 2.8291008156462515e-12
7.028836309048954 2.0631212310624916e-19 3.849263226420288e-11 3.561675747008793e-11 2.875874794114947e-12
7.081752725421856 2.0198781269184455e-19 3.796954192213216e-11 3.5048937530967214e-11 2.9206043911649433e-12
7.135067521697011 1.9895066986556799e-19 3.768017630260929e-11 3.470927699865036e-11 2.9708993039589306e-12
7.1887836970674375 2.0056124595805464e-19 3.8271181364679424e-11 3.5240137308232306e-11 3.0310440564471247e-12
7.242904273305506 2.0751004366858542e-19 3.9895260039739976e-11 3.679144837360228e-11 3.1038116661376992e-12
7.297432294932914 2.1866164833072324e-19 4.235572549310682e-11 3.916051946382477e-11 3.1952060292820416e-12
7.352370829391971 2.3138468058756264e-19 4.515766093489073e-11 4.1836775722745927e-11 3.320885212144806e-12
7.379995003818881 2.3933927661862587e-19 4.688559965967074e-11 4.348966200196373e-11 3.395937657707004e-12
7.407722967218148 2.480412179652419e-19 4.877283726530651e-11 4.529848747482174e-11 3.4743497904847745e-12
7.463496598684601 2.700608623464069e-19 5.350241951699949e-11 4.985070967740484e-11 3.651709839594667e-12
7.519690156487492 2.98343002305077e-19 5.955047569905919e-11 5.568998774268477e-11 3.860487956374404e-12
7.533803324048627 3.0654678127952277e-19 6.130282266267465e-11 5.7383013344222676e-11 3.91980931845197e-12
7.547942979602549 3.150668064180742e-19 6.312489875732871e-11 5.914484526029372e-11 3.980053497034992e-12
7.57630195363571 3.3287551348283686e-19 6.694352201029949e-11 6.283937340846674e-11 4.104148601832727e-12
7.590521371821866 3.418167058183446e-19 6.88706726814321e-11 6.470146461872148e-11 4.169208062710616e-12
7.604767477414989 3.5108006073191876e-19 7.086985390927152e-11 6.663454946910957e-11 4.235304440161944e-12
7.633339951266878 3.694776156020909e-19 7.486385203139397e-11 7.049647918480337e-11 4.367372846590609e-12
7.662019777021956 3.832323351316537e-19 7.794259251375602e-11 7.345704787431974e-11 4.4855446394363015e-12
7.690807358020558 3.9195253245390076e-19 8.00156322142403e-11 7.543183275854079e-11 4.583799455699524e-12
7.719703099118437 3.95412661582233e-19 8.102529156727358e-11 7.636463614261529e-11 4.660655424658299e-12
7.748707406692464 3.9274628574409313e-19 8.078128954719835e-11 7.604661365653144e-11 4.7346758906668806e-12
7.777823177463063 3.859158659574228e-19 7.967464415626225e-11 7.477600796693447e-11 4.898636189327767e-12
7.807048350752435 3.76407003599841e-19 7.800348343786801e-11 7.291483948195087e-11 5.088643955917121e-12
7.836380830085272 3.638456318066555e-19 7.568366102530991e-11 7.040715236562089e-11 5.276508659689006e-12
7.851088371676256 3.553732450825078e-19 7.406005443082722e-11 6.870212635636326e-11 5.3579280744639475e-12
7.86582351679805 3.464570517943142e-19 7.233742356760941e-11 6.690383807604434e-11 5.433585491565073e-12
7.89537682495964 3.2697961141209605e-19 6.852719714680848e-11 6.296474585554122e-11 5.562451291267251e-12
7.9250411701946435 3.063637292224811e-19 6.444783125711774e-11 5.874872292376113e-11 5.699108333356611e-12
7.939915112024199 2.956272179934431e-19 6.230597676366712e-11 5.653422541938145e-11 5.771751344285672e-12
7.954816969689239 2.85502120049284e-19 6.028495792072128e-11 5.443667325052495e-11 5.848284670196319e-12
7.9847046421970465 2.669715044357747e-19 5.658394173844404e-11 5.056878988355799e-11 6.0151518548860534e-12
8.044817289139356 2.365526250846059e-19 5.051418959586989e-11 4.40973201455084e-11 6.4168694503614904e-12
8.07504310897143 2.2567461196568607e-19 4.8372327766192323e-11 4.171319776729711e-11 6.659129998895214e-12
8.105382492623747 2.1621094492307337e-19 4.651795581804041e-11 3.9601280724334875e-11 6.9166750937055235e-12
8.135835866775926 2.0884492966137448e-19 4.5101973709522784e-11 3.79330491115366e-11 7.168924597986163e-12
8.166403659710703 2.0352945346255496e-19 4.411919121512882e-11 3.667747020899252e-11 7.441721006136293e-12
8.197086301319933 1.998014229542443e-19 4.347379142476846e-11 3.5747603774230266e-11 7.726187650538191e-12
8.227884223110665 1.966930545253229e-19 4.2958254812393176e-11 3.493140284022124e-11 8.026851972171927e-12
8.258797858211198 1.9563367667533332e-19 4.288741659978419e-11 3.446142677528568e-11 8.425989824498513e-12
8.289827641377162 1.9789252612524627e-19 4.354560475955674e-11 3.4314246402819165e-11 9.231358356737579e-12
8.320974008997652 2.0206848621342047e-19 4.463157228758539e-11 3.4433106920686325e-11 1.0198465366899071e-11
8.35223739910135 2.0709781963684146e-19 4.591428118827767e-11 3.466115635154978e-11 1.1253124836727899e-11
8.383618251362687 2.1438389204862046e-19 4.7708205205508836e-11 3.5398450565377237e-11 1.2309754640131596e-11
8.415117007108037 2.234547460348723e-19 4.991363228507166e-11 3.645858055738676e-11 1.3455051727684894e-11
8.446734109321913 2.341210761245054e-19 5.24926826631032e-11 3.787261154070091e-11 1.4620071122402277e-11
8.478470002653195 2.4649440788966346e-19 5.547457606769804e-11 3.966717540747905e-11 1.580740066021899e-11
8.542299949622933 2.7255465073033763e-19 6.180133363331063e-11 4.352099496195032e-11 1.8280338671360318e-11
8.558332380220154 2.78314357664621e-19 6.322577966168912e-11 4.431568648574278e-11 1.8910093175946332e-11
8.574394900937412 2.8263546712054127e-19 6.432792959593771e-11 4.479292804378857e-11 1.9535001552149115e-11
8.606610438733982 2.864737790534144e-19 6.544650454508452e-11 4.4687264512203374e-11 2.0759240032881145e-11
8.622764948673899 2.8653660995234555e-19 6.558372789556931e-11 4.421278887754338e-11 2.137093901802594e-11
8.638949780445296 2.843818806559521e-19 6.521271842661691e-11 4.3248320659781706e-11 2.1964397766835192e-11
8.655163606183647 2.8223847358953255e-19 6.484267598298368e-11 4.2271046075314125e-11 2.2571629907669557e-11
8.671407862489573 2.793734886606836e-19 6.430492528945978e-11 4.1125940622088715e-11 2.3178984667371085e-11
8.703987895363145 2.7197334688826133e-19 6.283679955096179e-11 3.844665167859247e-11 2.4390147872369315e-11
8.736690337257128 2.6612659926075453e-19 6.171697910060729e-11 3.605957224468411e-11 2.5657406855923194e-11
8.802464289484785 2.5839104684968685e-19 6.0374169036646e-11 3.205277896184429e-11 2.832139007480172e-11
8.868733419248175 2.5853234003231066e-19 6.086195673854786e-11 2.939367646333782e-11 3.146828027521004e-11
8.935501454478851 2.6693524808124037e-19 6.33132034309641e-11 2.7624662983265303e-11 3.5688540447698813e-11
9.002772151174003 2.785364174684395e-19 6.656220146529585e-11 2.6428852341116062e-11 4.013334912417978e-11
9.07054929360775 2.918012155144835e-19 7.0257083507228e-11 2.5592281162061107e-11 4.4664802345166905e-11
9.13883669454403 3.0616399092580697e-19 7.427017722864341e-11 2.497587234936252e-11 4.929430487928093e-11
9.207638195451068 3.2069075722480465e-19 7.837979476665812e-11 2.4542264276557545e-11 5.383753049010057e-11
9.276957666717493 3.3665870143236933e-19 8.290197018183679e-11 2.4154252193304995e-11 5.874771798853179e-11
9.346799007870057 3.5189664519430843e-19 8.730667792435904e-11 2.388442188176643e-11 6.34222560425926e-11
9.417166147792997 3.6770974369691367e-19 9.19167804347023e-11 2.363587276538107e-11 6.828090766932125e-11
9.488063044949055 3.7751054620507754e-19 9.507713434614286e-11 2.345676264137256e-11 7.162037170477031e-11
9.559493687602165 3.8789848352821677e-19 9.842884876039388e-11 2.328793175657021e-11 7.514091700382367e-11
9.631462094041797 3.9743365585629734e-19 1.0160762366325531e-10 2.3165870331728373e-11 7.844175333152695e-11
9.703972312809022 4.0673610274354147e-19 1.0476873611190555e-10 2.3048655444372853e-11 8.172008066753272e-11
9.777099908821425 4.093817030530519e-19 1.0624485656101364e-10 2.2967812357727238e-11 8.327704420328643e-11
9.924867353363874 4.111615794933881e-19 1.0831950579643364e-10 2.2844252346778477e-11 8.547525344965517e-11
10.074868099996943 4.025796778709076e-19 1.0766155547767555e-10 2.279402886220294e-11 8.486752661547261e-11
10.150790707826552 3.95307001878426e-19 1.0651329340964999e-10 2.2789988962676328e-11 8.372330444697365e-11
10.22721067892732 3.879923333551268e-19 1.0532944106803733e-10 2.2831743962166154e-11 8.249769710587118e-11
10.304205975847633 3.806972803126713e-19 1.0412709173149241e-10 2.2880341021326906e-11 8.124675071016549e-11
10.381780929913377 3.7119712146637495e-19 1.02292994727896e-10 2.2995905249897528e-11 7.929708947799847e-11
10.459939905058707 3.619136292497162e-19 1.0048553773090198e-10 2.3128738825261227e-11 7.735679890564074e-11
10.538687298071551 3.52066362133261e-19 9.848735729806266e-11 2.3374420516104203e-11 7.511293678195847e-11
10.618027538840941 3.424222360486777e-19 9.651064972358025e-11 2.3658000962404898e-11 7.285264876117534e-11
10.697971937068667 3.3130193492374013e-19 9.407946947360217e-11 2.4115281496056458e-11 6.99641879775457e-11
10.778518246224262 3.2106614283053406e-19 9.18592732011444e-11 2.4787374895564618e-11 6.707189830557979e-11
10.859664048220797 3.1229234077721282e-19 9.00216888444567e-11 2.582368398547622e-11 6.419800485898048e-11
10.941420754335242 3.057245199122419e-19 8.879191527061513e-11 2.7434750830213226e-11 6.13571644404019e-11
10.961955922839442 3.046658097717689e-19 8.865050298781496e-11 2.800587420203275e-11 6.064462878578219e-11
10.982529632329763 3.038772110105912e-19 8.858699062060488e-11 2.8647802380788198e-11 5.993918823981667e-11
11.023792963743814 3.0333807371813195e-19 8.876206674111657e-11 3.0217531741270594e-11 5.854453499984596e-11
11.065211328886559 3.0452211456861297e-19 8.944333470428421e-11 3.228636657631545e-11 5.715696812796876e-11
11.08597883104876 3.0612047999381814e-19 9.008155276324289e-11 3.361643237837193e-11 5.646512038487098e-11
11.106785310247485 3.082457548821276e-19 9.087719516943998e-11 3.510283265194277e-11 5.5774362517497177e-11
11.14851549250461 3.1436769356674574e-19 9.303029187821e-11 3.8633612631735325e-11 5.439667924647465e-11
11.169441129330048 3.17880853194021e-19 9.424650337441251e-11 4.052618858882566e-11 5.3720314785586866e-11
11.190406043337886 3.2063607637293313e-19 9.524181512725341e-11 4.219896388263447e-11 5.304285124461894e-11
11.21140851448765 3.2317556609114144e-19 9.617631403362672e-11 4.381646106984936e-11 5.235985296377737e-11
11.22192452720434 3.245921007217106e-19 9.668847783854747e-11 4.4666860474159685e-11 5.202161736438782e-11
11.232450403670388 3.2441664697822455e-19 9.672685650972263e-11 4.50171806379392e-11 5.1709675871783433e-11
11.253533585369773 3.226987745054302e-19 9.639525589233045e-11 4.529184788481103e-11 5.110340800751943e-11
11.274656339961506 3.202063481134383e-19 9.583026382132246e-11 4.5323447477975206e-11 5.050681634334725e-11
11.285231677511122 3.189790119748353e-19 9.555249263913829e-11 4.5339184582167165e-11 5.021330805697113e-11
11.295816934455262 3.164874894165918e-19 9.489506457934517e-11 4.4976314853814556e-11 4.9918749725530606e-11
11.317017243752359 3.1087808307289064e-19 9.33880949083116e-11 4.405596480070297e-11 4.933213010760862e-11
11.338257342390673 3.053192054332503e-19 9.189034168676544e-11 4.313985585318703e-11 4.87504858335784e-11
11.359537305047965 2.9956165977444166e-19 9.032673315032213e-11 4.2163146168836494e-11 4.816358698148563e-11
11.402217121831576 2.87363412242129e-19 8.697415371613425e-11 4.000777509201897e-11 4.696637862411526e-11
11.423617126015266 2.8116398174066225e-19 8.525753203975202e-11 3.889614478303794e-11 4.636138725671407e-11
11.445057294333186 2.7487887126049095e-19 8.35081308342128e-11 3.77683216813553e-11 4.573980915285749e-11
11.488058425037956 2.6217368831247625e-19 7.99475524325454e-11 3.549835155267264e-11 4.444920087987278e-11
11.53122111869469 2.505286365345424e-19 7.668353199132879e-11 3.348988439479969e-11 4.31936475965291e-11
11.574545982324347 2.3982632450174674e-19 7.368350041199948e-11 3.171125526081772e-11 4.197224515118178e-11
11.618033625228566 2.299286522649037e-19 7.090798690634737e-11 3.014931341394946e-11 4.0758673492397936e-11
11.661684658998247 2.2070788962509495e-19 6.832011437863843e-11 2.8850550510330068e-11 3.946956386830835e-11
11.705499697522141 2.1245409333661076e-19 6.601224367736999e-11 2.7846175320367916e-11 3.816606835700207e-11
11.749479356995494 2.0485433306449868e-19 6.389004737673316e-11 2.7055968522547665e-11 3.68340788541855e-11
11.793624255928705 1.977207815362756e-19 6.189691993723856e-11 2.637621004838925e-11 3.552070988884931e-11
11.83793501515603 1.9119841402198875e-19 6.00799648797808e-11 2.5931774117005216e-11 3.41481907627756e-11
11.882412257844306 1.8499290665815395e-19 5.834842334534246e-11 2.554615998682086e-11 3.2802263358521584e-11
11.92705660950172 1.7920106619552333e-19 5.673398674391414e-11 2.532508574227748e-11 3.140890100163666e-11
11.971868697986617 1.7366587293876075e-19 5.518815327174492e-11 2.514845230544936e-11 3.003970096629555e-11
12.016849153516302 1.6845470287427346e-19 5.3733259079667114e-11 2.513689451611941e-11 2.859636456354771e-11
12.061998608675935 1.6349084770433766e-19 5.234583751490666e-11 2.5156867036183256e-11 2.718897047872341e-11
12.152807060118223 1.5436582564096e-19 4.9796313932162643e-11 2.5499887722680962e-11 2.4296426209481685e-11
12.198467333490619 1.5016685043458182e-19 4.862378614470863e-11 2.582948644839171e-11 2.2794299696316914e-11
12.244299160690385 1.4627539038237926e-19 4.754169164755502e-11 2.620364108142352e-11 2.1338050566131497e-11
12.290303186275983 1.425669072479009e-19 4.6510473189840495e-11 2.671408746065537e-11 1.9796385729185123e-11
12.3364800572276 1.3990625234874728e-19 4.5813958428830183e-11 2.7272898782193638e-11 1.8541059646636533e-11
12.382830422956244 1.3987165119489647e-19 4.597471655014686e-11 2.7922613691043908e-11 1.805210285910294e-11
12.429354935312874 1.3996941186258052e-19 4.6179705692930576e-11 2.860284629649515e-11 1.7576859396435435e-11
12.476058240797144 1.399917015307493e-19 4.636060755177728e-11 2.924571693970729e-11 1.7114890612069992e-11
12.522937033967983 1.4034871462436656e-19 4.6653482696651566e-11 2.9894091701888395e-11 1.6759390994763168e-11
12.569987951963114 1.4135474716816681e-19 4.716444112313133e-11 3.0372793182835354e-11 1.6791647940295977e-11
12.593579661530361 1.4156531295363888e-19 4.732334994784116e-11 3.0517241946397836e-11 1.680610800144333e-11
12.617215648686605 1.4159412153608472e-19 4.742181614191797e-11 3.060232006696993e-11 1.6819496074948034e-11
12.664620788327802 1.4093029300116234e-19 4.7376827790863893e-11 3.0534631336583864e-11 1.684219645428003e-11
12.71220403757155 1.395226681821141e-19 4.7079848964089515e-11 3.021929012562718e-11 1.6860558838462335e-11
12.736062662318053 1.3851432854328106e-19 4.682732195733315e-11 2.995942411877041e-11 1.6867897838562753e-11
12.759966065607527 1.3733644104915564e-19 4.6516254857637384e-11 2.964207558974119e-11 1.6874179267896207e-11
12.807907544139693 1.344313718409883e-19 4.570337241380401e-11 2.882044061527333e-11 1.688293179853066e-11
12.856029147395699 1.3132883084286344e-19 4.481633722794599e-11 2.792722222289051e-11 1.6889115005055478e-11
12.904331552136407 1.2812620901962147e-19 4.3887710190204947e-11 2.6993265824497203e-11 1.6894444365707744e-11
12.95281543766539 1.249092704409673e-19 4.294655005614418e-11 2.6049248080500395e-11 1.689730197564377e-11
13.00148148583848 1.219586847343462e-19 4.2089620212410114e-11 2.5189767236138565e-11 1.6899852976271555e-11
13.050330381073369 1.1924742459315077e-19 4.130854970848187e-11 2.4406450430837334e-11 1.6902099277644537e-11
13.099362810359226 1.167625082826907e-19 4.05997182596709e-11 2.369585697218463e-11 1.6903861287486283e-11
13.197981031955921 1.124528903930371e-19 3.939558515368921e-11 2.2490742529883612e-11 1.6904842623805604e-11
13.247568211189632 1.1061546366567256e-19 3.8897477791419294e-11 2.1993384993727424e-11 1.690409279769186e-11
13.297341698339563 1.0891712485153538e-19 3.8444164809650954e-11 2.1541409310686876e-11 1.6902755498964084e-11
13.397450398986955 1.0597113554164593e-19 3.7685924955109704e-11 2.0789674998438338e-11 1.6896249956671373e-11
13.447787020368724 1.0467979526089269e-19 3.7366560154632686e-11 2.047589346738148e-11 1.68906666872512e-11
13.498312765455129 1.0345816392260405e-19 3.706924037873444e-11 2.0185182037946792e-11 1.6884058340787657e-11
13.59993447169816 1.0124556581967983e-19 3.6549569054983286e-11 1.9685975525866747e-11 1.686359352911654e-11
13.702321234386334 9.946989468515223e-20 3.617888981649053e-11 1.926998360886962e-11 1.6908906207620907e-11
13.805478813227746 9.961540615763724e-20 3.650458511138346e-11 1.8918274592834135e-11 1.7586310518549322e-11
13.90941301129231 1.0000670095485642e-19 3.6923880499439993e-11 1.8595959359551372e-11 1.832792113988862e-11
13.96167316792965 1.0079759224507386e-19 3.735571544822791e-11 1.8461510362669817e-11 1.8894205085558105e-11
14.014129675338197 1.0164562793028179e-19 3.7811531481410723e-11 1.8336968103404064e-11 1.9474563378006656e-11
14.119634696140762 1.0352333695003322e-19 3.8799949142088084e-11 1.8148245440397774e-11 2.06517037016903e-11
14.225934008823913 1.0543526894507691e-19 3.9814029416230456e-11 1.7970999396810474e-11 2.184303001941997e-11
14.333033593193976 1.0746834084819322e-19 4.088726828026497e-11 1.779482374291136e-11 2.309244453735361e-11
14.44093947407611 1.093691299108982e-19 4.192370321524232e-11 1.761387583749929e-11 2.4309827377743034e-11
14.54965772165321 1.1140455090713765e-19 4.302542233564719e-11 1.743519515417973e-11 2.559022718146746e-11
14.659194451807393 1.135791525968744e-19 4.4195511327177636e-11 1.7258668350946985e-11 2.6936842976230648e-11
14.769555826464039 1.158614561361406e-19 4.542300376133104e-11 1.7083140479247684e-11 2.833986328208336e-11
14.992777389284976 1.2013596653332457e-19 4.7810641679714526e-11 1.672035069369718e-11 3.1090290986017345e-11
15.21937263962189 1.2489788154165754e-19 5.0456980316099046e-11 1.6367185430552176e-11 3.408979488554687e-11
15.449392566130673 1.2992086596835183e-19 5.3279451882504244e-11 1.6002076067235627e-11 3.727737581526861e-11
15.682888928090767 1.4044878264736934e-19 5.846735926568255e-11 1.5649938064561927e-11 4.281742120112062e-11
15.919914267052077 1.5198132048082502e-19 6.422444666093019e-11 1.529168780394073e-11 4.8932758856989463e-11
16.03976693895051 1.5742677160235829e-19 6.702642808990354e-11 1.5118465410608702e-11 5.1907962679294857e-11
16.1605219186579 1.6317188685081677e-19 6.999550500013001e-11 1.4973830076423584e-11 5.502167492370642e-11
16.22123989475974 1.656256861507481e-19 7.131504664697238e-11 1.490468099357013e-11 5.641036565340226e-11
16.282185999175777 1.681410250382155e-19 7.267011296775057e-11 1.4835571479811048e-11 5.783454148793952e-11
16.312744867225646 1.6942218598392007e-19 7.336125594479925e-11 1.4801032421833705e-11 5.856022352296555e-11
16.343361089024967 1.707192325417684e-19 7.406162877186347e-11 1.476650428290773e-11 5.929512448895575e-11
16.404766024646595 1.7336166777000126e-19 7.549054312291179e-11 1.4697482129368455e-11 6.079306099354332e-11
16.466401669612416 1.7606972064375175e-19 7.695783000139887e-11 1.462850774532348e-11 6.232932225607541e-11
16.497306278852424 1.7744879663275516e-19 7.770617447702213e-11 1.459403931338931e-11 6.311213516363282e-11
16.528268890738765 1.788448125561244e-19 7.846448894645058e-11 1.4559583839533076e-11 6.39049051069175e-11
16.590368558098763 1.816883971174694e-19 8.001154574504142e-11 1.4490713116581289e-11 6.552083262846011e-11
16.65270154503456 1.844677195356976e-19 8.154071409581001e-11 1.4421690606205005e-11 6.711902348960502e-11
16.715268728169598 1.8672727955147944e-19 8.28496286349348e-11 1.4351853362879003e-11 6.849777527205577e-11
16.778070987420957 1.8903007060361043e-19 8.418648115149383e-11 1.4282101377057745e-11 6.990437977443609e-11
16.9043842704834 1.937680147257396e-19 8.694625473999662e-11 1.414286185536164e-11 7.2803392884635e-11
17.03164849990255 1.9868699838919032e-19 8.982465697995356e-11 1.4003989373999355e-11 7.582066760595421e-11
17.159870834853997 2.0365771525291892e-19 9.276503544799554e-11 1.3865283082106698e-11 7.889975236588887e-11
17.289058488411015 2.0747708486317777e-19 9.521621507552247e-11 1.3724948266203976e-11 8.149126680931848e-11
17.35401657858945 2.09425705870928e-19 9.647158834314738e-11 1.3654977746910033e-11 8.281661059623736e-11
17.386587088641786 2.1040985226836069e-19 9.710684513693477e-11 1.3620042364791536e-11 8.348680277214326e-11
17.419218727950305 2.1140059510715388e-19 9.774719670292883e-11 1.3585140484947203e-11 8.416205621798165e-11
17.48466585346766 2.1340198851491223e-19 9.904332962649737e-11 1.3515437987152465e-11 8.552789163934494e-11
17.550358875560836 2.1543012434681504e-19 1.003602805452758e-10 1.3445871760637826e-11 8.691440878463799e-11
17.682486308455736 2.1895631805609777e-19 1.0277092014709125e-10 1.3306930378287211e-11 8.946398976880404e-11
17.81560845938729 2.1665083477891956e-19 1.0245436342388499e-10 1.3166469042054619e-11 8.928789438183035e-11
17.882544892141226 2.1550065621572138e-19 1.0229333879856715e-10 1.3096500959531122e-11 8.919683783903601e-11
17.949732817065083 2.1430635295799208e-19 1.0210863419107254e-10 1.3026708837841932e-11 8.908192535323061e-11
18.084866926577256 2.115346838746857e-19 1.0154682199783969e-10 1.2887655332553622e-11 8.865916666528608e-11
18.221018389814958 2.087598632244884e-19 1.0096923902712853e-10 1.2749481397895839e-11 8.821975762923269e-11
18.496404071615608 2.0279005104677574e-19 9.95642397713596e-11 1.2478858543076087e-11 8.708538122828353e-11
18.635790038622734 1.9985615204176969e-19 9.886322268981492e-11 1.2349523157642676e-11 8.651369953217225e-11
18.776226396166493 1.9693488159683255e-19 9.81522800272243e-11 1.2220514272437174e-11 8.593176575478713e-11
18.91772105982334 1.938936780396789e-19 9.736478285255002e-11 1.209111153360559e-11 8.527367131894444e-11
19.203636446149176 1.87919961815488e-19 9.579124638307267e-11 1.183403604951436e-11 8.395721033355833e-11
19.4938730510763 1.819255963382289e-19 9.413722105796686e-11 1.1577678538999472e-11 8.25595425189674e-11
19.78849618389234 1.7595345660883927e-19 9.242299279428731e-11 1.1322553366085071e-11 8.110043942820224e-11
20.08757214094514 1.6999984072966045e-19 9.064532219950412e-11 1.1068604636126306e-11 7.957671756337782e-11
20.391466406516905 1.6409564124066813e-19 8.882085237758521e-11 1.08160810069647e-11 7.800477137062053e-11
20.699681925472166 1.5817614529167205e-19 8.69108690948794e-11 1.056614010260569e-11 7.634472899227372e-11
21.012556099387844 1.5200325742876262e-19 8.47815230121024e-11 1.0318814383393076e-11 7.446270862870936e-11
21.652507708764745 1.3987631020843053e-19 8.039366031448781e-11 9.844594241070342e-12 7.054906607341746e-11
21.979755641372343 1.3409180142496804e-19 7.823381669899267e-11 9.612426566905158e-12 6.862139013208751e-11
22.311949477282987 1.2848150228619477e-19 7.609349939040402e-11 9.382489098380808e-12 6.671101029202321e-11
22.64916396703608 1.2303990091341535e-19 7.39720375742635e-11 9.154741895450755e-12 6.481729567881277e-11
22.991811201917592 1.1776538346702286e-19 7.187208902609263e-11 8.929290897172325e-12 6.294279812892032e-11
23.339642165776596 1.12657563516627e-19 6.979494683039737e-11 8.706274995140168e-12 6.10886718352572e-11
23.69273528050995 1.0771903391460233e-19 6.774497469447546e-11 8.486008628313238e-12 5.925896606616222e-11
24.414313559781952 9.835463409434623e-20 6.373951845742992e-11 8.060826108394437e-12 5.5678692349035486e-11
24.78366481022829 9.396404949869868e-20 6.181540013566662e-11 7.854475544658854e-12 5.3960924591007775e-11
25.15860378059443 8.976992195046509e-20 5.994967267203521e-11 7.652076548049307e-12 5.229759612398593e-11
25.924826076583233 8.189080287898928e-20 5.6353437619640704e-11 7.256679404958477e-12 4.9096758214682236e-11
26.714384190886577 7.459620633552984e-20 5.2897036527755107e-11 6.874829056069862e-12 4.602220747168523e-11
27.527988831636016 6.782705999381812e-20 4.956178155230939e-11 6.506841758677697e-12 4.3054939793631676e-11
28.366372352060132 6.157742638235873e-20 4.6365480632362517e-11 6.153750407049911e-12 4.0211730225312605e-11
29.2302894097004 5.580409006784576e-20 4.329807410344336e-11 5.816309210669206e-12 3.748176489277416e-11
30.12051764570424 5.054201563889504e-20 4.0409587959936774e-11 5.4927584894454214e-12 3.491682947049136e-11
30.575747924857424 4.811728336520277e-20 3.905239038197731e-11 5.335654594826249e-12 3.3716735787151065e-11
31.037858384806153 4.582160156327199e-20 3.775125944119623e-11 5.181656921011041e-12 3.256960252018519e-11
31.983137356627505 4.1539998094618195e-20 3.526606215055849e-11 4.88454780120947e-12 3.038151434934902e-11
32.95720543894392 3.76903324855853e-20 3.297234086036953e-11 4.603061098911494e-12 2.836927976145805e-11
33.960939423588975 3.417893880391797e-20 3.0811135414517205e-11 4.334884037344538e-12 2.647625137717266e-11
34.99524280568484 3.093610169485482e-20 2.873717223136765e-11 4.077590119757757e-12 2.4659582111609893e-11
36.06104659690874 2.79681508800536e-20 2.677142656366919e-11 3.832603181460043e-12 2.2938823382209145e-11
37.159310163528254 2.5239825309227548e-20 2.489564719442284e-11 3.601963082121676e-12 2.1293684112301167e-11
38.29102208995955 2.2753758059777348e-20 2.3127012118841413e-11 3.3835268235433176e-12 1.9743485295298092e-11
39.45720106862597 2.0471277779992403e-20 2.14407838879369e-11 3.1750044672790726e-12 1.8265779420657836e-11
40.65889681691763 1.8397679017799927e-20 1.9855830713006992e-11 2.977144977850699e-12 1.6878685735156292e-11
41.897191022077855 1.652492254391613e-20 1.8377810643521573e-11 2.7908139565612893e-12 1.5586996686960282e-11
43.173198314866475 1.4833834453533988e-20 1.699953663795919e-11 2.6149097356377705e-12 1.4384626902321415e-11
44.48806727287728 1.32923557743668e-20 1.5696937484831767e-11 2.4483358531267674e-12 1.3248601631705004e-11
45.8429814544115 1.189797787694201e-20 1.4478229111579049e-11 2.290951663858485e-12 1.2187277447720562e-11
47.23916046383907 1.0629535135878505e-20 1.3328641152492092e-11 2.1427003597361476e-12 1.118594079275594e-11
48.67786104940597 9.484658616821435e-21 1.2255262657474892e-11 2.003083236313066e-12 1.0252179421161823e-11
50.16037823447602 8.44682349308808e-21 1.1246662298019488e-11 1.871663500053339e-12 9.374998797966154e-12
51.68804648322576 7.512585263351227e-21 1.0307396098102934e-11 1.7480224220705312e-12 8.559373676032406e-12
53.26224090184056 6.668703882561929e-21 9.428232876516225e-12 1.6316499803156743e-12 7.796582896200551e-12
54.884378476295105 5.910991043922131e-21 8.611493634359054e-12 1.5222285333561545e-12 7.089265101002903e-12
56.55591934783037 5.229420273111861e-21 7.850567385574499e-12 1.4196817130942758e-12 6.430885672480223e-12
58.27836812727644 4.619209111399642e-21 7.14569439813171e-12 1.3236197609229333e-12 5.822074637208778e-12
60.05327524940399 4.084871152065947e-21 6.511551709211196e-12 1.233350211299542e-12 5.278201497911656e-12
61.88223836852342 3.617819278758169e-21 5.942679603484336e-12 1.1485462807243621e-12 4.794133322759972e-12
62.81758386220369 3.405315172139091e-21 5.678164558552021e-12 1.108238968457525e-12 4.569925590094496e-12
63.7670670344103 3.2108169873051954e-21 5.4347732249980065e-12 1.0692995108317023e-12 4.365473714166304e-12
65.70913619443517 2.863140270761902e-21 4.993876714260133e-12 9.953878321859765e-13 3.998488882074158e-12
67.71035238438829 2.54974486225973e-21 4.582697939209218e-12 9.261103254665092e-13 3.65658761374271e-12
69.77251696707448 2.265816818672571e-21 4.196416820627238e-12 8.610767468715817e-13 3.335340073755657e-12
71.89748616702131 2.011533403006783e-21 3.838931719835107e-12 8.00393881355742e-13 3.0385378384793674e-12
74.08717274132995 1.7844582294152934e-21 3.50928662675281e-12 7.439742483479487e-13 2.7653123784048614e-12
76.34354770141287 1.5824466257724071e-21 3.206792369572748e-12 6.912713772924373e-13 2.5155209922803102e-12
78.66864208716851 1.403116790804105e-21 2.929981705161237e-12 6.419050051112186e-13 2.2880767000500188e-12
81.06454879518883 1.2445079880943054e-21 2.6779230373005446e-12 5.958577272361523e-13 2.082065310064392e-12
83.5334244626476 1.1057258649876007e-21 2.4517556649635074e-12 5.530515895456765e-13 1.898704075417831e-12
86.07749140856238 9.823402669484446e-22 2.2445070881486207e-12 5.131698162093956e-13 1.7313372719392252e-12
88.69903963417964 8.711151255700164e-22 2.0509917117861307e-12 4.759508416047402e-13 1.575040870181391e-12
91.4004288842828 7.719110683163831e-22 1.872772117972976e-12 4.412822856144317e-13 1.4314898323585439e-12
94.18409077127889 6.836456707056466e-22 1.7091416221186666e-12 4.090447070871023e-13 1.3000969150315648e-12
97.05253096397554 6.053347640412507e-22 1.5594516509924012e-12 3.79057740619813e-13 1.1803939103725882e-12
100.00833144301866 5.369504514811817e-22 1.425410082527319e-12 3.5117887061187893e-13 1.07423121191544e-12
103.05415282502196 4.764451274094448e-22 1.3033102784220856e-12 3.2526055472549774e-13 9.780497236965876e-13
106.19273675747671 4.237160821690865e-22 1.1943708474167468e-12 3.0114167553092735e-13 8.932291718858197e-13
109.4269083866038 3.7701020374932525e-22 1.0950820667283167e-12 2.7872661815969226e-13 8.163554485686243e-13
112.75957890036308 3.348785298504016e-22 1.0023287391375738e-12 2.579584200726102e-13 7.443703190649639e-13
116.1937481489129 2.972160388490895e-22 9.16694099991852e-13 2.386909369119515e-13 6.780031630799005e-13
119.73250734487735 2.6323087460526343e-22 8.366009185048354e-13 2.2075706773051106e-13 6.158438507743244e-13
123.37904184585196 2.3288386560227085e-22 7.626938202912113e-13 2.0409806646607949e-13 5.585957538251318e-13
127.13663402165271 2.0561626747887415e-22 6.939011598813805e-13 1.8870125166818e-13 5.051999082132005e-13
131.0086662088879 1.8133585863451915e-22 6.305988163589212e-13 1.7444991009006944e-13 4.561489062688519e-13
134.99862375551584 1.5961314189026368e-22 5.719623220780732e-13 1.6119606268542804e-13 4.1076625939264503e-13
139.11009815812417 1.4032248880335414e-22 5.181498407137795e-13 1.4888762680376315e-13 3.692622139100164e-13
143.3467902947586 1.2329931469394884e-22 4.691568577136676e-13 1.3751987659643643e-13 3.3163698111723126e-13
147.71251375620898 1.08310840879551e-22 4.246769108212671e-13 1.2701692308251836e-13 2.976599877387488e-13
152.21119827875228 9.561060801652409e-23 3.862976961059439e-13 1.1727243444390096e-13 2.6902526166204297e-13
156.84689328144228 8.478054557628564e-23 3.529730608125199e-13 1.0823266866960827e-13 2.4474039214291156e-13
159.21741877681018 7.981918279379566e-23 3.3733957154982564e-13 1.03971206347063e-13 2.333683652027627e-13
161.62377151112827 7.510707687037006e-23 3.2222225282110907e-13 9.987532865611401e-14 2.223469241649951e-13
166.54613279848823 6.6399984684566e-23 2.935431599723261e-13 9.21545130988265e-14 2.013886468734997e-13
171.61840792845166 5.872416272785107e-23 2.6751622989074434e-13 8.500856508409504e-14 1.8250766480664932e-13
176.84516262850022 5.1993443577555153e-23 2.440682009524978e-13 7.839264204059009e-14 1.6567555891190767e-13
179.5181642894721 4.892154090403501e-23 2.331191545645526e-13 7.527385036942325e-14 1.5784530419512937e-13
182.2315681744764 4.5971664502162695e-23 2.2237362416736177e-13 7.227574843047067e-14 1.5009787573689102e-13
187.78155384880017 4.0469541051640816e-23 2.0172078090541242e-13 6.66251237272394e-14 1.3509565717817305e-13
190.61961427604518 3.7976324692635727e-23 1.9215423091422315e-13 6.396313878563683e-14 1.2819109212858633e-13
193.5005680909718 3.564608251165419e-23 1.8308951973737785e-13 6.140440743541505e-14 1.216851123019628e-13
199.3937587803602 3.145873983138424e-23 1.6650309670686135e-13 5.6582211378954683e-14 1.0992088532790666e-13
205.46643057848152 2.782613591231843e-23 1.5176205944669597e-13 5.2126192473629044e-14 9.963586697306697e-14
211.72404970390772 2.4734630061390706e-23 1.3900968033083644e-13 4.8006919449119587e-14 9.100276088171684e-14
218.17224885259444 2.1992885397955203e-23 1.273653086723583e-13 4.420438817964364e-14 8.316092049271465e-14
224.8168322680627 1.9491533870863763e-23 1.1631728969795033e-13 4.0700058524720356e-14 7.561723117322995e-14
231.66378096599615 1.7250483232561438e-23 1.060788587046164e-13 3.74653028057644e-14 6.861355589885199e-14
238.71925811795668 1.523605617250938e-23 9.654492606988044e-14 3.447291552780306e-14 6.207201054207738e-14
245.98961459906556 1.3440730844846964e-23 8.776252088854505e-14 3.171193605205144e-14 5.605058483649362e-14
249.71106150874405 1.2603223890705816e-23 8.35389217093059e-14 3.041521961536094e-14 5.3123702093944954e-14
253.4888082224776 1.1803144270359544e-23 7.941927865794161e-14 2.9172587619844255e-14 5.024669103809734e-14
261.20898134247824 1.0354995870450792e-23 7.179719354865496e-14 2.6834972321729194e-14 4.4962221226925775e-14
269.1642775569489 9.122646448324933e-24 6.517900081114714e-14 2.4671627920658668e-14 4.050737289048848e-14
277.3618576987742 8.04573797170097e-24 5.92354995243833e-14 2.2675738082951493e-14 3.655976144143178e-14
285.8091006888481 7.039657900789982e-24 5.3406859546121974e-14 2.084330949637764e-14 3.2563550049744345e-14
294.5136101780917 6.1443133050331854e-24 4.803393379477111e-14 1.9156725855935707e-14 2.8877207938835395e-14
303.4832213917586 5.388924701025128e-24 4.3411644077074925e-14 1.759871257769847e-14 2.5812931499376445e-14
312.7260081821858 4.73483264570344e-24 3.9304119148134116e-14 1.6162500353806626e-14 2.3141618794327495e-14
322.25029029634635 4.168700164069284e-24 3.565852786534718e-14 1.4843029747699352e-14 2.081549811764783e-14
332.0646408647343 3.67318828988388e-24 3.237689951468726e-14 1.3629593405079032e-14 1.874730610960822e-14
342.17789411833206 3.2319505727689116e-24 2.9355270902478794e-14 1.251190802112966e-14 1.6843362881349124e-14
352.59915334060224 2.8411431373409007e-24 2.6591559769652616e-14 1.1483006510701479e-14 1.510855325895114e-14
363.337799061663 2.499463651853756e-24 2.4106093660321465e-14 1.0537024483271742e-14 1.3569069177049724e-14
374.40349750202313 2.2000091911657084e-24 2.186421177898188e-14 9.667332820140058e-15 1.2196878958841829e-14
380.062092440151 2.064185017206143e-24 2.0824405384691348e-14 9.259243736440917e-15 1.1565161648250433e-14
385.80620927347337 1.936809922071376e-24 1.9834700511654895e-14 8.868043930584757e-15 1.0966656581070134e-14
397.5561983449763 1.7051651075744118e-24 1.7994276900326384e-14 8.1334778034832e-15 9.860799096843185e-15
409.6640412816112 1.4998794157051161e-24 1.6309987301704395e-14 7.457860112630612e-15 8.852127189073781e-15
415.8555509384264 1.4062123557920234e-24 1.5522542069438645e-14 7.14070309747405e-15 8.381838971964596e-15
422.1406367649012 1.3181539219479196e-24 1.4770415761133408e-14 6.836617304756197e-15 7.933798456377215e-15
434.9972154030873 1.1585667988581894e-24 1.3377562499040113e-14 6.266330791443687e-15 7.111231707596426e-15
448.24534984018095 1.0186172604942275e-24 1.211982242915037e-14 5.743039209278896e-15 6.376783219871477e-15
461.89696517289525 8.957868967551543e-25 1.09829560900158e-14 5.261999670537708e-15 5.720956419478092e-15
475.9643496848308 7.879576811963665e-25 9.955125773223809e-15 4.819641898120985e-15 5.135483875102824e-15
490.4601659075747 6.928026976918508e-25 9.01950583505783e-15 4.414043989987833e-15 4.605461845069994e-15
505.39746201868155 6.086561740019692e-25 8.16534466674426e-15 4.04268874266735e-15 4.122655924076911e-15
520.7896835867783 5.347237885691934e-25 7.391988982684632e-15 3.702293614704965e-15 3.6896953679796665e-15
536.6506856743796 4.699749750203707e-25 6.694772986991792e-15 3.3903303483327306e-15 3.3044426386590607e-15
552.9947453093008 4.13086633746495e-25 6.06361446521877e-15 3.1042046356132224e-15 2.959409829605547e-15
569.8365743358964 3.6305571441984806e-25 5.491525826446972e-15 2.8417459843961534e-15 2.6497798420508197e-15
587.1913326576936 3.1906025992521608e-25 4.97303807336463e-15 2.6010454294041146e-15 2.3719926439605164e-15
605.0746418833327 2.803760789354978e-25 4.503180378442382e-15 2.380344282883132e-15 2.1228360955592494e-15
623.502599388115 2.4636589600493887e-25 4.077446679247625e-15 2.178020439033285e-15 1.8994262402143403e-15
642.4917928037942 2.1646813760336746e-25 3.691739072857997e-15 1.992578269367482e-15 1.6991608034905149e-15
662.0593149496696 1.90187944344205e-25 3.3423299279309985e-15 1.822643668599583e-15 1.5196862593314157e-15
682.2227792184137 1.670895659892868e-25 3.0258331759962638e-15 1.666948566900356e-15 1.358884609095907e-15
703.0003354304876 1.4678955445250231e-25 2.7391771336253955e-15 1.5243279902532336e-15 1.214849143372162e-15
724.4106861714122 1.2895044737114995e-25 2.4795743460055955e-15 1.3937123081323183e-15 1.0858620378732766e-15
746.4731036265977 1.1327499470731026e-25 2.2444898602786016e-15 1.274109762933116e-15 9.703800973454858e-16
769.2074469289008 9.950163807975068e-26 2.03162310697186e-15 1.1646079312919956e-15 8.670151756798644e-16
792.6341800345017 8.740038624355871e-26 1.838889279927612e-15 1.0643727074845832e-15 7.745165724430289e-16
816.7743901432078 7.676896845709913e-26 1.6643982486382311e-15 9.726375297264548e-16 6.917607189117765e-16
841.6498066797607 6.742931667594799e-26 1.5064323022845616e-15 8.886947194406102e-16 6.177375828439515e-16
867.2828208532309 5.922475341925106e-26 1.3634318602555833e-15 8.118930595833186e-16 5.515388006722649e-16
893.6965058121084 5.201771136055683e-26 1.2339874234195361e-15 7.416369866275103e-16 4.923504367920258e-16
920.9146374132232 4.568727225767362e-26 1.1168222004477546e-15 6.773799940762894e-16 4.3944220637146535e-16
948.9617156232121 4.0126986723358186e-26 1.0107754221814687e-15 6.186184834696093e-16 3.921569387118595e-16
977.8629865717667 3.524328009921773e-26 9.147949581684927e-16 5.64890121952582e-16 3.4990483621591065e-16
1007.6444652765354 3.095394197962814e-26 8.279282871519818e-16 5.157708921600118e-16 3.1215739499197e-16
1038.332959060126 2.718670429045916e-26 7.493119110487949e-16 4.708713507620673e-16 2.7844056028672766e-16
1069.95609168029 2.387808697347658e-26 6.781642915903985e-16 4.298347885803631e-16 2.4832950301003543e-16
1102.542328195006 2.0972328476677073e-26 6.137780539577524e-16 3.9233451043069418e-16 2.214435435270581e-16
1136.1210005848498 1.8420406877958314e-26 5.555117373237271e-16 3.580703200387349e-16 1.9744141728499224e-16
1170.7223341557005 1.6179230783650913e-26 5.027837195745511e-16 3.2676637759728957e-16 1.7601734197726145e-16
1206.3774747455793 1.421096692143136e-26 4.550679830044793e-16 2.9817044104595944e-16 1.5689754195851976e-16
1243.1185167600695 1.2482404784746819e-26 4.1188903486493345e-16 2.720519901103777e-16 1.398370447545559e-16
1280.9785320615858 1.0964354700882772e-26 3.7281584432850835e-16 2.481993837378289e-16 1.2461646059067931e-16
1319.9915997384837 9.631152326767041e-27 3.374573192773966e-16 2.2641814062916073e-16 1.1103917864823598e-16
1360.1928367808064 8.460271187830238e-27 3.054598967937176e-16 2.065304368523287e-16 9.892945994138889e-17
1401.618429690285 7.43195321291423e-27 2.765044972382762e-16 1.8837410636922969e-16 8.813039086904651e-17
1444.305667053031 6.52883569592191e-27 2.5030198149517963e-16 1.7180045862735332e-16 7.850152286782632e-17
1488.2929731042755 5.735652901618366e-27 2.2658999301658266e-16 1.5667276818966163e-16 6.991722482692101e-17
1533.6199423153234 5.039004900683353e-27 2.0513131354100176e-16 1.4286608992631884e-16 6.226522361468298e-17
1580.327375033885 4.427132426123324e-27 1.8571159038447882e-16 1.3026649268818224e-16 5.544509769629662e-17
1628.457314209858 3.8897095759157886e-27 1.6813688154921903e-16 1.1876971681400573e-16 4.936716473521331e-17
1678.0530832396191 3.417661241204493e-27 1.5223136494041947e-16 1.0828006270960508e-16 4.395130223081439e-17
1729.1593249628888 3.003019776784029e-27 1.3783599207503153e-16 9.871004007464223e-17 3.9125952000389277e-17
1781.8220418472597 2.6387944188231252e-27 1.248071071360628e-16 8.997988385104701e-17 3.4827223285015786e-17
1836.0886373966016 2.318845693648165e-27 1.1301469719440254e-16 8.201664764695419e-17 3.099804954744837e-17
1892.007958820556 2.0377808794822392e-27 1.0234105153059292e-16 7.475352348523644e-17 2.7587528045356458e-17
1949.6303410035755 1.7908626512983304e-27 9.267956511005951e-17 6.812936229779893e-17 2.4550202812260587e-17
2009.0076518130663 1.573936120443507e-27 8.393403972141073e-17 6.20885183227216e-17 2.184552139868913e-17
2070.1933387874215 1.383353639712694e-27 7.601749548118495e-17 5.658017336715637e-17 1.9437322114028558e-17
2133.242477245972 1.2159075297591865e-27 6.885099229342291e-17 5.155769860054444e-17 1.72932936928785e-17
2198.211819864143 1.0687816664283548e-27 6.236313904257441e-17 4.697852035151995e-17 1.5384618691054452e-17
2265.1598477584885 9.395047464328998e-28 5.648943958990123e-17 4.2803816584765023e-17 1.3685623005136218e-17
2334.1468231275226 8.259060838545334e-28 5.1171514288732106e-17 3.8998125423308663e-17 1.2173388865423441e-17
2405.2348434957767 7.260798926408644e-28 4.6356573775385825e-17 3.552905971842445e-17 1.0827514056961385e-17
2478.487897609897 6.3835302534791695e-28 4.1996892503528985e-17 3.236706555108328e-17 9.629826952445708e-18
2553.971923037092 5.6125501082568735e-28 3.804922216481378e-17 2.948513342386365e-17 8.56408874095013e-18
2631.7548655177807 4.934942523194733e-28 3.4474419849907474e-17 2.685859760476626e-17 7.615822245141211e-18
2711.906740125872 4.339370090941792e-28 3.1237112005641245e-17 2.4464967945025714e-17 6.772144060615531e-18
2794.4996942916955 3.815873745424079e-28 2.8305282675707454e-17 2.2283708929547182e-17 6.021573746160281e-18
2879.6080727443887 3.355708136550364e-28 2.5649977966970896e-17 2.0296092465325615e-17 5.353885501645284e-18
2967.308484432098 2.951194320996653e-28 2.3245020734945013e-17 1.848504244942349e-17 4.759978285521524e-18
3057.6798714803062 2.595583284952644e-28 2.1066695409303177e-17 1.6834960692454283e-17 4.231734716848898e-18
