Dust emission spectrum from A.P. Jones, M. Kohler, N. Ysard, M. Bocchio, and L. Verstraete (2017), A&A, 602A, 46J 
inside the DustPedia framework.

lambda    nu*dP/dnu     j_nu    j_nu(carb.) j_nu(sil)
 (um)   (erg s-1 H-1) (Jy cm2 sr-1 H-1)
0.9927057738263894 2.39569985405824e-23 6.31280518847865e-16 6.312801826819759e-16 3.3616588900208787e-22
1.0001793341362166 2.436028780012665e-23 6.467400036755928e-16 6.467395990964254e-16 4.045791674900378e-22
1.0077091589558085 2.4765130313893253e-23 6.624380292290129e-16 6.62437542960822e-16 4.862681909315152e-22
1.0114953028030835 2.4968115424343106e-23 6.703769399255171e-16 6.703764070875844e-16 5.32837932682583e-22
1.0152956718711033 2.5171466877381683e-23 6.783760282100539e-16 6.783754445369433e-16 5.836731106532587e-22
1.0229392996569957 2.5579043393672707e-23 6.945501277712997e-16 6.94549428106303e-16 6.996649966432798e-22
1.0267826658714554 2.5782806408612816e-23 7.027132607041864e-16 7.027124950213102e-16 7.656828762532092e-22
1.0306404723013447 2.5986898951092532e-23 7.109369448529709e-16 7.109361072021181e-16 8.376508526980794e-22
1.03451277320114 2.6191314932622732e-23 7.192213866666058e-16 7.192204705885668e-16 9.16078038483365e-22
1.0383996230291617 2.6396048496736656e-23 7.27566798556874e-16 7.275657970422664e-16 1.0015146076481725e-21
1.0403485208654093 2.6498532607342245e-23 7.317624363654985e-16 7.317613893201732e-16 1.047045325279159e-21
1.0423010764483396 2.660109402623788e-23 7.359733992062948e-16 7.359723046514046e-16 1.0945548900680018e-21
1.0462171883269815 2.6806446150530065e-23 7.444414138840503e-16 7.444402180433693e-16 1.1958406811116261e-21
1.0471985131304309 2.6857831481751605e-23 7.465680405474469e-16 7.465668180169435e-16 1.2225305033754942e-21
1.048180758391296 2.690923557666397e-23 7.486985237608151e-16 7.48697273970767e-16 1.2497900481749978e-21
1.0501480137395462 2.701209975303107e-23 7.529710747701384e-16 7.529697687053582e-16 1.3060647802683156e-21
1.0521189612883777 2.7115038080978896e-23 7.572590970688975e-16 7.572577323088302e-16 1.3647600671565905e-21
1.0531058218030118 2.716646641340906e-23 7.594070058999971e-16 7.594056108518031e-16 1.3950481937045151e-21
1.0540936079674168 2.721768879517006e-23 7.615525153525111e-16 7.615510893668124e-16 1.42598569844025e-21
1.058054026499678 2.7422751052171724e-23 7.701730158593382e-16 7.70171459431515e-16 1.5564278234110222e-21
1.0590464539527713 2.7474059467423175e-23 7.72337776254224e-16 7.723361854748687e-16 1.5907793553027391e-21
1.06003981227728 2.752538489437122e-23 7.745063987066183e-16 7.745047728512332e-16 1.6258553848907866e-21
1.0620293250338977 2.7628086534955157e-23 7.788552459470203e-16 7.788535477077467e-16 1.698239273614751e-21
1.0660195594769086 2.783369128812051e-23 7.875994647982963e-16 7.875976124399363e-16 1.8523583600377932e-21
1.070024785945596 2.803956165111466e-23 7.964059403143016e-16 7.96403920518129e-16 2.0197961727004696e-21
1.0740450607676866 2.8245694266180134e-23 8.05274949493106e-16 8.052727478512699e-16 2.201641835970901e-21
1.07808044048254 2.845208608640801e-23 8.142067788180405e-16 8.142043797499278e-16 2.3990681126715856e-21
1.0861967418109137 2.886531982448538e-23 8.32250955772043e-16 8.32248109963734e-16 2.8458083089684316e-21
1.0902777775684922 2.9071436662660315e-23 8.413430038064846e-16 8.413399058639596e-16 3.0979425252584217e-21
1.0943741465085532 2.9277791317342727e-23 8.504985327607271e-16 8.504951614502755e-16 3.3713104517703796e-21
1.1026131145906286 2.9691209213155646e-23 8.690013916228605e-16 8.689974029945231e-16 3.988628337405388e-21
1.1109141095355224 3.010556747596217e-23 8.877623724328718e-16 8.87757659598003e-16 4.712834868824427e-21
1.1192775983109025 3.052054071715366e-23 9.067748543816715e-16 9.067692930736146e-16 5.5613080570523276e-21
1.1277040513999907 3.0934639432046134e-23 9.259971117152047e-16 9.25990557659592e-16 6.5540556124590836e-21
1.1361939428280308 3.134964985056974e-23 9.454848998662153e-16 9.454771857852718e-16 7.714080943630077e-21
1.1447477501889525 3.176559265401921e-23 9.65241962876907e-16 9.652328950808436e-16 9.067796063467077e-21
1.1533659546722406 3.2182646013169544e-23 9.85276918700218e-16 9.852662731994745e-16 1.0645500743589256e-20
1.1707974979042381 3.302146430200087e-23 1.0262367109951181e-15 1.0262220942276272e-15 1.4616767490931714e-20
1.1884924949847024 3.386518126654552e-23 1.0683640880061585e-15 1.0683441190337412e-15 1.9968972417567552e-20
1.2064549276569216 3.471981313024277e-23 1.1118799879256205e-15 1.1118528416301846e-15 2.7146295435836217e-20
1.2246888378427687 3.558016117631473e-23 1.1566530402311544e-15 1.1566163177501156e-15 3.672248103875816e-20
1.2431983285522175 3.644598067278912e-23 1.2027060376030963e-15 1.2026566015881986e-15 4.9436014897654435e-20
1.2619875648066055 3.7319045848566144e-23 1.2501296048776072e-15 1.2500633722902827e-15 6.623258732425946e-20
1.3004222497298317 3.908429611278388e-23 1.3491372067475265e-15 1.3490199954626805e-15 1.172112848458013e-19
1.3400274889804893 4.088798711435823e-23 1.454383274837799e-15 1.4541796498034117e-15 2.036250343875768e-19
1.3808389325824078 4.2746206806443147e-23 1.5667872870693623e-15 1.5664398622428624e-15 3.474248264993368e-19
1.4228933163050095 4.468732507389488e-23 1.6878200107368512e-15 1.6872375407420586e-15 5.824699947924723e-19
1.466228494730424 4.676135728624805e-23 1.819944720544091e-15 1.818984686765978e-15 9.600337781129315e-19
1.5108834753276823 4.8988566166367625e-23 1.9646949676183282e-15 1.963138675708775e-15 1.5562919095537403e-18
1.5568984535646726 5.139896222133253e-23 2.1241445654290857e-15 2.121660601920219e-15 2.4839635088666515e-18
1.6043148490894465 5.404578572749004e-23 2.3015524229142613e-15 2.2976416727872295e-15 3.9107501270312204e-18
1.6531753430134553 5.699403859768339e-23 2.501023568893364e-15 2.4949573079203523e-15 6.0662609730117176e-18
1.7035239163302658 6.032464063264677e-23 2.7277992874382937e-15 2.7185260863176588e-15 9.273201120635237e-18
1.755405889504358 6.416280335893366e-23 2.9897186098036583e-15 2.9757419868620266e-15 1.397662294163215e-17
1.8088679632656115 6.860861200345252e-23 3.294237703273098e-15 3.273460288054795e-15 2.0777415218302765e-17
1.8639582606462262 7.378180914382376e-23 3.650521546177866e-15 3.6200447768299746e-15 3.047676934789057e-17
1.9207263702978936 7.98343012929679e-23 4.0702816383070564e-15 4.0261554318503395e-15 4.4126206456716976e-17
1.979223391128241 8.694780360156272e-23 4.5679660103301e-15 4.504878905008689e-15 6.308710532141251e-17
2.039501978296691 9.532906029826271e-23 5.160821949285503e-15 5.071726821560285e-15 8.909512772521797e-17
2.1016163906111602 1.0523679224793693e-22 5.870708025889958e-15 5.7463671193438074e-15 1.2434090654615105e-16
2.1656225393682647 1.1694224661400154e-22 6.722388828881516e-15 6.5508477433055914e-15 1.7154108557592126e-16
2.231578038680979 1.3071797131471145e-22 7.743134640967558e-15 7.509116597493998e-15 2.340180434735598e-16
2.299542257339062 1.4687636849187512e-22 8.965257211398889e-15 8.649474639456609e-15 3.157825719422813e-16
2.369576372248914 1.6576462354630375e-22 1.0426342698592439e-14 1.0004721422204594e-14 4.2162127638784585e-16
2.4417434235010123 1.8775275454614184e-22 1.2169024824272948e-14 1.1611864071705005e-14 5.571607525679418e-16
2.5161083711144245 2.132502867021198e-22 1.424257120652976e-14 1.3513618210985067e-14 7.289529955446918e-16
2.5927381535095444 2.4269997897399855e-22 1.6703128812746975e-14 1.5758605339084712e-14 9.445234736622603e-16
2.6717017477616296 2.7653963702846334e-22 1.961167989868398e-14 1.839932762497091e-14 1.212352273713067e-15
2.753070231689431 3.1521961153522693e-22 2.3035622511709644e-14 2.1493743088019576e-14 1.5418794236900756e-15
2.836916847834745 3.593130981720889e-22 2.705758855679497e-14 2.5114044988776813e-14 1.943543568018155e-15
2.9233170693905177 4.0957057947920227e-22 3.178147930570541e-14 2.93532475931941e-14 2.4282317125113084e-15
2.967498994190263 4.370879378316299e-22 3.442935090541046e-14 3.172927518016358e-14 2.7000757252468845e-15
3.0123486681368425 4.664024200351584e-22 3.7293699460988056e-14 3.429527109291563e-14 2.9984283680724168e-15
3.0578761833420214 5.003741393261557e-22 4.061478752123252e-14 3.728839128132581e-14 3.3263962399067066e-15
3.1040917844459814 5.37104626442508e-22 4.4255054577584485e-14 4.0572128580942344e-14 3.682925996642145e-15
3.127460860933648 5.597935033957828e-22 4.647176533228184e-14 4.2598091490701175e-14 3.873673841580661e-15
3.1510058709225794 5.850615995548615e-22 4.8935072893617817e-14 4.486267857143134e-14 4.072394322186471e-15
3.162844764501044 6.0201966156685395e-22 5.054264726447706e-14 4.636745582114255e-14 4.175191443334497e-15
3.1747281389236908 6.202942629884888e-22 5.227255627578591e-14 4.7992506509341324e-14 4.280049766444592e-15
3.1986289994194426 6.6459742986730085e-22 5.642764959844137e-14 5.193105240399717e-14 4.496597194444207e-15
3.2227097969389145 7.468919391232761e-22 6.389228271410501e-14 5.916633308143814e-14 4.7259496326668795e-15
3.2348180950136065 8.172021577896633e-22 7.016956780066547e-14 6.532125012387034e-14 4.848317676795129e-15
3.240889293275058 8.677405492222948e-22 7.464891873110529e-14 6.973605496318742e-14 4.912863767917864e-15
3.2469718861334385 9.256331778460555e-22 7.977868512148504e-14 7.479903521486621e-14 4.979649906618818e-15
3.2714166318528037 1.2236316205466148e-21 1.0625661624979393e-13 1.0100106074883734e-13 5.255555500956594e-15
3.2744851364798273 1.2433169537070661e-21 1.0806730277255217e-13 1.0277925655771577e-13 5.288046214836379e-15
3.2775565192852394 1.2634754853079565e-21 1.099224608653214e-13 1.046017637710445e-13 5.320697094276883e-15
3.283707930232385 1.2504528964771207e-21 1.0899367387808182e-13 1.0361463487616165e-13 5.3790390019201404e-15
3.2898708863219004 1.1996929118503511e-21 1.047655217058536e-13 9.933343282445963e-14 5.432088881393966e-15
3.29141343181113 1.1877491856401791e-21 1.0377114565896293e-13 9.83257368240143e-14 5.445408834948623e-15
3.292184975758714 1.1818846186341528e-21 1.0328297579224454e-13 9.783089834862376e-14 5.452077443620801e-15
3.295272960557952 1.1442450348991618e-21 1.0008750527951673e-13 9.460949661619813e-14 5.478008663318594e-15
3.3076538914384823 1.0138251609557706e-21 8.901281949040424e-14 8.34306810390455e-14 5.582138451358732e-15
3.310756385682612 9.873417064755077e-22 8.676890982111706e-14 8.116052924839279e-14 5.608380572724288e-15
3.313861789986515 9.629393174050674e-22 8.470377073460978e-14 7.906906404570781e-14 5.634706688901969e-15
3.3200813396944477 9.302906612871822e-22 8.198545629763891e-14 7.629410416906813e-14 5.6913521285707995e-15
3.345076488085796 8.843035607536457e-22 7.851937961206151e-14 7.257553888807117e-14 5.943840723990326e-15
3.3482140837626964 8.893978936337722e-22 7.904579077190875e-14 7.306774435687947e-14 5.9780464150292794e-15
3.3513546224236106 8.945242144986995e-22 7.9575965989641e-14 7.356356221712107e-14 6.012403772519958e-15
3.3576445397418455 9.182358537389356e-22 8.18386386848212e-14 7.575439401160407e-14 6.084244673217122e-15
3.3702598118196083 9.961103307083911e-22 8.911283471924548e-14 8.287790525143726e-14 6.2349294678082066e-15
3.382922481734668 1.0223793934059002e-21 9.180652873493927e-14 8.542519691797765e-14 6.381331816961622e-15
3.389271646505754 1.0358097784813377e-21 9.31871046192425e-14 8.67315787261113e-14 6.455525893131205e-15
3.395632727569191 1.0502435407013512e-21 9.46629780320437e-14 8.81309906418462e-14 6.5319873901974996e-15
3.421196662673239 1.1165900405887927e-21 1.0140076293128461e-13 9.455232714805917e-14 6.84843578322546e-15
3.4276182099114902 1.1131725301626866e-21 1.0128015449826711e-13 9.436116429326225e-14 6.9189902050048554e-15
3.4340518103208963 1.0807303916865803e-21 9.851302179368478e-14 9.152733166180399e-14 6.985690131880809e-15
3.4469541582030403 1.0366060735521226e-21 9.484592792163526e-14 8.773228133731679e-14 7.113646584318489e-15
3.472904465399547 1.041355263014595e-21 9.599777914759441e-14 8.858928000024511e-14 7.408499147349297e-15
3.4990501388274233 1.038810204634843e-21 9.648411239707006e-14 8.877403700822145e-14 7.71007538884858e-15
3.5253949054701885 9.792854556661755e-22 9.164030164397485e-14 8.363748632463971e-14 8.002815319335125e-15
3.5519380250092896 9.2351079927523e-22 8.707165330844237e-14 7.87748030117476e-14 8.296850296694789e-15
3.578680990867387 9.15030267696246e-22 8.69216335415798e-14 7.830254124423743e-14 8.619092297342375e-15
3.605625307711299 9.252918580266111e-22 8.855819723300579e-14 7.95998474585649e-14 8.958349774440901e-15
3.660119384959845 9.6240523629499e-22 9.35023791736262e-14 8.383185052346631e-14 9.670528650159863e-15
3.715437065384467 1.0030743661197707e-21 9.892646134504952e-14 8.85060069616846e-14 1.042045438336494e-14
3.8285932144167436 1.0973965013315446e-21 1.1152499940647807e-13 9.949579611380625e-14 1.2029203292671831e-14
3.94519561050918 1.1983808688923675e-21 1.2549685477200422e-13 1.1171798432415971e-13 1.377887044784451e-14
4.06534921144712 1.3039453303856276e-21 1.4071055424084668e-13 1.250443402412909e-13 1.5666213999555743e-14
4.189162171576248 1.413047832304e-21 1.5712795902516149e-13 1.3943450786438304e-13 1.769345116077843e-14
4.316745939156006 1.5247562832724787e-21 1.7471345572213944e-13 1.5486196797287796e-13 1.9851487749261472e-14
4.448215356677963 1.6380178280564882e-21 1.9340774545907466e-13 1.7129916359024165e-13 2.2108581868833024e-14
4.58368876423945 1.7521155534847626e-21 2.1318041286242993e-13 1.8871450635844913e-13 2.4465906503980795e-14
4.723288106065518 1.8664304363237344e-21 2.340052914690964e-13 2.070686437906245e-13 2.6936647678471996e-14
4.867139040275056 1.9797464195556185e-21 2.5577185440485423e-13 2.2631951425923362e-13 2.9452340145620585e-14
4.940699165968905 2.0360383006845144e-21 2.670199974521967e-13 2.362856764452396e-13 3.073432100695709e-14
5.015371051989984 2.0916622970930864e-21 2.7846080234379856e-13 2.4643269168518486e-13 3.2028110658613706e-14
5.091171501069577 2.1473211460802784e-21 2.9019114820122796e-13 2.5682907973840887e-13 3.336206846281915e-14
5.129500256944802 2.17481609531376e-21 2.961195136438541e-13 2.6208756326497945e-13 3.4031950378874637e-14
5.168117569889187 2.2021720754175522e-21 3.0210163048213797e-13 2.673911529015082e-13 3.4710477580629805e-14
5.20702561229733 2.230163579777255e-21 3.082448760973216e-13 2.727921609912201e-13 3.545271510610152e-14
5.246226572918644 2.25791204994098e-21 3.14429653586016e-13 2.782308901116443e-13 3.6198763474371757e-14
5.265937586045735 2.2716908448306062e-21 3.1753702253862824e-13 2.809639109761411e-13 3.6573111562487175e-14
5.285722656980489 2.2854037445739072e-21 3.2065405732921445e-13 2.8370577188313917e-13 3.694828544607529e-14
5.305582063971359 2.29904906519121e-21 3.2378051482991157e-13 2.8645627274114104e-13 3.732424208877051e-14
5.3255160863122235 2.312734006909145e-21 3.2693154007119246e-13 2.892274786014731e-13 3.7704061469719426e-14
5.365609099470188 2.340728058122955e-21 3.333799091621067e-13 2.948899197871185e-13 3.8489989374988216e-14
5.406003951863644 2.368461267164458e-21 3.3986941089162794e-13 3.0058970742955094e-13 3.9279703462077024e-14
5.446702915881641 2.395922110399163e-21 3.4639835125082575e-13 3.063254919595505e-13 4.007285929127526e-14
5.487708281020852 2.4232921330124333e-21 3.529931048942384e-13 3.1212045105765476e-13 4.0872653836583666e-14
5.529022354014368 2.452062868549251e-21 3.5987309566563916e-13 3.1816675940835707e-13 4.170633625728207e-14
5.570647458961463 2.480616653088043e-21 3.668045910137429e-13 3.242607260000757e-13 4.254386501366721e-14
5.612585937458331 2.5089494702371847e-21 3.7378713661372826e-13 3.304022474185715e-13 4.3384889195156694e-14
5.654840148729818 2.537340751605382e-21 3.8086280398676817e-13 3.366293936567786e-13 4.4233410329989437e-14
5.67608639626678 2.5526906500317044e-21 3.8460649846253167e-13 3.399288011048868e-13 4.46776973576449e-14
5.686739436050992 2.5603611135135876e-21 3.864861943536343e-13 3.4158594994561943e-13 4.4900244408014874e-14
5.6974124697621304 2.5680289456570724e-21 3.8837119326160667e-13 3.432481401748312e-13 4.512305308677549e-14
5.718818669136295 2.5833578722265362e-21 3.921573258332587e-13 3.465878928213931e-13 4.5569433011865575e-14
5.740305295436557 2.5990265010062072e-21 3.960181873768921e-13 3.4999790790495624e-13 4.6020279471935856e-14
5.7835210386641895 2.6331493375948855e-21 4.042380994506849e-13 3.572861626018793e-13 4.6951936848805533e-14
5.827062130521658 2.6682662407861414e-21 4.1271308971562446e-13 3.6481630513610527e-13 4.7896784579519146e-14
5.8489554468988025 2.6889542097984155e-21 4.174756532688174e-13 3.690674591275648e-13 4.8408194141252597e-14
5.870931020387893 2.7099421328040235e-21 4.2231492296809157e-13 3.7339347350126053e-13 4.892144946683107e-14
5.892989160043636 2.7312582543185697e-21 4.2723600174564484e-13 3.777994945942521e-13 4.943650715139264e-14
5.915130176081913 2.7539316405054186e-21 4.3240120498754103e-13 3.8243041851586877e-13 4.9970786471672195e-14
5.95966208400165 2.8099032602830114e-21 4.445109225785893e-13 3.933154886570935e-13 5.119543392149573e-14
6.004529249263818 2.880614876825815e-21 4.591278074977715e-13 4.065502398451119e-13 5.257756765265953e-14
6.027089341400364 2.9258880367839823e-21 4.680958226745158e-13 4.1471604446789953e-13 5.337977820661626e-14
6.049734195844842 2.976443013299823e-21 4.7797292747908e-13 4.237426228240667e-13 5.42303046550133e-14
6.095279466722835 3.1133782030984128e-21 5.037266595063608e-13 4.4739338268898726e-13 5.63332768173735e-14
6.141167624020661 3.3087658475957115e-21 5.393695429497748e-13 4.802915671533672e-13 5.907797579640757e-14
6.164241091010745 3.431166216124927e-21 5.614237831082159e-13 5.006157700013713e-13 6.08080131068446e-14
6.187401249150058 3.563433636242137e-21 5.852566927663846e-13 5.226735592457525e-13 6.258313352063209e-14
6.1990139391386085 3.62753882644029e-21 5.969034862959545e-13 5.334173778574404e-13 6.348610843851412e-14
6.204828454712694 3.660694677226806e-21 6.029242056088786e-13 5.389821590635327e-13 6.394204654534579e-14
6.210648424152782 3.685131423808134e-21 6.075182923232532e-13 5.431894443770482e-13 6.432884794620518e-14
6.233982942956859 3.766599362701276e-21 6.232818369264224e-13 5.576114417351559e-13 6.567039519126672e-14
6.239830258556775 3.7763118759445635e-21 6.254751546999504e-13 5.596238904879446e-13 6.58512642120058e-14
6.245683058788269 3.777030612382233e-21 6.261809911581284e-13 5.601486211380778e-13 6.603237002005064e-14
6.257405133728602 3.774338335964297e-21 6.269090443736827e-13 5.605627724919155e-13 6.634627188176729e-14
6.269149208991335 3.757828643881281e-21 6.253382759097759e-13 5.588916183646045e-13 6.644665754517137e-14
6.280915325867298 3.7176457065430975e-21 6.198125571527918e-13 5.53529350046627e-13 6.6283207106165e-14
6.304513850009849 3.618983950573288e-21 6.056304370544884e-13 5.39912575840465e-13 6.571786121402338e-14
6.32820103803542 3.500755401496205e-21 5.880462276074436e-13 5.23147385952921e-13 6.489884165452246e-14
6.3519772230701035 3.3943879469669995e-21 5.723212110879422e-13 5.081604142877454e-13 6.416079680019697e-14
6.375842739491607 3.3033555005787866e-21 5.590650508261313e-13 4.955591052029001e-13 6.350594562323128e-14
6.399797922933955 3.23606319740568e-21 5.497341145429617e-13 4.865826629628246e-13 6.315145158013697e-14
6.42384311029221 3.1793676537458932e-21 5.421320840876267e-13 4.792751607431841e-13 6.285692334444265e-14
6.447978639727206 3.141590597075656e-21 5.377031882189451e-13 4.749069469136486e-13 6.279624130529658e-14
6.472204850670314 3.1103195842600677e-21 5.343510936352e-13 4.715692628570929e-13 6.278183077810713e-14
6.496522083828205 3.0934073616463615e-21 5.334423199064294e-13 4.704857634852865e-13 6.295655642114293e-14
6.520930681187647 3.0798373660279625e-21 5.330976896617023e-13 4.699381128285208e-13 6.315957683318159e-14
6.57002334288761 3.0729058305825318e-21 5.359022705634063e-13 4.72076006862556e-13 6.382626370085028e-14
6.619489833774732 3.083659853063631e-21 5.418267210993988e-13 4.771236444113847e-13 6.47030766880142e-14
6.6693287637831435 3.1025390261037474e-21 5.492484153296892e-13 4.835832592675029e-13 6.566515606218618e-14
6.719538636694507 3.1213158244765343e-21 5.567325359928701e-13 4.901481487285861e-13 6.658438726428398e-14
6.770126513364129 3.1524262283249286e-21 5.66514655900469e-13 4.989217196468575e-13 6.75929362536113e-14
6.8210952395837445 3.193638189123163e-21 5.782415024850778e-13 5.095042857491652e-13 6.873721673591266e-14
6.872447682569556 3.2419421906127e-21 5.91406565884474e-13 5.213940927337969e-13 7.001247315067714e-14
6.924186731123532 3.2989076967032947e-21 6.063290392221703e-13 5.349167261260095e-13 7.141231309616078e-14
6.976315295795916 3.3478635939219018e-21 6.199594554497064e-13 5.471293369567866e-13 7.283011849291976e-14
7.028836309048954 3.370554029942963e-21 6.288602668996123e-13 5.54713799777711e-13 7.414646712190135e-14
7.081752725421856 3.37539770903602e-21 6.34505137261119e-13 5.590905534080608e-13 7.541458385305825e-14
7.135067521697011 3.384349091491186e-21 6.409773363574566e-13 5.641452921230724e-13 7.683204423438427e-14
7.1887836970674375 3.4140172559438915e-21 6.514642096494543e-13 5.7295327030657e-13 7.851093934288425e-14
7.242904273305506 3.47010658364815e-21 6.671523077762955e-13 5.866278516599158e-13 8.052445611637985e-14
7.297432294932914 3.5478129018087776e-21 6.872270035330261e-13 6.041999787483816e-13 8.302702478464429e-14
7.352370829391971 3.6368660434378514e-21 7.097806269548333e-13 6.233632695570954e-13 8.641735739773781e-14
7.379995003818881 3.691069773891237e-21 7.230656922655216e-13 6.34632687865655e-13 8.84330043998669e-14
7.407722967218148 3.74905986926257e-21 7.371850872263405e-13 6.466457939839392e-13 9.053929324240135e-14
7.463496598684601 3.890497713499263e-21 7.707560399128465e-13 6.754564929472618e-13 9.529954696558467e-14
7.519690156487492 4.066794347268715e-21 8.117486787990791e-13 7.108501682075376e-13 1.0089851059154156e-13
7.533803324048627 4.117616528280286e-21 8.234355447232551e-13 7.209475773529121e-13 1.0248796737034318e-13
7.547942979602549 4.16976999191926e-21 8.354301475731432e-13 7.313273682642005e-13 1.0410277930894275e-13
7.57630195363571 4.277484103434342e-21 8.602310462278184e-13 7.528004970253958e-13 1.074305492024225e-13
7.590521371821866 4.331878792498815e-21 8.72805223780879e-13 7.636299565925392e-13 1.0917526718833992e-13
7.604767477414989 4.387647891877994e-21 8.857010120553565e-13 7.747525145516575e-13 1.1094849750369912e-13
7.633339951266878 4.4973240402698575e-21 9.112514189508813e-13 7.967561883770931e-13 1.1449523057378792e-13
7.662019777021956 4.580478263360599e-21 9.315872333074012e-13 8.139074146748527e-13 1.1767981863254849e-13
7.690807358020558 4.634227819983196e-21 9.46060142842396e-13 8.257171106562483e-13 1.2034303218614763e-13
7.719703099118437 4.657740640337922e-21 9.54432748607454e-13 8.319879753011762e-13 1.224447733062779e-13
7.748707406692464 4.648498562007706e-21 9.561177837387792e-13 8.316619145601908e-13 1.2445586917858833e-13
7.777823177463063 4.626164182128912e-21 9.550993300188193e-13 8.263383191643132e-13 1.2876101085450633e-13
7.807048350752435 4.591967105247287e-21 9.51601395871431e-13 8.178728306530988e-13 1.3372856521833224e-13
7.836380830085272 4.541068507886036e-21 9.445892972165398e-13 8.05953837086284e-13 1.3863546013025572e-13
7.851088371676256 4.502826572427035e-21 9.383924807538526e-13 7.976301343386162e-13 1.4076234641523608e-13
7.86582351679805 4.461647602361785e-21 9.315558472542254e-13 7.888134464070836e-13 1.4274240084714167e-13
7.89537682495964 4.368353202229048e-21 9.155035685658295e-13 7.693745592300387e-13 1.461290093357907e-13
7.9250411701946435 4.270058829466993e-21 8.982657039652606e-13 7.485504735021513e-13 1.497152304631093e-13
7.939915112024199 4.220299107267714e-21 8.89464305411078e-13 7.378441902428275e-13 1.5162011516825048e-13
7.954816969689239 4.1732859488986505e-21 8.812066536565935e-13 7.275803563430681e-13 1.5362629731352516e-13
7.9847046421970465 4.088609568052887e-21 8.66570558078438e-13 7.085714154066195e-13 1.5799914267181838e-13
8.044817289139356 3.963506594995363e-21 8.463796313081192e-13 6.778529875397062e-13 1.6852664376841294e-13
8.07504310897143 3.929333254531814e-21 8.422347309484354e-13 6.67356260515503e-13 1.7487847043293218e-13
8.105382492623747 3.902709113914106e-21 8.396709528109829e-13 6.580317183012791e-13 1.8163923450970403e-13
8.135835866775926 3.887373314602192e-21 8.39513840812747e-13 6.512107275232952e-13 1.883031132894518e-13
8.166403659710703 3.8851760710091075e-21 8.421917470182253e-13 6.466760387205979e-13 1.9551570829762755e-13
8.197086301319933 3.892509202068846e-21 8.469515915734283e-13 6.43898930218128e-13 2.0305266135530032e-13
8.227884223110665 3.904168968530742e-21 8.526802625823753e-13 6.416571141906594e-13 2.11023148391716e-13
8.258797858211198 3.936282742728291e-21 8.629240154909118e-13 6.413469895585672e-13 2.2157702593234473e-13
8.289827641377162 4.0243278567872475e-21 8.85540215721037e-13 6.428122733015016e-13 2.4272794241953546e-13
8.320974008997652 4.1375626249136405e-21 9.138779076773231e-13 6.457467110093429e-13 2.681311966679803e-13
8.35223739910135 4.263063327307922e-21 9.451354373343215e-13 6.492838456478902e-13 2.9585159168643126e-13
8.383618251362687 4.400880113416269e-21 9.79355722714884e-13 6.556603309603543e-13 3.2369539175452986e-13
8.415117007108037 4.556193618524119e-21 1.0177280945248415e-12 6.638328640949643e-13 3.538952304298773e-13
8.446734109321913 4.721485088924053e-21 1.0586121615965105e-12 6.739360030174331e-13 3.846761585790773e-13
8.478470002653195 4.897364127352694e-21 1.1021718550939804e-12 6.860678706239996e-13 4.161039844699809e-13
8.542299949622933 5.260643946952937e-21 1.1928426494301852e-12 7.111448274549252e-13 4.816978219752595e-13
8.558332380220154 5.3470873198900955e-21 1.2147190951843538e-12 7.162908192159872e-13 4.984282759683665e-13
8.574394900937412 5.4243169465350965e-21 1.2345764040078667e-12 7.195388572706754e-13 5.150375467371912e-13
8.606610438733982 5.5477395382921635e-21 1.2674114961149205e-12 7.198115029982437e-13 5.475999931166766e-13
8.622764948673899 5.598617042485648e-21 1.281435474395198e-12 7.17555187913427e-13 5.638802864817713e-13
8.638949780445296 5.635038990874838e-21 1.2921927732783532e-12 7.125088795462781e-13 5.796838937320749e-13
8.655163606183647 5.67247218636027e-21 1.3032180599785078e-12 7.073574860883404e-13 5.958605738901672e-13
8.671407862489573 5.70625972106638e-21 1.313441038391081e-12 7.013888699278124e-13 6.120521684632688e-13
8.703987895363145 5.764434314040253e-21 1.3318165462178492e-12 6.874387403445249e-13 6.443778058733244e-13
8.736690337257128 5.83447292958655e-21 1.3530629589774112e-12 6.748288987053026e-13 6.782340602721083e-13
8.802464289484785 6.0095562768640175e-21 1.4041584293192973e-12 6.54588181708079e-13 7.495702476112182e-13
8.868733419248175 6.271469421872274e-21 1.4763874438045665e-12 6.424123900587899e-13 8.339750537457765e-13
8.935501454478851 6.671752785411272e-21 1.58244384876173e-12 6.352952966439688e-13 9.471485521177613e-13
9.002772151174003 7.106002103088607e-21 1.6981303482593747e-12 6.314067854332582e-13 1.0667235628261167e-12
9.07054929360775 7.553140007057383e-21 1.8185722334363477e-12 6.295003616737333e-13 1.1890718717626144e-12
9.13883669454403 8.01071279004275e-21 1.943262683652476e-12 6.287527319926908e-13 1.3145099516597845e-12
9.207638195451068 8.457737381838105e-21 2.06714944301952e-12 6.289877452052556e-13 1.4381616978142645e-12
9.276957666717493 8.939817054121071e-21 2.201423708041911e-12 6.293413927994227e-13 1.5720823152424885e-12
9.346799007870057 9.393571811829308e-21 2.330575070648567e-12 6.303118802994372e-13 1.7002631903491298e-12
9.417166147792997 9.861888661369645e-21 2.4651863876246864e-12 6.312995998284247e-13 1.8338867877962617e-12
9.488063044949055 1.0164371691971177e-20 2.5599267162636872e-12 6.326087211432682e-13 1.9273179951204195e-12
9.559493687602165 1.0482385571807996e-20 2.6598947608944968e-12 6.338891292450745e-13 2.0260056316494223e-12
9.631462094041797 1.0774525488083457e-20 2.754608007680107e-12 6.353533546584186e-13 2.119254653021688e-12
9.703972312809022 1.1060704289498868e-20 2.8490611015393312e-12 6.367662871973853e-13 2.2122948143419462e-12
9.777099908821425 1.1164530224092982e-20 2.8974766175032104e-12 6.383006333121841e-13 2.259175984191026e-12
9.924867353363874 1.1273102797427438e-20 2.9698711764710745e-12 6.413426632427282e-13 2.328528513228346e-12
10.074868099996943 1.1091712546639317e-20 2.966247655614049e-12 6.444676893821705e-13 2.3217799662318785e-12
10.150790707826552 1.0916714757618915e-20 2.9414486374448872e-12 6.460291429510107e-13 2.2954194944938763e-12
10.22721067892732 1.0735768613369487e-20 2.914471267263365e-12 6.477445364965066e-13 2.266726730766858e-12
10.304205975847633 1.0553836953943774e-20 2.8866514300284593e-12 6.494207449616433e-13 2.237230685066816e-12
10.381780929913377 1.0304524950058453e-20 2.839679123118649e-12 6.513588502081242e-13 2.1883202729105247e-12
10.459939905058707 1.0058615232783466e-20 2.792780594060153e-12 6.533044141653918e-13 2.139476179894762e-12
10.538687298071551 9.786755613299965e-21 2.737755720357795e-12 6.557433552414083e-13 2.0820123651163873e-12
10.618027538840941 9.51625826580189e-21 2.682128003040583e-12 6.582745615000583e-13 2.0238534415405253e-12
10.697971937068667 9.189432936097305e-21 2.6095138128012493e-12 6.615948644606304e-13 1.947918948340619e-12
10.778518246224262 8.868904018919196e-21 2.537455584965365e-12 6.658893866739714e-13 1.871566198291393e-12
10.859664048220797 8.559269058716867e-21 2.4673030853788334e-12 6.718888593158662e-13 1.795414226062968e-12
10.941420754335242 8.265131840953883e-21 2.4004515121426947e-12 6.805771625819098e-13 1.7198743495607852e-12
10.961955922839442 8.194652761084973e-21 2.384449011934995e-12 6.835717533305548e-13 1.7008772586044407e-12
10.982529632329763 8.126164111002764e-21 2.36895824299838e-12 6.868991664474077e-13 1.6820590765509718e-12
11.023792963743814 7.995862967334005e-21 2.3397304323189526e-12 6.949106410295623e-13 1.6448197912893902e-12
11.065211328886559 7.87486454564347e-21 2.3129819202282907e-12 7.052763585375688e-13 1.6077055616907218e-12
11.08597883104876 7.81965745822042e-21 2.3010772945586437e-12 7.119008532791612e-13 1.589176441279483e-12
11.106785310247485 7.767158836074088e-21 2.2899183468977967e-12 7.192592405028582e-13 1.5706591063949383e-12
11.14851549250461 7.671690187054773e-21 2.2702701069675085e-12 7.365946419704168e-13 1.5336754649970917e-12
11.169441129330048 7.627056959589847e-21 2.2612983520592273e-12 7.457939021590024e-13 1.515504449900225e-12
11.190406043337886 7.578955068111887e-21 2.2512545862596733e-12 7.539737279046315e-13 1.4972808583550417e-12
11.21140851448765 7.529475187312355e-21 2.2407547045779075e-12 7.618760118583606e-13 1.4788786927195467e-12
11.22192452720434 7.5056448251502e-21 2.235757961228796e-12 7.659959662539608e-13 1.469761994974835e-12
11.232450403670388 7.476280257080825e-21 2.2290998146641623e-12 7.67726713836475e-13 1.4613731008276863e-12
11.253533585369773 7.412511123844794e-21 2.214234955440593e-12 7.691606367739598e-13 1.4450743186666326e-12
11.274656339961506 7.345940581043866e-21 2.198468044261889e-12 7.694380035551135e-13 1.4290300407067757e-12
11.285231677511122 7.31316044269908e-21 2.190710620876115e-12 7.695748760482373e-13 1.4211357448278776e-12
11.295816934455262 7.274279195740009e-21 2.1811073648453255e-12 7.679088542472168e-13 1.4131985105981086e-12
11.317017243752359 7.193748126417185e-21 2.1610093131551488e-12 7.636321390492165e-13 1.3973771741059323e-12
11.338257342390673 7.113882551472666e-21 2.1410284277621545e-12 7.593488314275152e-13 1.3816795963346387e-12
11.359537305047965 7.032776282061291e-21 2.120590822650608e-12 7.547740229442924e-13 1.3658167997063156e-12
11.402217121831576 6.865831137570384e-21 2.0780302129935598e-12 7.446525034762065e-13 1.333377709517353e-12
11.423617126015266 6.781534739605298e-21 2.0563690689011658e-12 7.394176208438948e-13 1.3169514480572708e-12
11.445057294333186 6.695822591646092e-21 2.0341891919949424e-12 7.34150624593829e-13 1.300038567401113e-12
11.488058425037956 6.520824854314216e-21 1.9884679896724872e-12 7.236531214308784e-13 1.2648148682416088e-12
11.53122111869469 6.353377315636282e-21 1.9446855232830967e-12 7.141740631020535e-13 1.2305114601810438e-12
11.574545982324347 6.19293504664038e-21 1.9026982672091487e-12 7.055927710293613e-13 1.1971054961797875e-12
11.618033625228566 6.037167918662902e-21 1.861809824530999e-12 6.979578237973188e-13 1.1638520007336804e-12
11.661684658998247 5.880119995114254e-21 1.820190802008589e-12 6.918106352092578e-13 1.1283801667993314e-12
11.705499697522141 5.727303688612048e-21 1.7795475755223204e-12 6.87123996005953e-13 1.0924235795163673e-12
11.749479356995494 5.575962527091048e-21 1.7390333155148369e-12 6.834567576964373e-13 1.0555765578183995e-12
11.793624255928705 5.428656313146756e-21 1.6994526451433269e-12 6.802719193761412e-13 1.0191807257671855e-12
11.83793501515603 5.280472383733736e-21 1.6592741994548658e-12 6.782603158871503e-13 9.810138835677155e-13
11.882412257844306 5.136276736937183e-21 1.6200277885218864e-12 6.765044409024589e-13 9.435233476194278e-13
11.92705660950172 4.99106206755334e-21 1.5801404265623602e-12 6.755510059849112e-13 9.045894205774492e-13
11.971868697986617 4.8493997556575576e-21 1.5410593484049968e-12 6.747982966554828e-13 8.662610517495141e-13
12.016849153516302 4.704319629025967e-21 1.5005720891548961e-12 6.748559862315757e-13 8.257161029233204e-13
12.061998608675935 4.563643448559891e-21 1.4611688775771532e-12 6.750567027311089e-13 7.861121748460445e-13
12.152807060118223 4.282030006349983e-21 1.3813245877302852e-12 6.769349398853129e-13 7.04389647844972e-13
12.198467333490619 4.139712429100039e-21 1.3404322676451226e-12 6.786572309298098e-13 6.61775036715313e-13
12.244299160690385 4.002801692659619e-21 1.30097047289548e-12 6.805843584984976e-13 6.203861143969826e-13
12.290303186275983 3.86112199107734e-21 1.2596374173737312e-12 6.83206850602783e-13 5.764305667709481e-13
12.3364800572276 3.746142869315427e-21 1.2267188263713964e-12 6.860409180883421e-13 5.406779082830539e-13
12.382830422956244 3.7009443432271565e-21 1.2164714271561143e-12 6.893428814756699e-13 5.271285456804445e-13
12.429354935312874 3.6574809007854715e-21 1.2067021596233618e-12 6.927571587612933e-13 5.139450008620688e-13
12.476058240797144 3.61483744514945e-21 1.1971142455271355e-12 6.95998384079059e-13 5.011158614480767e-13
12.522937033967983 3.581661792020962e-21 1.190584444514019e-12 6.992228925749057e-13 4.91361551939113e-13
12.569987951963114 3.579930121956134e-21 1.1944798943402482e-12 7.015690193036801e-13 4.929108750365679e-13
12.593579661530361 3.577435940443571e-21 1.1958879572500792e-12 7.022507934709336e-13 4.936371637791459e-13
12.617215648686605 3.573914609797139e-21 1.1969530916544634e-12 7.026208003834717e-13 4.943322912709918e-13
12.664620788327802 3.5628305991601905e-21 1.1977241241032587e-12 7.021213554703202e-13 4.956027686329388e-13
12.71220403757155 3.547567105305708e-21 1.1970737492617401e-12 7.003273855814361e-13 4.96746363680304e-13
12.736062662318053 3.538206901588533e-21 1.1961560617938058e-12 6.988921629067277e-13 4.972638988870781e-13
12.759966065607527 3.527894030827822e-21 1.194908041850219e-12 6.971576193134126e-13 4.977504225368067e-13
12.807907544139693 3.5041285423668066e-21 1.1913178416944505e-12 6.927068701824523e-13 4.986109715119982e-13
12.856029147395699 3.47911193181518e-21 1.1872568467205895e-12 6.878591790306152e-13 4.993976676899743e-13
12.904331552136407 3.453529991700112e-21 1.1829548737035064e-12 6.827923000750806e-13 5.001625736284261e-13
12.95281543766539 3.427931569215066e-21 1.1785981473321274e-12 6.777399203158952e-13 5.008582270162324e-13
13.00148148583848 3.403421900137203e-21 1.1745677276809148e-12 6.730198533087188e-13 5.01547874372196e-13
13.050330381073369 3.3798953422021453e-21 1.1708309443929319e-12 6.685993891344788e-13 5.022315552584532e-13
13.099362810359226 3.3574234841952753e-21 1.1674162326721617e-12 6.645116368338087e-13 5.029045958383533e-13
13.197981031955921 3.316240898250047e-21 1.1617776140794145e-12 6.575875207619066e-13 5.041900933175078e-13
13.247568211189632 3.2972429351459677e-21 1.1594620642769663e-12 6.546599074195367e-13 5.048021568574295e-13
13.297341698339563 3.2788481659770023e-21 1.157325622122908e-12 6.519257105266127e-13 5.05399911596295e-13
13.397450398986955 3.2442207600993636e-21 1.1537241672272702e-12 6.472317399513682e-13 5.064924272759016e-13
13.447787020368724 3.227722786651014e-21 1.1521697894926242e-12 6.451955385652496e-13 5.069742509273748e-13
13.498312765455129 3.211480407748364e-21 1.150679025151443e-12 6.432508301489852e-13 5.074281950024578e-13
13.59993447169816 3.1797432033239723e-21 1.1478847774330194e-12 6.397566654939976e-13 5.081281119390217e-13
13.702321234386334 3.154820593703965e-21 1.147461822611623e-12 6.366476817018341e-13 5.10814140909789e-13
13.805478813227746 3.1829208867687457e-21 1.1663979588657408e-12 6.338295556294731e-13 5.325684032362679e-13
13.90941301129231 3.2162082945033617e-21 1.1874693354913932e-12 6.31089208908662e-13 5.563801265827312e-13
13.96167316792965 3.2490565214825696e-21 1.2041044650810463e-12 6.298561778753056e-13 5.742482872057408e-13
14.014129675338197 3.2830059023692922e-21 1.2212574565060249e-12 6.286670370903855e-13 5.925904194156391e-13
14.119634696140762 3.352667561796028e-21 1.256560450237424e-12 6.266343197058503e-13 6.29926130531574e-13
14.225934008823913 3.422826809117941e-21 1.2925136780926005e-12 6.246131681717997e-13 6.67900509920801e-13
14.333033593193976 3.496823484073958e-21 1.3303970154710594e-12 6.225424189583709e-13 7.078545965126882e-13
14.44093947407611 3.567288723254678e-21 1.367423822779332e-12 6.203680094136301e-13 7.47055813365702e-13
14.54965772165321 3.64197398228374e-21 1.4065625456702702e-12 6.181547082149967e-13 7.884078374552735e-13
14.659194451807393 3.7210729924387236e-21 1.447930538540627e-12 6.159029834254786e-13 8.32027555115148e-13
14.769555826464039 3.803730515674235e-21 1.491236786438646e-12 6.136040883430007e-13 8.776326980956452e-13
14.992777389284976 3.961701689749574e-21 1.5766427440195068e-12 6.087308827847275e-13 9.679118612347791e-13
15.21937263962189 4.135600027426314e-21 1.670724007512569e-12 6.037195447463229e-13 1.0670044627662459e-12
15.449392566130673 4.3199437704319014e-21 1.7715725225224201e-12 5.983911660359415e-13 1.1731813564864792e-12
15.682888928090767 4.679695480613947e-21 1.948108283757854e-12 5.92957057192416e-13 1.3551512265654383e-12
15.919914267052077 5.0759412383273564e-21 2.1449972686354016e-12 5.872703793829374e-13 1.5577268892524638e-12
16.03976693895051 5.2652850922630554e-21 2.2417613536586307e-12 5.844116793984119e-13 1.657349674260219e-12
16.1605219186579 5.4639082820213094e-21 2.3438413739992854e-12 5.818131318987251e-13 1.76202824210056e-12
16.22123989475974 5.5501248365382305e-21 2.3897706980908173e-12 5.805261638046119e-13 1.8092445342862053e-12
16.282185999175777 5.638581486536812e-21 2.436980228420558e-12 5.792306502372321e-13 1.8577495781833254e-12
16.312744867225646 5.6836667039685835e-21 2.461076306820564e-12 5.785797257604761e-13 1.8824965810600877e-12
16.343361089024967 5.729332338420285e-21 2.4855060466306875e-12 5.779267091054006e-13 1.9075793375252866e-12
16.404766024646595 5.8224328303405016e-21 2.5353852573811893e-12 5.766144580576217e-13 1.958770799323568e-12
16.466401669612416 5.917939766011525e-21 2.5866560178892133e-12 5.752940145269185e-13 2.0113620033622945e-12
16.497306278852424 5.966613783261201e-21 2.612825448676593e-12 5.746307572036482e-13 2.038194691472945e-12
16.528268890738765 6.015911349146048e-21 2.639357568225605e-12 5.739654956771536e-13 2.0653920725484515e-12
16.590368558098763 6.116407218925349e-21 2.6935302625623357e-12 5.726290184198449e-13 2.1209012441424904e-12
16.65270154503456 6.21515549121824e-21 2.74730027695907e-12 5.712798159846057e-13 2.176020460974464e-12
16.715268728169598 6.297422133642222e-21 2.7941235280827663e-12 5.69902142565881e-13 2.2242213855168854e-12
16.778070987420957 6.3813587955809614e-21 2.8420036042394354e-12 5.685170812080923e-13 2.273486523031343e-12
16.9043842704834 6.55436515297444e-21 2.9410297827331337e-12 5.657252524124428e-13 2.375304530320691e-12
17.03164849990255 6.734426217839318e-21 3.044575286145818e-12 5.629052419799612e-13 2.4816700441658583e-12
17.159870834853997 6.917391311692324e-21 3.1508359476580045e-12 5.600528819017566e-13 2.590783065756248e-12
17.289058488411015 7.06382773905475e-21 3.2417601283622418e-12 5.571260358814916e-13 2.6846340924807493e-12
17.35401657858945 7.13870189992349e-21 3.288430654345305e-12 5.556533773873905e-13 2.732777276957914e-12
17.386587088641786 7.176559111063658e-21 3.312074062602764e-12 5.549147872250949e-13 2.757159275377669e-12
17.419218727950305 7.214698779118379e-21 3.335925238797968e-12 5.541747079933532e-13 2.7817505308046146e-12
17.48466585346766 7.291832662032303e-21 3.3842579956861954e-12 5.526901368120824e-13 2.8315678588741134e-12
17.550358875560836 7.370118013169772e-21 3.4334432739905002e-12 5.511997725700038e-13 2.8822435014204974e-12
17.682486308455736 7.509882109601023e-21 3.524892551408985e-12 5.481969760903424e-13 2.9766955753186434e-12
17.81560845938729 7.456111016334446e-21 3.526001220239431e-12 5.451236192594172e-13 2.9808776009800135e-12
17.882544892141226 7.429185690022963e-21 3.52646818869197e-12 5.435794279036615e-13 2.982888760788308e-12
17.949732817065083 7.400697224735276e-21 3.5261441168172278e-12 5.420303657611226e-13 2.9841137510561037e-12
18.084866926577256 7.330564637401226e-21 3.5190235886745873e-12 5.389180404101323e-13 2.9801055482644545e-12
18.221018389814958 7.259874782171315e-21 3.5113264631708743e-12 5.357917627786818e-13 2.9755347003921917e-12
18.496404071615608 7.102831784510726e-21 3.487291625985829e-12 5.295815214418956e-13 2.9577101045439337e-12
18.635790038622734 7.025210060168899e-21 3.4751740165399008e-12 5.265744399002565e-13 2.9485995766396444e-12
18.776226396166493 6.94752706412198e-21 3.4626451970578067e-12 5.235459439682854e-13 2.9390992530895206e-12
18.91772105982334 6.865229149290054e-21 3.447412788862736e-12 5.20472043319679e-13 2.9269407455430564e-12
19.203636446149176 6.7027423818695e-21 3.416688896384221e-12 5.142821775038515e-13 2.9024067188803685e-12
19.4938730510763 6.5373949905724344e-21 3.3827686139701436e-12 5.07986274395276e-13 2.8747823395748676e-12
19.78849618389234 6.370615804560813e-21 3.3462904903825465e-12 5.016011349724839e-13 2.8446893554100626e-12
20.08757214094514 6.202228694453168e-21 3.3070796769612952e-12 4.951260803289064e-13 2.8119535966323886e-12
20.391466406516905 6.033323706924079e-21 3.265686707259593e-12 4.885710756966991e-13 2.777115631562894e-12
20.699681925472166 5.861378050424407e-21 3.2205707094245117e-12 4.819730828489713e-13 2.7385976265755403e-12
21.012556099387844 5.6777961929913044e-21 3.1668545578355e-12 4.753364468498917e-13 2.691518110985608e-12
21.652507708764745 5.31072085903394e-21 3.052327360723494e-12 4.624112697075451e-13 2.5899160910159495e-12
21.979755641372343 5.1334856414005805e-21 2.9950539140229874e-12 4.559420578298246e-13 2.5391118561931626e-12
22.311949477282987 4.960130969661935e-21 2.9376502936240146e-12 4.494313657577241e-13 2.48821892786629e-12
22.64916396703608 4.790526758269048e-21 2.8800821744205047e-12 4.42878212591239e-13 2.4372039618292664e-12
22.991811201917592 4.6247212132954534e-21 2.8224624671298816e-12 4.36289670900809e-13 2.3861727962290735e-12
23.339642165776596 4.4627427844990214e-21 2.7648112176319017e-12 4.296693061901831e-13 2.335141911441719e-12
23.69273528050995 4.304773890262719e-21 2.7072912526534813e-12 4.230306955718784e-13 2.2842605570816032e-12
24.414313559781952 4.001402100282114e-21 2.593141089639737e-12 4.100105408446446e-13 2.1831305487950924e-12
24.78366481022829 3.857588363615483e-21 2.5377617240611266e-12 4.0357845471878276e-13 2.1341832693423443e-12
25.15860378059443 3.719245613120602e-21 2.4837668591994123e-12 3.971914395617206e-13 2.0865754196376918e-12
25.924826076583233 3.456254483775601e-21 2.378433408900237e-12 3.844465766122245e-13 1.9939868322880124e-12
26.714384190886577 3.208526733638035e-21 2.275203581615548e-12 3.718085825519499e-13 1.903394999063598e-12
27.527988831636016 2.974356225081827e-21 2.1733861603273476e-12 3.5930933442077956e-13 1.8140768259065686e-12
28.366372352060132 2.7541923800776594e-21 2.073803030730035e-12 3.4701926633437634e-13 1.726783764395658e-12
29.2302894097004 2.54689856903291e-21 1.9761240232009724e-12 3.350008268644074e-13 1.6411231963365655e-12
30.12051764570424 2.354714372819739e-21 1.8826522125437512e-12 3.231869782467575e-13 1.5594652342969936e-12
30.575747924857424 2.2652035104548037e-21 1.8384581505463726e-12 3.1733372288826247e-13 1.52112442765811e-12
31.037858384806153 2.179864888876538e-21 1.7959355884385699e-12 3.115185586114251e-13 1.4844170298271443e-12
31.983137356627505 2.0186367738626698e-21 1.7137547711073894e-12 3.001026380173609e-13 1.413652133090028e-12
32.95720543894392 1.871552525217558e-21 1.6372757609171936e-12 2.8906242650696396e-13 1.3482133344102295e-12
33.960939423588975 1.734929160269929e-21 1.5639788466909269e-12 2.7829205025510983e-13 1.2856867964358168e-12
34.99524280568484 1.6059406550453545e-21 1.4917908420591099e-12 2.676653379575572e-13 1.2241255041015526e-12
36.06104659690874 1.4854256210238663e-21 1.4218660039264252e-12 2.5729250333706064e-13 1.1645735005893643e-12
37.159310163528254 1.372155862865978e-21 1.353444718382471e-12 2.473365592946062e-13 1.1061081590878646e-12
38.29102208995955 1.2667357845974394e-21 1.2875153970078619e-12 2.376903889315815e-13 1.0498250080762802e-12
39.45720106862597 1.16758416177099e-21 1.2228801715531721e-12 2.282237522298929e-13 9.946564193232795e-13
40.65889681691763 1.0754694048215878e-21 1.1607082838272868e-12 2.190123985859431e-13 9.416958852413435e-13
41.897191022077855 9.904314697166071e-22 1.1014854658146565e-12 2.101487550554403e-13 8.91336710759216e-13
43.173198314866475 9.119152679112294e-22 1.0450525827378442e-12 2.0158382754766565e-13 8.434687551901786e-13
44.48806727287728 8.385049162166995e-22 9.901901118204621e-13 1.9326298448214143e-13 7.969271273383208e-13
45.8429814544115 7.704690474995819e-22 9.375565754494468e-13 1.8520252296225945e-13 7.52354052487187e-13
47.23916046383907 7.06918909189669e-22 8.864233801435678e-13 1.774270645305709e-13 7.089963156129969e-13
48.67786104940597 6.4808125573981995e-22 8.373950326890486e-13 1.699253467998221e-13 6.674696858892262e-13
50.16037823447602 5.932593533041373e-22 7.899049396749946e-13 1.6268961728021642e-13 6.272153223947782e-13
51.68804648322576 5.425759644557776e-22 7.444235483406928e-13 1.5571243951295424e-13 5.887111088277386e-13
53.26224090184056 4.954704504649457e-22 7.004975588481643e-13 1.4897671075860806e-13 5.515208480895562e-13
54.884378476295105 4.519753960509587e-22 6.58465427719064e-13 1.4248065619653812e-13 5.159847715225261e-13
56.55591934783037 4.116892756373572e-22 6.180406682796926e-13 1.362449923418734e-13 4.817956759378191e-13
58.27836812727644 3.7455730636514136e-22 5.794221437751082e-13 1.3026091741251907e-13 4.491612263625892e-13
60.05327524940399 3.4125775336336233e-22 5.439871722932869e-13 1.2448718064524085e-13 4.194999916480458e-13
61.88223836852342 3.1146777072421547e-22 5.11621235226785e-13 1.1891549997349924e-13 3.927057352532857e-13
62.81758386220369 2.9764654698657067e-22 4.963082677051845e-13 1.1621812019799232e-13 3.8009014750719205e-13
63.7670670344103 2.8493512081165106e-22 4.822939991819408e-13 1.1358113598345056e-13 3.687128631984902e-13
65.70913619443517 2.619405419443729e-22 4.568755454613439e-13 1.0848716749933612e-13 3.4838837796200787e-13
67.71035238438829 2.4056064094151636e-22 4.3236355519920953e-13 1.0358281397551965e-13 3.2878074122368985e-13
69.77251696707448 2.2052608914635687e-22 4.0842639274920334e-13 9.884682855462109e-14 3.0957956419458226e-13
71.89748616702131 2.0202057704344228e-22 3.8554825891143687e-13 9.431422896004141e-14 2.912340299513954e-13
74.08717274132995 1.8498107084065457e-22 3.6378077525313023e-13 8.999941747537084e-14 2.737813577777593e-13
76.34354770141287 1.6935875169980236e-22 3.432016877069712e-13 8.585978587486143e-14 2.5734190183210977e-13
78.66864208716851 1.550686983892982e-22 3.2381370695694506e-13 8.186877413229466e-14 2.4194493282465037e-13
81.06454879518883 1.4205607220451633e-22 3.05675200146708e-13 7.804431537431951e-14 2.2763088477238856e-13
83.5334244626476 1.3037390843062702e-22 2.8908156956408705e-13 7.439746845379364e-14 2.1468410111029342e-13
86.07749140856238 1.1966264781242987e-22 2.7341204492814174e-13 7.090629019715198e-14 2.0250575473098975e-13
88.69903963417964 1.096514577991136e-22 2.581682082309023e-13 6.755371258549467e-14 1.9061449564540766e-13
91.4004288842828 1.0041763071033178e-22 2.436282451000383e-13 6.434203866554544e-14 1.7928620643449285e-13
94.18409077127889 9.192278876698837e-23 2.2981066221148884e-13 6.12722429035379e-14 1.6853841930795092e-13
97.05253096397554 8.413339801749828e-23 2.1674282436065036e-13 5.833510045248076e-14 1.584077239081696e-13
100.00833144301866 7.713992775782584e-23 2.0477872862965185e-13 5.552586633712628e-14 1.492528622925256e-13
103.05415282502196 7.075103583186355e-23 1.9353866144050966e-13 5.283778215772457e-14 1.4070087928278507e-13
106.19273675747671 6.503194243922253e-23 1.8331203244085447e-13 5.0260573915430176e-14 1.3305145852542428e-13
109.4269083866038 5.980168728107385e-23 1.7370287236348057e-13 4.7793381686970616e-14 1.2590949067650997e-13
112.75957890036308 5.489752483815834e-23 1.6431440641293444e-13 4.5441637370424306e-14 1.1887276904251014e-13
116.1937481489129 5.035107603348783e-23 1.5529624345601104e-13 4.3194491292235014e-14 1.1210175216377604e-13
119.73250734487735 4.6078785882303545e-23 1.4644769406526136e-13 4.103549362640473e-14 1.054122004388566e-13
123.37904184585196 4.211740827092338e-23 1.3793436025222856e-13 3.896656938364232e-14 9.896779086858627e-14
127.13663402165271 3.841167632983549e-23 1.2962936777849812e-13 3.699845732615527e-14 9.263091045234286e-14
131.0086662088879 3.4984101027652076e-23 1.2165786108461835e-13 3.5121459132024154e-14 8.653640195259419e-14
134.99862375551584 3.1792579189377104e-23 1.139264424135515e-13 3.331786713891388e-14 8.060857527463763e-14
139.11009815812417 2.884821764889161e-23 1.065239043799823e-13 3.158791693141233e-14 7.493598744856998e-14
143.3467902947586 2.6153715798377166e-23 9.95155176000757e-14 2.994173007296009e-14 6.957378752711561e-14
147.71251375620898 2.369486209144506e-23 9.290538928158812e-14 2.8374078628989967e-14 6.453131065259819e-14
152.21119827875228 2.156229766906411e-23 8.711863761885582e-14 2.687173631078591e-14 6.02469013080699e-14
156.84689328144228 1.970110879109393e-23 8.20230705537945e-14 2.5431958098696192e-14 5.659111245509832e-14
159.21741877681018 1.8824615695676914e-23 7.955841654975426e-14 2.4737079794539526e-14 5.4821336755214756e-14
161.62377151112827 1.7975012182557447e-23 7.711588789358785e-14 2.4058844216231596e-14 5.305704367735625e-14
166.54613279848823 1.6357762270352794e-23 7.231491467544811e-14 2.2750618392297893e-14 4.9564296283150195e-14
171.61840792845166 1.488459665632294e-23 6.780635084398424e-14 2.150089030486562e-14 4.630546053911862e-14
176.84516262850022 1.355297565979369e-23 6.36205290366032e-14 2.0306542823385884e-14 4.33139862132173e-14
179.5181642894721 1.2929639467071278e-23 6.161184962061416e-14 1.9730137608825387e-14 4.1881712011788777e-14
182.2315681744764 1.2316947524232425e-23 5.957940155753826e-14 1.9167419886523412e-14 4.041198167101482e-14
187.78155384880017 1.1137218762986556e-23 5.551356421653742e-14 1.8082339475888033e-14 3.743122474064939e-14
190.61961427604518 1.0589751639233652e-23 5.35824779854005e-14 1.7559238734618698e-14 3.60232392507818e-14
193.5005680909718 1.0070410998578915e-23 5.172480630052434e-14 1.7048711143694383e-14 3.467609515682995e-14
199.3937587803602 9.118525163228607e-24 4.826203100361745e-14 1.6064669035460603e-14 3.219736196815684e-14
205.46643057848152 8.270703109924932e-24 4.51079136891135e-14 1.512752052034728e-14 2.998039316876622e-14
211.72404970390772 7.534982695588934e-24 4.234692547301068e-14 1.4234821371514557e-14 2.8112104101496125e-14
218.17224885259444 6.86261882526894e-24 3.974283270090525e-14 1.3386346340891943e-14 2.6356486360013306e-14
224.8168322680627 6.22561719862442e-24 3.715186932124436e-14 1.2581969414679746e-14 2.4569899906564618e-14
231.66378096599615 5.636211804779771e-24 3.46589082524935e-14 1.1818062351726685e-14 2.2840845900766817e-14
238.71925811795668 5.088922104105073e-24 3.2246508069632966e-14 1.1090851993445047e-14 2.1155656076187916e-14
245.98961459906556 4.5863128779953075e-24 2.994676289576791e-14 1.0401187801921661e-14 1.9545575093846245e-14
249.71106150874405 4.345552514836014e-24 2.880396115062848e-14 1.0070866584656977e-14 1.8733094565971507e-14
253.4888082224776 4.1114532094051205e-24 2.7664547738082245e-14 9.75026150130057e-15 1.7914286236781676e-14
261.20898134247824 3.679686678528872e-24 2.5513402415798694e-14 9.13517241278098e-15 1.6378230003017717e-14
269.1642775569489 3.305908879399106e-24 2.3619882536552517e-14 8.550522090248466e-15 1.506936044630405e-14
277.3618576987742 2.971790463470038e-24 2.1879346954202407e-14 7.997218937280133e-15 1.3882128016922269e-14
285.8091006888481 2.6477399427003244e-24 2.0087265209092723e-14 7.47703160287002e-15 1.2610233606222702e-14
294.5136101780917 2.3515849670836336e-24 1.838380808627469e-14 6.986718255721878e-15 1.1397089830552811e-14
303.4832213917586 2.0979824492780788e-24 1.6900749671021457e-14 6.5227609706229226e-15 1.0377988700398536e-14
312.7260081821858 1.874182212025392e-24 1.5557694744206876e-14 6.0850966497079866e-15 9.47259809449889e-15
322.25029029634635 1.676870334506834e-24 1.4343734304752027e-14 5.674129446102458e-15 8.669604858649574e-15
332.0646408647343 1.5007610441965932e-24 1.322828716875995e-14 5.287984267884704e-15 7.940302900875244e-15
342.17789411833206 1.3404693210441062e-24 1.2175260471882569e-14 4.9246859297301606e-15 7.250574542152407e-15
352.59915334060224 1.1955713322971302e-24 1.1189899630124725e-14 4.58330087894226e-15 6.606598751182465e-15
363.337799061663 1.06663834597737e-24 1.0287200556307704e-14 4.2631553039271615e-15 6.024045252380543e-15
374.40349750202313 9.516639171375146e-25 9.457861135427792e-15 3.963111633561304e-15 5.494749501866487e-15
380.062092440151 8.988294515805128e-25 9.067786421948992e-15 3.82031489912143e-15 5.2474715228275605e-15
385.80620927347337 8.488598071675663e-25 8.693098821769317e-15 3.682165123871581e-15 5.010933697897735e-15
397.5561983449763 7.568499747858448e-25 7.986891097997215e-15 3.4192477613151385e-15 4.567643336682076e-15
409.6640412816112 6.738895055554413e-25 7.328008614075155e-15 3.1731129130689544e-15 4.1548957010062005e-15
415.8555509384264 6.3555339287336575e-25 7.015586399605185e-15 3.0560558741047744e-15 3.9595305255004105e-15
422.1406367649012 5.992212290216036e-25 6.714501651269313e-15 2.942873003093653e-15 3.771628648175661e-15
434.9972154030873 5.3266226645391615e-25 6.150463458291991e-15 2.728016599102088e-15 3.422446859189903e-15
448.24534984018095 4.7345876024380585e-25 5.633358400874183e-15 2.5277083065431876e-15 3.1056500943309977e-15
461.89696517289525 4.207804861103638e-25 5.159054702882977e-15 2.3406765204293362e-15 2.818378182453642e-15
475.9643496848308 3.7392171101183745e-25 4.7241593695870344e-15 2.1660542040526824e-15 2.558105165534352e-15
490.4601659075747 3.320062943701437e-25 4.32234562498682e-15 2.0036210671092597e-15 2.318724557877561e-15
505.39746201868155 2.944377741811278e-25 3.949990178018213e-15 1.8528366116378825e-15 2.0971535663803314e-15
520.7896835867783 2.6102705949579845e-25 3.608422122267015e-15 1.712743829474279e-15 1.8956782927927352e-15
536.6506856743796 2.3143537860334806e-25 3.2967868573018285e-15 1.5826614821801756e-15 1.7141253751216524e-15
552.9947453093008 2.051437261189805e-25 3.011262925314834e-15 1.4618260720692506e-15 1.5494368532455836e-15
569.8365743358964 1.8176830593027028e-25 2.7493999042011045e-15 1.349612342223573e-15 1.3997875619775312e-15
587.1913326576936 1.6099625150557025e-25 2.509370764613083e-15 1.2454688268029981e-15 1.2639019378100848e-15
605.0746418833327 1.4254667520603718e-25 2.2894727440271456e-15 1.1488732636145341e-15 1.1405994804126117e-15
623.502599388115 1.261679931071868e-25 2.088126939906987e-15 1.0593305648535278e-15 1.0287963750534597e-15
642.4917928037942 1.1163459296141705e-25 1.9038635121137125e-15 9.763720641057541e-16 9.274914480079583e-16
662.0593149496696 9.874426669226485e-26 1.735314606376169e-15 8.995569933238906e-16 8.357576130522784e-16
682.2227792184137 8.731608555747549e-26 1.5812112917623919e-15 8.284683016768867e-16 7.527429900855056e-16
703.0003354304876 7.71883823299098e-26 1.440379410157812e-15 7.62714362145081e-16 6.776650480127318e-16
724.4106861714122 6.821676015565353e-26 1.3117327771863061e-15 7.019280301187132e-16 6.098047470675932e-16
746.4731036265977 6.027219647037922e-26 1.1942647552889753e-15 6.457603913206467e-16 5.485043639683285e-16
769.2074469289008 5.323959908047139e-26 1.0870454173941424e-15 5.938837789724899e-16 4.931616384216526e-16
792.6341800345017 4.701644020440278e-26 9.892179152538435e-16 5.459936085831678e-16 4.4322430667067585e-16
816.7743901432078 4.15114129601737e-26 8.999928541181578e-16 5.018046962258718e-16 3.981881578922862e-16
841.6498066797607 3.664314652168524e-26 8.186412423975047e-16 4.610485159723196e-16 3.575927264251848e-16
867.2828208532309 3.2339199315587534e-26 7.444909794710152e-16 4.2347348131584205e-16 3.2101749815517333e-16
893.6965058121084 2.85352746512849e-26 6.769265529472715e-16 3.888460845262687e-16 2.8808046842100285e-16
920.9146374132232 2.5174250392284303e-26 6.153828041903178e-16 3.569486416672045e-16 2.5843416252311336e-16
948.9617156232121 2.220530933425023e-26 5.593388078634807e-16 3.2757725308871397e-16 2.3176155477476686e-16
977.8629865717667 1.9583335098965454e-26 5.083163701625864e-16 3.0054191176772285e-16 2.0777445839486363e-16
1007.6444652765354 1.7268317539401035e-26 4.618774749853225e-16 2.756659319467045e-16 1.8621154303861812e-16
1038.332959060126 1.52247614711575e-26 4.196203773481517e-16 2.527847600923979e-16 1.668356172557538e-16
1069.95609168029 1.342121614538056e-26 3.811775017665259e-16 2.317457422984253e-16 1.4943175946810062e-16
1102.542328195006 1.1829822104128076e-26 3.4621263908835036e-16 2.124073503010973e-16 1.338052887872531e-16
1136.1210005848498 1.0425886900184244e-26 3.1441773156446037e-16 1.9463787798990987e-16 1.1977985357455055e-16
1170.7223341557005 9.187535556262935e-27 2.855106872799638e-16 1.7831483414018286e-16 1.0719585313978096e-16
1206.3774747455793 8.095419665106241e-27 2.592340351604757e-16 1.633250010453513e-16 9.590903411512437e-17
1243.1185167600695 7.132433493147333e-27 2.3535297872415285e-16 1.4956384194540392e-16 8.57891367787489e-17
1280.9785320615858 6.283437821865086e-27 2.1365280864688808e-16 1.3693434516888821e-16 7.67184634779999e-17
1319.9915997384837 5.5350321246138946e-27 1.939370326119085e-16 1.2534640959767037e-16 6.859062301423812e-17
1360.1928367808064 4.875379596280081e-27 1.7602662080762992e-16 1.1471687222256984e-16 6.130974858506009e-17
1401.618429690285 4.294036267149016e-27 1.5975885546585527e-16 1.0496925655536673e-16 5.478959891048853e-17
1444.305667053031 3.781769037280808e-27 1.4498515932630475e-16 9.603277501669727e-17 4.895238430960748e-17
1488.2929731042755 3.3304136553771644e-27 1.3156974800572665e-16 8.784174125688813e-17 4.3728006748838535e-17
1533.6199423153234 2.9327646419777657e-27 1.1938902127956257e-16 8.03356323143324e-17 3.905338896523018e-17
1580.327375033885 2.5824656736448147e-27 1.0833057636495087e-16 7.345885255466027e-17 3.487172381029062e-17
1628.457314209858 2.2739071645697294e-27 9.829208379732729e-17 6.716013138380676e-17 3.113195241352051e-17
1678.0530832396191 2.0021348003840698e-27 8.918020012707997e-17 6.139202616440416e-17 2.778817396267583e-17
1729.1593249628888 1.7627785229422594e-27 8.090999879411692e-17 5.611085090959953e-17 2.4799147884517392e-17
1781.8220418472597 1.5519872220530655e-27 7.340436758349869e-17 5.1276527332730415e-17 2.2127840250768265e-17
1836.0886373966016 1.3663641277645717e-27 6.659314527896173e-17 4.6852158473487224e-17 1.97409868054745e-17
1892.007958820556 1.202913009452038e-27 6.041247296344777e-17 4.2803714595752694e-17 1.760875836769507e-17
1949.6303410035755 1.0589912287408156e-27 5.480422882453456e-17 3.909985014417683e-17 1.570437868035774e-17
2009.0076518130663 9.322723757283648e-28 4.9715732169301276e-17 3.571189121087202e-17 1.400384095842926e-17
2070.1933387874215 8.20706499777386e-28 4.509913506365865e-17 3.261349945229609e-17 1.2485635611362534e-17
2133.242477245972 7.224843560555976e-28 4.091081238780917e-17 2.9780360194714275e-17 1.1130452193094888e-17
2198.211819864143 6.360121478273398e-28 3.7111147443491087e-17 2.7190156257244046e-17 9.920991186247044e-18
2265.1598477584885 5.59886613678064e-28 3.366420570055123e-17 2.482243114724703e-17 8.841774553304198e-18
2334.1468231275226 4.928712376921055e-28 3.053733115072781e-17 2.265840361796549e-17 7.878927532762316e-18
2405.2348434957767 4.338771750076503e-28 2.7700890048812438e-17 2.0680840393958144e-17 7.02004965485429e-18
2478.487897609897 3.819457100516982e-28 2.5127997033432656e-17 1.8873943111557497e-17 6.254053921875163e-18
2553.971923037092 3.3623179845164633e-28 2.279419898512923e-17 1.722320474366791e-17 5.5709942414613295e-18
2631.7548655177807 2.959911650345632e-28 2.0677289851511675e-17 1.5715318501132622e-17 4.961971350379052e-18
2711.906740125872 2.6056880688943066e-28 1.8757139482000057e-17 1.4338101028337298e-17 4.419038453662764e-18
2794.4996942916955 2.2938788698599145e-28 1.7015471204485917e-17 1.3080381022129556e-17 3.9350901823563635e-18
2879.6080727443887 2.019406556194864e-28 1.5435708817633474e-17 1.1931931549221396e-17 3.503777268412076e-18
2967.308484432098 1.7778025262516917e-28 1.4002824650124102e-17 1.0883393314279233e-17 3.1194313358448717e-18
3057.6798714803062 1.5651302209030094e-28 1.2703164576073567e-17 9.926183602531899e-18 2.7769809735416688e-18
