Dust emission spectrum from A.P. Jones, M. Kohler, N. Ysard, M. Bocchio, and L. Verstraete (2017), A&A, 602A, 46J 
inside the DustPedia framework.

lambda    nu*dP/dnu     j_nu    j_nu(carb.) j_nu(sil)
 (um)   (erg s-1 H-1) (Jy cm2 sr-1 H-1)
0.9927057738263894 4.552686385128911e-23 1.1996587212238987e-15 1.1996586755228228e-15 4.5701076274064466e-23
1.0001793341362166 4.629329125660388e-23 1.2290381625661918e-15 1.2290381075596384e-15 5.500655308021542e-23
1.0077091589558085 4.706240523503564e-23 1.258863837158348e-15 1.2588637710393243e-15 6.61190235999611e-23
1.0114953028030835 4.7447928416227086e-23 1.2739446496816308e-15 1.2739445772270114e-15 7.245461938954572e-23
1.0152956718711033 4.7834074271399286e-23 1.289137795401773e-15 1.2891377160308634e-15 7.93709095274942e-23
1.0229392996569957 4.860779565140145e-23 1.3198519647811846e-15 1.3198518696277925e-15 9.51533919630233e-23
1.0267826658714554 4.899448849838236e-23 1.3353502416917225e-15 1.3353501375547995e-15 1.0413692342591355e-22
1.0306404723013447 4.9381723278140283e-23 1.3509611725896181e-15 1.3509610586588986e-15 1.1393071969657435e-22
1.03451277320114 4.9769485513729414e-23 1.3666850433798959e-15 1.366684918775724e-15 1.2460417195443415e-22
1.0383996230291617 5.015776107212461e-23 1.3825221472273758e-15 1.382522010995102e-15 1.3623227402876484e-22
1.0403485208654093 5.0352087027112114e-23 1.390483255244024e-15 1.3904831128146343e-15 1.4242938973424507e-22
1.0423010764483396 5.0546536173429765e-23 1.3984727849527574e-15 1.398472636056712e-15 1.4889604515311341e-22
1.0462171883269815 5.093579740003135e-23 1.414537265434608e-15 1.4145371027516264e-15 1.6268298218963706e-22
1.0471985131304309 5.10331871266141e-23 1.418571210482653e-15 1.4185710441665325e-15 1.6631612023155946e-22
1.048180758391296 5.1130606218615225e-23 1.4226122955373322e-15 1.4226121255104621e-15 1.7002687024829734e-22
1.0501480137395462 5.1325531705693176e-23 1.4307159060171918e-15 1.4307157283296488e-15 1.776875431904887e-22
1.0521189612883777 5.1520572289995266e-23 1.4388481379328453e-15 1.4388479522548647e-15 1.8567798075148657e-22
1.0531058218030118 5.1618004402721017e-23 1.442921341976777e-15 1.442921152175448e-15 1.8980132926010188e-22
1.0540936079674168 5.17150360015403e-23 1.4469897148470424e-15 1.4469895208338956e-15 1.9401314732160356e-22
1.058054026499678 5.210342313003299e-23 1.4633342385053942e-15 1.4633340267331928e-15 2.1177220153156025e-22
1.0590464539527713 5.220058417757626e-23 1.4674381538223413e-15 1.4674379373731606e-15 2.1644918060192444e-22
1.06003981227728 5.229777056972766e-23 1.4715491935819495e-15 1.4715489723570718e-15 2.2122487782868183e-22
1.0620293250338977 5.249221867764574e-23 1.4797926681153309e-15 1.4797924370349478e-15 2.310803830512817e-22
1.0660195594769086 5.288141130797455e-23 1.4963653513580273e-15 1.4963650992923618e-15 2.5206566559677853e-22
1.070024785945596 5.327099010507427e-23 1.5130526466136467e-15 1.5130523717476858e-15 2.7486596058952736e-22
1.0740450607676866 5.366094458206491e-23 1.5298549234038182e-15 1.5298546237739817e-15 2.9962983576440726e-22
1.07808044048254 5.405126468965214e-23 1.546772562839485e-15 1.5467722363222033e-15 3.265172815551199e-22
1.0861967418109137 5.483235896980541e-23 1.580938075078816e-15 1.5809376877138555e-15 3.873649609396996e-22
1.0902777775684922 5.522173994640742e-23 1.5981468374284124e-15 1.5981464157183837e-15 4.2171002892263305e-22
1.0943741465085532 5.561142698896164e-23 1.6154714864309277e-15 1.6154710274808833e-15 4.589500447081601e-22
1.1026131145906286 5.639168928629351e-23 1.6504702154077314e-15 1.6504696723536811e-15 5.430540502652059e-22
1.1109141095355224 5.717309084432508e-23 1.6859379517693668e-15 1.6859373100349525e-15 6.417344144203135e-22
1.1192775983109025 5.795496383294568e-23 1.7218601851564888e-15 1.7218594277928507e-15 7.573636383971801e-22
1.1277040513999907 5.87344155415291e-23 1.758155263752468e-15 1.758154371078736e-15 8.926737324626162e-22
1.1361939428280308 5.951479851987865e-23 1.7949273305233684e-15 1.7949262797170625e-15 1.0508063057605324e-21
1.1447477501889525 6.029609247816974e-23 1.8321811052397336e-15 1.8321798698705863e-15 1.2353691472168433e-21
1.1533659546722406 6.10785765390126e-23 1.8699305105716795e-15 1.869929060069825e-15 1.4505018547289132e-21
1.1707974979042381 6.26494935008085e-23 1.947012693555325e-15 1.947010701415551e-15 1.9921397749646097e-21
1.1884924949847024 6.422510784560108e-23 2.0261459175577028e-15 2.0261431952147927e-15 2.72234290944762e-21
1.2064549276569216 6.58161902567673e-23 2.1077217366778223e-15 2.107718034829955e-15 3.701847867576463e-21
1.2246888378427687 6.741189744556006e-23 2.1914508970820216e-15 2.1914458879441122e-15 5.009137909738279e-21
1.2431983285522175 6.90107616267461e-23 2.2773336904621656e-15 2.2773269451910152e-15 6.7452711504019795e-21
1.2619875648066055 7.061491152265021e-23 2.365488973070025e-15 2.3654799333589717e-15 9.039711053282996e-21
1.3004222497298317 7.382813048782766e-23 2.5484475262984365e-15 2.5484315192455173e-15 1.600705291899518e-20
1.3400274889804893 7.70600222455542e-23 2.741020417539864e-15 2.7409925922964486e-15 2.7825243415571455e-20
1.3808389325824078 8.03214728902336e-23 2.944042805317067e-15 2.9439953001515684e-15 4.750516549921212e-20
1.4228933163050095 8.363999154178997e-23 3.1590445655150947e-15 3.1589648703839815e-15 7.969513111322045e-20
1.466228494730424 8.707554710555626e-23 3.3889666904482766e-15 3.3888352500519273e-15 1.3144039634955444e-19
1.5108834753276823 9.061998679682941e-23 3.634330333750434e-15 3.634117116048292e-15 2.1321770214128133e-19
1.5568984535646726 9.42698348104935e-23 3.895852146475813e-15 3.895511603211238e-15 3.405432645744819e-19
1.6043148490894465 9.804830357776125e-23 4.17540993482582e-15 4.17487341532368e-15 5.365195021413771e-19
1.6531753430134553 1.019804108353912e-22 4.4751243698513534e-15 4.474291552184245e-15 8.328176671079281e-19
1.7035239163302658 1.0609629272333766e-22 4.797531964640352e-15 4.796257971237033e-15 1.2739934033194005e-18
1.755405889504358 1.1048030483974603e-22 5.147920697111813e-15 5.145999138089285e-15 1.9215590225271013e-18
1.8088679632656115 1.1513520465359607e-22 5.528208792867783e-15 5.525350133630998e-15 2.85865923678618e-18
1.8639582606462262 1.200628983030941e-22 5.940382897058527e-15 5.9361866150187494e-15 4.196282039775701e-18
1.9207263702978936 1.252834415042298e-22 6.387466080115867e-15 6.381385810429767e-15 6.0802696860989815e-18
1.979223391128241 1.3082546583481152e-22 6.873161327427482e-15 6.86446165055902e-15 8.699676868463094e-18
2.039501978296691 1.3671562043523184e-22 7.401362947927728e-15 7.389067093730214e-15 1.2295854197515377e-17
2.1016163906111602 1.4302379529849546e-22 7.978682407706893e-15 7.961508577587187e-15 1.7173830119706306e-17
2.1656225393682647 1.497879527586332e-22 8.61051407409089e-15 8.586801644532307e-15 2.371242955858312e-17
2.231578038680979 1.5699989443553035e-22 9.29995553790536e-15 9.267579878698509e-15 3.2375659206850884e-17
2.299542257339062 1.646742557596025e-22 1.0051631001907499e-14 1.0007906419872286e-14 4.372458203520966e-17
2.369576372248914 1.7284310508192296e-22 1.0871568421048286e-14 1.0813138486277028e-14 5.842993477125726e-17
2.4417434235010123 1.8154385630514827e-22 1.1766600705336966e-14 1.1689319085948817e-14 7.728161938814655e-17
2.5161083711144245 1.9084807238536748e-22 1.2746370955057305e-14 1.2645169723413573e-14 1.0120123164372859e-16
2.5927381535095444 2.00872223049725e-22 1.3824453676041958e-14 1.3693204154004121e-14 1.3124952203783654e-16
2.6717017477616296 2.117222980493493e-22 1.5014954027477176e-14 1.484632941867317e-14 1.6862460880400537e-16
2.753070231689431 2.2355263988771283e-22 1.633678247006539e-14 1.612211881801354e-14 2.1466365205185084e-16
2.836916847834745 2.367641229710598e-22 1.7829203157222887e-14 1.755835396507527e-14 2.708491921476196e-16
2.9233170693905177 2.5223177002327827e-22 1.9572447780379032e-14 1.9233713263702832e-14 3.38734516676194e-16
2.967498994190263 2.616368130912102e-22 2.0609092285590644e-14 2.023223151722482e-14 3.7686076836581876e-16
3.0123486681368425 2.717420897255033e-22 2.172859185499043e-14 2.1309863945205812e-14 4.187279097846198e-16
3.0578761833420214 2.876900448630421e-22 2.33514666841527e-14 2.288669252356324e-14 4.647741605894529e-16
3.1040917844459814 3.063143243603117e-22 2.5238950616100393e-14 2.472408517921022e-14 5.148654368901768e-16
3.127460860933648 3.2298879474406573e-22 2.6813207697572294e-14 2.6271528975337842e-14 5.41678722234452e-16
3.1510058709225794 3.4402832182805264e-22 2.877483502409584e-14 2.820521222363413e-14 5.696228004617145e-16
3.162844764501044 3.6268450228711064e-22 3.0449229547886125e-14 2.9865147542975927e-14 5.840820049102024e-16
3.1747281389236908 3.837972432369825e-22 3.2342815648399705e-14 3.1743981799791547e-14 5.988338486081608e-16
3.1986289994194426 4.407915065895961e-22 3.742540606088879e-14 3.6796099253281035e-14 6.293068076077475e-16
3.2227097969389145 5.715391046552399e-22 4.889186258947139e-14 4.823027053706803e-14 6.615920524033503e-16
3.2348180950136065 6.9386072543507525e-22 5.957877956333912e-14 5.889995953778337e-14 6.788200255557581e-16
3.240889293275058 7.851023730984391e-22 6.753982316206078e-14 6.685191580634942e-14 6.87907355711337e-16
3.2469718861334385 8.907810072591806e-22 7.677483823094823e-14 7.607752814475993e-14 6.973100861883229e-16
3.2714166318528037 1.4460907091699154e-21 1.2557431743878873e-13 1.2483815449021358e-13 7.361629485751339e-16
3.2744851364798273 1.4809036557029091e-21 1.287179936384359e-13 1.2797725294726548e-13 7.407406911704245e-16
3.2775565192852394 1.5166528454195695e-21 1.319489099594809e-13 1.312035687372738e-13 7.453412222071039e-16
3.283707930232385 1.4829020820648559e-21 1.2925472553268837e-13 1.285011589804337e-13 7.535665522546894e-16
3.2898708863219004 1.3747652328084585e-21 1.2005405334612278e-13 1.1929300303392194e-13 7.610503122008442e-16
3.29141343181113 1.3492185476515586e-21 1.178783838598559e-13 1.1711545438256917e-13 7.629294772867536e-16
3.292184975758714 1.3366590375374345e-21 1.1680846069052512e-13 1.160445903954792e-13 7.63870295045981e-16
3.295272960557952 1.2581230982743965e-21 1.1004845850339892e-13 1.0928092893575336e-13 7.675295676455596e-16
3.3076538914384823 9.842867485442006e-22 8.641937687989983e-14 8.563715081366379e-14 7.822260662360527e-16
3.310756385682612 9.280640656223053e-22 8.15595114538987e-14 8.077358120402378e-14 7.859302498749071e-16
3.313861789986515 8.75999075705851e-22 7.705617948208206e-14 7.626653300436787e-14 7.89646477714219e-16
3.3200813396944477 8.033622421177298e-22 7.079939929869297e-14 7.00017587936704e-14 7.976405050225932e-16
3.345076488085796 6.770514990646512e-22 6.011698474522226e-14 5.928371770089467e-14 8.332670443275925e-16
3.3482140837626964 6.8239715893140995e-22 6.064847177437588e-14 5.981037849343845e-14 8.380932809374361e-16
3.3513546224236106 6.877916166030471e-22 6.118524395836114e-14 6.034230279471319e-14 8.429411636479452e-16
3.3576445397418455 7.248301151404001e-22 6.460116936113195e-14 6.374809213628088e-14 8.530772248510541e-16
3.3702598118196083 8.586546374895579e-22 7.681593738427035e-14 7.594159955898824e-14 8.743378252821064e-16
3.382922481734668 8.910887107690796e-22 8.001702876470493e-14 7.912202624388205e-14 8.95002520822891e-16
3.389271646505754 9.078111521422313e-22 8.167164914510158e-14 8.076617250596861e-14 9.054766391329737e-16
3.395632727569191 9.261370018603692e-22 8.347672065016888e-14 8.25604497794623e-14 9.162708707065885e-16
3.421196662673239 1.0146514558536816e-21 9.214342596021059e-14 9.118247233138021e-14 9.609536288303728e-16
3.4276182099114902 9.992160035670472e-22 9.091200912370823e-14 8.994108404694395e-14 9.709250767642654e-16
3.4340518103208963 9.279239749021164e-22 8.45840881922058e-14 8.360373199129909e-14 9.803562009066778e-16
3.4469541582030403 8.259169374887851e-22 7.556858899532601e-14 7.457013122510706e-14 9.98457770218947e-16
3.472904465399547 7.990593935679078e-22 7.366163106285432e-14 7.262147499642005e-14 1.0401560664342346e-15
3.4990501388274233 7.575191460680706e-22 7.035795577100239e-14 6.927513030047559e-14 1.08282547052681e-15
3.5253949054701885 6.056944415813789e-22 5.6680124277795545e-14 5.555584713704924e-14 1.1242771407463112e-15
3.5519380250092896 4.613838073054119e-22 4.350079169984159e-14 4.23348532819002e-14 1.1659384179413825e-15
3.578680990867387 4.061272127244365e-22 3.8579314807338503e-14 3.736771489604106e-14 1.211599911297445e-15
3.605625307711299 3.8592107755004187e-22 3.6935886342866567e-14 3.5676198003805846e-14 1.2596883390607324e-15
3.660119384959845 3.7559982694957947e-22 3.649136155180204e-14 3.5130652842274116e-14 1.3607087095279318e-15
3.715437065384467 3.6994095000130793e-22 3.648478151408117e-14 3.5017593637858454e-14 1.467187876222717e-15
3.8285932144167436 3.770994176822369e-22 3.8323443060156765e-14 3.662746897098252e-14 1.6959740891742518e-15
3.94519561050918 3.891610238193586e-22 4.075372509436224e-14 3.880837357300703e-14 1.945351521355221e-15
4.06534921144712 4.0311992238837925e-22 4.3501231518671624e-14 4.1286240840049794e-14 2.2149906786218316e-15
4.189162171576248 4.180583007658102e-22 4.6487207333776065e-14 4.3981867531702e-14 2.5053398020740607e-15
4.316745939156006 4.335582141115148e-22 4.967905669591231e-14 4.686380673417327e-14 2.815249961739028e-15
4.448215356677963 4.493907955960646e-22 5.3061486338900426e-14 4.992114544166818e-14 3.1403408972322475e-15
4.58368876423945 4.654809798350802e-22 5.6635207229049806e-14 5.315428772253075e-14 3.480919506519036e-15
4.723288106065518 4.818492942697321e-22 6.041226201382493e-14 5.657324281563726e-14 3.839019198187703e-15
4.867139040275056 4.985120339934421e-22 6.440488848377801e-14 6.019987480927543e-14 4.205013674502557e-15
4.940699165968905 5.071950054346204e-22 6.65170242688398e-14 6.212496956956178e-14 4.392054699278022e-15
5.015371051989984 5.157488390163458e-22 6.866110065662421e-14 6.40799054775842e-14 4.581195179040005e-15
5.091171501069577 5.249778164390267e-22 7.094603227407474e-14 6.616950501902537e-14 4.7765272550493575e-15
5.129500256944802 5.295333382888294e-22 7.210042032067652e-14 6.722564415922243e-14 4.8747761614540945e-15
5.168117569889187 5.341226292568454e-22 7.327280142052672e-14 6.829843068801197e-14 4.974370732514767e-15
5.20702561229733 5.393154016573172e-22 7.454215944905749e-14 6.945900427706302e-14 5.083155171994485e-15
5.246226572918644 5.444880900628255e-22 7.582368035311242e-14 7.063107106333815e-14 5.192609289774292e-15
5.265937586045735 5.470668768883667e-22 7.646902641349145e-14 7.122145328648468e-14 5.247573127006746e-15
5.285722656980489 5.496406239788456e-22 7.711744437726784e-14 7.181475732562644e-14 5.302687051641393e-15
5.305582063971359 5.522093381518714e-22 7.776894652129898e-14 7.24110013479894e-14 5.357945173309572e-15
5.3255160863122235 5.548886672024175e-22 7.843989235017307e-14 7.302610464792357e-14 5.413787702249492e-15
5.365609099470188 5.611300623538928e-22 7.991936037442992e-14 7.439003126672064e-14 5.5293291077092935e-15
5.406003951863644 5.67403782588905e-22 8.142129744728568e-14 7.577574843376779e-14 5.645549013517874e-15
5.446702915881641 5.7371333987161645e-22 8.294650070616169e-14 7.718410030137355e-14 5.762400404788146e-15
5.487708281020852 5.802827992628083e-22 8.452791317977173e-14 7.864756902146918e-14 5.880344158302556e-15
5.529022354014368 5.88859526035486e-22 8.642302906041294e-14 8.041973547034955e-14 6.003293590063376e-15
5.570647458961463 5.976368916792699e-22 8.837155686842784e-14 8.224461257795747e-14 6.126944290470345e-15
5.612585937458331 6.06633166421415e-22 9.037713869548113e-14 8.412589029099271e-14 6.25124840448839e-15
5.654840148729818 6.162008987075957e-22 9.249368731907753e-14 8.611690308446094e-14 6.376784234616593e-15
5.67608639626678 6.225579393051632e-22 9.379899954709916e-14 8.735650689820145e-14 6.442492648897706e-15
5.686739436050992 6.257929366004135e-22 9.446336661010044e-14 8.798794642714921e-14 6.475420182951201e-15
5.6974124697621304 6.290668876348509e-22 9.513578817142225e-14 8.862739257422965e-14 6.5083955971926434e-15
5.718818669136295 6.357357113865604e-22 9.650556711261409e-14 8.993108007987852e-14 6.574487032735561e-15
5.740305295436557 6.429885533714119e-22 9.797328396292042e-14 9.133201810277724e-14 6.641265860143145e-15
5.7835210386641895 6.615037046946001e-22 1.0155329838207338e-13 9.47740092411077e-14 6.779289140965653e-15
5.827062130521658 6.822020127205788e-22 1.0551934292627961e-13 9.859994887681613e-14 6.9193940494634995e-15
5.8489554468988025 6.966970672325902e-22 1.0816623883498538e-13 1.0117108382237967e-13 6.995155012605691e-15
5.870931020387893 7.119816463523499e-22 1.1095457371367129e-13 1.0388334275078843e-13 7.071230962882864e-15
5.892989160043636 7.281183686810689e-22 1.1389563038976448e-13 1.0674801424230451e-13 7.147616147459948e-15
5.915130176081913 7.463089335184466e-22 1.1717969952482848e-13 1.099528703263307e-13 7.22682919849776e-15
5.95966208400165 7.97084641081161e-22 1.260943158393732e-13 1.1868632625124903e-13 7.407989588124205e-15
6.004529249263818 8.693022387860074e-22 1.3855404072151428e-13 1.3094181935592559e-13 7.612221365588718e-15
6.027089341400364 9.192966786166751e-22 1.4707293295201125e-13 1.3934237391065268e-13 7.730559041358601e-15
6.049734195844842 9.777148451084568e-22 1.5700660979164873e-13 1.4915062815210734e-13 7.855981639541385e-15
6.095279466722835 1.1457735547224473e-21 1.8537956124208888e-13 1.772141444438489e-13 8.165416798240026e-15
6.141167624020661 1.4014749424391657e-21 2.2845765883018073e-13 2.1988921622274744e-13 8.568442607433267e-15
6.164241091010745 1.5643740707817845e-21 2.559703475999519e-13 2.471482683653306e-13 8.82207923462133e-15
6.187401249150058 1.747406419610876e-21 2.869932223962201e-13 2.7791080877658914e-13 9.082413619630949e-15
6.1990139391386085 1.836365616559602e-21 3.0216989840301267e-13 2.929550402616485e-13 9.214858141364312e-15
6.204828454712694 1.883011165879071e-21 3.1013594725697106e-13 3.008542046519572e-13 9.28174260501384e-15
6.210648424152782 1.9168152906585245e-21 3.159996803795394e-13 3.0666110694027143e-13 9.338573439267913e-15
6.233982942956859 2.0302112028227445e-21 3.359512509810612e-13 3.2641519384316913e-13 9.536057137892127e-15
6.239830258556775 2.0438933311523842e-21 3.3853255225986044e-13 3.289695842989514e-13 9.562967960909032e-15
6.245683058788269 2.043861937771708e-21 3.3884488248218184e-13 3.2925496503943324e-13 9.589917442748477e-15
6.257405133728602 2.0379347887540682e-21 3.3849635013901974e-13 3.288595504053159e-13 9.636799733703856e-15
6.269149208991335 2.0121199751145413e-21 3.348358202044456e-13 3.2518318638400103e-13 9.652633820444534e-15
6.280915325867298 1.951593694356695e-21 3.2537319952074485e-13 3.157431086579573e-13 9.630090862787601e-15
6.304513850009849 1.804089556776187e-21 3.0191113353313377e-13 2.9236083005074765e-13 9.550303482386181e-15
6.32820103803542 1.6241413177844888e-21 2.728183107612598e-13 2.633847142179518e-13 9.43359654330807e-15
6.3519772230701035 1.4599827049774079e-21 2.461648706438338e-13 2.3683621428274074e-13 9.328656361093074e-15
6.375842739491607 1.3214471986243064e-21 2.2364379042264899e-13 2.1440799598723608e-13 9.23579443541292e-15
6.399797922933955 1.2116535891428488e-21 2.0583260348383834e-13 1.9664592263918634e-13 9.186680844651947e-15
6.42384311029221 1.1199614058108498e-21 1.9097099711465808e-13 1.8182470527015205e-13 9.146291844506001e-15
6.447978639727206 1.0535155204463478e-21 1.8031587397461918e-13 1.7117588278582787e-13 9.13999118879126e-15
6.472204850670314 9.97933285981277e-22 1.714443574986913e-13 1.6230391396790875e-13 9.140443530782586e-15
6.496522083828205 9.618463489935521e-22 1.6586549646263691e-13 1.5669700486523704e-13 9.16849159739987e-15
6.520930681187647 9.313136763674413e-22 1.6120369688940313e-13 1.5200300563220047e-13 9.200691257202656e-15
6.57002334288761 8.993741719699495e-22 1.568471952664462e-13 1.4754399041104956e-13 9.30320485539665e-15
6.619489833774732 8.941653797685794e-22 1.5711288498933243e-13 1.4767631259221158e-13 9.436572397120852e-15
6.6693287637831435 9.028405072295392e-22 1.59831581075717e-13 1.502489814469386e-13 9.582599628778412e-15
6.719538636694507 9.138304079219619e-22 1.6299507934449889e-13 1.532725018111204e-13 9.722577533378497e-15
6.770126513364129 9.45151569346031e-22 1.6985083148682193e-13 1.5997498119663776e-13 9.875850290184138e-15
6.8210952395837445 9.936208137715344e-22 1.7990541139334424e-13 1.6985617465871846e-13 1.0049236734625805e-14
6.872447682569556 1.0548440146132204e-21 1.9242837766588784e-13 1.8218630248913496e-13 1.0242075176752926e-14
6.924186731123532 1.1319834070277338e-21 2.0805505176287932e-13 1.9760162394465346e-13 1.0453427818225866e-14
6.976315295795916 1.193544874015041e-21 2.2102137957249598e-13 2.1035369533451333e-13 1.0667684237982648e-14
7.028836309048954 1.200856323779901e-21 2.2404946533169648e-13 2.131821042401032e-13 1.0867361091593279e-14
7.081752725421856 1.1719967506211462e-21 2.20311211663064e-13 2.09250946585443e-13 1.1060265077621e-14
7.135067521697011 1.152633035481638e-21 2.1830243657137057e-13 2.070269975164181e-13 1.1275439054952418e-14
7.1887836970674375 1.1667568118006483e-21 2.2264102588511303e-13 2.1111161260018245e-13 1.1529413284930599e-14
7.242904273305506 1.219313192447358e-21 2.344215056899297e-13 2.225884843278408e-13 1.183302136208893e-14
7.297432294932914 1.3024489745067043e-21 2.522901096471486e-13 2.400812283549399e-13 1.2208881292208782e-14
7.352370829391971 1.3971864969010466e-21 2.7267870080961894e-13 2.59963566510179e-13 1.2715134299439898e-14
7.379995003818881 1.4561740562854246e-21 2.852586286812737e-13 2.722430377727706e-13 1.3015590908503228e-14
7.407722967218148 1.5207868416521389e-21 2.990353367540435e-13 2.85705747459038e-13 1.3329589295005587e-14
7.463496598684601 1.6840339649983414e-21 3.33628097360684e-13 3.195890888186587e-13 1.4039008542025192e-14
7.519690156487492 1.893828787031817e-21 3.7801592224037827e-13 3.6314275344939983e-13 1.4873168790978452e-14
7.533803324048627 1.954691105146601e-21 3.908965596668429e-13 3.757866683298269e-13 1.5109891337015817e-14
7.547942979602549 2.017997176789388e-21 4.043138308526609e-13 3.889634005623401e-13 1.53504302903208e-14
7.57630195363571 2.150609408514131e-21 4.325021290033878e-13 4.1665590626760487e-13 1.5846222735782956e-14
7.590521371821866 2.2173156546788155e-21 4.4675411729570445e-13 4.306479492114762e-13 1.610616808422831e-14
7.604767477414989 2.286525455553538e-21 4.615634526696924e-13 4.4519304618615907e-13 1.6370406483533415e-14
7.633339951266878 2.4244515207169648e-21 4.912443196551142e-13 4.743451694686516e-13 1.6899150186462466e-14
7.662019777021956 2.5288724124210455e-21 5.143273515605086e-13 4.969527631447834e-13 1.7374588415725267e-14
7.690807358020558 2.5968149551576656e-21 5.301299855863882e-13 5.123568515519543e-13 1.7773134034433978e-14
7.719703099118437 2.6264004426354398e-21 5.381842371597813e-13 5.20095446415062e-13 1.8088790744719365e-14
7.748707406692464 2.6106371556533557e-21 5.369640493835779e-13 5.185739685534369e-13 1.8390080830141077e-14
7.777823177463063 2.5622228523264127e-21 5.289862688119512e-13 5.09960199969445e-13 1.902606884250618e-14
7.807048350752435 2.493241338499532e-21 5.166787748216549e-13 4.969201979663391e-13 1.9758576855315804e-14
7.836380830085272 2.4013041157007762e-21 4.994961346903126e-13 4.790142834585875e-13 2.0481851231725136e-14
7.851088371676256 2.339057597993567e-21 4.874613815793143e-13 4.666660079846779e-13 2.0795373594636443e-14
7.86582351679805 2.273492158190082e-21 4.746867306435164e-13 4.535992514697844e-13 2.1087479173731984e-14
7.89537682495964 2.1301042778455647e-21 4.464195035304981e-13 4.2483155216997157e-13 2.1587951360526396e-14
7.9250411701946435 1.977506490206868e-21 4.1599573459349095e-13 3.938781365812069e-13 2.2117598012284077e-14
7.939915112024199 1.897606526523623e-21 3.999368831823403e-13 3.775380469811661e-13 2.239883620117415e-14
7.954816969689239 1.822161216403095e-21 3.847569056113089e-13 3.620619231707037e-13 2.2694982440605014e-14
7.9847046421970465 1.6836629073494833e-21 3.5684813650050493e-13 3.335077376789965e-13 2.334039882150829e-14
8.044817289139356 1.4539772168874646e-21 3.10486855834551e-13 2.855926606634738e-13 2.4894195171077103e-14
8.07504310897143 1.3704832101093509e-21 2.937568495633568e-13 2.6792499033947086e-13 2.583185922388587e-14
8.105382492623747 1.2972669971512034e-21 2.7910802054517855e-13 2.5227763429930677e-13 2.6830386245871783e-14
8.135835866775926 1.2398220130977991e-21 2.677509093943139e-13 2.399337111755892e-13 2.7817198218724697e-14
8.166403659710703 1.1974175494809965e-21 2.595648587029812e-13 2.3067923142614246e-13 2.888562727683878e-14
8.197086301319933 1.1667912719637853e-21 2.538762719683441e-13 2.238731942550405e-13 3.000307771330355e-14
8.227884223110665 1.140561788559612e-21 2.49101545860201e-13 2.1791647244557166e-13 3.118507341462919e-14
8.258797858211198 1.1282117683810994e-21 2.4733005556931426e-13 2.1458156748374128e-13 3.274848808557299e-14
8.289827641377162 1.1342046439741414e-21 2.4957803162153284e-13 2.1370532223779991e-13 3.5872709383732906e-14
8.320974008997652 1.1522043959528563e-21 2.5449140908459076e-13 2.148660948150287e-13 3.962531426956198e-14
8.35223739910135 1.1754109248671008e-21 2.605925441936472e-13 2.168712605800895e-13 4.372128361355766e-14
8.383618251362687 1.2161625303543894e-21 2.7064034992069e-13 2.2280041210873838e-13 4.783993781195168e-14
8.415117007108037 1.2693988664242421e-21 2.8354872459007184e-13 2.3124041736077073e-13 5.230830722930102e-14
8.446734109321913 1.3349627613342228e-21 2.9931425977433603e-13 2.424478020934472e-13 5.686645768088885e-14
8.478470002653195 1.4137726223717378e-21 3.181753190818686e-13 2.566513338454228e-13 6.152398523644568e-14
8.542299949622933 1.5814610741792555e-21 3.585937837110887e-13 2.873404163283836e-13 7.125336738270516e-14
8.558332380220154 1.617676619676485e-21 3.6749403220792986e-13 2.9375742991084365e-13 7.373660229708624e-14
8.574394900937412 1.6429372377001088e-21 3.73933080777306e-13 2.9773076560072477e-13 7.620231517658124e-14
8.606610438733982 1.656840314210458e-21 3.785142483641962e-13 2.974764507109444e-13 8.103779765325189e-14
8.622764948673899 1.6494038947364272e-21 3.7752263572978234e-13 2.9406660512235e-13 8.34560306074324e-14
8.638949780445296 1.6250042134416915e-21 3.7263605532394577e-13 2.8683206398862403e-13 8.580399133532183e-14
8.655163606183647 1.6004476544533731e-21 3.6769370017346593e-13 2.794859268797449e-13 8.820777329372118e-14
8.671407862489573 1.5701906179079338e-21 3.6141937038777483e-13 2.7080487566454855e-13 9.06144947232262e-14
8.703987895363145 1.4964922125349339e-21 3.457499871385065e-13 2.5032830583105966e-13 9.542168130744683e-14
8.736690337257128 1.4339266558039992e-21 3.3253955709007483e-13 2.3208096749973787e-13 1.0045858959033696e-13
8.802464289484785 1.3371682861198798e-21 3.124350673946027e-13 2.0135318900117836e-13 1.1108187839342438e-13
8.868733419248175 1.2941458095932968e-21 3.04659162822711e-13 1.8099905507164433e-13 1.2366010775106663e-13
8.935501454478851 1.2988563859865478e-21 3.080700626263692e-13 1.675455160167258e-13 1.4052454660964346e-13
9.002772151174003 1.3262021100819568e-21 3.1692420272109633e-13 1.5855727373917412e-13 1.5836692898192224e-13
9.07054929360775 1.366577698811876e-21 3.290314035712985e-13 1.52380276481289e-13 1.7665112709000947e-13
9.13883669454403 1.415427531118419e-21 3.433586466931737e-13 1.4793350179524828e-13 1.9542514489792535e-13
9.207638195451068 1.4684501941114789e-21 3.5890284408425896e-13 1.4493607678287395e-13 2.13966767301385e-13
9.276957666717493 1.5283782016504249e-21 3.763620650846195e-13 1.4229570277572675e-13 2.3406636230889276e-13
9.346799007870057 1.587863013241627e-21 3.9395386849607627e-13 1.4060571938649526e-13 2.533481491095811e-13
9.417166147792997 1.6504346418837751e-21 4.125608341912719e-13 1.3908679646911482e-13 2.7347403772215707e-13
9.488063044949055 1.6905952523196547e-21 4.257813551053191e-13 1.3813488830158583e-13 2.8764646680373325e-13
9.559493687602165 1.7336003493513925e-21 4.3989933924261317e-13 1.3727038487153622e-13 3.026289543710769e-13
9.631462094041797 1.774338374443879e-21 4.536261666449134e-13 1.367948344934324e-13 3.1683133215148094e-13
9.703972312809022 1.814534436365295e-21 4.673951445352476e-13 1.3636579298678707e-13 3.310293515484606e-13
9.777099908821425 1.828708993954892e-21 4.745960146865549e-13 1.3624557045709572e-13 3.383504442294592e-13
9.924867353363874 1.843697893382158e-21 4.857176706421634e-13 1.3634876181039992e-13 3.4936890883176345e-13
10.074868099996943 1.8176949114407566e-21 4.861046702221267e-13 1.3710779642444493e-13 3.4899687379768176e-13
10.150790707826552 1.792730407021321e-21 4.830413297515748e-13 1.3768321713417572e-13 3.4535811261739914e-13
10.22721067892732 1.7682147861108422e-21 4.800225651335882e-13 1.3865929332159293e-13 3.4136327181199543e-13
10.304205975847633 1.74376833502701e-21 4.769498884538937e-13 1.3970802586757225e-13 3.372418625863214e-13
10.381780929913377 1.711067055982881e-21 4.715289079971718e-13 1.413450676330666e-13 3.301838403641053e-13
10.459939905058707 1.6793458735184616e-21 4.662713959861356e-13 1.4314682907416997e-13 3.2312456691196565e-13
10.538687298071551 1.6468517165448674e-21 4.606917640228577e-13 1.4594168727291077e-13 3.147500767499469e-13
10.618027538840941 1.6155527263229315e-21 4.553385465830632e-13 1.4908254396102856e-13 3.062560026220346e-13
10.697971937068667 1.5804821552091018e-21 4.488078909312547e-13 1.5375605633767722e-13 2.950518345935775e-13
10.778518246224262 1.55219746433168e-21 4.440945709228093e-13 1.603296672463829e-13 2.837649036764263e-13
10.859664048220797 1.535448953127781e-21 4.426099838088046e-13 1.701211088248069e-13 2.724888749839977e-13
10.941420754335242 1.5366046876912217e-21 4.4627782316273967e-13 1.8499167426324747e-13 2.612861488994922e-13
10.961955922839442 1.541927030906394e-21 4.4866408528990847e-13 1.9019859138546058e-13 2.584654939044478e-13
10.982529632329763 1.5494609682199394e-21 4.517024616693256e-13 1.9603170480973037e-13 2.556707568595953e-13
11.023792963743814 1.5732672575277101e-21 4.60365728583252e-13 2.1022777072283382e-13 2.5013795786041823e-13
11.065211328886559 1.6119704674246161e-21 4.734631974282961e-13 2.288436761994521e-13 2.4461952122884406e-13
11.08597883104876 1.6401296723139343e-21 4.826381678811283e-13 2.4077526232279246e-13 2.4186290555833585e-13
11.106785310247485 1.6729041882921462e-21 4.932065989922045e-13 2.540997071823025e-13 2.3910689180990205e-13
11.14851549250461 1.7549276425059193e-21 5.193327245402885e-13 2.8573368807294833e-13 2.335990364673402e-13
11.169441129330048 1.7997928421656004e-21 5.336093082299371e-13 3.0271731336639314e-13 2.308919948635439e-13
11.190406043337886 1.8381083181616575e-21 5.459921247869835e-13 3.1781656373659825e-13 2.281755610503851e-13
11.21140851448765 1.874668851621045e-21 5.578971899494297e-13 3.3246671194088353e-13 2.2543047800854629e-13
11.22192452720434 1.8942010827639723e-21 5.642386829665909e-13 3.401683827340641e-13 2.2407030023252683e-13
11.232450403670388 1.899312073598085e-21 5.662917982825862e-13 3.4347174435623523e-13 2.2282005392635092e-13
11.253533585369773 1.8972008290293965e-21 5.66724059221219e-13 3.4633269562905293e-13 2.203913635921659e-13
11.274656339961506 1.8880691934207107e-21 5.650549090748174e-13 3.4705464956922487e-13 2.1800025950559253e-13
11.285231677511122 1.8835782077617005e-21 5.642396084874389e-13 3.474158910029835e-13 2.1682371748445542e-13
11.295816934455262 1.8678853934004186e-21 5.600635442503399e-13 3.444238151315868e-13 2.1563972911875305e-13
11.317017243752359 1.830826724002293e-21 5.499822250953304e-13 3.3670351640958745e-13 2.1327870868574296e-13
11.338257342390673 1.7940256354443455e-21 5.399386140870793e-13 3.29003138769129e-13 2.1093547531795027e-13
11.359537305047965 1.7554220963095393e-21 5.293118731513288e-13 3.2074589736783135e-13 2.0856597578349755e-13
11.402217121831576 1.672118283777973e-21 5.060876452925939e-13 3.0237280523410024e-13 2.0371484005849355e-13
11.423617126015266 1.6294799060886145e-21 4.941082226870121e-13 2.9285216374297316e-13 2.0125605894403887e-13
11.445057294333186 1.586213549441554e-21 4.81891270909062e-13 2.8316934441427326e-13 1.987219264947887e-13
11.488058425037956 1.4988187780450833e-21 4.570515585142364e-13 2.6361474159071724e-13 1.9343681692351916e-13
11.53122111869469 1.41981908886829e-21 4.345880136864877e-13 2.4630057621210833e-13 1.882874374743794e-13
11.574545982324347 1.3482485008984073e-21 4.1423171195996846e-13 2.30961238608008e-13 1.832704733519604e-13
11.618033625228566 1.283343107268382e-21 3.9577179855643293e-13 2.1749954724036566e-13 1.782722513160673e-13
11.661684658998247 1.2253103550712205e-21 3.792947490458785e-13 2.0636445338977606e-13 1.7293029565610256e-13
11.705499697522141 1.1758626807609794e-21 3.653557933126598e-13 1.9784653420561064e-13 1.6750925910704905e-13
11.749479356995494 1.1324193435104305e-21 3.5317937592479854e-13 1.9123257631917088e-13 1.6194679960562766e-13
11.793624255928705 1.0925904587791251e-21 3.420378152755511e-13 1.8558967935086805e-13 1.5644813592468316e-13
11.83793501515603 1.0589190754931265e-21 3.327424089346285e-13 1.820696258539697e-13 1.5067278308065883e-13
11.882412257844306 1.0274479305296474e-21 3.2406630015614956e-13 1.7907080086604914e-13 1.4499549929010043e-13
11.92705660950172 1.0001999750184417e-21 3.166573354091858e-13 1.775661399043817e-13 1.3909119550480414e-13
11.971868697986617 9.746815335124572e-22 3.0973773345551297e-13 1.7646374226153373e-13 1.3327399119397922e-13
12.016849153516302 9.529989116674166e-22 3.039852052185513e-13 1.7687464276075935e-13 1.2711056245779195e-13
12.061998608675935 9.328151413325747e-22 2.986649742494677e-13 1.7757946382307603e-13 1.2108551042639164e-13
12.152807060118223 9.003356235423841e-22 2.9043601566647353e-13 1.8180577184253626e-13 1.0863024382393715e-13
12.198467333490619 8.879752977021721e-22 2.875249820602966e-13 1.8540174737801363e-13 1.0212323468228302e-13
12.244299160690385 8.775746505988732e-22 2.8522489892126325e-13 1.8942671809554613e-13 9.579818082571721e-14
12.290303186275983 8.699677202375848e-22 2.8381488459856164e-13 1.9474366704900438e-13 8.907121754955727e-14
12.3364800572276 8.676884496513945e-22 2.8413485383350735e-13 2.0053232038477532e-13 8.360253344873201e-14
12.382830422956244 8.785138890198716e-22 2.887606365408337e-13 2.0720369333063054e-13 8.155694321020317e-14
12.429354935312874 8.903571862757203e-22 2.9375298700380285e-13 2.141873173534288e-13 7.9565669650374e-14
12.476058240797144 9.013328128064061e-22 2.984915273629911e-13 2.2086449147984623e-13 7.762703588314497e-14
12.522937033967983 9.138754237999845e-22 3.037824135779122e-13 2.276205620848003e-13 7.616185149311199e-14
12.569987951963114 9.26868605619249e-22 3.092590850634877e-13 2.328148391543177e-13 7.644424590916992e-14
12.593579661530361 9.306555697406933e-22 3.1110544164282345e-13 2.3452742144183664e-13 7.657802020098669e-14
12.617215648686605 9.327487861786011e-22 3.1239038008711584e-13 2.3568337223103127e-13 7.670700785608464e-14
12.664620788327802 9.301763603651101e-22 3.12699309010781e-13 2.3575283855057017e-13 7.694647046021087e-14
12.71220403757155 9.205890823589145e-22 3.106390919852228e-13 2.334727067493765e-13 7.716638523584633e-14
12.736062662318053 9.129068699708498e-22 3.086249947335134e-13 2.313570441773621e-13 7.726795055615127e-14
12.759966065607527 9.036060239957542e-22 3.0605400709370815e-13 2.2868927386736426e-13 7.736473322634388e-14
12.807907544139693 8.79741918345074e-22 2.990906956578423e-13 2.215498167974648e-13 7.75408788603775e-14
12.856029147395699 8.538997555865446e-22 2.9139572140877554e-13 2.136899389947876e-13 7.770578241398787e-14
12.904331552136407 8.269807810467672e-22 2.8326985656690795e-13 2.05402214627667e-13 7.786764193924105e-14
12.95281543766539 7.998470317968796e-22 2.7500497334629236e-13 1.9698587131012487e-13 7.80191020361675e-14
13.00148148583848 7.751143993296766e-22 2.675026445227708e-13 1.8933269554541355e-13 7.81699489773572e-14
13.050330381073369 7.525451797378281e-22 2.6068948718297115e-13 1.8236929796347243e-13 7.832018921949864e-14
13.099362810359226 7.320523504740532e-22 2.54543342873548e-13 1.7607419936892021e-13 7.846914350462777e-14
13.197981031955921 6.972703319648724e-22 2.4427449256354673e-13 1.655154891648362e-13 7.875900339871052e-14
13.247568211189632 6.828632873132452e-22 2.401260969544301e-13 1.6122633961164293e-13 7.88997573427872e-14
13.297341698339563 6.697363105730513e-22 2.3639490243406853e-13 1.5735628429886323e-13 7.903861813520524e-14
13.397450398986955 6.477760557679302e-22 2.30364992321833e-13 1.5106358788809929e-13 7.93014044337337e-14
13.447787020368724 6.385367561213578e-22 2.279324491329662e-13 1.4850917644249459e-13 7.942327269047156e-14
13.498312765455129 6.2994133921556365e-22 2.257090793274912e-13 1.4616798115626991e-13 7.954109817122131e-14
13.59993447169816 6.15009275862662e-22 2.2201786138103006e-13 1.422726425134185e-13 7.974521886761157e-14
13.702321234386334 6.033172357956992e-22 2.1943672371757702e-13 1.391749163957167e-13 8.026180732186031e-14
13.805478813227746 6.0162878328011405e-22 2.2047000531175587e-13 1.3669708879054193e-13 8.377291652121385e-14
13.90941301129231 6.015581996938657e-22 2.2210374771767657e-13 1.3448748595877605e-13 8.761626175890056e-14
13.96167316792965 6.047658064478363e-22 2.241269744177598e-13 1.3364794052767137e-13 9.047903389008843e-14
14.014129675338197 6.084093949059072e-22 2.263244515037055e-13 1.329045074721503e-13 9.341994403155524e-14
14.119634696140762 6.175113250724795e-22 2.3143968030164943e-13 1.3202384650390456e-13 9.941583379774491e-14
14.225934008823913 6.2704819265844865e-22 2.3678334050537187e-13 1.3125532560296783e-13 1.0552801490240401e-13
14.333033593193976 6.37286252815143e-22 2.424611172418188e-13 1.30492732005066e-13 1.1196838523675289e-13
14.44093947407611 6.469340456229552e-22 2.4798470053321894e-13 1.2967767356507386e-13 1.1830702696814505e-13
14.54965772165321 6.57370614638943e-22 2.53882342288338e-13 1.2887969973806605e-13 1.2500264255027187e-13
14.659194451807393 6.686251045258062e-22 2.6017299570448456e-13 1.2809775880372296e-13 1.3207523690076152e-13
14.769555826464039 6.80537483788136e-22 2.6680190044834837e-13 1.2732022816046048e-13 1.39481672287888e-13
14.992777389284976 7.031528015328164e-22 2.7983448762488246e-13 1.2562682484743188e-13 1.5420766277745058e-13
15.21937263962189 7.287993257346421e-22 2.944246353827393e-13 1.2400437019228348e-13 1.704202651904558e-13
15.449392566130673 7.561401066177191e-22 3.100866833568062e-13 1.2222856095338817e-13 1.8785812240341808e-13
15.682888928090767 8.122334638851053e-22 3.381242958852356e-13 1.2055510644707217e-13 2.1756918943816343e-13
15.919914267052077 8.74526936498039e-22 3.6955863002750567e-13 1.1878307937147456e-13 2.507755506560311e-13
16.03976693895051 9.045758989188892e-22 3.851345665265395e-13 1.17948447343801e-13 2.6718611918273847e-13
16.1605219186579 9.368637882835027e-22 4.018845111302358e-13 1.174225347741841e-13 2.8446197635605176e-13
16.22123989475974 9.510132902976666e-22 4.094869505792683e-13 1.1719326199472762e-13 2.9229368858454063e-13
16.282185999175777 9.655515852543295e-22 4.173088796186124e-13 1.169631779773185e-13 3.0034570164129397e-13
16.312744867225646 9.729695356511627e-22 4.213041327313058e-13 1.1684783350416283e-13 3.044562992271429e-13
16.343361089024967 9.804883219655198e-22 4.253566574509479e-13 1.167322883149788e-13 3.0862436913596917e-13
16.404766024646595 9.958333995474014e-22 4.3363683078721223e-13 1.1650059868580751e-13 3.1713623210140467e-13
16.466401669612416 1.0115969742640592e-21 4.421561395718932e-13 1.1626811495538398e-13 3.2588802461650905e-13
16.497306278852424 1.0196389438055435e-21 4.4650763022584895e-13 1.1615157716280534e-13 3.303560530630435e-13
16.528268890738765 1.0277894661300855e-21 4.509215226979801e-13 1.1603484309822243e-13 3.3488667959975767e-13
16.590368558098763 1.0444215659760613e-21 4.599401240199866e-13 1.1580078924149945e-13 3.441393347784871e-13
16.65270154503456 1.060798582111507e-21 4.689073736852706e-13 1.1556374090863026e-13 3.533436327766402e-13
16.715268728169598 1.0745194039398357e-21 4.767569783658936e-13 1.1531655453445075e-13 3.614404238314428e-13
16.778070987420957 1.0885391774793447e-21 4.847920897183283e-13 1.1506879930127404e-13 3.6972329041705404e-13
16.9043842704834 1.1174984964348232e-21 5.014362617076375e-13 1.1457159480212615e-13 3.868646669055114e-13
17.03164849990255 1.1477235348814158e-21 5.188757878691262e-13 1.1407215439709026e-13 4.048036334720361e-13
17.159870834853997 1.178540162078767e-21 5.368189453385135e-13 1.1356811694090644e-13 4.232508283976071e-13
17.289058488411015 1.2034814519440824e-21 5.52306529867034e-13 1.1303949941251305e-13 4.3926703045452095e-13
17.35401657858945 1.2162634812487776e-21 5.602696640886605e-13 1.1277473457548596e-13 4.474949295131745e-13
17.386587088641786 1.2227335752534972e-21 5.643072254260893e-13 1.1264223801684468e-13 4.516649874092444e-13
17.419218727950305 1.2292568656820396e-21 5.683825657507902e-13 1.1250966535826095e-13 4.558729003925293e-13
17.48466585346766 1.2424644825079549e-21 5.766479504086333e-13 1.1224429183536788e-13 4.644036585732655e-13
17.550358875560836 1.255889252173592e-21 5.850685834402053e-13 1.1197861431600042e-13 4.73089969124205e-13
17.682486308455736 1.2800590716508663e-21 6.008177786515683e-13 1.1144381785013291e-13 4.893739608014353e-13
17.81560845938729 1.2724437132312664e-21 6.017397106494731e-13 1.1088407659148636e-13 4.908556340579868e-13
17.882544892141226 1.2686316226411564e-21 6.021910404555907e-13 1.1060418196035452e-13 4.915868584952362e-13
17.949732817065083 1.2645628972366513e-21 6.025149908218096e-13 1.1032426426063971e-13 4.9219072656117e-13
18.084866926577256 1.2542532529254306e-21 6.021018845802238e-13 1.0976434085494692e-13 4.92337543725277e-13
18.221018389814958 1.2438489222919417e-21 6.016026127277086e-13 1.0920620592213762e-13 4.923964068055711e-13
18.496404071615608 1.220475742721732e-21 5.992194333806137e-13 1.0813123403001306e-13 4.910881993506008e-13
18.635790038622734 1.2090003534406793e-21 5.980585033443959e-13 1.0765286963714038e-13 4.904056337072557e-13
18.776226396166493 1.1974944572351795e-21 5.968308424823342e-13 1.0717037128109651e-13 4.896604712012376e-13
18.91772105982334 1.1851884551939227e-21 5.951489380468127e-13 1.0667525184414917e-13 4.884736862026633e-13
19.203636446149176 1.1608587759716133e-21 5.917418668604905e-13 1.056780318614877e-13 4.860638349990027e-13
19.4938730510763 1.1359392534413263e-21 5.87790650474605e-13 1.0465457222528912e-13 4.831360782493158e-13
19.78849618389234 1.1106659348140551e-21 5.833989946465362e-13 1.036094829445269e-13 4.797895117020092e-13
20.08757214094514 1.084998380007595e-21 5.785301169671567e-13 1.0254051729648032e-13 4.759895996706762e-13
20.391466406516905 1.059121538414953e-21 5.732759085020806e-13 1.0145134009052456e-13 4.71824568411556e-13
20.699681925472166 1.0325923379552e-21 5.673642972327813e-13 1.0035124148793591e-13 4.670130557448455e-13
21.012556099387844 1.0039373246123668e-21 5.599573116334154e-13 9.924171058393322e-14 4.607156010494821e-13
21.652507708764745 9.46330614932818e-22 5.439018364778396e-13 9.715469649742706e-14 4.467471399804125e-13
21.979755641372343 9.18387173823667e-22 5.358189915572893e-13 9.611112242425444e-14 4.39707869133035e-13
22.311949477282987 8.909514585397818e-22 5.276682873481706e-13 9.50529800048957e-14 4.3261530734327483e-13
22.64916396703608 8.640014312620861e-22 5.19440814427444e-13 9.397877238679619e-14 4.254620420406479e-13
22.991811201917592 8.375528931214876e-22 5.11157645194995e-13 9.289101555321733e-14 4.1826662964177774e-13
23.339642165776596 8.116090160391174e-22 5.028176214121743e-13 9.178886858893443e-14 4.1102875282323983e-13
23.69273528050995 7.86207494388038e-22 4.944493547365957e-13 9.067606450938836e-14 4.0377329022720724e-13
24.414313559781952 7.371991017450844e-22 4.77747857893588e-13 8.851340926213588e-14 3.8923444863145203e-13
24.78366481022829 7.138744442581802e-22 4.696310413809614e-13 8.744866583855347e-14 3.8218237554240794e-13
25.15860378059443 6.913792871424335e-22 4.617132448804498e-13 8.639132383053528e-14 3.7532192104991456e-13
25.924826076583233 6.48388555261639e-22 4.4619081407981324e-13 8.426015286482467e-14 3.6193066121498853e-13
26.714384190886577 6.075789125754403e-22 4.30841265404794e-13 8.21267497779192e-14 3.487145156268749e-13
27.527988831636016 5.6867471167186e-22 4.155352131844139e-13 7.999731550464091e-14 3.3553789767977297e-13
28.366372352060132 5.318008779330791e-22 4.004260124964167e-13 7.789144946629913e-14 3.225345630301176e-13
29.2302894097004 4.967872265375353e-22 3.854543658379675e-13 7.582638204166046e-14 3.0962798379630705e-13
30.12051764570424 4.640801703776782e-22 3.710435412652494e-13 7.377876172807005e-14 2.9726477953717933e-13
30.575747924857424 4.487786350278078e-22 3.64232500766474e-13 7.275370835502413e-14 2.914787924114499e-13
31.037858384806153 4.341489982352235e-22 3.5768438704356423e-13 7.17282812904847e-14 2.859561057530796e-13
31.983137356627505 4.06357449742768e-22 3.449838164491283e-13 6.970673620608856e-14 2.752770802430398e-13
32.95720543894392 3.8087524732894043e-22 3.33198134694363e-13 6.775107438600597e-14 2.65447060308357e-13
33.960939423588975 3.570153298347915e-22 3.2183701593852095e-13 6.582819755614087e-14 2.560088183823802e-13
34.99524280568484 3.342341516254121e-22 3.104768815284176e-13 6.389867634436815e-14 2.465782051840494e-13
36.06104659690874 3.1274057894796823e-22 2.9935877701360833e-13 6.199610145118106e-14 2.3736267556242727e-13
37.159310163528254 2.9233139547543583e-22 2.883450735670911e-13 6.017052646380198e-14 2.281745471032892e-13
38.29102208995955 2.7314717761687053e-22 2.776279008670495e-13 5.83896364573655e-14 2.19238264409684e-13
39.45720106862597 2.5487550521390344e-22 2.669462397193883e-13 5.661355721217227e-14 2.1033268250721604e-13
40.65889681691763 2.3771406076553205e-22 2.565546525784697e-13 5.486607069001814e-14 2.0168858188845157e-13
41.897191022077855 2.217080650715529e-22 2.465674999200915e-13 5.317627695258551e-14 1.9339122296750596e-13
43.173198314866475 2.0677250188710754e-22 2.3696076240859974e-13 5.1530168661902506e-14 1.854305937466973e-13
44.48806727287728 1.9262458855977217e-22 2.274702976649914e-13 4.991171129397943e-14 1.7755858637101203e-13
45.8429814544115 1.793531113752046e-22 2.182484675313726e-13 4.832693028576892e-14 1.6992153724560364e-13
47.23916046383907 1.6678730238675277e-22 2.0913878865705315e-13 4.678443139216605e-14 1.6235435726488707e-13
48.67786104940597 1.5500392011696077e-22 2.0028277566074615e-13 4.528204752218968e-14 1.5500072813855645e-13
50.16037823447602 1.438676209593698e-22 1.915549140897185e-13 4.3818768634597367e-14 1.4773614545512114e-13
51.68804648322576 1.3343171451997216e-22 1.8307060557643965e-13 4.2393524768826993e-14 1.406770808076127e-13
53.26224090184056 1.2358687345901585e-22 1.7472747987791965e-13 4.100195912026217e-14 1.3372552075765748e-13
54.884378476295105 1.1436503349695318e-22 1.666139824327649e-13 3.964490434100224e-14 1.269690780917627e-13
56.55591934783037 1.0569321625043911e-22 1.5866992382282008e-13 3.8330660329845906e-14 1.2033926349297418e-13
58.27836812727644 9.758039144852204e-23 1.509521737867209e-13 3.705792121282293e-14 1.1389425257389802e-13
60.05327524940399 9.022479762250818e-23 1.4382422683637017e-13 3.5814506514822994e-14 1.0800972032154716e-13
61.88223836852342 8.357614446854156e-23 1.372833220241849e-13 3.459903799424095e-14 1.0268428402994398e-13
62.81758386220369 8.046335476220357e-23 1.34167953971187e-13 3.400650453851225e-14 1.0016144943267472e-13
63.7670670344103 7.76016384384319e-23 1.3135202301116945e-13 3.342483785677966e-14 9.79271851543898e-14
65.70913619443517 7.24097400005907e-23 1.262967512165776e-13 3.2294498593676085e-14 9.400225262290149e-14
67.71035238438829 6.750459137333199e-23 1.2132710074354746e-13 3.119247116263354e-14 9.013462958091392e-14
69.77251696707448 6.282404231763727e-23 1.1635356651469363e-13 3.0112853018317976e-14 8.624071349637565e-14
71.89748616702131 5.843316016362453e-23 1.1151736864375949e-13 2.90690219755967e-14 8.244834666816276e-14
74.08717274132995 5.432862742716743e-23 1.0684179799628356e-13 2.8067537974735264e-14 7.877426002154828e-14
76.34354770141287 5.050969978363627e-23 1.0235676655224567e-13 2.709520070482394e-14 7.526156584742171e-14
78.66864208716851 4.6965296679728904e-23 9.807270567278633e-14 2.6144032925021904e-14 7.192867274776442e-14
81.06454879518883 4.369343268581016e-23 9.401920364307466e-14 2.522162129536792e-14 6.879758234770674e-14
83.5334244626476 4.072476998832003e-23 9.030012653662501e-14 2.4333287229776038e-14 6.596683930684898e-14
86.07749140856238 3.7962369454315413e-23 8.673858762586944e-14 2.347263053247846e-14 6.326595709339096e-14
88.69903963417964 3.5330877751425414e-23 8.318457034124615e-14 2.263477681111826e-14 6.05497935301279e-14
91.4004288842828 3.286274084624183e-23 7.972994209196666e-14 2.1821760052946502e-14 5.790818203902014e-14
94.18409077127889 3.055433303073439e-23 7.638705919837254e-14 2.1035151112031918e-14 5.535190808634066e-14
97.05253096397554 2.840337475669019e-23 7.317222186673883e-14 2.0272801574772114e-14 5.2899420291966715e-14
100.00833144301866 2.6449405938013358e-23 7.021364782710027e-14 1.9534140421567273e-14 5.067950740553299e-14
103.05415282502196 2.463714752666378e-23 6.739463949834412e-14 1.8817766725746647e-14 4.8576872772597466e-14
106.19273675747671 2.2997236300505512e-23 6.482460724140504e-14 1.8120843951212858e-14 4.670376329019217e-14
109.4269083866038 2.1474829007424928e-23 6.237682666998686e-14 1.744410164617838e-14 4.493272502380848e-14
112.75957890036308 2.0017801855342008e-23 5.991551056717196e-14 1.6790734843657545e-14 4.312477572351441e-14
116.1937481489129 1.8641792463454025e-23 5.749629539069953e-14 1.615759116616211e-14 4.13387042245374e-14
119.73250734487735 1.7320249808874973e-23 5.5047254318351405e-14 1.5539143208328272e-14 3.9508111110023124e-14
123.37904184585196 1.6070885742203536e-23 5.2632092869490966e-14 1.493705721531381e-14 3.7695035654177147e-14
127.13663402165271 1.4876930094722822e-23 5.020575061874917e-14 1.4356629745827207e-14 3.584912087292197e-14
131.0086662088879 1.375084697379246e-23 4.78188257463354e-14 1.3794955719221796e-14 3.4023870027113604e-14
134.99862375551584 1.2680081846730103e-23 4.543816988567263e-14 1.3245688002002008e-14 3.219248188367063e-14
139.11009815812417 1.1672775310727984e-23 4.3102475729441835e-14 1.2709727435830351e-14 3.0392748293611474e-14
143.3467902947586 1.0734065394385329e-23 4.0843376975962945e-14 1.2192172087880247e-14 2.8651204888082695e-14
147.71251375620898 9.862136573274428e-24 3.866853640895659e-14 1.1691768396298042e-14 2.697676801265854e-14
152.21119827875228 9.099402745609771e-24 3.676452215387706e-14 1.120376260055595e-14 2.556075955332111e-14
156.84689328144228 8.42801336336086e-24 3.508896590854702e-14 1.0727755973650256e-14 2.4361209934896764e-14
159.21741877681018 8.107379544919549e-24 3.426419372321071e-14 1.0495172427640884e-14 2.376902129556983e-14
161.62377151112827 7.793191624660542e-24 3.3434129866334484e-14 1.0266329282093952e-14 2.316780058424053e-14
166.54613279848823 7.185666377983893e-24 3.176662201234781e-14 9.819549050830079e-15 2.1947072961517722e-14
171.61840792845166 6.62334982567747e-24 3.017247913476712e-14 9.385409871797792e-15 2.0787069262969326e-14
176.84516262850022 6.107690738405698e-24 2.867078977512509e-14 8.963292894174441e-15 1.9707496880950642e-14
179.5181642894721 5.86326456371075e-24 2.793941590600664e-14 8.756984801298445e-15 1.9182431104708194e-14
182.2315681744764 5.6199089878485215e-24 2.7184561243367934e-14 8.553897215676691e-15 1.8630664027691238e-14
187.78155384880017 5.143276101977614e-24 2.563670466089966e-14 8.15743803578956e-15 1.747926662511009e-14
190.61961427604518 4.919533780214606e-24 2.4892067298365763e-14 7.963923859971341e-15 1.6928143438394422e-14
193.5005680909718 4.705787801758286e-24 2.417040998343224e-14 7.773499913177405e-15 1.6396910070254834e-14
199.3937587803602 4.310479811706818e-24 2.2814271671034486e-14 7.4019630349689e-15 1.5412308636065596e-14
205.46643057848152 3.9541580489975236e-24 2.156573844045438e-14 7.042293431966013e-15 1.4523445008488363e-14
211.72404970390772 3.642650399861206e-24 2.0471851262174465e-14 6.6940385092835704e-15 1.3777812752890894e-14
218.17224885259444 3.353757720040394e-24 1.9422298597753078e-14 6.3577752070076595e-15 1.3064523390745415e-14
224.8168322680627 3.0745770145688137e-24 1.8347784616214597e-14 6.0341299474329805e-15 1.2313654668781619e-14
231.66378096599615 2.8120370446822715e-24 1.7292134736952818e-14 5.722010840248455e-15 1.1570123896704364e-14
238.71925811795668 2.564229945989358e-24 1.6248521780091493e-14 5.420198105641809e-15 1.0828323674449685e-14
245.98961459906556 2.3332614856705923e-24 1.5235251136147172e-14 5.12970363842405e-15 1.010554749772312e-14
249.71106150874405 2.2211176392728836e-24 1.4722405487948877e-14 4.989125089617688e-15 9.733280398331196e-15
253.4888082224776 2.111090857264405e-24 1.4204800790781773e-14 4.851764540676796e-15 9.353036250104974e-15
261.20898134247824 1.9063424514997077e-24 1.3217778130739456e-14 4.5854336638727274e-15 8.63234446686673e-15
269.1642775569489 1.727797746939762e-24 1.2344677762883495e-14 4.328581171919394e-15 8.016096590964104e-15
277.3618576987742 1.5665028897269942e-24 1.1533134872866223e-14 4.082166670683584e-15 7.450968202182638e-15
285.8091006888481 1.4070334202330538e-24 1.0674557955813962e-14 3.847605151456218e-15 6.826952804357743e-15
294.5136101780917 1.25940719914895e-24 9.845572486517603e-15 3.623716938457266e-15 6.221855548060338e-15
303.4832213917586 1.1322043874877092e-24 9.120716398722207e-15 3.4091240658295765e-15 5.7115923328926304e-15
312.7260081821858 1.0189769902350871e-24 8.458586824552242e-15 3.2042065184669016e-15 5.2543803060853416e-15
322.25029029634635 9.183154713049111e-25 7.855153053449824e-15 3.009580501461672e-15 4.845572551988154e-15
332.0646408647343 8.27651839504273e-25 7.29524280434397e-15 2.8246432213978776e-15 4.470599582946093e-15
342.17789411833206 7.442600452109569e-25 6.75999052496058e-15 2.648701020723586e-15 4.111289504236994e-15
352.59915334060224 6.681434960939886e-25 6.2534609670234806e-15 2.481585484936178e-15 3.7718754820873016e-15
363.337799061663 5.998602298170472e-25 5.785355939202018e-15 2.323246356851958e-15 3.462109582350061e-15
374.40349750202313 5.384780255604521e-25 5.351522001116472e-15 2.173360956175612e-15 3.178161044940861e-15
380.062092440151 5.100989830595012e-25 5.146102660859022e-15 2.1015039503969197e-15 3.0445987104621037e-15
385.80620927347337 4.8315240463668935e-25 4.9479213929292716e-15 2.031654716855439e-15 2.916266676073832e-15
397.5561983449763 4.332466444834583e-25 4.5719678712299726e-15 1.8977960062463597e-15 2.6741718649836133e-15
409.6640412816112 3.878811186969161e-25 4.217896488394362e-15 1.7713320109716445e-15 2.446564477422718e-15
415.8555509384264 3.667922148517726e-25 4.048853334511082e-15 1.7107840906922426e-15 2.3380692438188385e-15
422.1406367649012 3.467300196109002e-25 3.885241671132609e-15 1.6519858718473058e-15 2.2332557992853026e-15
434.9972154030873 3.0979288295750097e-25 3.577069235546991e-15 1.5396731839930968e-15 2.037396051553894e-15
448.24534984018095 2.7672110416655276e-25 3.2925130713667577e-15 1.4341124988930626e-15 1.8584005724736957e-15
461.89696517289525 2.4710726132620846e-25 3.029702946650286e-15 1.3347581125410543e-15 1.6949448341092323e-15
475.9643496848308 2.2060373160578636e-25 2.7871267031037584e-15 1.2412737127587733e-15 1.545852990344985e-15
490.4601659075747 1.9674576735930207e-25 2.5614068805336124e-15 1.1536775768029768e-15 1.4077293037306359e-15
505.39746201868155 1.7522695910681977e-25 2.3507335949705763e-15 1.071795131889037e-15 1.2789384630815391e-15
520.7896835867783 1.5598200367622576e-25 2.1562856886486424e-15 9.951972551848096e-16 1.161088433463833e-15
536.6506856743796 1.3884829481677468e-25 1.9778878936882216e-15 9.23600829102835e-16 1.0542870645853869e-15
552.9947453093008 1.2354637156426422e-25 1.8135119961351734e-15 8.566659505780428e-16 9.56846045557131e-16
569.8365743358964 1.0987299328159725e-25 1.661922278786036e-15 7.941204474157464e-16 8.678018313702895e-16
587.1913326576936 9.766338041977887e-26 1.5222319110342743e-15 7.357249031539251e-16 7.865070078803497e-16
605.0746418833327 8.676816471648643e-26 1.393602115801857e-15 6.812482076272019e-16 7.123539081746555e-16
623.502599388115 7.705236377430822e-26 1.2752451126329387e-15 6.304671506810289e-16 6.447779619519098e-16
642.4917928037942 6.839385060502379e-26 1.1664176234768464e-15 5.831666676132094e-16 5.83250955863637e-16
662.0593149496696 6.068222762882862e-26 1.0664189373133372e-15 5.391414140441218e-16 5.272775232692153e-16
682.2227792184137 5.381792074952109e-26 9.7459137620526e-16 4.981938960161342e-16 4.763974801891259e-16
703.0003354304876 4.7711275060117756e-26 8.903197107466818e-16 4.601360817329852e-16 4.301836290136963e-16
724.4106861714122 4.2281624416713035e-26 8.130288288909138e-16 4.247894179848147e-16 3.882394109060988e-16
746.4731036265977 3.7456378430863897e-26 7.421802296973011e-16 3.9198149259716517e-16 3.5019873710013605e-16
769.2074469289008 3.3170346562635204e-26 6.772716896268722e-16 3.6154834023334533e-16 3.157233493935269e-16
792.6341800345017 2.936508372699736e-26 6.178363733916778e-16 3.3333607351029784e-16 2.845002998813802e-16
816.7743901432078 2.598822162611602e-26 5.634405597608336e-16 3.071989971932714e-16 2.5624156256756235e-16
841.6498066797607 2.2992809824377785e-26 5.13680297342885e-16 2.8299826881597794e-16 2.306820285269069e-16
867.2828208532309 2.0336811190492998e-26 4.681801900775405e-16 2.606024337155304e-16 2.0757775636200984e-16
893.6965058121084 1.7982718440568076e-26 4.2659409293777195e-16 2.398884437367422e-16 1.867056492010298e-16
920.9146374132232 1.589703786294294e-26 3.886019875855298e-16 2.20740555855072e-16 1.6786143173045785e-16
948.9617156232121 1.4049820394797624e-26 3.5390679193109605e-16 2.0304932231943961e-16 1.5085746961165648e-16
977.8629865717667 1.2414349913037151e-26 3.222340451119908e-16 1.8671189805994142e-16 1.3552214705204932e-16
1007.6444652765354 1.0966826684408341e-26 2.933308474342474e-16 1.7163189791781578e-16 1.2169894951643155e-16
1038.332959060126 9.686043944947466e-27 2.6696388136454817e-16 1.5771885805405965e-16 1.0924502331048845e-16
1069.95609168029 8.553132747576743e-27 2.4291850587034253e-16 1.4488826497640454e-16 9.803024089393798e-17
1102.542328195006 7.551311734259603e-27 2.2099736928288646e-16 1.3306123747371899e-16 8.793613180916751e-17
1136.1210005848498 6.665649466365655e-27 2.0101871473222183e-16 1.2216386347813067e-16 7.885485125409116e-17
1170.7223341557005 5.882868791048276e-27 1.8281528288237022e-16 1.1212694306465305e-16 7.068833981771717e-17
1206.3774747455793 5.191184590487716e-27 1.662337203413347e-16 1.0288614605506937e-16 6.334757428626533e-17
1243.1185167600695 4.580142552324684e-27 1.511335778604212e-16 9.43817481839011e-17 5.675182967652015e-17
1280.9785320615858 4.040459820946019e-27 1.373858727408849e-16 8.655800770646459e-17 5.0827865034420295e-17
1319.9915997384837 3.5638931397664404e-27 1.2487205936866266e-16 7.93628564168256e-17 4.550920295183701e-17
1360.1928367808064 3.143139472142601e-27 1.1348372143791428e-16 7.274800039511581e-17 4.0735721042798495e-17
1401.618429690285 2.771736546877719e-27 1.0312196517056093e-16 6.666882928826564e-17 3.645313588229531e-17
1444.305667053031 2.443955671392561e-27 9.369617734721697e-17 6.108385162715914e-17 3.261232572005785e-17
1488.2929731042755 2.154717695594573e-27 8.51232590207334e-17 5.595437826231884e-17 2.916888075841456e-17
1533.6199423153234 1.8995280672370146e-27 7.732730870880623e-17 5.124460526869409e-17 2.6082703440112165e-17
1580.327375033885 1.6744125945676943e-27 7.023910648393736e-17 4.6921530368110166e-17 2.3317576115827207e-17
1628.457314209858 1.4758553037908407e-27 6.379543345182632e-17 4.295458437292267e-17 2.0840849078903658e-17
1678.0530832396191 1.3007439016587693e-27 5.793845721165002e-17 3.931536908767351e-17 1.8623088123976514e-17
1729.1593249628888 1.1463270810973299e-27 5.2615414552725726e-17 3.597764023975812e-17 1.663777431296761e-17
1781.8220418472597 1.0101752111254232e-27 4.7778275147843694e-17 3.2917242851267796e-17 1.4861032296575895e-17
1836.0886373966016 8.901409543719989e-28 4.3383227566306397e-17 3.0111864476170636e-17 1.327136309013576e-17
1892.007958820556 7.843263790631999e-28 3.9390293227653126e-17 2.7540851789340923e-17 1.1849441438312197e-17
1949.6303410035755 6.910543766112918e-28 3.576299893534863e-17 2.5185119323345144e-17 1.057787961200348e-17
2009.0076518130663 6.088459174790617e-28 3.246821567796948e-17 2.302716194974268e-17 9.441053728226802e-18
2070.1933387874215 5.363954708793852e-28 2.9475789207574066e-17 2.1050853945494306e-17 8.424935262079755e-18
2133.242477245972 4.725488188849511e-28 2.675816564254487e-17 1.92412623738287e-17 7.516903268716171e-18
2198.211819864143 4.162875641891988e-28 2.4290273741298226e-17 1.758464512261966e-17 6.705628618678558e-18
2265.1598477584885 3.667136642619451e-28 2.2049329141516986e-17 1.6068373207962186e-17 5.980955933554806e-18
2334.1468231275226 3.230345844616066e-28 2.0014586619080035e-17 1.4680821950631385e-17 5.333764668448645e-18
2405.2348434957767 2.845514670872643e-28 1.816718960354067e-17 1.341130036241367e-17 4.7558892411270055e-18
2478.487897609897 2.5064812563224195e-28 1.649000156715971e-17 1.2249984921425603e-17 4.2400166457341076e-18
2553.971923037092 2.2078068339714953e-28 1.4967408950022832e-17 1.1187833818375266e-17 3.779575131647564e-18
2631.7548655177807 1.944695015937042e-28 1.3585210393906472e-17 1.0216535188313531e-17 3.3686752055929363e-18
2711.906740125872 1.7129195212208655e-28 1.2330512913087985e-17 9.32846312781962e-18 3.0020497852683628e-18
2794.4996942916955 1.5087539329036123e-28 1.1191593173158297e-17 8.516610700468948e-18 2.6749824726893494e-18
2879.6080727443887 1.328914426373736e-28 1.0157804066809227e-17 7.774551296723734e-18 2.383252770085495e-18
2967.308484432098 1.170507812214185e-28 9.219480456354776e-18 7.096392781905846e-18 2.1230876744489315e-18
3057.6798714803062 1.0309825670007275e-28 8.367828471241714e-18 6.476721543242886e-18 1.89110692799883e-18
