Dust emission spectrum from A.P. Jones, M. Kohler, N. Ysard, M. Bocchio, and L. Verstraete (2017), A&A, 602A, 46J 
inside the DustPedia framework.

lambda    nu*dP/dnu     j_nu    j_nu(carb.) j_nu(sil)
 (um)   (erg s-1 H-1) (Jy cm2 sr-1 H-1)
0.9927057738263894 4.081258017797521e-24 1.075434668772407e-16 1.0754341669472949e-16 5.018251119600479e-23
1.0001793341362166 4.149992655054185e-24 1.1017793742853369e-16 1.101778770280532e-16 6.040048048864137e-23
1.0077091589558085 4.218972724923232e-24 1.1285254476134193e-16 1.128524721587051e-16 7.260263679953947e-23
1.0114953028030835 4.253551290030493e-24 1.142049629763716e-16 1.1420488341687222e-16 7.955949936307215e-23
1.0152956718711033 4.288187064328069e-24 1.1556749247436782e-16 1.155674053203688e-16 8.715399900244684e-23
1.0229392996569957 4.3575913152351944e-24 1.1832207945354083e-16 1.183219749694335e-16 1.0448410730825834e-22
1.0267826658714554 4.3922808690246466e-24 1.197121043568736e-16 1.197119900083122e-16 1.143485613861591e-22
1.0306404723013447 4.427020790980878e-24 1.2111228207197107e-16 1.2111215696923645e-16 1.2510273461517648e-22
1.03451277320114 4.461809897595911e-24 1.2252264194626952e-16 1.2252250512344686e-16 1.3682282265463561e-22
1.0383996230291617 4.496647042915614e-24 1.2394321421476466e-16 1.2394306462359146e-16 1.49591173208002e-22
1.0403485208654093 4.514083282539043e-24 1.246573397000961e-16 1.2465718330411975e-16 1.5639597636861557e-22
1.0423010764483396 4.531531119724676e-24 1.2537403004941557e-16 1.2537386655266534e-16 1.6349675023249562e-22
1.0462171883269815 4.566461060743711e-24 1.2681512160981797e-16 1.2681494297418745e-16 1.7863563050842018e-22
1.0471985131304309 4.5752005911097294e-24 1.2717700394900042e-16 1.2717682132396738e-16 1.8262503306366964e-22
1.048180758391296 4.583942908024549e-24 1.2753953111986964e-16 1.2753934442021146e-16 1.8669965820255732e-22
1.0501480137395462 4.601435839838817e-24 1.282665220951764e-16 1.2826632698364183e-16 1.9511153461844408e-22
1.0521189612883777 4.618939734549313e-24 1.2899609885682272e-16 1.2899589497131046e-16 2.038855122806138e-22
1.0531058218030118 4.627684025898313e-24 1.2936153038379943e-16 1.2936132197060423e-16 2.0841319520557903e-22
1.0540936079674168 4.6363925845493834e-24 1.2972653414833238e-16 1.2972632111030939e-16 2.130380229833614e-22
1.058054026499678 4.671251931805572e-24 1.3119297116882594e-16 1.311927386303008e-16 2.325385251460941e-22
1.0590464539527713 4.679972977743777e-24 1.3156118872226853e-16 1.31560951048141e-16 2.37674127492843e-22
1.06003981227728 4.6886964803471834e-24 1.319300507352651e-16 1.3192980781713682e-16 2.42918128271146e-22
1.0620293250338977 4.706150803041091e-24 1.3266971046036233e-16 1.3266945672030072e-16 2.5374006161489255e-22
1.0660195594769086 4.741088361206e-24 1.3415678923768873e-16 1.3415651245453356e-16 2.7678315517302715e-22
1.070024785945596 4.7760638170644475e-24 1.3565424604557308e-16 1.3565394422633228e-16 3.018192407978893e-22
1.0740450607676866 4.811076430482882e-24 1.3716212081936254e-16 1.371617918079078e-16 3.2901145473542243e-22
1.07808044048254 4.8461255117337556e-24 1.3868045494708425e-16 1.3868009641160821e-16 3.585354760370856e-22
1.0861967418109137 4.916276359997738e-24 1.417471112160304e-16 1.4174668586616835e-16 4.253498620628354e-22
1.0902777775684922 4.951253728354552e-24 1.4329194434936032e-16 1.432914812865624e-16 4.630627979299325e-22
1.0943741465085532 4.986263193962996e-24 1.4484731735594748e-16 1.4484681340138808e-16 5.039545593818864e-22
1.1026131145906286 5.0563768482376665e-24 1.479898809827268e-16 1.4798928467694627e-16 5.963057805037941e-22
1.1109141095355224 5.1266147835347535e-24 1.5117521722233503e-16 1.511745125596211e-16 7.046627139235397e-22
1.1192775983109025 5.196919795620996e-24 1.5440212002072734e-16 1.5440128839021964e-16 8.316305076797984e-22
1.1277040513999907 5.267035550254144e-24 1.5766337660248077e-16 1.5766239639340855e-16 9.802090722118697e-22
1.1361939428280308 5.337265814662791e-24 1.6096844010664804e-16 1.6096728625856612e-16 1.1538480819889579e-21
1.1447477501889525 5.407612382264573e-24 1.6431786578595747e-16 1.6431650927685277e-16 1.356509104722987e-21
1.1533659546722406 5.478104277220263e-24 1.6771304946054966e-16 1.6771145672288353e-16 1.592737666138246e-21
1.1707974979042381 5.6197554787247674e-24 1.7465001934314127e-16 1.7464783185469002e-16 2.1874884512928127e-21
1.1884924949847024 5.762041501266147e-24 1.8177839253543717e-16 1.8177540324033362e-16 2.9892951035432923e-21
1.2064549276569216 5.905977973571725e-24 1.8913519762650847e-16 1.8913113277646103e-16 4.064850047437206e-21
1.2246888378427687 6.050652679558439e-24 1.96696855377172e-16 1.966913550445818e-16 5.500332590207012e-21
1.2431983285522175 6.196006457223871e-24 2.0446628784760968e-16 2.0445888113703258e-16 7.406710577125563e-21
1.2619875648066055 6.342316482050963e-24 2.1245767187854667e-16 2.1244774573592328e-16 9.926142623416991e-21
1.3004222497298317 6.637257607929137e-24 2.2910918400028135e-16 2.290916073001725e-16 1.7576700108885138e-20
1.3400274889804893 6.937313388266572e-24 2.4675982547109074e-16 2.4672927169198807e-16 3.05537791027014e-20
1.3808389325824078 7.244957419524772e-24 2.6555121561240566e-16 2.654990521034931e-16 5.2163508912484e-20
1.4228933163050095 7.564708678684625e-24 2.857156176201128e-16 2.856281076064454e-16 8.751001366735586e-20
1.466228494730424 7.90471601143324e-24 3.076503122940587e-16 3.0750598288873214e-16 1.4432940532654554e-19
1.5108834753276823 8.267932547752977e-24 3.3158687302691683e-16 3.313527472557703e-16 2.341257711465199e-19
1.5568984535646726 8.658875410995607e-24 3.5784191649223977e-16 3.574679796491608e-16 3.739368430789281e-19
1.6043148490894465 9.085901587296171e-24 3.8692524368214423e-16 3.863361132257493e-16 5.891304563950497e-19
1.6531753430134553 9.559220145206565e-24 4.1947957140158933e-16 4.1856508786397526e-16 9.144835376140113e-19
1.7035239163302658 1.0091589073304383e-23 4.563281139279947e-16 4.549291930832794e-16 1.398920844715289e-18
1.755405889504358 1.0703117255543054e-23 4.987205540693123e-16 4.966105674995546e-16 2.1099865697577465e-18
1.8088679632656115 1.1409379822011984e-23 5.478205735854826e-16 5.446815950131771e-16 3.1389785723054472e-18
1.8639582606462262 1.2229077664045976e-23 6.050612206521008e-16 6.004534523540453e-16 4.6077682980552354e-18
1.9207263702978936 1.3186124568489106e-23 6.72282964118311e-16 6.656064648654794e-16 6.67649925283161e-18
1.979223391128241 1.4309228216530225e-23 7.517621540700042e-16 7.42209389289691e-16 9.552764780312873e-18
2.039501978296691 1.5631106798424425e-23 8.462200173225114e-16 8.327184350571189e-16 1.3501582265392578e-17
2.1016163906111602 1.7193032376672473e-23 9.591253306668108e-16 9.402674395070458e-16 1.8857891159765616e-17
2.1656225393682647 1.9038160252549264e-23 1.0944027458838809e-15 1.0683650820294874e-15 2.6037663854393497e-17
2.231578038680979 2.1209730982105082e-23 1.2563674377851803e-15 1.2208170303750187e-15 3.5550407410161544e-17
2.299542257339062 2.3757587742033608e-23 1.4501508106220026e-15 1.4021386081442284e-15 4.801220247777434e-17
2.369576372248914 2.673745712571267e-23 1.6817453864257805e-15 1.6175858283826248e-15 6.415955804315608e-17
2.4417434235010123 3.0209004435872566e-23 1.9579692760585333e-15 1.8731094424096682e-15 8.485983364886525e-17
2.5161083711144245 3.4238737534043065e-23 2.2867385779014955e-15 2.1756135814231678e-15 1.1112499647832724e-16
2.5927381535095444 3.889922484748202e-23 2.677127398569364e-15 2.533007584636835e-15 1.4411981393252952e-16
2.6717017477616296 4.426283765580924e-23 3.1390386305591297e-15 2.953878739170927e-15 1.8515989138820328e-16
2.753070231689431 5.0405026173467486e-23 3.683499100737528e-15 3.4477855902313863e-15 2.3571351050614163e-16
2.836916847834745 5.74235518668121e-23 4.324203174852898e-15 4.0267945857013e-15 2.9740858915159705e-16
2.9233170693905177 6.544997187225089e-23 5.0787264291832965e-15 4.706775699322112e-15 3.7195072986118605e-16
2.967498994190263 6.986602662734962e-23 5.503336374490317e-15 5.08952074322498e-15 4.1381563126533584e-16
3.0123486681368425 7.457741217800843e-23 5.963235774238089e-15 5.5034475212253924e-15 4.597882530126973e-16
3.0578761833420214 8.008685756509246e-23 6.50055717833421e-15 5.99020739187552e-15 5.103497864586914e-16
3.1040917844459814 8.60677487960028e-23 7.091603260923773e-15 6.526250261439843e-15 5.6535299948393e-16
3.127460860933648 8.981865918245283e-23 7.456377443944793e-15 6.8615818557585176e-15 5.947955881862764e-16
3.1510058709225794 9.402518011562159e-23 7.864349747606426e-15 7.238869892596904e-15 6.254798550095208e-16
3.162844764501044 9.689435882241821e-23 8.134779829504474e-15 7.493422904450238e-15 6.413569250542371e-16
3.1747281389236908 9.999938555113429e-23 8.427006052871854e-15 7.76945072239942e-15 6.575553304724339e-16
3.1986289994194426 1.075936321908621e-22 9.135238120770023e-15 8.44422166135167e-15 6.910164594183522e-16
3.2227097969389145 1.219592796650308e-22 1.0432910529351179e-14 9.706442942946077e-15 7.264675864051049e-16
3.2348180950136065 1.343459376443497e-22 1.1535696877963398e-14 1.079031194811496e-14 7.453849298484384e-16
3.240889293275058 1.4328296331468564e-22 1.2326170874019932e-14 1.1570807512929738e-14 7.553633610901934e-16
3.2469718861334385 1.535317064712178e-22 1.3232626011995264e-14 1.2466937891273465e-14 7.656881207217963e-16
3.2714166318528037 2.0645612867459877e-22 1.7928050622944168e-14 1.7119699738876606e-14 8.083508840675607e-16
3.2744851364798273 2.09934971457689e-22 1.8247242632235844e-14 1.743386511339794e-14 8.133775188378982e-16
3.2775565192852394 2.1349888725057455e-22 1.8574419014446356e-14 1.7755989837768455e-14 8.184291766778952e-16
3.283707930232385 2.110948011748376e-22 1.8399731794319324e-14 1.7572270714000277e-14 8.274610803190478e-16
3.2898708863219004 2.019482842439194e-22 1.7635527514940734e-14 1.6799848819241378e-14 8.356786956993548e-16
3.29141343181113 1.9979540232948753e-22 1.7455703651734835e-14 1.6617961520540055e-14 8.377421311947754e-16
3.292184975758714 1.9873819012818453e-22 1.7367407407099517e-14 1.6528632201815794e-14 8.387752052837254e-16
3.295272960557952 1.9196695653403406e-22 1.6791415465732054e-14 1.5948622160587916e-14 8.427933051441404e-16
3.3076538914384823 1.6849849722569637e-22 1.4793996929229517e-14 1.3935065990900617e-14 8.589309383289002e-16
3.310756385682612 1.6372991931741929e-22 1.438880431272893e-14 1.3525805959536225e-14 8.629983531927024e-16
3.313861789986515 1.5933470284424031e-22 1.4015680838700672e-14 1.3148601845392736e-14 8.670789933079342e-16
3.3200813396944477 1.5342360818406204e-22 1.352104782648946e-14 1.2645190913762336e-14 8.758569127271223e-16
3.345076488085796 1.448491174898287e-22 1.2861491627335469e-14 1.1946514646695093e-14 9.149769806403749e-16
3.3482140837626964 1.4571173774351556e-22 1.2950221286928189e-14 1.2029944810248467e-14 9.202764766797252e-16
3.3513546224236106 1.4658001386193957e-22 1.3039609223295954e-14 1.211400948186556e-14 9.255997414303955e-16
3.3576445397418455 1.5071787133835183e-22 1.3432872791429458e-14 1.2496143049432792e-14 9.367297419966641e-16
3.3702598118196083 1.6443927088143182e-22 1.471086998665019e-14 1.3750794835613938e-14 9.60075151036253e-16
3.382922481734668 1.6893904528971316e-22 1.5170207279095332e-14 1.4187441058178784e-14 9.827662209165468e-16
3.389271646505754 1.7124169193968504e-22 1.5405837822226193e-14 1.4411570393849826e-14 9.94267428376366e-16
3.395632727569191 1.7371762313719253e-22 1.565791828801271e-14 1.465179814869475e-14 1.006120139317962e-15
3.421196662673239 1.8513534638643753e-22 1.6812674918032787e-14 1.5757490441665668e-14 1.0551844763671223e-15
3.4276182099114902 1.844414045584542e-22 1.6781094972607314e-14 1.5714961250874873e-14 1.0661337217324397e-15
3.4340518103208963 1.785777107190014e-22 1.627809307784249e-14 1.5201603418538032e-14 1.0764896593044563e-15
3.4469541582030403 1.705606298375036e-22 1.560571717316218e-14 1.450935090965629e-14 1.096366263505892e-15
3.472904465399547 1.710729841628324e-22 1.5770436022229358e-14 1.4628282539093592e-14 1.1421534831357635e-15
3.4990501388274233 1.702779828937175e-22 1.581532407648892e-14 1.4626317039275656e-14 1.1890070372132632e-15
3.5253949054701885 1.5930911993465627e-22 1.4907947137351037e-14 1.3673423690580763e-14 1.2345234467702744e-15
3.5519380250092896 1.4902133477891532e-22 1.4050224434423746e-14 1.2769954417118742e-14 1.2802700173050054e-15
3.578680990867387 1.47143431352614e-22 1.3977622237878014e-14 1.2647213173784912e-14 1.3304090640931019e-15
3.605625307711299 1.485976992831978e-22 1.4222047073404434e-14 1.2838834043598066e-14 1.3832130298063728e-15
3.660119384959845 1.544561093750899e-22 1.500616700722736e-14 1.3512027577315926e-14 1.4941394299114318e-15
3.715437065384467 1.609438386282646e-22 1.587280561497453e-14 1.4261745700679426e-14 1.611059914295104e-15
3.8285932144167436 1.7622015701287743e-22 1.7908707456625182e-14 1.6046426616500583e-14 1.862280840124601e-15
3.94519561050918 1.9268190126562177e-22 2.017803622205287e-14 1.8041924067596316e-14 2.1361121544565603e-15
4.06534921144712 2.099763328027365e-22 2.2658838125825147e-14 2.022664607278261e-14 2.4321920530425405e-15
4.189162171576248 2.279363358857915e-22 2.53460430897168e-14 2.2595030358335612e-14 2.7510127313811905e-15
4.316745939156006 2.4641731265240107e-22 2.8235607693882352e-14 2.514429509813845e-14 3.0913125957438983e-15
4.448215356677963 2.652572532778375e-22 3.132005430246396e-14 2.7871772443841483e-14 3.448281858622477e-15
4.58368876423945 2.8434708161343957e-22 3.459659274984415e-14 3.077433523753182e-14 3.822257512312325e-15
4.723288106065518 3.0359304026365296e-22 3.8063233695875525e-14 3.3847761334988586e-14 4.215472360886948e-15
4.867139040275056 3.2280785514309096e-22 4.170491882739954e-14 3.708756267288661e-14 4.61735615451293e-15
4.940699165968905 3.324084552569198e-22 4.359431983472533e-14 3.877158146418091e-14 4.822738370544403e-15
5.015371051989984 3.4193318485925243e-22 4.552120537631912e-14 4.0490779462779524e-14 5.030425913539602e-15
5.091171501069577 3.5150306438819995e-22 4.750247909459577e-14 4.2257566895594004e-14 5.2449121990017784e-15
5.129500256944802 3.562462166871123e-22 4.850592040870082e-14 4.315312504265309e-14 5.35279536604772e-15
5.168117569889187 3.609755281204071e-22 4.951987940753845e-14 4.4057723254283914e-14 5.46215615325453e-15
5.20702561229733 3.6581958976281517e-22 5.0562216665592976e-14 4.4980608700752285e-14 5.581607964840703e-15
5.246226572918644 3.7063291444374595e-22 5.161316132715124e-14 4.5911366203954734e-14 5.7017951231965115e-15
5.265937586045735 3.7302735662984356e-22 5.2141776430202614e-14 4.6379627731066625e-14 5.762148699136e-15
5.285722656980489 3.7541328550408175e-22 5.267244068273718e-14 4.68497736027302e-14 5.822667080006991e-15
5.305582063971359 3.7779042847810016e-22 5.320511914358764e-14 4.732177534575475e-14 5.883343797832902e-15
5.3255160863122235 3.801772459227575e-22 5.374242439391533e-14 4.779776216416894e-14 5.944662229746381e-15
5.365609099470188 3.8506713968281515e-22 5.4843469579167095e-14 4.8771935985634397e-14 6.071533593532702e-15
5.406003951863644 3.8992421890166224e-22 5.5953338316207374e-14 4.975418832498228e-14 6.1991499912251055e-15
5.446702915881641 3.9474664804949876e-22 5.707180022782771e-14 5.074434043015802e-14 6.327459797669687e-15
5.487708281020852 3.995661908050324e-22 5.820351099299691e-14 5.1746541909897896e-14 6.456969083098991e-15
5.529022354014368 4.0464321149368406e-22 5.938681549648578e-14 5.2794840594283435e-14 6.591974902202358e-15
5.570647458961463 4.096968156442398e-22 6.058117553751845e-14 5.385342478135617e-14 6.727750756162287e-15
5.612585937458331 4.1472654778599254e-22 6.178659658696428e-14 5.4922352489672066e-14 6.864244097292209e-15
5.654840148729818 4.197816209565979e-22 6.30105377523632e-14 5.60084478160885e-14 7.0020899362747055e-15
5.67608639626678 4.2251746628251463e-22 6.365948151381386e-14 5.6585239814288966e-14 7.074241699524904e-15
5.686739436050992 4.238862488191561e-22 6.398557698766736e-14 5.687517888918751e-14 7.110398098479851e-15
5.6974124697621304 4.252556780087397e-22 6.431277006781156e-14 5.716616299507072e-14 7.14660707274081e-15
5.718818669136295 4.2799671107928805e-22 6.497049730768596e-14 5.775131789147357e-14 7.219179416212402e-15
5.740305295436557 4.308021119645188e-22 6.564206691708458e-14 5.834956036007913e-14 7.292506557005441e-15
5.7835210386641895 4.369191555876973e-22 6.707533315588272e-14 5.9631268793229e-14 7.444064362653733e-15
5.827062130521658 4.432336516867417e-22 6.855700044373328e-14 6.095909252391951e-14 7.597907919813788e-15
5.8489554468988025 4.469516222815178e-22 6.939181776008103e-14 6.17107197779865e-14 7.681097982094542e-15
5.870931020387893 4.507304428968013e-22 7.024142322713652e-14 6.247678930807436e-14 7.764633919062149e-15
5.892989160043636 4.5457544777232405e-22 7.110678621873426e-14 6.325827680497415e-14 7.848509413760135e-15
5.915130176081913 4.586679198187532e-22 7.201651569766606e-14 6.408102562294205e-14 7.935490074724029e-15
5.95966208400165 4.68757525553372e-22 7.415480920449885e-14 6.602039420233078e-14 8.134415002168064e-15
6.004529249263818 4.8151153712445345e-22 7.674588439550023e-14 6.838721070412115e-14 8.358673691379081e-15
6.027089341400364 4.896726674901303e-22 7.833988424996589e-14 6.98512687229807e-14 8.488615526985218e-15
6.049734195844842 4.987969978978568e-22 8.009945436136576e-14 7.147311733082312e-14 8.626337030542656e-15
6.095279466722835 5.235017715223287e-22 8.469957114499305e-14 7.573345582945451e-14 8.966115315538554e-15
6.141167624020661 5.587912415201888e-22 9.108984752187517e-14 8.168118579746751e-14 9.408661724407643e-15
6.164241091010745 5.808958680602098e-22 9.504895283289878e-14 8.536178294360324e-14 9.68716988929557e-15
6.187401249150058 6.048503637987483e-22 9.934034408136403e-14 8.936731148906944e-14 9.973032592294573e-15
6.1990139391386085 6.164729117888603e-22 1.0143925340556133e-13 9.132078881826222e-14 1.0118464587299099e-14
6.204828454712694 6.224900305517275e-22 1.0252543308369264e-13 9.233352536068563e-14 1.0191907723007008e-14
6.210648424152782 6.269362110521669e-22 1.0335458156888067e-13 9.310027019568723e-14 1.0254311373193439e-14
6.233982942956859 6.418167554272828e-22 1.0620527637056238e-13 9.573411610172466e-14 1.0471160268837692e-14
6.239830258556775 6.436289810033131e-22 1.0660505532576637e-13 9.610434536602878e-14 1.0500709959737591e-14
6.245683058788269 6.438099616749957e-22 1.0673505229147658e-13 9.620475019114298e-14 1.0530302100333573e-14
6.257405133728602 6.434294585136983e-22 1.0687217494921326e-13 9.629039329340326e-14 1.0581781655810011e-14
6.269149208991335 6.405633276925057e-22 1.0659580436231174e-13 9.59966359335825e-14 1.059916842872924e-14
6.280915325867298 6.334249264449362e-22 1.056057393347533e-13 9.503132441989215e-14 1.0574414914861164e-14
6.304513850009849 6.158418061841409e-22 1.0306001555399096e-13 9.257321194805007e-14 1.0486803605940904e-14
6.32820103803542 5.946776344769612e-22 9.989213740761093e-14 8.953348499101122e-14 1.0358652416599745e-14
6.3519772230701035 5.756254981482571e-22 9.705510606932208e-14 8.681168424026902e-14 1.0243421829053078e-14
6.375842739491607 5.593601657063738e-22 9.466698919203675e-14 8.452553530348991e-14 1.0141453888546813e-14
6.399797922933955 5.473176129005228e-22 9.2976912052536e-14 8.288938781992214e-14 1.0087524232613847e-14
6.42384311029221 5.372069565759829e-22 9.160221738174152e-14 8.155904268349535e-14 1.0043174698246178e-14
6.447978639727206 5.304887737087187e-22 9.079652364730685e-14 8.07602674453439e-14 1.0036256201962931e-14
6.472204850670314 5.249560080741462e-22 9.018713653874294e-14 8.015038363826413e-14 1.0036752900478804e-14
6.496522083828205 5.2200490370073425e-22 9.001708287280059e-14 7.994953152003355e-14 1.0067551352767052e-14
6.520930681187647 5.19663778716464e-22 8.995006128908103e-14 7.984715278675711e-14 1.0102908502323927e-14
6.57002334288761 5.186368015494257e-22 9.044814741211614e-14 8.023267285644133e-14 1.0215474555674812e-14
6.619489833774732 5.208281151330258e-22 9.151417579294349e-14 8.115225571118999e-14 1.0361920081753508e-14
6.6693287637831435 5.245193368886636e-22 9.285666100312391e-14 8.23343942996507e-14 1.0522266703473233e-14
6.719538636694507 5.2822127235264415e-22 9.421602460609284e-14 8.354005380329716e-14 1.067597080279567e-14
6.770126513364129 5.341926625779785e-22 9.599843121014859e-14 8.515415776627694e-14 1.0844273443871668e-14
6.8210952395837445 5.42044126457567e-22 9.814274239440071e-14 8.710808027914658e-14 1.1034662115254105e-14
6.872447682569556 5.512361098326274e-22 1.0055844168091681e-13 8.931203143905787e-14 1.1246410241858945e-14
6.924186731123532 5.62057835813785e-22 1.0330449315597069e-13 9.182600509086936e-14 1.1478488065101333e-14
6.976315295795916 5.714023680182022e-22 1.0581264468551735e-13 9.409889027519103e-14 1.171375441032633e-14
7.028836309048954 5.758140104864494e-22 1.0743235358407007e-13 9.54993420629119e-14 1.1933011521158172e-14
7.081752725421856 5.768840446126935e-22 1.0844229968244627e-13 9.62974680635748e-14 1.214483161887149e-14
7.135067521697011 5.787720087579616e-22 1.0961627494771069e-13 9.7235169450608e-14 1.2381105497102733e-14
7.1887836970674375 5.844962714478735e-22 1.1153382451682009e-13 9.887384014674403e-14 1.2659984370076084e-14
7.242904273305506 5.950644938884517e-22 1.1440531891560693e-13 1.0141195474398284e-13 1.2993364171624046e-14
7.297432294932914 6.096060943777857e-22 1.180833886029137e-13 1.0467730777998004e-13 1.3406080822933712e-14
7.352370829391971 6.262016009104332e-22 1.2221120040874087e-13 1.0824922354820408e-13 1.3961976860536778e-14
7.379995003818881 6.362634300235501e-22 1.2464144155373257e-13 1.1034954539184817e-13 1.42918961618844e-14
7.407722967218148 6.4703203489161535e-22 1.2722719394012593e-13 1.125905087964842e-13 1.46366851436417e-14
7.463496598684601 6.732541312699058e-22 1.333800264865917e-13 1.1796435664002826e-13 1.5415669846563454e-14
7.519690156487492 7.059095938699538e-22 1.409024236891581e-13 1.245707960694191e-13 1.6331627619738946e-14
7.533803324048627 7.153139383173725e-22 1.4304754180023256e-13 1.2645597868679793e-13 1.65915631134346e-14
7.547942979602549 7.249729809309176e-22 1.4525124542106536e-13 1.2839555617081795e-13 1.6855689250247404e-14
7.57630195363571 7.449429535854183e-22 1.4981307723115004e-13 1.3241297826478799e-13 1.7400098966362e-14
7.590521371821866 7.550303861256889e-22 1.5212670914636996e-13 1.3444117466228716e-13 1.768553448408277e-14
7.604767477414989 7.653810151283681e-22 1.545016273894756e-13 1.3652594336142283e-13 1.797568402805276e-14
7.633339951266878 7.857736321541596e-22 1.5921408616838302e-13 1.406578099754976e-13 1.8556276192885365e-14
7.662019777021956 8.013322449736304e-22 1.6297662517609983e-13 1.4389828941212037e-13 1.9078335763979455e-14
7.690807358020558 8.11529497355586e-22 1.6567068819500275e-13 1.4615472553870008e-13 1.9515962656302672e-14
7.719703099118437 8.16198021993561e-22 1.6724978518399518e-13 1.4738721260733138e-13 1.9862572576663798e-14
7.748707406692464 8.147964418339314e-22 1.675898911815583e-13 1.473964840967491e-13 2.0193407084809173e-14
7.777823177463063 8.106741665467626e-22 1.6736854180909442e-13 1.4647678190295512e-13 2.0891759906139305e-14
7.807048350752435 8.042595766946274e-22 1.6666812245911302e-13 1.4497202500665076e-13 2.169609745246226e-14
7.836380830085272 7.947366740009476e-22 1.6531346203280076e-13 1.42823166118308e-13 2.249029591449269e-14
7.851088371676256 7.87625875830809e-22 1.6414183127830765e-13 1.413072690846168e-13 2.2834562193690903e-14
7.86582351679805 7.799816257636692e-22 1.628538398788773e-13 1.3969852831372722e-13 2.3155311565150054e-14
7.89537682495964 7.627098259099369e-22 1.5984594996678964e-13 1.3614109005058068e-13 2.3704859916208954e-14
7.9250411701946435 7.4445139493974285e-22 1.5660560733467462e-13 1.323191637624795e-13 2.428644357219513e-14
7.939915112024199 7.351682101778015e-22 1.5494301820930706e-13 1.3034775830917795e-13 2.4595259900129098e-14
7.954816969689239 7.26389112759153e-22 1.5338007678960992e-13 1.2845963063168305e-13 2.492044615792685e-14
7.9847046421970465 7.105277129778906e-22 1.5059456925809413e-13 1.249654173673527e-13 2.562915189074145e-14
8.044817289139356 6.86764098044684e-22 1.4665375978752284e-13 1.193184467065242e-13 2.733531308099866e-14
8.07504310897143 6.800198925696188e-22 1.4575917443434031e-13 1.1739425022253443e-13 2.83649242118059e-14
8.105382492623747 6.746490698287723e-22 1.451512810054222e-13 1.1568991448765878e-13 2.9461366517763417e-14
8.135835866775926 6.714019006023597e-22 1.449953844634408e-13 1.1445043946327747e-13 3.054494500016334e-14
8.166403659710703 6.705473259029213e-22 1.4535491147352348e-13 1.1363676755682497e-13 3.1718143916698493e-14
8.197086301319933 6.714461206087866e-22 1.4609660015785305e-13 1.1315142892340273e-13 3.294517123445033e-14
8.227884223110665 6.7311433942380065e-22 1.4700985441822311e-13 1.1276678131029944e-13 3.424307310792367e-14
8.258797858211198 6.783197010631734e-22 1.4870333217535143e-13 1.1274353638543974e-13 3.595979578991171e-14
8.289827641377162 6.927793901554428e-22 1.524438446461725e-13 1.1305346728006759e-13 3.939037736610491e-14
8.320974008997652 7.114965425012376e-22 1.5715072629124303e-13 1.1363976464012066e-13 4.351096165112236e-14
8.35223739910135 7.322797930283655e-22 1.6234888607015053e-13 1.1434030545185257e-13 4.8008580618297956e-14
8.383618251362687 7.554121473643591e-22 1.6810664923006208e-13 1.1557554031954836e-13 5.253110891051365e-14
8.415117007108037 7.816014341733259e-22 1.745882209757306e-13 1.1715057557620285e-13 5.743764539952773e-14
8.446734109321913 8.096578546060987e-22 1.8153475770342361e-13 1.1909199087713604e-13 6.244276682628756e-14
8.478470002653195 8.396964362191687e-22 1.8897712213279224e-13 1.2142011188432748e-13 6.755701024846477e-14
8.542299949622933 9.01840245904016e-22 2.0449084164116677e-13 1.2625038871843612e-13 7.824045292273066e-14
8.558332380220154 9.165590227896592e-22 2.082183589380759e-13 1.2725116577063796e-13 8.096719316743794e-14
8.574394900937412 9.29572350162224e-22 2.1157098684314401e-13 1.278962936718343e-13 8.367469317130963e-14
8.606610438733982 9.498643812984343e-22 2.170017226472614e-13 1.280173809224631e-13 8.898434172479834e-14
8.622764948673899 9.579787272489083e-22 2.1926627870723125e-13 1.2762657277238996e-13 9.163970593484132e-14
8.638949780445296 9.634251449927785e-22 2.2092677831871443e-13 1.2670887127531168e-13 9.421790704340277e-14
8.655163606183647 9.690268890376644e-22 2.2262838863014e-13 1.2577098543321974e-13 9.68574031969202e-14
8.671407862489573 9.739372008575122e-22 2.2417645725086916e-13 1.2467633018562934e-13 9.950012706523985e-14
8.703987895363145 9.819918012927179e-22 2.268796655426299e-13 1.2210096050419797e-13 1.0477870503843191e-13
8.736690337257128 9.921503818938824e-22 2.300879527040731e-13 1.1977842154741206e-13 1.1030953115666108e-13
8.802464289484785 1.0187356410928386e-21 2.3803192312144743e-13 1.1605738639503987e-13 1.219745367264076e-13
8.868733419248175 1.06041806874339e-21 2.4963653915238905e-13 1.138503553704186e-13 1.357861837819704e-13
8.935501454478851 1.125290323865655e-21 2.6690268784629907e-13 1.1259834298737595e-13 1.543043448589231e-13
9.002772151174003 1.1961875773759398e-21 2.858544647024592e-13 1.1195811838181551e-13 1.7389634632064372e-13
9.07054929360775 1.2695451326066117e-21 3.056688377410491e-13 1.1169534989372472e-13 1.9397348784732442e-13
9.13883669454403 1.3448735336588534e-21 3.2624344683029676e-13 1.1165496617187626e-13 2.145884806584206e-13
9.207638195451068 1.4187364889254337e-21 3.4675235355159635e-13 1.1180406411567714e-13 2.3494828943591933e-13
9.276957666717493 1.498471037325347e-21 3.689974467499321e-13 1.1197860156903347e-13 2.570188451808985e-13
9.346799007870057 1.5738015126971682e-21 3.904651654466613e-13 1.1227376677452354e-13 2.7819139867213773e-13
9.417166147792997 1.6516552985573047e-21 4.128659629874767e-13 1.1257513662156567e-13 3.0029082636591106e-13
9.488063044949055 1.7025577533693897e-21 4.2879414595541553e-13 1.1294114602462673e-13 3.1585299993078883e-13
9.559493687602165 1.756102768190277e-21 4.4560930531541027e-13 1.1330463922248748e-13 3.3230466609292283e-13
9.631462094041797 1.805552698825116e-21 4.616064000194575e-13 1.1370667490163268e-13 3.478997251178249e-13
9.703972312809022 1.854120538718662e-21 4.775918934424225e-13 1.1410189506497145e-13 3.63489998377451e-13
9.777099908821425 1.8728547658726282e-21 4.860529537001856e-13 1.1452395831419238e-13 3.715289953859933e-13
9.924867353363874 1.894116245172659e-21 4.990002612863255e-13 1.153723337001388e-13 3.836279275861868e-13
10.074868099996943 1.86766996309679e-21 4.994694575974375e-13 1.162500466969847e-13 3.832194109004529e-13
10.150790707826552 1.8405188292610528e-21 4.959176567971814e-13 1.16693822993172e-13 3.7922383380400957e-13
10.22721067892732 1.8123658988193476e-21 4.920083999667273e-13 1.1717113995397318e-13 3.7483726001275416e-13
10.304205975847633 1.7840071533437294e-21 4.87955880203009e-13 1.1764417366610245e-13 3.703117065369065e-13
10.381780929913377 1.7444700887310053e-21 4.807339800605046e-13 1.1817240345565307e-13 3.6256157660485153e-13
10.459939905058707 1.7054375102244593e-21 4.735157546750219e-13 1.1870568192737894e-13 3.54810072747643e-13
10.538687298071551 1.6620908918336816e-21 4.649547844730453e-13 1.1934040207988456e-13 3.4561438239316076e-13
10.618027538840941 1.618909405770369e-21 4.562846163188497e-13 1.1999723461671055e-13 3.362873817021391e-13
10.697971937068667 1.566366219362787e-21 4.4479940315755554e-13 1.2081486710658892e-13 3.239845360509666e-13
10.778518246224262 1.514893406404722e-21 4.334216185572512e-13 1.2183080675203195e-13 3.1159081180521923e-13
10.859664048220797 1.4653405914518353e-21 4.2240048041695225e-13 1.2319142156338923e-13 2.9920905885356295e-13
10.941420754335242 1.4185887995851e-21 4.120023363934314e-13 1.2509453984976743e-13 2.8690779654366396e-13
10.961955922839442 1.4074905812367936e-21 4.0954627652746784e-13 1.2573572762841444e-13 2.838105488990534e-13
10.982529632329763 1.3967565534717382e-21 4.071857158691532e-13 1.2644395515745135e-13 2.8074176071170184e-13
11.023792963743814 1.376540073722621e-21 4.027998872608561e-13 1.2813347028947212e-13 2.74666416971384e-13
11.065211328886559 1.3581226203790631e-21 3.989037586846722e-13 1.3029691471589465e-13 2.686068439687775e-13
11.08597883104876 1.3499535887729247e-21 3.972485455315928e-13 1.316686302039786e-13 2.6557991532761425e-13
11.106785310247485 1.3423151075813121e-21 3.9574213133024895e-13 1.3318848369732294e-13 2.62553647632926e-13
11.14851549250461 1.328912762848994e-21 3.932628725485487e-13 1.3675717903009374e-13 2.5650569351845503e-13
11.169441129330048 1.3227844115883844e-21 3.9218406600378983e-13 1.3865086584016714e-13 2.535332001636227e-13
11.190406043337886 1.3159593137004927e-21 3.9089286236359976e-13 1.4034246876163922e-13 2.505503936019605e-13
11.21140851448765 1.3088689251886442e-21 3.895164176560844e-13 1.4198028917997773e-13 2.475361284761065e-13
11.22192452720434 1.305493260314016e-21 3.888762415585244e-13 1.4283366951501517e-13 2.4604257204350917e-13
11.232450403670388 1.300921929255518e-21 3.8787802646236044e-13 1.4320829953232222e-13 2.4466972693003825e-13
11.253533585369773 1.2907053412638292e-21 3.855542117983188e-13 1.4355133190563834e-13 2.420028798926804e-13
11.274656339961506 1.279886102971342e-21 3.830399479323769e-13 1.4366264313241499e-13 2.393773047999619e-13
11.285231677511122 1.2745588502767894e-21 3.8180341209668513e-13 1.4371802070343968e-13 2.3808539139324557e-13
11.295816934455262 1.2680046826838102e-21 3.801963435332055e-13 1.4341104207794816e-13 2.367853014552573e-13
11.317017243752359 1.2543220018694109e-21 3.7679961545793107e-13 1.4260685544767544e-13 2.3419276001025564e-13
11.338257342390673 1.2407449746743587e-21 3.734205960191053e-13 1.41800846193941e-13 2.316197498251644e-13
11.359537305047965 1.2269219199708362e-21 3.699533810332493e-13 1.4093548321293198e-13 2.2901789782031726e-13
11.402217121831576 1.1983567419226897e-21 3.6269775148316455e-13 1.3900669041833237e-13 2.2369106106483213e-13
11.423617126015266 1.1839082122333332e-21 3.589972361029887e-13 1.380060635502085e-13 2.2099117255278017e-13
11.445057294333186 1.169212833679868e-21 3.5520656003949835e-13 1.369980162646589e-13 2.1820854377483953e-13
11.488058425037956 1.1392082063107388e-21 3.473914884130638e-13 1.3498631059563465e-13 2.1240517781742913e-13
11.53122111869469 1.1105619304800634e-21 3.3992845090416577e-13 1.331775992636731e-13 2.0675085164049274e-13
11.574545982324347 1.0831703725715929e-21 3.3278992520716093e-13 1.315479998064644e-13 2.012419254006966e-13
11.618033625228566 1.0566482002714444e-21 3.258610704295404e-13 1.3010749133820163e-13 1.9575357909133885e-13
11.661684658998247 1.0300530176243117e-21 3.188528516116673e-13 1.289650588778049e-13 1.8988779273386234e-13
11.705499697522141 1.0043092077745508e-21 3.120519031186658e-13 1.2811673228138698e-13 1.8393517083727886e-13
11.749479356995494 9.789050899457136e-22 3.0530129208575427e-13 1.2747403399292515e-13 1.778272580928291e-13
11.793624255928705 9.542115229175797e-22 2.9871798896558443e-13 1.2692859199613334e-13 1.7178939696945106e-13
11.83793501515603 9.294786440081052e-22 2.920685538850287e-13 1.2662083926479673e-13 1.6544771462023197e-13
11.882412257844306 9.054236866420672e-22 2.855787582856678e-13 1.2636504033684545e-13 1.5921371794882217e-13
11.92705660950172 8.812640424040758e-22 2.7900292984356157e-13 1.2627249007876252e-13 1.5273043976479898e-13
11.971868697986617 8.577032144288408e-22 2.7256395087052465e-13 1.262211488648193e-13 1.4634280200570537e-13
12.016849153516302 8.336332601173181e-22 2.659102487435056e-13 1.2633525959367606e-13 1.395749891498295e-13
12.061998608675935 8.10299320088341e-22 2.59438354766438e-13 1.2647923258619259e-13 1.3295912218024542e-13
12.152807060118223 7.636821315684019e-22 2.463534594529622e-13 1.2707096387801122e-13 1.19282495574951e-13
12.198467333490619 7.401699155668482e-22 2.3966583557632757e-13 1.2752842466205384e-13 1.1213741091427367e-13
12.244299160690385 7.175704838183178e-22 2.3322114942163823e-13 1.280290253978764e-13 1.0519212402376188e-13
12.290303186275983 6.942178807579014e-22 2.2647894068960847e-13 1.2867342410250394e-13 9.780551658710453e-14
12.3364800572276 6.753864777421161e-22 2.2116329681636562e-13 1.2936272198196444e-13 9.180057483440127e-14
12.382830422956244 6.684194879740775e-22 2.1970425196012683e-13 1.301498573768335e-13 8.955439458329332e-14
12.429354935312874 6.617514597249601e-22 2.1832975680406965e-13 1.3096189951461196e-13 8.736785728945774e-14
12.476058240797144 6.5519834243722005e-22 2.1697995588427762e-13 1.3174083425246827e-13 8.523912163180927e-14
12.522937033967983 6.502442298824061e-22 2.1614845571339173e-13 1.3251819404678307e-13 8.363026166660865e-14
12.569987951963114 6.505345866228964e-22 2.170574446490595e-13 1.331170970464077e-13 8.394034760265183e-14
12.593579661530361 6.503508054108694e-22 2.1740338866342206e-13 1.333161488981624e-13 8.408723976525966e-14
12.617215648686605 6.499591288385462e-22 2.1768023963966451e-13 1.3345136372485113e-13 8.422887591481337e-14
12.664620788327802 6.4835583504167655e-22 2.1795912071025022e-13 1.3346730055349828e-13 8.44918201567519e-14
12.71220403757155 6.459023525611334e-22 2.1795014100817271e-13 1.332168412929131e-13 8.473329971525965e-14
12.736062662318053 6.443233914393e-22 2.1782539909682473e-13 1.329805745937698e-13 8.484482450305489e-14
12.759966065607527 6.425498166767655e-22 2.1763350501100212e-13 1.3268240735568367e-13 8.49510976553184e-14
12.807907544139693 6.383613189532565e-22 2.1702720648568303e-13 1.3188269040403837e-13 8.514451608164465e-14
12.856029147395699 6.339150586409822e-22 2.1632531759854035e-13 1.3099972756643725e-13 8.532559003210307e-14
12.904331552136407 6.29347041840859e-22 2.1557338496719697e-13 1.3007006350956693e-13 8.550332145763e-14
12.95281543766539 6.247756115528002e-22 2.1481157467884924e-13 1.2914194098912568e-13 8.56696336897236e-14
13.00148148583848 6.204233315094907e-22 2.141166285208272e-13 1.28281355880604e-13 8.583527264022322e-14
13.050330381073369 6.162689304908199e-22 2.1348197527810742e-13 1.2748172987914942e-13 8.6000245398958e-14
13.099362810359226 6.123285577816771e-22 2.1291395066726317e-13 1.2675014456711323e-13 8.616380610014999e-14
13.197981031955921 6.052201595785812e-22 2.1202658508885866e-13 1.255444955130873e-13 8.648208957577135e-14
13.247568211189632 6.019936060573439e-22 2.1168860253540365e-13 1.250519567223387e-13 8.663664581306507e-14
13.297341698339563 5.988895795046248e-22 2.1138833520111778e-13 1.2459921194430706e-13 8.678912325681075e-14
13.397450398986955 5.931317603897685e-22 2.1093214577998427e-13 1.2385446747178788e-13 8.707767830819643e-14
13.447787020368724 5.90424409579724e-22 2.1075823813314652e-13 1.2354674120000559e-13 8.721149693314095e-14
13.498312765455129 5.877695676985581e-22 2.1059886012110349e-13 1.2325798377246864e-13 8.734087634863485e-14
13.59993447169816 5.826278593529846e-22 2.1032819567333365e-13 1.2276318260770496e-13 8.756501306562873e-14
13.702321234386334 5.786960020489032e-22 2.1048156290544484e-13 1.2234930486279992e-13 8.813225804264493e-14
13.805478813227746 5.839310865082854e-22 2.139845920307987e-13 1.2199692638815727e-13 9.198766564264144e-14
13.90941301129231 5.900888415407252e-22 2.1786909938103156e-13 1.216612111257643e-13 9.620788825526729e-14
13.96167316792965 5.959878699800524e-22 2.208738600366553e-13 1.2152247700424074e-13 9.935138303241465e-14
14.014129675338197 6.020902535507352e-22 2.2397377083841954e-13 1.2139309282682167e-13 1.0258067801159784e-13
14.119634696140762 6.146624742365536e-22 2.3037194745218897e-13 1.2120742437670323e-13 1.0916452307548576e-13
14.225934008823913 6.273605360207778e-22 2.3690128631174356e-13 1.2102522333721322e-13 1.1587606297453036e-13
14.333033593193976 6.407567676087562e-22 2.4378150488637666e-13 1.2083353063773925e-13 1.2294797424863742e-13
14.44093947407611 6.535723165755884e-22 2.505293024835799e-13 1.2062112104239754e-13 1.2990818144118228e-13
14.54965772165321 6.671561834953983e-22 2.5766161548153547e-13 1.2040124823969747e-13 1.3726036724183795e-13
14.659194451807393 6.81545268054766e-22 2.652004432645118e-13 1.2017394501957407e-13 1.4502649824493775e-13
14.769555826464039 6.965933439419624e-22 2.730965338879774e-13 1.19937327243281e-13 1.5315920664469654e-13
14.992777389284976 7.255228476146307e-22 2.8873711927166444e-13 1.1940789556846041e-13 1.6932922370320408e-13
15.21937263962189 7.574084580807672e-22 3.059823208280898e-13 1.188506913875244e-13 1.8713162944056535e-13
15.449392566130673 7.913036723464412e-22 3.245069652283656e-13 1.1822752710236985e-13 2.0627943812599585e-13
15.682888928090767 8.563416969367233e-22 3.564860919776826e-13 1.1758212777610733e-13 2.3890396420157523e-13
15.919914267052077 9.282224496471877e-22 3.9224934365776305e-13 1.1688281161358937e-13 2.7536653204417375e-13
16.03976693895051 9.627806673105666e-22 4.099159787564006e-13 1.1652966236019647e-13 2.933863163962042e-13
16.1605219186579 9.991146423867604e-22 4.285881305694757e-13 1.1623189120851355e-13 3.1235623936096225e-13
16.22123989475974 1.0150076524393348e-21 4.3704161934678355e-13 1.1608569221488827e-13 3.2095592713189536e-13
16.282185999175777 1.0313231280567198e-21 4.4573516906478783e-13 1.1593765069520983e-13 3.297975183695781e-13
16.312744867225646 1.039642609905348e-21 4.5017414427425733e-13 1.1586294425259104e-13 3.343112000216665e-13
16.343361089024967 1.0480717254699376e-21 4.546757732117256e-13 1.1578778349484682e-13 3.388879897168788e-13
16.404766024646595 1.065264374940788e-21 4.638706310812542e-13 1.1563610746274136e-13 3.4823452361851286e-13
16.466401669612416 1.0829122880451547e-21 4.733271539541252e-13 1.15482639458816e-13 3.578445144953094e-13
16.497306278852424 1.0919105508251076e-21 4.781559153163345e-13 1.1540523873659325e-13 3.6275067657974117e-13
16.528268890738765 1.1010269651127132e-21 4.83052971450986e-13 1.1532739634516819e-13 3.677255751058179e-13
16.590368558098763 1.1196202028909202e-21 4.930559380892135e-13 1.1517039498826424e-13 3.7788554310094925e-13
16.65270154503456 1.1379324188790167e-21 5.030030308918707e-13 1.1501061886803614e-13 3.8799241202383444e-13
16.715268728169598 1.1533371850476008e-21 5.117278937580799e-13 1.1484472157968152e-13 3.968831721783984e-13
16.778070987420957 1.1690657093211517e-21 5.206554067739055e-13 1.1467715239484804e-13 4.0597825437905756e-13
16.9043842704834 1.2015194651949352e-21 5.391375746083141e-13 1.143370650856069e-13 4.2480050952270723e-13
17.03164849990255 1.2353458172929086e-21 5.584890566044858e-13 1.139904903967423e-13 4.4449856620774365e-13
17.159870834853997 1.26980842702885e-21 5.783911677453942e-13 1.1363647976049905e-13 4.647546879848951e-13
17.289058488411015 1.2978344819852646e-21 5.956074004540338e-13 1.1326596604963076e-13 4.823414344044029e-13
17.35401657858945 1.3121825988009636e-21 6.044546393009944e-13 1.1307848032227887e-13 4.913761589787154e-13
17.386587088641786 1.3194418165364121e-21 6.089393189734382e-13 1.1298418736981857e-13 4.959551316036194e-13
17.419218727950305 1.3267583430346167e-21 6.134652017801626e-13 1.1288953040498741e-13 5.00575671375175e-13
17.48466585346766 1.3415649470926016e-21 6.226420859286513e-13 1.1269913257489997e-13 5.099429533537514e-13
17.550358875560836 1.35660568942995e-21 6.31988344217469e-13 1.1250730309231345e-13 5.194810411251556e-13
17.682486308455736 1.3837356043446692e-21 6.494801454523848e-13 1.1211830890957594e-13 5.37361836542809e-13
17.81560845938729 1.375979883013041e-21 6.507020531078516e-13 1.117132508264944e-13 5.389888022813571e-13
17.882544892141226 1.372090156896222e-21 6.513004913593628e-13 1.115087609683619e-13 5.397917303910007e-13
17.949732817065083 1.3679140640629962e-21 6.517577983309287e-13 1.1130298473208744e-13 5.404548135988412e-13
18.084866926577256 1.357163313633461e-21 6.515036631684386e-13 1.1088763554244286e-13 5.406160276259958e-13
18.221018389814958 1.3462888414767391e-21 6.511489217084103e-13 1.1046825889167587e-13 5.406806628167343e-13
18.496404071615608 1.3216226137301597e-21 6.488797163443131e-13 1.0963554341631366e-13 5.392441729279993e-13
18.635790038622734 1.3094213441055266e-21 6.477339457133439e-13 1.0923927061219965e-13 5.384946751011443e-13
18.776226396166493 1.2971793245113948e-21 6.46513747450903e-13 1.0883730526966337e-13 5.376764421812396e-13
18.91772105982334 1.2840595875235668e-21 6.447976240018623e-13 1.0842434261200003e-13 5.363732813898622e-13
19.203636446149176 1.2581044581623695e-21 6.413123595980903e-13 1.075852387202966e-13 5.337271208777938e-13
19.4938730510763 1.2314839663227283e-21 6.372301682690918e-13 1.0671789912097185e-13 5.305122691481199e-13
19.78849618389234 1.2044540883273895e-21 6.326630557420938e-13 1.0582551649077346e-13 5.268375392513206e-13
20.08757214094514 1.1769742950950041e-21 6.275724361946817e-13 1.0490742725323076e-13 5.226650089414511e-13
20.391466406516905 1.1492449140800403e-21 6.220574299684442e-13 1.0396587405088789e-13 5.180915559175564e-13
20.699681925472166 1.120773376371319e-21 6.158159185079229e-13 1.030076908068881e-13 5.128082277010346e-13
21.012556099387844 1.0899416819259274e-21 6.079272072926448e-13 1.0203396089860483e-13 5.058932463940398e-13
21.652507708764745 1.027752668915221e-21 5.906990170741482e-13 1.0014397505459675e-13 4.905550420195514e-13
21.979755641372343 9.975618450169778e-22 5.820122460852812e-13 9.91867437943769e-14 4.828255022909044e-13
22.311949477282987 9.679146867083714e-22 5.732499567054051e-13 9.821251077363413e-14 4.75037445931771e-13
22.64916396703608 9.387890224298613e-22 5.644033872422936e-13 9.722065374455549e-14 4.671827334977381e-13
22.991811201917592 9.102009477604845e-22 5.554946761362525e-13 9.621293509279933e-14 4.592817410434532e-13
23.339642165776596 8.821555184223551e-22 5.465234253476719e-13 9.518930521807116e-14 4.5133412012960076e-13
23.69273528050995 8.54692350198722e-22 5.375197820811979e-13 9.41525930890248e-14 4.433671889921731e-13
24.414313559781952 8.016471763994139e-22 5.195139554628696e-13 9.211128258695286e-14 4.2740267287591687e-13
24.78366481022829 7.763857397043419e-22 5.107548622637222e-13 9.109578666041241e-14 4.1965907560330984e-13
25.15860378059443 7.5201632670375235e-22 5.022075507071629e-13 9.008166369814585e-14 4.121258870090171e-13
25.924826076583233 7.054418158141222e-22 4.854522115323759e-13 8.803072720509936e-14 3.9742148432727665e-13
26.714384190886577 6.612150872561608e-22 4.68875299984697e-13 8.596593235256959e-14 3.8290936763212737e-13
27.527988831636016 6.190358925989923e-22 4.523345355795516e-13 8.389388082657713e-14 3.684406547529744e-13
28.366372352060132 5.790374630333415e-22 4.359933802848279e-13 8.183116286936875e-14 3.541622174154591e-13
29.2302894097004 5.410312707596439e-22 4.1978306653061975e-13 7.979304306277577e-14 3.3999002346784397e-13
30.12051764570424 5.055219257582626e-22 4.041772467199479e-13 7.776275881914934e-14 3.264144879007983e-13
30.575747924857424 4.889127973153431e-22 3.968057231865893e-13 7.674459407492221e-14 3.2006112911166703e-13
31.037858384806153 4.730352359560921e-22 3.897217754981226e-13 7.572488546517361e-14 3.1399689003294896e-13
31.983137356627505 4.428645303591828e-22 3.759771008258248e-13 7.370641692081662e-14 3.022706839050082e-13
32.95720543894392 4.1518879626633534e-22 3.632163902278067e-13 7.173965319718729e-14 2.914767370306194e-13
33.960939423588975 3.8926728236242703e-22 3.509110396351738e-13 6.979805327690101e-14 2.811129863582729e-13
34.99524280568484 3.6451585847922883e-22 3.3860617312117977e-13 6.784855993052892e-14 2.707576131906509e-13
36.06104659690874 3.4115647754756196e-22 3.2655879269795726e-13 6.592037711627663e-14 2.606384155816806e-13
37.159310163528254 3.1895695877992906e-22 3.1460756240211083e-13 6.405825504895315e-14 2.5054930735315766e-13
38.29102208995955 2.980818555088749e-22 3.0297160876237e-13 6.22348662228322e-14 2.4073674253953783e-13
39.45720106862597 2.7819790565419266e-22 2.913731735416087e-13 6.041528219753268e-14 2.3095789134407597e-13
40.65889681691763 2.5951831358740334e-22 2.8008705318377464e-13 5.862088774388691e-14 2.2146616543988774e-13
41.897191022077855 2.4208917968429086e-22 2.692338854393815e-13 5.687869838786969e-14 2.123551870515117e-13
43.173198314866475 2.2582116688772837e-22 2.587904841569855e-13 5.517651998032332e-14 2.036139641766622e-13
44.48806727287728 2.1040743243946418e-22 2.484700507125543e-13 5.349998883353624e-14 1.949700618790181e-13
45.8429814544115 1.9594543100018324e-22 2.384390753394897e-13 5.1854905730322474e-14 1.8658416960916723e-13
47.23916046383907 1.8224755684991314e-22 2.28524790136096e-13 5.024977617528134e-14 1.7827501396081467e-13
48.67786104940597 1.6939925928753591e-22 2.1888319869188712e-13 4.8682826676211293e-14 1.7020037201567577e-13
50.16037823447602 1.5725279332987842e-22 2.093768223579657e-13 4.7153284409469987e-14 1.6222353794849579e-13
51.68804648322576 1.4586759256020018e-22 2.001328439797282e-13 4.5660429395863614e-14 1.5447241458386456e-13
53.26224090184056 1.3512484874705177e-22 1.910399027796995e-13 4.4200513408725596e-14 1.4683938937097393e-13
54.884378476295105 1.2506004744059185e-22 1.8219513351397414e-13 4.277445147817951e-14 1.394206820357946e-13
56.55591934783037 1.1559276079083053e-22 1.7353142613894428e-13 4.139032086293519e-14 1.3214110527600908e-13
58.27836812727644 1.0673355896006666e-22 1.6511168383163148e-13 4.004712215044652e-14 1.2506456168118496e-13
60.05327524940399 9.870167138938355e-23 1.5733691788846085e-13 3.873332006724266e-14 1.1860359782121823e-13
61.88223836852342 9.144229455472909e-23 1.5020436812220306e-13 3.7447634693767614e-14 1.1275673342843544e-13
62.81758386220369 8.80432221558398e-23 1.4680694103035933e-13 3.6819960250669194e-14 1.0998698077969017e-13
63.7670670344103 8.491876438699097e-23 1.4373731944705973e-13 3.620315439724254e-14 1.0753416504981722e-13
65.70913619443517 7.925048282406796e-23 1.3822834487381555e-13 3.5002675424998384e-14 1.0322566944881715e-13
67.71035238438829 7.38943314782688e-23 1.328114846301081e-13 3.3831047142967566e-14 9.898043748714053e-14
69.77251696707448 6.878261946190079e-23 1.273891776678677e-13 3.268245949577045e-14 9.470671817209723e-14
71.89748616702131 6.398625155767666e-23 1.2211522332710934e-13 3.157026286978359e-14 9.054496045732574e-14
74.08717274132995 5.950156476420956e-23 1.170148127066702e-13 3.050120956399228e-14 8.651360314267793e-14
76.34354770141287 5.532865341047508e-23 1.1212226730796858e-13 2.946220250366048e-14 8.266006480430811e-14
78.66864208716851 5.145586682403296e-23 1.0744989255757438e-13 2.844525149182217e-14 7.900464106575221e-14
81.06454879518883 4.7880840596754074e-23 1.0302963685729805e-13 2.7458055936072016e-14 7.557158092122603e-14
83.5334244626476 4.4637253605153616e-23 9.897538156627579e-14 2.6506149178510938e-14 7.246923238776481e-14
86.07749140856238 4.161901871842404e-23 9.509350849016502e-14 2.558309379317589e-14 6.951041469698915e-14
88.69903963417964 3.874361423022055e-23 9.121966699731544e-14 2.468395693433686e-14 6.653571006297858e-14
91.4004288842828 3.6046700105465775e-23 8.745470517697078e-14 2.3810869411103488e-14 6.364383576586728e-14
94.18409077127889 3.352434151029348e-23 8.381219962999453e-14 2.296554522417806e-14 6.084665440581648e-14
97.05253096397554 3.1174153533412046e-23 8.031024828545478e-14 2.214579585130906e-14 5.816445243414568e-14
100.00833144301866 2.903969928311469e-23 7.708994384403406e-14 2.1351071836178573e-14 5.573887200785548e-14
103.05415282502196 2.706030098541998e-23 7.40231484856487e-14 2.0579964847745654e-14 5.3443183637903036e-14
106.19273675747671 2.5269795672292473e-23 7.123049735723716e-14 1.9829579012532083e-14 5.140091834470508e-14
109.4269083866038 2.360787339012642e-23 6.857257051936315e-14 1.9100669229834446e-14 4.9471901289528684e-14
112.75957890036308 2.2017105899261102e-23 6.589965025623858e-14 1.8396610074510557e-14 4.7503040181728014e-14
116.1937481489129 2.051475273096685e-23 6.32730079577489e-14 1.771412914845531e-14 4.555887880929358e-14
119.73250734487735 1.907161223830361e-23 6.061343806975227e-14 1.70474265380038e-14 4.3566011531748476e-14
123.37904184585196 1.7707127312354777e-23 5.799077811301594e-14 1.63982329589875e-14 4.1592545154028416e-14
127.13663402165271 1.6402689157175458e-23 5.535478865993524e-14 1.577216268541653e-14 3.958262597451871e-14
131.0086662088879 1.5172061419029554e-23 5.2761125375914076e-14 1.5166154491180394e-14 3.7594970884733666e-14
134.99862375551584 1.400142403249526e-23 5.017310546729003e-14 1.457345122288637e-14 3.5599654244403655e-14
139.11009815812417 1.2899732310763746e-23 4.763309359086042e-14 1.3994975562322532e-14 3.36381180285379e-14
143.3467902947586 1.1872629417333102e-23 4.517564046532543e-14 1.3436165637261236e-14 3.1739474828064205e-14
147.71251375620898 1.0918156901409783e-23 4.2809095627915195e-14 1.2895680845429134e-14 2.991341478248605e-14
152.21119827875228 1.0083488995908397e-23 4.0740548027430714e-14 1.2368401206215149e-14 2.8372146821215576e-14
156.84689328144228 9.349020285930637e-24 3.892346154996107e-14 1.1853863636748823e-14 2.706959791321226e-14
159.21741877681018 8.998074711038316e-24 3.802853601792236e-14 1.160235778379128e-14 2.642617823413108e-14
161.62377151112827 8.65399348691382e-24 3.712711762255589e-14 1.1354829209684823e-14 2.577228841287107e-14
166.54613279848823 7.98810491955003e-24 3.531406778803425e-14 1.0871357593817059e-14 2.4442710194217182e-14
171.61840792845166 7.371349994189153e-24 3.357997233250299e-14 1.0401258978742052e-14 2.3178713353760947e-14
176.84516262850022 6.805436882725504e-24 3.194615748397196e-14 9.943840343007514e-15 2.200231714096445e-14
179.5181642894721 6.537003408236862e-24 3.114989184218615e-14 9.720144525137505e-15 2.1429747317048633e-14
182.2315681744764 6.269467598823905e-24 3.032659893105962e-14 9.499847360627834e-15 2.082675157043179e-14
187.78155384880017 5.744750104414635e-24 2.8634757080399e-14 9.06950504608545e-15 1.9565252034313555e-14
190.61961427604518 5.4982498732064115e-24 2.7820279721936302e-14 8.85930143083553e-15 1.8960978291100774e-14
193.5005680909718 5.2626547172124366e-24 2.7030654053023947e-14 8.652349962430289e-15 1.8378304090593653e-14
199.3937587803602 4.826706486794077e-24 2.5546527968184882e-14 8.248246500557142e-15 1.729828146762775e-14
205.46643057848152 4.433459685089726e-24 2.417982052568283e-14 7.85660970123719e-15 1.6323210824445635e-14
211.72404970390772 4.089615596111992e-24 2.298381480865243e-14 7.476944896917145e-15 1.5506869911735278e-14
218.17224885259444 3.770326371864061e-24 2.1834733072025484e-14 7.109889233721347e-15 1.472484383830414e-14
224.8168322680627 3.46110363315149e-24 2.0654413174414262e-14 6.7561462404753e-15 1.389826693393896e-14
231.66378096599615 3.169810339216902e-24 1.9492199642241203e-14 6.414528072257646e-15 1.3077671569983558e-14
238.71925811795668 2.894354554844576e-24 1.8340392248072703e-14 6.0837019546140856e-15 1.2256690293458621e-14
245.98961459906556 2.637176555565119e-24 1.7219693275332474e-14 5.764805364216726e-15 1.1454887911115752e-14
249.71106150874405 2.512089514057213e-24 1.665107682458549e-14 5.610311740894034e-15 1.1040765083691452e-14
253.4888082224776 2.3892169081702117e-24 1.60762148676554e-14 5.459243223332147e-15 1.061697164432325e-14
261.20898134247824 2.1603163189420833e-24 1.497872628998454e-14 5.165988987795787e-15 9.812737302188749e-15
269.1642775569489 1.96056877865863e-24 1.4007767892612404e-14 4.8827033341156306e-15 9.125064558496775e-15
277.3618576987742 1.7798819704072363e-24 1.3104105301757243e-14 4.61048372449178e-15 8.493621577265462e-15
285.8091006888481 1.600720702453825e-24 1.2143980138427982e-14 4.3509495419934005e-15 7.793030596434577e-15
294.5136101780917 1.4345549295977859e-24 1.1214811662812886e-14 4.102820193171875e-15 7.111991469641012e-15
303.4832213917586 1.2912722905171352e-24 1.0402122165829422e-14 3.86458729749314e-15 6.537534868336276e-15
312.7260081821858 1.1635774874563293e-24 9.658923900208013e-15 3.6367122734543985e-15 6.02221162675361e-15
322.25029029634635 1.0499179481050867e-24 8.98086380294804e-15 3.419927551370033e-15 5.560936251578006e-15
332.0646408647343 9.474061566649206e-25 8.350803583473767e-15 3.2135950088234752e-15 5.137208574650295e-15
342.17789411833206 8.529568426766316e-25 7.747265504572374e-15 3.016970985293155e-15 4.73029451927922e-15
352.59915334060224 7.666110111690305e-25 7.175063535395936e-15 2.829902764731262e-15 4.345160770664672e-15
363.337799061663 6.890486375787024e-25 6.645534125559256e-15 2.652371590851764e-15 3.99316253470749e-15
374.40349750202313 6.192317717917083e-25 6.154071834379125e-15 2.484048898878858e-15 3.6700229355002694e-15
380.062092440151 5.8691976758147465e-25 5.921104487498015e-15 2.4032561891185255e-15 3.5178482983794885e-15
385.80620927347337 5.562178569598113e-25 5.696178280743951e-15 2.3246590879408805e-15 3.371519192803068e-15
397.5561983449763 4.992995766063979e-25 5.269011662132648e-15 2.173860272845818e-15 3.09515138928683e-15
409.6640412816112 4.474842927614216e-25 4.866033266560859e-15 2.031170872006192e-15 2.834862394554667e-15
415.8555509384264 4.233711525262867e-25 4.673402632971865e-15 1.962775775763413e-15 2.710626857208452e-15
422.1406367649012 4.0041616221541756e-25 4.4868153065608606e-15 1.896306926820045e-15 2.590508379740815e-15
434.9972154030873 3.5811450022481377e-25 4.135021919574576e-15 1.7692023424978231e-15 2.365819577076754e-15
448.24534984018095 3.201936649217356e-25 3.809763011386062e-15 1.6495651391757849e-15 2.1601978722102777e-15
461.89696517289525 2.8619766866739567e-25 3.5089779047058946e-15 1.5367992885414023e-15 1.972178616164493e-15
475.9643496848308 2.55737256199239e-25 3.231006703935059e-15 1.4305452222544276e-15 1.800461481680632e-15
490.4601659075747 2.282839567309776e-25 2.9719983577502757e-15 1.3308479733245552e-15 1.6411503844257207e-15
505.39746201868155 2.034918111908639e-25 2.729916899237885e-15 1.2375307715999151e-15 1.4923861276379699e-15
520.7896835867783 1.8129499858917891e-25 2.5062109837546955e-15 1.150122273116369e-15 1.3560887106383263e-15
536.6506856743796 1.6151305026298865e-25 2.3007463448462045e-15 1.06831693986149e-15 1.2324294049847147e-15
552.9947453093008 1.4382776103297456e-25 2.111218376614862e-15 9.917423254327502e-16 1.1194760511821121e-15
569.8365743358964 1.2800861205693762e-25 1.936238905484843e-15 9.20102022858198e-16 1.0161368826266453e-15
587.1913326576936 1.1386900346108677e-25 1.7748211253911771e-15 8.531357391605892e-16 9.21685386230588e-16
605.0746418833327 1.0123948415127792e-25 1.6260290830964424e-15 7.905913030500241e-16 8.354377800464183e-16
623.502599388115 8.996666710643883e-26 1.488981608188057e-15 7.32224281024878e-16 7.5675732716317945e-16
642.4917928037942 7.991153802676077e-26 1.3628451307975823e-15 6.777983494066327e-16 6.850467813909494e-16
662.0593149496696 7.094822562125602e-26 1.2468318044300382e-15 6.270872126860511e-16 6.197445917439873e-16
682.2227792184137 6.296302160512148e-26 1.1402004577949606e-15 5.798725157598893e-16 5.603279420350715e-16
703.0003354304876 5.585339061207986e-26 1.0422562488910696e-15 5.359458000063848e-16 5.06310448884685e-16
724.4106861714122 4.9526942788269807e-26 9.523482801142721e-16 4.951086172964863e-16 4.572396628177861e-16
746.4731036265977 4.3900418856956443e-26 8.698658096698483e-16 4.571687008900151e-16 4.1269710877983335e-16
769.2074469289008 3.88989446897403e-26 7.942381290763845e-16 4.2194273384792787e-16 3.722953952284565e-16
792.6341800345017 3.445530596928087e-26 7.249337846971582e-16 3.8925834093223346e-16 3.356754437649249e-16
816.7743901432078 3.050920097513035e-26 6.614581606464583e-16 3.5895195090267484e-16 3.0250620974378335e-16
841.6498066797607 2.700649894788208e-26 6.033497652396553e-16 3.3086728758590166e-16 2.7248247765375366e-16
867.2828208532309 2.3898676044840053e-26 5.501790122585852e-16 3.048560657628458e-16 2.4532294649573946e-16
893.6965058121084 2.1142389358538082e-26 5.015492201999821e-16 2.8077923989657426e-16 2.2076998030340792e-16
920.9146374132232 1.869889191782288e-26 4.570931155578045e-16 2.58505773458406e-16 1.9858734209939839e-16
948.9617156232121 1.6533499425879257e-26 4.164692200175154e-16 2.3791150137673364e-16 1.7855771864078187e-16
977.8629865717667 1.4615240212828494e-26 3.793616264285707e-16 2.1887954431415334e-16 1.6048208211441735e-16
1007.6444652765354 1.291649648507969e-26 3.454788672129278e-16 2.0130017787140233e-16 1.4417868934152557e-16
1038.332959060126 1.1412636056535696e-26 3.1455170300389185e-16 1.850702470823364e-16 1.2948145592155544e-16
1069.95609168029 1.0081722198805277e-26 2.8633215050093764e-16 1.700932364575745e-16 1.162389140433632e-16
1102.542328195006 8.904228067356045e-27 2.605919405303783e-16 1.5627893053295627e-16 1.0431300999742205e-16
1136.1210005848498 7.862764584001546e-27 2.371206045102461e-16 1.4354267066457441e-16 9.357793384567172e-17
1170.7223341557005 6.941856532266732e-27 2.1572425133912152e-16 1.3180508065385793e-16 8.391917068526359e-17
1206.3774747455793 6.127756941288984e-27 1.9622493015649118e-16 1.2099227610921136e-16 7.523265404727982e-17
1243.1185167600695 5.408262103638517e-27 1.7845951133441365e-16 1.1103558290119023e-16 6.742392843322341e-17
1280.9785320615858 4.772527698803134e-27 1.6227803570302488e-16 1.0187082109301994e-16 6.040721461000497e-17
1319.9915997384837 4.210916965894999e-27 1.4754254764109146e-16 9.343796401559992e-17 5.410458362549157e-17
1360.1928367808064 3.7148866080907865e-27 1.3412677380130156e-16 8.568127518725348e-17 4.844549861404811e-17
1401.618429690285 3.2768720725613636e-27 1.219154425465548e-16 7.854921955939552e-17 4.336622298715928e-17
1444.305667053031 2.8901631002454423e-27 1.1080284211893241e-16 7.199381488902153e-17 3.8809027229910887e-17
1488.2929731042755 2.5488065409845582e-27 1.0069194671095855e-16 6.597026717563801e-17 3.472167953532053e-17
1533.6199423153234 2.247531573519658e-27 9.149407730054781e-17 6.043708515693045e-17 3.105699214361735e-17
1580.327375033885 1.9816748273797873e-27 8.312829804819037e-17 5.535598954158691e-17 2.7772308506603466e-17
1628.457314209858 1.7471085575372866e-27 7.552064719976241e-17 5.069149567587196e-17 2.482915152389045e-17
1678.0530832396191 1.5401769409649346e-27 6.860341661311625e-17 4.6410606343318634e-17 2.2192810269797615e-17
1729.1593249628888 1.3576464586559245e-27 6.231478992003015e-17 4.2482798275121503e-17 1.9831991644908643e-17
1781.8220418472597 1.1966602977425313e-27 5.659846364705977e-17 3.887995895564842e-17 1.7718504691411357e-17
1836.0886373966016 1.0546924543900964e-27 5.1403053119326426e-17 3.557610364111773e-17 1.58269494782087e-17
1892.007958820556 9.29509222180474e-28 4.6681638915712635e-17 3.254715753059824e-17 1.4134481385114396e-17
1949.6303410035755 8.191359406067076e-28 4.239139315704149e-17 2.97708583776655e-17 1.2620534779375975e-17
2009.0076518130663 7.218304385990001e-28 3.8493394946943406e-17 2.7226774273035955e-17 1.1266620673907456e-17
2070.1933387874215 6.360542841359816e-28 3.4952200422255935e-17 2.489607058369057e-17 1.0056129838565368e-17
2133.242477245972 5.604467992540223e-28 3.1735405293488514e-17 2.276129334414669e-17 8.974111949341822e-18
2198.211819864143 4.938069708372018e-28 2.881351144937258e-17 2.0806370771031863e-17 8.007140678340713e-18
2265.1598477584885 4.350753320653365e-28 2.615969933209525e-17 1.90165239257643e-17 7.14317540633094e-18
2334.1468231275226 3.833165560009309e-28 2.374953884703915e-17 1.7378141220288938e-17 6.371397626750214e-18
2405.2348434957767 3.3770559555127525e-28 2.1560815157122866e-17 1.5878697535996945e-17 5.682117621125921e-18
2478.487897609897 2.9751476574631543e-28 1.9573331901185437e-17 1.45066779828141e-17 5.066653918371338e-18
2553.971923037092 2.6210156372070674e-28 1.77686798966532e-17 1.325147807290109e-17 4.517201823752111e-18
2631.7548655177807 2.308991980937206e-28 1.6130108629789556e-17 1.2103344388692249e-17 4.02676424109731e-18
2711.906740125872 2.0340810216588516e-28 1.464240554976877e-17 1.105332424652759e-17 3.589081303241184e-18
2794.4996942916955 1.791876664091542e-28 1.3291733133974025e-17 1.0093187489912161e-17 3.198545644061863e-18
2879.6080727443887 1.5784950869354823e-28 1.2065520168416252e-17 9.215382386051894e-18 2.8501377823643595e-18
2967.308484432098 1.390513573829147e-28 1.0952351265356635e-17 8.4129822656442e-18 2.5393689997124335e-18
3057.6798714803062 1.2249128050329268e-28 9.941836625386747e-18 7.679620110216379e-18 2.2622165151703667e-18
