Dust emission spectrum from A.P. Jones, M. Kohler, N. Ysard, M. Bocchio, and L. Verstraete (2017), A&A, 602A, 46J 
inside the DustPedia framework.

lambda    nu*dP/dnu     j_nu    j_nu(carb.) j_nu(sil)
 (um)   (erg s-1 H-1) (Jy cm2 sr-1 H-1)
0.9927057738263894 5.938057771480768e-25 1.564711950279998e-17 1.5647119502511452e-17 2.8852739954467824e-28
1.0001793341362166 6.036071055095195e-25 1.6025133399031968e-17 1.6025133398684432e-17 3.4753499865666246e-28
1.0077091589558085 6.133942771170377e-25 1.640757350853958e-17 1.640757350812151e-17 4.180703070551612e-28
1.0114953028030835 6.182813496078118e-25 1.660043427863192e-17 1.6600434278173607e-17 4.583147657201913e-28
1.0152956718711033 6.231634413203186e-25 1.6794378424900112e-17 1.679437842439784e-17 5.022703484517716e-28
1.0229392996569957 6.329059822218904e-25 1.718535459102316e-17 1.7185354590420506e-17 6.026531094812543e-28
1.0267826658714554 6.377546071394845e-25 1.7382072859314332e-17 1.7382072858654502e-17 6.598358914535451e-28
1.0306404723013447 6.425961090512134e-25 1.757983187617196e-17 1.7579831875449746e-17 7.222096563742351e-28
1.03451277320114 6.474300211566001e-25 1.777862313456636e-17 1.7778623133776134e-17 7.9022252607531755e-28
1.0383996230291617 6.522558792630594e-25 1.7978438021660435e-17 1.7978438020796077e-17 8.643591575165317e-28
1.0403485208654093 6.546656437415675e-25 1.8078726606030193e-17 1.807872660512631e-17 9.038860118044786e-28
1.0423010764483396 6.570732218749866e-25 1.8179267820856554e-17 1.8179267819911416e-17 9.45143532507588e-28
1.0462171883269815 6.618815902808848e-25 1.8381103713846167e-17 1.838110371281303e-17 1.0331419447861713e-27
1.0471985131304309 6.630822266794125e-25 1.8431718846334874e-17 1.8431718845278537e-17 1.0563393889823928e-27
1.048180758391296 6.642822665915061e-25 1.8482396162485368e-17 1.8482396161405328e-17 1.0800357336507802e-27
1.0501480137395462 6.666805286385164e-25 1.858393678266121e-17 1.8583936781532242e-17 1.1289661971945002e-27
1.0521189612883777 6.690763199036062e-25 1.8685724444392677e-17 1.868572444321266e-17 1.1800174827446605e-27
1.0531058218030118 6.702714303007733e-25 1.873665909578059e-17 1.8736659094574223e-17 1.2063673360221198e-27
1.0540936079674168 6.714598699434584e-25 1.8787486210234467e-17 1.878748620900118e-17 1.2332862470381348e-27
1.058054026499678 6.762068513752924e-25 1.8991394009946065e-17 1.8991394008599236e-17 1.3468306195698392e-27
1.0590464539527713 6.773918677709607e-25 1.90425200697867e-17 1.9042520068409956e-17 1.3767440700456062e-27
1.06003981227728 6.78576178755171e-25 1.9093705482143512e-17 1.9093705480736222e-17 1.4072933463298106e-27
1.0620293250338977 6.80942656938908e-25 1.9196253778739345e-17 1.9196253777268995e-17 1.470351060364538e-27
1.0660195594769086 6.856668460442822e-25 1.9402056140677934e-17 1.9402056139073253e-17 1.604678936076607e-27
1.070024785945596 6.903789814517959e-25 1.9608791632963714e-17 1.9608791631213003e-17 1.7507108590066197e-27
1.0740450607676866 6.950786293442311e-25 1.9816450707997035e-17 1.9816450706087615e-17 1.9094134663697423e-27
1.07808044048254 6.997653593967927e-25 2.0025023735433266e-17 2.0025023733351437e-17 2.0818285224803167e-27
1.0861967418109137 7.090900727159826e-25 2.044463371044132e-17 2.0444633707968952e-17 2.472372031809041e-27
1.0902777775684922 7.137083624144427e-25 2.0655103648414788e-17 2.065510364572178e-17 2.6930113326758767e-27
1.0943741465085532 7.183117199926689e-25 2.0866432761159763e-17 2.086643275822737e-17 2.9323960748414105e-27
1.1026131145906286 7.274720047879289e-25 2.1291628104094773e-17 2.129162810062123e-17 3.473542393876237e-27
1.1109141095355224 7.3656769881757205e-25 2.1720138252893376e-17 2.1720138248784098e-17 4.109277497026078e-27
1.1192775983109025 7.455871857988169e-25 2.2151629556536033e-17 2.2151629551680874e-17 4.855155324709055e-27
1.1277040513999907 7.544885416436993e-25 2.2584850614438564e-17 2.2584850608709443e-17 5.729116544295781e-27
1.1361939428280308 7.633148125789256e-25 2.3021074639673157e-17 2.3021074632921333e-17 6.751824539651483e-27
1.1447477501889525 7.720630609040256e-25 2.3460215979236995e-17 2.3460215971289943e-17 7.947049062392405e-27
1.1533659546722406 7.807351893759215e-25 2.3902334239215637e-17 2.390233422987353e-17 9.342109644286543e-27
1.1707974979042381 7.978791523106333e-25 2.479638302984713e-17 2.4796383016985348e-17 1.2861788515503405e-26
1.1884924949847024 8.146817753269771e-25 2.5701228204328723e-17 2.5701228186708787e-17 1.7619928715408956e-26
1.2064549276569216 8.312746353391678e-25 2.66210428044814e-17 2.6621042780460832e-17 2.4020569125632373e-26
1.2246888378427687 8.474764184122817e-25 2.7550076881981814e-17 2.7550076849394143e-17 3.258767504632405e-26
1.2431983285522175 8.63249259054536e-25 2.8486957317530625e-17 2.8486957273532216e-17 4.3998402217302524e-26
1.2619875648066055 8.785873352761582e-25 2.943130011298115e-17 2.9431300053857726e-17 5.912340948466449e-26
1.3004222497298317 9.077043580729486e-25 3.133273063609147e-17 3.1332730530820236e-17 1.0527123169995978e-25
1.3400274889804893 9.347141431039286e-25 3.324772659222738e-17 3.324772640819055e-17 1.8403683292659e-25
1.3808389325824078 9.595172037995627e-25 3.5169421311340665e-17 3.5169420995298507e-17 3.160421538031455e-25
1.4228933163050095 9.822350998289364e-25 3.709857446150541e-17 3.70985739281173e-17 5.333881039918193e-25
1.466228494730424 1.0034155881643731e-24 3.9052777938258153e-17 3.905277705311063e-17 8.851475229779255e-25
1.5108834753276823 1.022647642817616e-24 4.101346160382002e-17 4.101346015887007e-17 1.4449499647271591e-24
1.5568984535646726 1.0395989344933445e-24 4.29630936403108e-17 4.296309131754003e-17 2.3227707626211497e-24
1.6043148490894465 1.0543013681350919e-24 4.4897670292892104e-17 4.489766660929525e-17 3.683596858923693e-24
1.6531753430134553 1.0668006007157207e-24 4.681355298461102e-17 4.681354722818797e-17 5.7564230486916735e-24
1.7035239163302658 1.0772458462563479e-24 4.871161139124384e-17 4.871160252472571e-17 8.86651811769573e-24
1.755405889504358 1.0864945442890709e-24 5.062610715962279e-17 5.062609369198485e-17 1.3467637957058683e-23
1.8088679632656115 1.0943362591990225e-24 5.2544478890359266e-17 5.2544458710290934e-17 2.018006834337142e-23
1.8639582606462262 1.1006287626180678e-24 5.4456092347210704e-17 5.4456062505742126e-17 2.984146858432581e-23
1.9207263702978936 1.1054769072073303e-24 5.636176786299264e-17 5.636172429683588e-17 4.356615674619749e-23
1.979223391128241 1.1091234351486645e-24 5.826988081535162e-17 5.8269817998133e-17 6.281721861282082e-23
2.039501978296691 1.1118585517842598e-24 6.019260024798095e-17 6.019251075990242e-17 8.948807855561572e-23
2.1016163906111602 1.1144935341227849e-24 6.217280093602782e-17 6.217267493044303e-17 1.260055847928677e-22
2.1656225393682647 1.1174990940560693e-24 6.423908932555335e-17 6.423891389548185e-17 1.754300715209325e-22
2.231578038680979 1.120909462453394e-24 6.639754886659866e-17 6.639730729537304e-17 2.4157122562615893e-22
2.299542257339062 1.1250066118638181e-24 6.86698190011517e-17 6.866948988557157e-17 3.2911558014069147e-22
2.369576372248914 1.1304130504111166e-24 7.110126155026857e-17 7.110081778143879e-17 4.437688297906668e-22
2.4417434235010123 1.1378636796041402e-24 7.374960435181472e-17 7.374901196719098e-17 5.923846237624959e-22
2.5161083711144245 1.148616684465664e-24 7.671387068455336e-17 7.671308755689184e-17 7.831276615536449e-22
2.5927381535095444 1.1647305963678005e-24 8.0159237201101e-17 8.015821158970363e-17 1.0256113973866297e-21
2.6717017477616296 1.1886622729298993e-24 8.429773125775787e-17 8.429640028446607e-17 1.3309732918204656e-21
2.753070231689431 1.2241101843832933e-24 8.945553857787682e-17 8.945382658591469e-17 1.71199196213582e-21
2.836916847834745 1.2794540185949864e-24 9.634756035501017e-17 9.634537710390025e-17 2.183251109940113e-21
2.9233170693905177 1.3731487529231868e-24 1.0655232788003391e-16 1.065495671350111e-16 2.7607450228297907e-21
2.967498994190263 1.4525974056415503e-24 1.1442087844205585e-16 1.1441778863001985e-16 3.0898120359923923e-21
3.0123486681368425 1.5453574589583543e-24 1.2356731903287422e-16 1.2356386552791311e-16 3.453504961123494e-21
3.0578761833420214 1.7526745967821318e-24 1.4226256064718087e-16 1.4225870470843102e-16 3.855938749877254e-21
3.1040917844459814 2.01977051487173e-24 1.6642019072128056e-16 1.6641589351319239e-16 4.2972080881679325e-21
3.127460860933648 2.3022091398714268e-24 1.9111997950125784e-16 1.9111544469959957e-16 4.534801658281224e-21
3.1510058709225794 2.6784847604809974e-24 2.240308492273409e-16 2.2402606579003284e-16 4.783437308064827e-21
3.162844764501044 3.0286976020221347e-24 2.542747427407285e-16 2.542698302557845e-16 4.9124849440021955e-21
3.1747281389236908 3.4359532544424304e-24 2.895497678609753e-16 2.8954472343892035e-16 5.044422054967823e-21
3.1986289994194426 4.571858052904453e-24 3.881736411087464e-16 3.8816832328980346e-16 5.317818942884607e-21
3.2227097969389145 7.249317610221444e-24 6.201371657328338e-16 6.201315571738451e-16 5.6085589887261275e-21
3.2348180950136065 9.788332961298874e-24 8.404812528164346e-16 8.404754888285319e-16 5.7639879028951985e-21
3.240889293275058 1.1686564642514366e-23 1.0053574366516985e-15 1.0053515906694565e-15 5.8459822421005275e-21
3.2469718861334385 1.3882528047597194e-23 1.1965105187528587e-15 1.1965045879216325e-15 5.9308312260284944e-21
3.2714166318528037 2.5595918276208058e-23 2.222675207282711e-15 2.2226689249565153e-15 6.282326195976901e-21
3.2744851364798273 2.6328153964759048e-23 2.2884048813689204e-15 2.2883985573855482e-15 6.323983371760883e-21
3.2775565192852394 2.7081419290202465e-23 2.356085485409373e-15 2.3560791195380734e-15 6.365871299522627e-21
3.283707930232385 2.6357005079569599e-23 2.2973650779960557e-15 2.2973586367472943e-15 6.441248761250482e-21
3.2898708863219004 2.4059676782248144e-23 2.1010581668593375e-15 2.101051656579602e-15 6.5102797354476815e-21
3.29141343181113 2.3517908740166977e-23 2.0547101719583012e-15 2.0547036443326025e-15 6.527625699036441e-21
3.292184975758714 2.325170300558154e-23 2.031928532439352e-15 2.0319219961274094e-15 6.536311942877172e-21
3.295272960557952 2.157141003792399e-23 1.8868586274858564e-15 1.8868520573046795e-15 6.570181176594572e-21
3.3076538914384823 1.5750328511497944e-23 1.3828628472653352e-15 1.3828561408182569e-15 6.7064470783134456e-21
3.310756385682612 1.456557956503098e-23 1.2800426149139174e-15 1.2800358740716207e-15 6.740842296932373e-21
3.313861789986515 1.3472459906241305e-23 1.1850883378660977e-15 1.1850815624965427e-15 6.77536955450359e-21
3.3200813396944477 1.1939491539909622e-23 1.0522137892977439e-15 1.0522069398595366e-15 6.849438207216962e-21
3.345076488085796 9.204914989441973e-24 8.173259120847316e-16 8.173187330313213e-16 7.179053410464783e-21
3.3482140837626964 9.30747237859263e-24 8.272073944853519e-16 8.272001707949654e-16 7.223690386774202e-21
3.3513546224236106 9.411163303690939e-24 8.372075331657292e-16 8.372002646116327e-16 7.268554096351119e-21
3.3576445397418455 1.01689023857842e-23 9.063130401440582e-16 9.063056778632453e-16 7.362280812647796e-21
3.3702598118196083 1.2963690634386975e-23 1.1597422346097e-15 1.159734675668732e-15 7.558940968389652e-21
3.382922481734668 1.360026477900086e-23 1.2212619965633583e-15 1.2212542456111454e-15 7.750952212716395e-21
3.389271646505754 1.3930051398197366e-23 1.2532235010355537e-15 1.2532156525846691e-15 7.848450884596395e-21
3.395632727569191 1.4285419055394502e-23 1.287606405383159e-15 1.2875984564434525e-15 7.94893970706652e-21
3.421196662673239 1.5991764652112175e-23 1.4522582840579918e-15 1.452249918138085e-15 8.365919906781532e-21
3.4276182099114902 1.5647942317726053e-23 1.4237020520867943e-15 1.4236935921696026e-15 8.459917191802681e-21
3.4340518103208963 1.4141255380737975e-23 1.2890336111846025e-15 1.2890250619061193e-15 8.549278483355394e-21
3.4469541582030403 1.1995446229628748e-23 1.0975425067543876e-15 1.0975337850224039e-15 8.721731983752691e-21
3.472904465399547 1.1394112446479272e-23 1.050371116436796e-15 1.0503619986946604e-15 9.117742135635018e-21
3.4990501388274233 1.0474390405886074e-23 9.728555386761425e-16 9.728460134591e-16 9.525217042559318e-21
3.5253949054701885 7.201202435068186e-24 6.738794694954935e-16 6.738695449207515e-16 9.924574741971332e-21
3.5519380250092896 4.124768354919093e-24 3.888968060351975e-16 3.8888647718738886e-16 1.0328847808612842e-20
3.578680990867387 2.904999893594517e-24 2.759551734010764e-16 2.759444008755651e-16 1.0772525511328098e-20
3.605625307711299 2.411680010776883e-24 2.308180194222939e-16 2.308067777560897e-16 1.1241666204192329e-20
3.660119384959845 2.051892204069511e-24 1.9935137055874071e-16 1.9933913509238454e-16 1.2235466356168248e-20
3.715437065384467 1.7971346448168646e-24 1.7723927255768077e-16 1.7722597734956628e-16 1.3295208114470134e-20
3.8285932144167436 1.6680100191419305e-24 1.6951467967055383e-16 1.694990638778785e-16 1.5615792675317498e-20
3.94519561050918 1.6433935515850498e-24 1.7209947791234363e-16 1.7208126522339325e-16 1.8212688950386838e-20
4.06534921144712 1.661705453393822e-24 1.7931694671810553e-16 1.7929584549426478e-16 2.1101223840765032e-20
4.189162171576248 1.7048889059974187e-24 1.8958007509711995e-16 1.8955576900958022e-16 2.4306087539706654e-20
4.316745939156006 1.7662136369952386e-24 2.0238072893900123e-16 2.0235289033795013e-16 2.783860105105427e-20
4.448215356677963 1.8434182929892364e-24 2.1766025367873398e-16 2.1762857592133078e-16 3.167775740320015e-20
4.58368876423945 1.936772121478391e-24 2.3564763160513677e-16 2.356117791191153e-16 3.5852486021436464e-20
4.723288106065518 2.048416041125758e-24 2.568218902911544e-16 2.5678147655802956e-16 4.04137331248839e-20
4.867139040275056 2.182637853537565e-24 2.81984261104936e-16 2.8193897082409685e-16 4.5290280839080164e-20
4.940699165968905 2.2636043187219275e-24 2.968645625255195e-16 2.968166939502463e-16 4.7868575273210254e-20
5.015371051989984 2.347444256229967e-24 3.125127856229878e-16 3.1246224706597937e-16 5.053855700847553e-20
5.091171501069577 2.449749169350819e-24 3.3106157667966326e-16 3.3100822465375027e-16 5.3352025913066873e-20
5.129500256944802 2.5022523962178454e-24 3.4070272156749788e-16 3.406479271926231e-16 5.479437487472891e-20
5.168117569889187 2.5569876916679105e-24 3.5077647173832526e-16 3.507202006649463e-16 5.627107337908114e-20
5.20702561229733 2.6241748257872205e-24 3.6270363813998017e-16 3.6264577365124064e-16 5.786448873960072e-20
5.246226572918644 2.6930733844102364e-24 3.750288375333152e-16 3.749693499716087e-16 5.948756170642948e-20
5.265937586045735 2.7281815419499987e-24 3.813453075038669e-16 3.812849972316837e-16 6.031027218306766e-20
5.285722656980489 2.76373836676129e-24 3.877668979944936e-16 3.877057575349874e-16 6.114045950620466e-20
5.305582063971359 2.799751112751496e-24 3.942955678533567e-16 3.942335897092927e-16 6.197814406397631e-20
5.3255160863122235 2.8384438476123606e-24 4.012466698432413e-16 4.011838416549171e-16 6.282818832415861e-20
5.365609099470188 2.934838139057706e-24 4.179964728534687e-16 4.179318840197491e-16 6.458883371951052e-20
5.406003951863644 3.0348988486653384e-24 4.3550185857438673e-16 4.3543547603776817e-16 6.638253661859172e-20
5.446702915881641 3.138803369677707e-24 4.538028625545564e-16 4.537346530223744e-16 6.82095321820859e-20
5.487708281020852 3.2510799011896817e-24 4.735742640956743e-16 4.735041882049651e-16 7.007589070915523e-20
5.529022354014368 3.4071934459044096e-24 5.00051311341273e-16 4.99979283636528e-16 7.202770474498321e-20
5.570647458961463 3.5725082284369314e-24 5.282607524196648e-16 5.281867356557251e-16 7.401676393980171e-20
5.612585937458331 3.7476871596459196e-24 5.583361757363953e-16 5.582601323414858e-16 7.604339490932002e-20
5.654840148729818 3.940258073911661e-24 5.914450936524793e-16 5.913669782200664e-16 7.811543241300389e-20
5.67608639626678 4.07144823672424e-24 6.134333002624156e-16 6.133541016657031e-16 7.919859671215826e-20
5.686739436050992 4.139070591034531e-24 6.247921953066699e-16 6.24712451156102e-16 7.974415056791538e-20
5.6974124697621304 4.208087606739927e-24 6.364024860166838e-16 6.36322193655186e-16 8.029236149760412e-20
5.718818669136295 4.350440039545477e-24 6.604028618906293e-16 6.603214651081566e-16 8.139678247275445e-20
5.740305295436557 4.507366926063936e-24 6.8679533633509905e-16 6.867128178409556e-16 8.251849414341577e-20
5.7835210386641895 4.914548233235293e-24 7.544758700531423e-16 7.543910238498601e-16 8.484620328222838e-20
5.827062130521658 5.383637048647709e-24 8.327120608475234e-16 8.326248239229658e-16 8.723692455762071e-20
5.8489554468988025 5.7127775006977234e-24 8.869416631910506e-16 8.868531430201582e-16 8.852017089257272e-20
5.870931020387893 6.065985512638116e-24 9.45317677999505e-16 9.452278604023305e-16 8.9817597174555e-20
5.892989160043636 6.445198514700568e-24 1.0081876510665772e-15 1.008096521756768e-15 9.112930980884743e-20
5.915130176081913 6.876494344567357e-24 1.079694352956139e-15 1.0796018653565072e-15 9.248759963174529e-20
5.95966208400165 8.082546919495651e-24 1.2786135518444452e-15 1.27851802182019e-15 9.553002425466272e-20
6.004529249263818 9.821029840658218e-24 1.5653282687619243e-15 1.5652293393498212e-15 9.892941210348472e-20
6.027089341400364 1.1029571288736161e-23 1.764557010125042e-15 1.7644561429351562e-15 1.0086718988594292e-19
6.049734195844842 1.2457766594339147e-23 2.0005339065255488e-15 2.0004309905821177e-15 1.0291594343137453e-19
6.095279466722835 1.6583419796675543e-23 2.683101798894097e-15 2.6829939414248614e-15 1.078574692353328e-19
6.141167624020661 2.2932854529563604e-23 3.73833744540504e-15 3.738223289818293e-15 1.1415558674657555e-19
6.164241091010745 2.698767938308499e-23 4.415852833173127e-15 4.415734782215702e-15 1.180509574247594e-19
6.187401249150058 3.1606716485315625e-23 5.1910725013271e-15 5.1909504314908804e-15 1.220698362187489e-19
6.1990139391386085 3.386210659807856e-23 5.571934705259326e-15 5.571810586474287e-15 1.2411878503754879e-19
6.204828454712694 3.505016214218649e-23 5.7728363136937095e-15 5.772711158007244e-15 1.2515568646415163e-19
6.210648424152782 3.591743237445389e-23 5.9212263203941126e-15 5.921100266954825e-15 1.2605343928681102e-19
6.233982942956859 3.8863919198235526e-23 6.4310463140588054e-15 6.430917068259182e-15 1.2924579962475944e-19
6.239830258556775 3.924056543853242e-23 6.499462847474812e-15 6.499333112535194e-15 1.2973493961767626e-19
6.245683058788269 3.9273211188946774e-23 6.510971403736264e-15 6.510841178143073e-15 1.3022559319085373e-19
6.257405133728602 3.919223033463029e-23 6.509740642972594e-15 6.509609531214682e-15 1.3111175791430335e-19
6.269149208991335 3.8612680355852655e-23 6.425515703410292e-15 6.425384135068026e-15 1.3156834226418745e-19
6.280915325867298 3.7159378416174934e-23 6.195278188505523e-15 6.195146696990738e-15 1.3149151478579489e-19
6.304513850009849 3.3575493883795766e-23 5.618798345856807e-15 5.618667492695186e-15 1.3085316162160453e-19
6.32820103803542 2.913326256776451e-23 4.8937166942737715e-15 4.8935869956293545e-15 1.2969864441761654e-19
6.3519772230701035 2.5059431038169774e-23 4.225222380298397e-15 4.225093672825677e-15 1.2870747272075335e-19
6.375842739491607 2.1632191469483202e-23 3.6610659135077206e-15 3.660938031049105e-15 1.2788245861591198e-19
6.399797922933955 1.8885402680288318e-23 3.2082037608408512e-15 3.2080760813236224e-15 1.276795172289666e-19
6.42384311029221 1.6601714444153764e-23 2.830852871146457e-15 2.830725270008394e-15 1.276011380628046e-19
6.447978639727206 1.49375609083154e-23 2.556658443048697e-15 2.5565304288833647e-15 1.2801416533162374e-19
6.472204850670314 1.3551266669197813e-23 2.3280997237300682e-15 2.3279711952377686e-15 1.2852849229995577e-19
6.496522083828205 1.2650314540348248e-23 2.1814822126620586e-15 2.1813527660407506e-15 1.2944662130832683e-19
6.520930681187647 1.1891381100317942e-23 2.0583125139630416e-15 2.058182081194726e-15 1.3043276831504037e-19
6.57002334288761 1.1115216878834348e-23 1.938448586315064e-15 1.9383156003750244e-15 1.3298594003947245e-19
6.619489833774732 1.1034992008453078e-23 1.9389471673920134e-15 1.9388111263061874e-15 1.360410858258588e-19
6.6693287637831435 1.1332412379422418e-23 2.006198629216591e-15 2.006059289665707e-15 1.3933955088399524e-19
6.719538636694507 1.1712419926196218e-23 2.0890821739316323e-15 2.0889395671799556e-15 1.4260675167570214e-19
6.770126513364129 1.2664078716260561e-23 2.27583000413335e-15 2.2756838651800512e-15 1.4613895329883243e-19
6.8210952395837445 1.4102717990446797e-23 2.5534441777696322e-15 2.5532941310325867e-15 1.500467370448497e-19
6.872447682569556 1.5914861273585676e-23 2.9032453075791248e-15 2.903090978464865e-15 1.5432911425995776e-19
6.924186731123532 1.8208208507943878e-23 3.3466124504215e-15 3.3464534766762757e-15 1.5897374522395587e-19
6.976315295795916 2.007231764815062e-23 3.71700422363483e-15 3.716840482692012e-15 1.6374094281853204e-19
7.028836309048954 2.0344054973601098e-23 3.795686918786959e-15 3.795518557638448e-15 1.683611485102751e-19
7.081752725421856 1.9535714991950005e-23 3.672311410675625e-15 3.6721384514004885e-15 1.7295927513615752e-19
7.135067521697011 1.8996588109397724e-23 3.597850610876675e-15 3.597672599027507e-15 1.7801184916942175e-19
7.1887836970674375 1.9433099596234731e-23 3.708232243834988e-15 3.708048439338402e-15 1.8380449658585093e-19
7.242904273305506 2.0998118740509018e-23 4.0370354739835e-15 4.036844939077369e-15 1.9053490613059754e-19
7.297432294932914 2.3478686379765255e-23 4.547925083487792e-15 4.547726528407045e-15 1.9855508074623545e-19
7.352370829391971 2.6315559719419377e-23 5.135815906670205e-15 5.13560720518793e-15 2.0870148227555522e-19
7.379995003818881 2.808247535808839e-23 5.501243739404847e-15 5.5010291311419215e-15 2.1460826292561448e-19
7.407722967218148 3.003196266725053e-23 5.905244458736794e-15 5.905023662721803e-15 2.2079601499339956e-19
7.463496598684601 3.49826248238624e-23 6.930493566784647e-15 6.930258822449781e-15 2.3474433486602583e-19
7.519690156487492 4.1397240766656415e-23 8.26305749166527e-15 8.26280637468724e-15 2.511169780285461e-19
7.533803324048627 4.326408976133833e-23 8.651895841904013e-15 8.651640094349895e-15 2.55747554116389e-19
7.547942979602549 4.521534480116458e-23 9.059075741110786e-15 9.058815275248363e-15 2.6046586241995347e-19
7.57630195363571 4.933018672565934e-23 9.920634913302593e-15 9.920364690179429e-15 2.702231231628787e-19
7.590521371821866 5.141059823895375e-23 1.035842433503896e-14 1.0358148992438661e-14 2.753426002974234e-19
7.604767477414989 5.357880987195434e-23 1.0815545663122929e-14 1.0815265101833638e-14 2.8056128928993144e-19
7.633339951266878 5.793953411157622e-23 1.1739755063181694e-14 1.1739463992965138e-14 2.9107021655057985e-19
7.662019777021956 6.133463692366651e-23 1.2474366525147776e-14 1.2474065824493042e-14 3.0070065473298416e-19
7.690807358020558 6.366708610068824e-23 1.2997395663425682e-14 1.299708663901873e-14 3.090244069491716e-19
7.719703099118437 6.486149274567564e-23 1.3290978948872158e-14 1.3290663032509396e-14 3.159163627595826e-19
7.748707406692464 6.467487947037138e-23 1.3302532333381336e-14 1.3302210023771148e-14 3.223096101868979e-19
7.777823177463063 6.342708177461136e-23 1.309490128819905e-14 1.3094567799792994e-14 3.334884060511869e-19
7.807048350752435 6.151591099432924e-23 1.2748050112034498e-14 1.2747704104635338e-14 3.46007399162576e-19
7.836380830085272 5.887374073945587e-23 1.2246348033071122e-14 1.2245989754927258e-14 3.5827814386373933e-19
7.851088371676256 5.70409897388066e-23 1.1887385624270818e-14 1.1887022031807891e-14 3.635924629269459e-19
7.86582351679805 5.509873948970542e-23 1.1504170100929083e-14 1.1503801507509388e-14 3.685934196910802e-19
7.89537682495964 5.0812954256635614e-23 1.0649194055001003e-14 1.0648816701094302e-14 3.773539066966073e-19
7.9250411701946435 4.6187577134237146e-23 9.716193182779663e-15 9.715806646039722e-15 3.865367399402608e-19
7.939915112024199 4.373237025011595e-23 9.216972858988398e-15 9.216581472024657e-15 3.9138696374082353e-19
7.954816969689239 4.141105093978897e-23 8.744115325403113e-15 8.743718843193144e-15 3.96482209971537e-19
7.9847046421970465 3.713019993116221e-23 7.869652883298983e-15 7.869245318852634e-15 4.0756444634661064e-19
8.044817289139356 2.9910013770797555e-23 6.387078164500446e-15 6.386643921778738e-15 4.342427217099261e-19
8.07504310897143 2.7227341487680734e-23 5.836056945760459e-15 5.835606552943498e-15 4.503928169630532e-19
8.105382492623747 2.4854301978523843e-23 5.347422729855629e-15 5.346955017710291e-15 4.677121453390115e-19
8.135835866775926 2.2971382451792578e-23 4.960880252597096e-15 4.96039476880879e-15 4.854837883035585e-19
8.166403659710703 2.1549746913679827e-23 4.67135045344772e-15 4.670845630049928e-15 5.048233977912701e-19
8.197086301319933 2.0496075557380654e-23 4.459638478210013e-15 4.4591131704826766e-15 5.253077273367645e-19
8.227884223110665 1.957160215871498e-23 4.274486837625576e-15 4.2739397932664594e-15 5.47044359116918e-19
8.258797858211198 1.9041558390709175e-23 4.174349024614677e-15 4.173773666571065e-15 5.753580436127738e-19
8.289827641377162 1.8883966548501526e-23 4.1553552310171405e-15 4.154725672580541e-15 6.295584365993872e-19
8.320974008997652 1.9036073944538634e-23 4.204564136884545e-15 4.203869430239847e-15 6.94706644697915e-19
8.35223739910135 1.9317632506664325e-23 4.28278391514758e-15 4.282017832769514e-15 7.660823780657977e-19
8.383618251362687 2.019808335897053e-23 4.4948074057224394e-15 4.4939683924083894e-15 8.390133140496511e-19
8.415117007108037 2.1464924979861757e-23 4.794672708827888e-15 4.793754265804642e-15 9.18443023246874e-19
8.446734109321913 2.3160584218086412e-23 5.192873780426095e-15 5.191873300678711e-15 1.0004797473828467e-18
8.478470002653195 2.5323614867378502e-23 5.699183244344862e-15 5.698097979322144e-15 1.0852650227190156e-18
8.542299949622933 3.004401771526214e-23 6.812433240565274e-15 6.8111685927042515e-15 1.2646478610215852e-18
8.558332380220154 3.1042041148215815e-23 7.051943961336176e-15 7.050633102156338e-15 1.310859179838044e-18
8.574394900937412 3.166991181250769e-23 7.208082828881766e-15 7.206725982606945e-15 1.3568462748214328e-18
8.606610438733982 3.167471426207899e-23 7.236262033360079e-15 7.234814689479084e-15 1.4473438809947978e-18
8.622764948673899 3.11721530329855e-23 7.134816045929949e-15 7.133323307662e-15 1.4927382679485849e-18
8.638949780445296 3.0080051572090314e-23 6.897773968243798e-15 6.896237052969576e-15 1.5369152742218454e-18
8.655163606183647 2.896996351600229e-23 6.655683520450639e-15 6.65410127343729e-15 1.5822470133483195e-18
8.671407862489573 2.76477155969971e-23 6.363826053833196e-15 6.362198237654146e-15 1.627816179048148e-18
8.703987895363145 2.450895247101186e-23 5.66255536156544e-15 5.660835940963727e-15 1.7194206017127246e-18
8.736690337257128 2.1714561304323346e-23 5.0357879667814626e-15 5.033971969852041e-15 1.8159969294236752e-18
8.802464289484785 1.6971871061219138e-23 3.965549986390509e-15 3.963527356078504e-15 2.022630312006004e-18
8.868733419248175 1.3799125150219512e-23 3.248497877741355e-15 3.2462278614729795e-15 2.270016268376472e-18
8.935501454478851 1.1682721611058035e-23 2.7709736174037348e-15 2.76837177182468e-15 2.6018455790550824e-18
9.002772151174003 1.0252490158540967e-23 2.4500505953807334e-15 2.447090651087147e-15 2.9599442935864793e-18
9.07054929360775 9.256267894245504e-24 2.228634946789664e-15 2.225299756922544e-15 3.335189867119321e-18
9.13883669454403 8.528824805378166e-24 2.068947846975865e-15 2.0652188838669716e-15 3.728963108893342e-18
9.207638195451068 8.027666108192286e-24 1.9620360357760283e-15 1.9579075049174275e-15 4.128530858601043e-18
9.276957666717493 7.583243060046114e-24 1.8673683091237583e-15 1.8628006796171982e-15 4.567629506559852e-18
9.346799007870057 7.289080509269218e-24 1.8084440789030383e-15 1.8034415083620894e-15 5.002570540949344e-18
9.417166147792997 7.022750310044414e-24 1.755484072318065e-15 1.7500190118379556e-15 5.465060480108883e-18
9.488063044949055 6.847312972728229e-24 1.7245157836319336e-15 1.7186934419844493e-15 5.8223416474840905e-18
9.559493687602165 6.686881892539597e-24 1.696789532386812e-15 1.6905843664344023e-15 6.2051659524094525e-18
9.631462094041797 6.590431544453569e-24 1.6849053377336774e-15 1.6783217489448373e-15 6.583588788839947e-18
9.703972312809022 6.502782978363571e-24 1.6750132315712723e-15 1.6680411849390865e-15 6.972046632185577e-18
9.777099908821425 6.466556299776688e-24 1.6782341306163843e-15 1.6710066873402128e-15 7.227443276171482e-18
9.924867353363874 6.4555106803314234e-24 1.7006883946177264e-15 1.693011287618245e-15 7.677106999481675e-18
10.074868099996943 6.560285765264341e-24 1.7544118809019793e-15 1.7465179822050745e-15 7.893898696904706e-18
10.150790707826552 6.648452076616526e-24 1.791388777308931e-15 1.7834605858991735e-15 7.928191409757463e-18
10.22721067892732 6.806840140407739e-24 1.847873284579566e-15 1.839918713151697e-15 7.954571427869174e-18
10.304205975847633 6.980115908584921e-24 1.9091787808747318e-15 1.9012006862163976e-15 7.978094658333893e-18
10.381780929913377 7.256676942689831e-24 1.999765551274237e-15 1.9918349960443344e-15 7.9305552299021e-18
10.459939905058707 7.56437980894851e-24 2.1002546222941528e-15 2.0923737115264946e-15 7.880910767657976e-18
10.538687298071551 8.047198059432187e-24 2.2511303429425236e-15 2.2433340752847356e-15 7.796267657787976e-18
10.618027538840941 8.592883919370114e-24 2.421877795166967e-15 2.4141726097267728e-15 7.705185440194421e-18
10.697971937068667 9.409293837652998e-24 2.671947486728051e-15 2.6644074332115047e-15 7.540053516546594e-18
10.778518246224262 1.0562270754228675e-23 3.021939673499817e-15 3.0145725358414136e-15 7.367137658402731e-18
10.859664048220797 1.2284610004712137e-23 3.541173429573874e-15 3.533984760295288e-15 7.188669278587596e-18
10.941420754335242 1.4905741747763318e-23 4.3290912966123355e-15 4.3220851313726504e-15 7.006165239685266e-18
10.961955922839442 1.5824926548667113e-23 4.6046771685194905e-15 4.597718033742242e-15 6.959134777247838e-18
10.982529632329763 1.685498870960953e-23 4.913605471640781e-15 4.906693073476862e-15 6.912398163919286e-18
11.023792963743814 1.9363635185457587e-23 5.6661409417379095e-15 5.659321632340053e-15 6.8193093978553945e-18
11.065211328886559 2.2656777135914917e-23 6.6546815608408445e-15 6.647956327163344e-15 6.7252336775004206e-18
11.08597883104876 2.4770202345501973e-23 7.289085296049448e-15 7.282407484668842e-15 6.6778113806068586e-18
11.106785310247485 2.713271632624463e-23 7.999283422411048e-15 7.992653375172721e-15 6.6300472383253114e-18
11.14851549250461 3.275322862945603e-23 9.692606720432927e-15 9.686073169325672e-15 6.5335511072533566e-18
11.169441129330048 3.57806699341016e-23 1.0608386745535745e-14 1.0601900793164052e-14 6.485952371690197e-18
11.190406043337886 3.8487743313809664e-23 1.1432408276776442e-14 1.1425970680472543e-14 6.437596303895554e-18
11.21140851448765 4.112487467730502e-23 1.2238669245318446e-14 1.2232281348302638e-14 6.387897015808797e-18
11.22192452720434 4.251248305745013e-23 1.266348523831147e-14 1.265712201379998e-14 6.3632245114948094e-18
11.232450403670388 4.3125999450543736e-23 1.2858287019319064e-14 1.2851945920123703e-14 6.341099195364161e-18
11.253533585369773 4.369402532684874e-23 1.3052100240550118e-14 1.3045801892838092e-14 6.2983477120264624e-18
11.274656339961506 4.388553174091532e-23 1.3133912270786855e-14 1.3127656059848846e-14 6.256210938011956e-18
11.285231677511122 4.398164427202815e-23 1.317502275319517e-14 1.3168787260623957e-14 6.235492571208096e-18
11.295816934455262 4.348163535503896e-23 1.3037458771713602e-14 1.3031244691591445e-14 6.2140801221585914e-18
11.317017243752359 4.217047057234519e-23 1.2668052598661166e-14 1.2661881643650355e-14 6.170955010812382e-18
11.338257342390673 4.0859322803338813e-23 1.2297218997936527e-14 1.2291091056891455e-14 6.127941045073632e-18
11.359537305047965 3.9444617426643844e-23 1.1893723099263545e-14 1.1887639319543582e-14 6.0837797199611846e-18
11.402217121831576 3.6268727094376134e-23 1.0977186764252709e-14 1.0971195769200555e-14 5.990995052151574e-18
11.423617126015266 3.461387565941138e-23 1.0495987411980327e-14 1.0490044393918658e-14 5.9430180616684736e-18
11.445057294333186 3.292543043784657e-23 1.0002737351794644e-14 9.996844881080766e-15 5.892470713878607e-18
11.488058425037956 2.9499232714599786e-23 8.995530670337272e-15 8.989746862762975e-15 5.7838075742992305e-18
11.53122111869469 2.6456014960636368e-23 8.097839423308053e-15 8.092162182134611e-15 5.6772411734424285e-18
11.574545982324347 2.3751551209561855e-23 7.297353353395662e-15 7.291780622200713e-15 5.5727311949504574e-18
11.618033625228566 2.1371756932501783e-23 6.5908630603789706e-15 6.585396047516916e-15 5.46701286205501e-18
11.661684658998247 1.9401467146555542e-23 6.00572302520606e-15 6.000373635055422e-15 5.349390150635104e-18
11.705499697522141 1.789790411424725e-23 5.561111057681353e-15 5.555883619065439e-15 5.227438615913431e-18
11.749479356995494 1.673423339701962e-23 5.219079081975144e-15 5.213979940222472e-15 5.099141752671601e-18
11.793624255928705 1.5741583043003062e-23 4.927936748618347e-15 4.9229662010185065e-15 4.9705475998410755e-18
11.83793501515603 1.5134947212628685e-23 4.755829705195635e-15 4.7509984753278565e-15 4.831229867778831e-18
11.882412257844306 1.4621174711266713e-23 4.611649750634383e-15 4.606957267708553e-15 4.692482925829964e-18
11.92705660950172 1.4381657108727015e-23 4.553146703222125e-15 4.548602523428446e-15 4.544179793679786e-18
11.971868697986617 1.4215913269510794e-23 4.517583029639032e-15 4.513187058568019e-15 4.395971071013325e-18
12.016849153516302 1.4331326283738433e-23 4.571370552557995e-15 4.567136452331707e-15 4.234100226287379e-18
12.061998608675935 1.4502827067965766e-23 4.643456437264435e-15 4.639382688765417e-15 4.073748499018697e-18
12.152807060118223 1.5379081751141912e-23 4.961082413729859e-15 4.957351328862421e-15 3.73108486743774e-18
12.198467333490619 1.6101319986746672e-23 5.2135816754321265e-15 5.210035759688911e-15 3.545915743215679e-18
12.244299160690385 1.6908645390631156e-23 5.49556287792396e-15 5.4921994810810476e-15 3.363396842914164e-18
12.290303186275983 1.796695614764839e-23 5.8614698764221405e-15 5.858305724768516e-15 3.164151653623675e-18
12.3364800572276 1.9120522215067394e-23 6.261241332624868e-15 6.258236966130656e-15 3.0043664942102823e-18
12.382830422956244 2.0451633644377443e-23 6.722291842237202e-15 6.719330658460452e-15 2.9611837767489817e-18
12.429354935312874 2.1849679361321347e-23 7.20880190152795e-15 7.205882949045827e-15 2.9189524821236486e-18
12.476058240797144 2.3201526161738934e-23 7.683575792172277e-15 7.68069814359096e-15 2.877648581317496e-18
12.522937033967983 2.457637433516969e-23 8.169461742923644e-15 8.166609396840896e-15 2.852346082750118e-18
12.569987951963114 2.5661665483199885e-23 8.56227424300071e-15 8.559384801486945e-15 2.889441513764014e-18
12.593579661530361 2.6037075097129888e-23 8.70383846672396e-15 8.700930636014892e-15 2.907830709069288e-18
12.617215648686605 2.6306364067631902e-23 8.810362652376623e-15 8.807436536199563e-15 2.9261161770609708e-18
12.664620788327802 2.641385995316641e-23 8.879601877240403e-15 8.876639726843403e-15 2.96215039700312e-18
12.71220403757155 2.606576817161171e-23 8.795505738541823e-15 8.792508024519161e-15 2.997714022662102e-18
12.736062662318053 2.5700904593662936e-23 8.688664534991427e-15 8.685649277174819e-15 3.0152578166077774e-18
12.759966065607527 2.5227082596811315e-23 8.544486768576842e-15 8.541454083151904e-15 3.0326854249406728e-18
12.807907544139693 2.392110159840914e-23 8.132588397548392e-15 8.12952136786546e-15 3.0670296829345195e-18
12.856029147395699 2.2464388157318252e-23 7.666036382235562e-15 7.6629350566897e-15 3.101325545862163e-18
12.904331552136407 2.0913541004213265e-23 7.163619634631651e-15 7.16048361733043e-15 3.1360173012237062e-18
12.95281543766539 1.9328344634626106e-23 6.645509315865217e-15 6.642338482309469e-15 3.1708335557474543e-18
13.00148148583848 1.7881249115248428e-23 6.1710651096612564e-15 6.167858963133192e-15 3.206146528065387e-18
13.050330381073369 1.6559582938655323e-23 5.736411979604813e-15 5.733170014957342e-15 3.2419646474708676e-18
13.099362810359226 1.536206890896227e-23 5.341574780832086e-15 5.338296464780415e-15 3.2783160516721527e-18
13.197981031955921 1.335601979389538e-23 4.679010146077523e-15 4.675657385564066e-15 3.3527605134566027e-18
13.247568211189632 1.2543382820897921e-23 4.410829539889726e-15 4.4074387512026704e-15 3.3907886870564084e-18
13.297341698339563 1.1809018377266048e-23 4.1681953077134774e-15 4.164765972212602e-15 3.429335500874888e-18
13.397450398986955 1.062300997096544e-23 3.777801894043644e-15 3.774294116244005e-15 3.507777799639383e-18
13.447787020368724 1.0146205700325952e-23 3.621795444838297e-15 3.61824786895166e-15 3.54757588663643e-18
13.498312765455129 9.709270512459207e-24 3.4788485401476617e-15 3.475260719154001e-15 3.5878209936602554e-18
13.59993447169816 8.99106486844511e-24 3.24576729485957e-15 3.2420983624757523e-15 3.668932383817853e-18
13.702321234386334 8.431323591675266e-24 3.0666155643967823e-15 3.0628490549430078e-15 3.766509453773176e-18
13.805478813227746 7.996533675740844e-24 2.930371469852665e-15 2.9263675054321387e-15 4.003964420526409e-18
13.90941301129231 7.611376269678605e-24 2.8102271661250967e-15 2.8059616160731577e-15 4.265550051938557e-18
13.96167316792965 7.474480912580893e-24 2.7700521002001263e-15 2.7656078900925073e-15 4.4442101076190304e-18
14.014129675338197 7.357081214474572e-24 2.7367877361454707e-15 2.732157821761189e-15 4.629914384281131e-18
14.119634696140762 7.250554759618698e-24 2.7174660729967886e-15 2.7124483642243316e-15 5.017708772456831e-18
14.225934008823913 7.168372219131876e-24 2.7068910171574225e-15 2.7014647121461764e-15 5.426305011245896e-18
14.333033593193976 7.087685643617833e-24 2.6965718658124885e-15 2.690704857014718e-15 5.867008797770586e-18
14.44093947407611 6.996704834150556e-24 2.6819979018809964e-15 2.67567789630578e-15 6.320005575217132e-18
14.54965772165321 6.909318040123705e-24 2.6684397029294256e-15 2.6616304998254725e-15 6.809203103952447e-18
14.659194451807393 6.825365711019227e-24 2.655861755406169e-15 2.648524169389862e-15 7.337586016307202e-18
14.769555826464039 6.742503358294217e-24 2.643370501443684e-15 2.6354655566423865e-15 7.904944801297345e-18
14.992777389284976 6.548207142834629e-24 2.6059971412788357e-15 2.5968929962372228e-15 9.104145041612621e-18
15.21937263962189 6.368561609153456e-24 2.5728089523099164e-15 2.562319718269686e-15 1.048923404022986e-17
15.449392566130673 6.15597673692833e-24 2.524514164067261e-15 2.5124475139969867e-15 1.2066650070274224e-17
15.682888928090767 5.965913067845045e-24 2.4835472128035564e-15 2.468943919543486e-15 1.460329326007082e-17
15.919914267052077 5.753794948609869e-24 2.4314454934713313e-15 2.4138283143426887e-15 1.7617179128641793e-17
16.03976693895051 5.659258440169196e-24 2.409500461842018e-15 2.390286714316409e-15 1.9213747525610075e-17
16.1605219186579 5.6375138993833635e-24 2.418312614680752e-15 2.3973681589311267e-15 2.094445574962563e-17
16.22123989475974 5.6350893696627486e-24 2.4263546953193522e-15 2.4045737074315936e-15 2.1780987887759057e-17
16.282185999175777 5.632761094627894e-24 2.4344646702012503e-15 2.411812279452343e-15 2.2652390748907304e-17
16.312744867225646 5.631633438924908e-24 2.4385454579099325e-15 2.4154438195366264e-15 2.3101638373306086e-17
16.343361089024967 5.630530327858297e-24 2.442643636114839e-15 2.4190834604771717e-15 2.356017563766766e-17
16.404766024646595 5.6283984579571936e-24 2.450892760601783e-15 2.42638683900893e-15 2.4505921592853957e-17
16.466401669612416 5.6263670189457e-24 2.4592132877043116e-15 2.4337220091956025e-15 2.5491278508709482e-17
16.497306278852424 5.625389480667229e-24 2.4634007374566963e-15 2.4374013906121484e-15 2.5999346844548266e-17
16.528268890738765 5.624437692426967e-24 2.4676065402173344e-15 2.4410885698141355e-15 2.651797040319892e-17
16.590368558098763 5.6226123091649864e-24 2.4760739217184263e-15 2.448486122877994e-15 2.7587798840431785e-17
16.65270154503456 5.6204002859630425e-24 2.4843991890572166e-15 2.4557209261336056e-15 2.8678262923611986e-17
16.715268728169598 5.616194326447995e-24 2.4918673661689803e-15 2.4621620143775503e-15 2.970535179143041e-17
16.778070987420957 5.6121040927707535e-24 2.499408130767753e-15 2.4686373955054696e-15 3.077073526228292e-17
16.9043842704834 5.6042743726585355e-24 2.5147115633490363e-15 2.4816891918472567e-15 3.30223715017796e-17
17.03164849990255 5.59691951516026e-24 2.530318438899071e-15 2.494872689941686e-15 3.5445748957384484e-17
17.159870834853997 5.589495239819564e-24 2.545986158267248e-15 2.5079602506241765e-15 3.8025907643071964e-17
17.289058488411015 5.577282593385895e-24 2.559548874031088e-15 2.5190407184501075e-15 4.0508155580980344e-17
17.35401657858945 5.571387451081161e-24 2.566449970626509e-15 2.524638222940098e-15 4.181174768641125e-17
17.386587088641786 5.568492812019079e-24 2.5699308436051888e-15 2.5274510539964734e-15 4.247978960871509e-17
17.419218727950305 5.565633531484708e-24 2.573432091346285e-15 2.5302731811877025e-15 4.315891015858303e-17
17.48466585346766 5.560021305129986e-24 2.580496211336177e-15 2.535945060251516e-15 4.4551151084661164e-17
17.550358875560836 5.554551359127821e-24 2.5876433687972882e-15 2.541653336485074e-15 4.599003231221416e-17
17.682486308455736 5.543165935522379e-24 2.6017804317283625e-15 2.5529215409865185e-15 4.8858890741843597e-17
17.81560845938729 5.523881569057926e-24 2.612248276653436e-15 2.5618974906722674e-15 5.035078598116853e-17
17.882544892141226 5.514418605814199e-24 2.6175711045492506e-15 2.566455274681086e-15 5.111582986816526e-17
17.949732817065083 5.505045141470167e-24 2.622939697293541e-15 2.5710586352028696e-15 5.1881062090671094e-17
18.084866926577256 5.486400162312625e-24 2.6337359457389217e-15 2.5803992898077266e-15 5.3336655931193895e-17
18.221018389814958 5.4685964277264546e-24 2.6449529680916315e-15 2.590120474807747e-15 5.483249328388463e-17
18.496404071615608 5.443254731362606e-24 2.6724857378973024e-15 2.614670513303733e-15 5.781522459356963e-17
18.635790038622734 5.4450199420328556e-24 2.693498366601048e-15 2.634118902340379e-15 5.937946426066923e-17
18.776226396166493 5.446454361957165e-24 2.7145110574403955e-15 2.6535230827574933e-15 6.098797468290233e-17
18.91772105982334 5.4457611389151204e-24 2.734619076382777e-15 2.67202585413496e-15 6.259322224781671e-17
19.203636446149176 5.444090168692098e-24 2.775097321448411e-15 2.7091441076404454e-15 6.595321380796481e-17
19.4938730510763 5.4386537549146855e-24 2.814226041245415e-15 2.7447659173629506e-15 6.946012388246398e-17
19.78849618389234 5.4301700307983615e-24 2.852302962958782e-15 2.779171711141451e-15 7.313125181733121e-17
20.08757214094514 5.417786062779635e-24 2.88880837276549e-15 2.8118436993157362e-15 7.696467344975407e-17
20.391466406516905 5.402298074729612e-24 2.9241283690864604e-15 2.8431455275337132e-15 8.098284155274711e-17
20.699681925472166 5.3848942091775725e-24 2.9587636924684023e-15 2.8736449915363368e-15 8.511870093206468e-17
21.012556099387844 5.365652214144828e-24 2.9927527499313875e-15 2.9035377229364995e-15 8.921502699488729e-17
21.652507708764745 5.357580482124544e-24 3.079259845685368e-15 2.9814377874473548e-15 9.782205823801377e-17
21.979755641372343 5.354711456796151e-24 3.124124742416823e-15 3.0216578183693254e-15 1.0246692404749748e-16
22.311949477282987 5.349237424388358e-24 3.168099589815882e-15 3.0607497726238823e-15 1.0734981719200005e-16
22.64916396703608 5.340567075281331e-24 3.2107684208766424e-15 3.0982899091483254e-15 1.1247851172831716e-16
22.991811201917592 5.3292947856796705e-24 3.25246297346722e-15 3.134587906029321e-15 1.178750674378988e-16
23.339642165776596 5.31479335066382e-24 3.2926836667241027e-15 3.169140532344086e-15 1.2354313438001573e-16
23.69273528050995 5.297746739394428e-24 3.3317762493352973e-15 3.202275151653115e-15 1.295010976821821e-16
24.414313559781952 5.275634159851743e-24 3.4189175121525644e-15 3.2765906923286943e-15 1.423268198238712e-16
24.78366481022829 5.26803965192404e-24 3.4656443687939662e-15 3.316335575584877e-15 1.4930879320908912e-16
25.15860378059443 5.261805870257494e-24 3.5139112603862075e-15 3.3571993991688012e-15 1.567118612174049e-16
25.924826076583233 5.243886283448378e-24 3.6085983794233496e-15 3.4358118612638587e-15 1.727865181594918e-16
26.714384190886577 5.222606261717339e-24 3.703410773378204e-15 3.5127784618806934e-15 1.9063231149751024e-16
27.527988831636016 5.198450856988565e-24 3.798550103866582e-15 3.5882033246868234e-15 2.1034677917975842e-16
28.366372352060132 5.1756505614834786e-24 3.897069753748067e-15 3.664893415386517e-15 2.3217633836154865e-16
29.2302894097004 5.157710780099528e-24 4.001838275462789e-15 3.745586920108289e-15 2.5625135535450056e-16
30.12051764570424 5.1394510995987544e-24 4.10911790219948e-15 3.825958097087632e-15 2.8315980511184685e-16
30.575747924857424 5.1285381808054805e-24 4.162364562554048e-15 3.864388397419514e-15 2.979761651345346e-16
31.037858384806153 5.116534002094786e-24 4.215383049980621e-15 3.901580552924194e-15 3.138024970564275e-16
31.983137356627505 5.095789813096647e-24 4.326154272937525e-15 3.977828260059217e-15 3.483260128783087e-16
32.95720543894392 5.086017574221155e-24 4.449361255785844e-15 4.0617547797058836e-15 3.8760647607995955e-16
33.960939423588975 5.079341345046602e-24 4.5788511719634484e-15 4.147144411863743e-15 4.3170676009970665e-16
34.99524280568484 5.065988076322923e-24 4.705899059530161e-15 4.2253826137945925e-15 4.805164457355682e-16
36.06104659690874 5.054079263582567e-24 4.837821149930263e-15 4.302948913084004e-15 5.348722368462574e-16
37.159310163528254 5.054511491777501e-24 4.985586599660173e-15 4.390700235909801e-15 5.948863637503731e-16
38.29102208995955 5.060797183883755e-24 5.1438148149063766e-15 4.482179521547701e-15 6.616352933586766e-16
39.45720106862597 5.063266129461839e-24 5.303059047686976e-15 4.5679964581044894e-15 7.350625895824876e-16
40.65889681691763 5.068246211927724e-24 5.4699420888097504e-15 4.653425647863462e-15 8.16516440946288e-16
41.897191022077855 5.082526668670748e-24 5.6524145550000235e-15 4.7455358930084135e-15 9.06878661991609e-16
43.173198314866475 5.1036526163561044e-24 5.848772946127382e-15 4.841461192048065e-15 1.0073117540793164e-15
44.48806727287728 5.1272149857863756e-24 6.054726074845463e-15 4.937220133664864e-15 1.1175059411805992e-15
45.8429814544115 5.155624174310567e-24 6.273696991278055e-15 5.0345170165567675e-15 1.2391799747212895e-15
47.23916046383907 5.189986708805061e-24 6.507854722110473e-15 5.1357838150311136e-15 1.3720709070793601e-15
48.67786104940597 5.2310177085200915e-24 6.7590725795991056e-15 5.240955938681731e-15 1.5181166409173757e-15
50.16037823447602 5.277867784337293e-24 7.027304012284625e-15 5.3502861986386946e-15 1.6770178136459309e-15
51.68804648322576 5.3313649979681475e-24 7.314724405950524e-15 5.463923935872642e-15 1.8508004700778826e-15
53.26224090184056 5.389590702618365e-24 7.619818955564604e-15 5.580748806796144e-15 2.0390701487684605e-15
54.884378476295105 5.4537199370288506e-24 7.94531309087189e-15 5.701526899031018e-15 2.2437861918408736e-15
56.55591934783037 5.5250101891914915e-24 8.29431610598449e-15 5.8297756896706165e-15 2.4645404163138726e-15
58.27836812727644 5.603862148957287e-24 8.66890530391534e-15 5.965913703047074e-15 2.7029916008682648e-15
60.05327524940399 5.693880320533903e-24 9.076417530199242e-15 6.106186539284325e-15 2.9702309909149153e-15
61.88223836852342 5.797051756848459e-24 9.522316782940988e-15 6.2506051037785334e-15 3.271711679162456e-15
62.81758386220369 5.8540941180653395e-24 9.761360715033616e-15 6.326450209515005e-15 3.434910505518612e-15
63.7670670344103 5.9197412976062446e-24 1.0020020334496664e-14 6.405186966630485e-15 3.61483336786618e-15
65.70913619443517 6.072955089948796e-24 1.0592421656788921e-14 6.572100986076737e-15 4.0203206707121825e-15
67.71035238438829 6.2377345583529505e-24 1.1211181843725313e-14 6.746115498609711e-15 4.465066345115602e-15
69.77251696707448 6.410279375367124e-24 1.187218841965784e-14 6.925418635881536e-15 4.946769783776305e-15
71.89748616702131 6.5976212784905626e-24 1.2591298540505058e-14 7.116848121451542e-15 5.474450419053518e-15
74.08717274132995 6.802537463759665e-24 1.3377759902723444e-14 7.32494223684895e-15 6.052817665874493e-15
76.34354770141287 7.024714129060595e-24 1.4235424627042854e-14 7.545109288962184e-15 6.69031533808067e-15
78.66864208716851 7.264654803672236e-24 1.5170017070976012e-14 7.774558887935757e-15 7.395458183040255e-15
81.06454879518883 7.527367356191236e-24 1.6197333119762272e-14 8.018362346930896e-15 8.178970772831374e-15
83.5334244626476 7.822993041146661e-24 1.7346132629190604e-14 8.28106607471099e-15 9.065066554479612e-15
86.07749140856238 8.143550473294428e-24 1.860684874171475e-14 8.561103312515413e-15 1.0045745429199334e-14
88.69903963417964 8.478615227969604e-24 1.9962424080985193e-14 8.85733714489671e-15 1.110508693608848e-14
91.4004288842828 8.83481565673789e-24 2.143458891638575e-14 9.17269592536678e-15 1.2261892991018971e-14
94.18409077127889 9.213770177689784e-24 2.3034795336407078e-14 9.510148951601885e-15 1.352464638480519e-14
97.05253096397554 9.61781554841478e-24 2.4777229438773384e-14 9.870488128264576e-15 1.4906741310508813e-14
100.00833144301866 1.0063828733833052e-23 2.6715841110595512e-14 1.0255545732888432e-14 1.646029537770708e-14
103.05415282502196 1.0542635180301175e-23 2.8839259762924826e-14 1.0666572508240045e-14 1.817268725468479e-14
106.19273675747671 1.107269828954188e-23 3.121172076256623e-14 1.110352383266348e-14 2.0108196929902753e-14
109.4269083866038 1.1641696626847366e-23 3.381503491303027e-14 1.1569172792065917e-14 2.2245862120964348e-14
112.75957890036308 1.2227708610494494e-23 3.659889381255268e-14 1.2068919648670624e-14 2.452997416388205e-14
116.1937481489129 1.2836397003137677e-23 3.9590896384646603e-14 1.2602553859679581e-14 2.6988342524967024e-14
119.73250734487735 1.3447207551104977e-23 4.2737943280588996e-14 1.3166650737184067e-14 2.957129254340493e-14
123.37904184585196 1.4067779991187834e-23 4.607192875619585e-14 1.376462235519212e-14 3.230730640100373e-14
127.13663402165271 1.468005194087908e-23 4.954133830846582e-14 1.4404840812589485e-14 3.513649749587635e-14
131.0086662088879 1.52888101970085e-23 5.316712141971507e-14 1.508648879096972e-14 3.8080632628745347e-14
134.99862375551584 1.587458256347709e-23 5.688543560698057e-14 1.5802856751666164e-14 4.10825788553144e-14
139.11009815812417 1.644033634547428e-23 6.070700235816255e-14 1.6555607559553e-14 4.4151394798609574e-14
143.3467902947586 1.6990783317089676e-23 6.465033914361898e-14 1.7353419411458984e-14 4.7296919732160004e-14
147.71251375620898 1.7523381296623085e-23 6.870757696793085e-14 1.8195840407084178e-14 5.051173656084668e-14
152.21119827875228 1.8130353911326935e-23 7.325247784556033e-14 1.9074866311615562e-14 5.417761153394478e-14
156.84689328144228 1.8811083646404047e-23 7.831756361955784e-14 1.998841691460124e-14 5.83291467049566e-14
159.21741877681018 1.9141617608258e-23 8.089816077698896e-14 2.0459556874631637e-14 6.043860390235734e-14
161.62377151112827 1.9455309495277628e-23 8.346661747627386e-14 2.0940380093389296e-14 6.252623738288456e-14
166.54613279848823 2.0028678861373775e-23 8.854341926384765e-14 2.192972923865111e-14 6.661369002519654e-14
171.61840792845166 2.0579978122270628e-23 9.375149687562524e-14 2.2949505431161678e-14 7.080199144446358e-14
176.84516262850022 2.112331141202084e-23 9.915728329863616e-14 2.3994575482439332e-14 7.516270781619684e-14
179.5181642894721 2.1379475798251874e-23 1.0187670361606939e-13 2.4526073773235903e-14 7.73506298428335e-14
182.2315681744764 2.1591239160567387e-23 1.0444090189890257e-13 2.5062934618176748e-14 7.937796728072583e-14
187.78155384880017 2.189476754699803e-23 1.0913466010615539e-13 2.615047165733729e-14 8.298418844881811e-14
190.61961427604518 2.2028293488784148e-23 1.1145970095707881e-13 2.669953438190037e-14 8.476016657517845e-14
193.5005680909718 2.215330892149142e-23 1.1378638002376678e-13 2.7251026799286458e-14 8.653535322448035e-14
199.3937587803602 2.240065708189102e-23 1.1856097200315676e-13 2.8358526417196128e-14 9.020244558596062e-14
205.46643057848152 2.2643712003043457e-23 1.2349743341756806e-13 2.9464546599940283e-14 9.40328868176278e-14
211.72404970390772 2.2954185094203448e-23 1.2900350335866987e-13 3.056003259790944e-14 9.844347076076042e-14
218.17224885259444 2.3207382264381032e-23 1.3439870904138492e-13 3.1640126719690067e-14 1.0275858232169486e-13
224.8168322680627 2.3300632889878992e-23 1.3904839321286005e-13 3.27011951299584e-14 1.0634719808290164e-13
231.66378096599615 2.328388724469574e-23 1.4318023163908506e-13 3.373026408184432e-14 1.0944996755724074e-13
238.71925811795668 2.31406108455209e-23 1.4663299596674636e-13 3.471188997096227e-14 1.119211059957841e-13
245.98961459906556 2.2894519553050567e-23 1.4949192671901028e-13 3.5644032045808843e-14 1.1384789467320145e-13
249.71106150874405 2.2701135471925293e-23 1.5047168846218986e-13 3.609384467899044e-14 1.1437784378319939e-13
253.4888082224776 2.2456848102372236e-23 1.5110436985000429e-13 3.653189218726435e-14 1.1457247766273993e-13
261.20898134247824 2.1929924170810542e-23 1.520528863456193e-13 3.735781434155609e-14 1.1469507200406319e-13
269.1642775569489 2.1468056076385035e-23 1.5338382917090694e-13 3.810117097912528e-14 1.1528265819178166e-13
277.3618576987742 2.0983446015151492e-23 1.5448737093132682e-13 3.8763206411778735e-14 1.1572416451954805e-13
285.8091006888481 2.0243548186563314e-23 1.5357910142105264e-13 3.935396979655043e-14 1.142251316245022e-13
294.5136101780917 1.941070315459693e-23 1.5174558717149071e-13 3.985997072571962e-14 1.118856164457711e-13
303.4832213917586 1.8673372771930332e-23 1.5042737790330865e-13 4.0263888435083375e-14 1.1016348946822524e-13
312.7260081821858 1.7954103735056745e-23 1.4903805164919203e-13 4.056769089668933e-14 1.084703607525027e-13
322.25029029634635 1.725662840170735e-23 1.4761099155751039e-13 4.077948443525161e-14 1.0683150712225877e-13
332.0646408647343 1.6556806212109552e-23 1.4593808122767565e-13 4.089413677068736e-14 1.0504394445698836e-13
342.17789411833206 1.5815328848028717e-23 1.4364800831341992e-13 4.0905070518574014e-14 1.0274293779484594e-13
352.59915334060224 1.5050899837777987e-23 1.4086826438386027e-13 4.0813666931548205e-14 1.0005459745231209e-13
363.337799061663 1.4300123833835753e-23 1.3791763854496308e-13 4.0624771528459095e-14 9.729286701650398e-14
374.40349750202313 1.356168708671922e-23 1.347792544390233e-13 4.034015106073715e-14 9.443910337828616e-14
380.062092440151 1.3196133058528217e-23 1.3312838821641105e-13 4.0163007016736717e-14 9.296538119967431e-14
385.80620927347337 1.2833243826091409e-23 1.3142412426891044e-13 3.996324755075425e-14 9.146087671815615e-14
397.5561983449763 1.211577639677782e-23 1.2785544014337905e-13 3.9497292554451995e-14 8.835814758892704e-14
409.6640412816112 1.1399438140582174e-23 1.2395975927975114e-13 3.894360809865215e-14 8.501615118109898e-14
415.8555509384264 1.1043225555962426e-23 1.2190117130508224e-13 3.863537675309457e-14 8.326579455198768e-14
422.1406367649012 1.0689794423750728e-23 1.1978320999607976e-13 3.8307265935587806e-14 8.147594406049196e-14
434.9972154030873 1.0003599758797124e-23 1.1550804072806114e-13 3.759849915023698e-14 7.790954157782415e-14
448.24534984018095 9.345062199173879e-24 1.1119043318429482e-13 3.682397662788454e-14 7.436645655641029e-14
461.89696517289525 8.714784705395317e-24 1.068491826571779e-13 3.598382960966466e-14 7.086535304751323e-14
475.9643496848308 8.113644238392647e-24 1.0250848592497223e-13 3.5082822163910406e-14 6.742566376106181e-14
490.4601659075747 7.534949804841393e-24 9.809650562570868e-14 3.41356856209556e-14 6.396082000475306e-14
505.39746201868155 6.976923369099893e-24 9.35979728055447e-14 3.315280870842844e-14 6.044516409711626e-14
520.7896835867783 6.448169551900731e-24 8.913910191591345e-14 3.213654280619769e-14 5.700255910971576e-14
536.6506856743796 5.9520761559089316e-24 8.478706480780153e-14 3.1093027214758156e-14 5.369403759304336e-14
552.9947453093008 5.4850488567875856e-24 8.05139137250797e-14 3.0026471712969486e-14 5.0487442012110196e-14
569.8365743358964 5.045782477518396e-24 7.63217426124364e-14 2.8942385907603487e-14 4.7379356704832917e-14
587.1913326576936 4.633807655829725e-24 7.222492046640653e-14 2.784671423430629e-14 4.437820623210024e-14
605.0746418833327 4.248480986602383e-24 6.823576494004231e-14 2.674509909619171e-14 4.149066584385062e-14
623.502599388115 3.8890298254307824e-24 6.436488168346089e-14 2.564282570933218e-14 3.87220559741287e-14
642.4917928037942 3.554559287602595e-24 6.062095583266404e-14 2.45447922898303e-14 3.6076163542833736e-14
662.0593149496696 3.2440737505739383e-24 5.701078910309496e-14 2.345555323929254e-14 3.3555235863802405e-14
682.2227792184137 2.9565089671107448e-24 5.3539566428628583e-14 2.237922559268047e-14 3.1160340835948106e-14
703.0003354304876 2.690754133813635e-24 5.021101278657551e-14 2.1319555339786164e-14 2.8891457446789335e-14
724.4106861714122 2.445668506189755e-24 4.7027497852160895e-14 2.0279930866537858e-14 2.6747566985623047e-14
746.4731036265977 2.220093636745316e-24 4.399009392513638e-14 1.9263211928973375e-14 2.4726881996163014e-14
769.2074469289008 2.01287007168706e-24 4.109875402949528e-14 1.8271855768029845e-14 2.2826898261465444e-14
792.6341800345017 1.8228519410375523e-24 3.8352495192962995e-14 1.7308045698709473e-14 2.1044449494253525e-14
816.7743901432078 1.6489160446262905e-24 3.574950962589998e-14 1.6373613412268952e-14 1.9375896213631023e-14
841.6498066797607 1.4899648122226235e-24 3.3287169929161314e-14 1.5469983686369126e-14 1.7817186242792197e-14
867.2828208532309 1.3449349935139695e-24 3.096217568266865e-14 1.459824491558777e-14 1.636393076708087e-14
893.6965058121084 1.212809965834192e-24 2.877082066267303e-14 1.375924536916101e-14 1.5011575293512014e-14
920.9146374132232 1.0926191463326554e-24 2.670899922359949e-14 1.2953570987648564e-14 1.3755428235950923e-14
948.9617156232121 9.834356996821038e-25 2.4772172438153038e-14 1.2181522114337798e-14 1.2590650323815251e-14
977.8629865717667 8.843823388842907e-25 2.295553939437566e-14 1.1443174754249915e-14 1.1512364640125744e-14
1007.6444652765354 7.946331848998333e-25 2.125413597147753e-14 1.0738406982653048e-14 1.0515728988824485e-14
1038.332959060126 7.134125458317912e-25 1.9662865802788958e-14 1.0066911472693481e-14 9.595954330095474e-15
1069.95609168029 6.399953291985043e-25 1.8176580876398205e-14 9.428233122333299e-15 8.748347754064907e-15
1102.542328195006 5.737058696116829e-25 1.679012764777138e-14 8.82178810647876e-15 7.968339541292622e-15
1136.1210005848498 5.139155523552895e-25 1.549836131297293e-14 8.246865027186803e-15 7.251496285786127e-15
1170.7223341557005 4.60041209098157e-25 1.4296182146166963e-14 7.702639979765072e-15 6.5935421664018925e-15
1206.3774747455793 4.115443336493032e-25 1.3178600081622567e-14 7.188220582143807e-15 5.990379499478758e-15
1243.1185167600695 3.6792908985579295e-25 1.214076616908156e-14 6.702664387914267e-15 5.438101781167294e-15
1280.9785320615858 3.287388661050563e-25 1.1177954496554677e-14 6.244965919220287e-15 4.932988577334391e-15
1319.9915997384837 2.9355380140546948e-25 1.0285568696765882e-14 5.814066177555387e-15 4.471502519210496e-15
1360.1928367808064 2.619897696796528e-25 9.459196547088558e-15 5.4088869376590994e-15 4.050309609429456e-15
1401.618429690285 2.3369637914235936e-25 8.694632214433103e-15 5.028349748428778e-15 3.666282466004324e-15
1444.305667053031 2.083536050996477e-25 7.987843872481142e-15 4.671364083631034e-15 3.3164797888501077e-15
1488.2929731042755 1.8566943667805017e-25 7.334969023038607e-15 4.336823597138932e-15 2.9981454258996797e-15
1533.6199423153234 1.653784788380053e-25 6.7323420524659986e-15 4.023635542400884e-15 2.708706510065117e-15
1580.327375033885 1.4723995436368703e-25 6.176496083936363e-15 3.7307342082175654e-15 2.4457618757188e-15
1628.457314209858 1.3103558482134722e-25 5.664154141547274e-15 3.457072804271748e-15 2.207081337275526e-15
1678.0530832396191 1.1656744113937795e-25 5.192211696793426e-15 3.2016160475937542e-15 1.990595649199673e-15
1729.1593249628888 1.0365656705686461e-25 4.7577461413443424e-15 2.9633571637607565e-15 1.794388977583586e-15
1781.8220418472597 9.21415765905282e-26 4.358021806923723e-15 2.741330703210214e-15 1.6166911037135085e-15
1836.0886373966016 8.187683906007718e-26 3.990470861841418e-15 2.534603177186623e-15 1.4558676846547958e-15
1892.007958820556 7.273102918391486e-26 3.65268419216658e-15 2.342269130704803e-15 1.3104150614617778e-15
1949.6303410035755 6.458586244243401e-26 3.34240576131473e-15 2.163456561737453e-15 1.178949199577277e-15
2009.0076518130663 5.733514359389546e-26 3.0575384587315837e-15 1.997338865768715e-15 1.0601995929628689e-15
2070.1933387874215 5.08834840740893e-26 2.7961288492162964e-15 1.8431267809422914e-15 9.530020682740052e-16
2133.242477245972 4.5145094565328634e-26 2.5563494607348093e-15 1.7000616359541326e-15 8.562878247806771e-16
2198.211819864143 4.004305269766358e-26 2.3365019643522557e-15 1.5674226506200566e-15 7.690793137321988e-16
2265.1598477584885 3.5508472778257184e-26 2.1350118086713366e-15 1.4445271040841626e-15 6.904847045871744e-16
2334.1468231275226 3.1479640853586714e-26 1.9504165464256196e-15 1.3307276991193435e-15 6.19688847306276e-16
2405.2348434957767 2.7901365521923645e-26 1.7813627981718682e-15 1.2254126047588173e-15 5.559501934130516e-16
2478.487897609897 2.472431820421848e-26 1.6265992211436406e-15 1.1280050330496006e-15 4.985941880940396e-16
2553.971923037092 2.1904354777708308e-26 1.4849643125462834e-15 1.0379594037711197e-15 4.470049087751639e-16
2631.7548655177807 1.9402057760492325e-26 1.3553849554348176e-15 9.547624296357968e-16 4.006225257990213e-16
2711.906740125872 1.7182262672089866e-26 1.2368713715357066e-15 8.779317656447475e-16 3.5893960589095893e-16
2794.4996942916955 1.521359267256856e-26 1.1285096673508179e-15 8.070142878827446e-16 3.2149537946807355e-16
2879.6080727443887 1.3468088230282e-26 1.0294583208868667e-15 7.41585872156296e-16 2.87872448730571e-16
2967.308484432098 1.1920844015478494e-26 9.389428013817225e-16 6.812497955153487e-16 2.576930058663739e-16
3057.6798714803062 1.0549660008714139e-26 8.562486719794943e-16 6.256342055158476e-16 2.306144664636466e-16
