Dust emission spectrum from A.P. Jones, M. Kohler, N. Ysard, M. Bocchio, and L. Verstraete (2017), A&A, 602A, 46J 
inside the DustPedia framework.

lambda    nu*dP/dnu     j_nu    j_nu(carb.) j_nu(sil)
 (um)   (erg s-1 H-1) (Jy cm2 sr-1 H-1)
0.9927057738263894 5.941204621694412e-25 1.5655411631850453e-17 1.5655411631841676e-17 8.777605053014346e-30
1.0001793341362166 6.038765867215473e-25 1.603228784160208e-17 1.60322878415915e-17 1.0577817126872285e-29
1.0077091589558085 6.136170143206005e-25 1.6413531466050566e-17 1.641353146603784e-17 1.2731187626087173e-29
1.0114953028030835 6.184801386425664e-25 1.660577162919061e-17 1.6605771629176653e-17 1.3960448390272625e-29
1.0152956718711033 6.233378989791725e-25 1.6799080093431412e-17 1.6799080093416106e-17 1.5303548002931436e-29
1.0229392996569957 6.33030631118308e-25 1.718873919402027e-17 1.71887391940019e-17 1.8372538902244455e-29
1.0267826658714554 6.378537822994176e-25 1.7384775889345784e-17 1.7384775889325662e-17 2.0121735646987213e-29
1.0306404723013447 6.426694321524726e-25 1.758183781392138e-17 1.7581837813899355e-17 2.203045099577811e-29
1.03451277320114 6.474771149733141e-25 1.7779916344939628e-17 1.7779916344915518e-17 2.4112536155774055e-29
1.0383996230291617 6.522763677390475e-25 1.7979002755237276e-17 1.797900275521089e-17 2.638297980954314e-29
1.0403485208654093 6.546726889116329e-25 1.807892115985278e-17 1.8078921159825177e-17 2.7593852502894276e-29
1.0423010764483396 6.570667301967918e-25 1.8179088215368797e-17 1.8179088215339945e-17 2.88579957498321e-29
1.0462171883269815 6.618477449504423e-25 1.838016379568221e-17 1.838016379565066e-17 3.1555116783876946e-29
1.0471985131304309 6.630414847378719e-25 1.8430586341222353e-17 1.843058634119009e-17 3.2266289248628e-29
1.048180758391296 6.64234604804003e-25 1.8481070063501927e-17 1.8481070063468943e-17 3.2992830990650893e-29
1.0501480137395462 6.666189575454424e-25 1.8582220468396463e-17 1.8582220468361978e-17 3.4493295317981253e-29
1.0521189612883777 6.690007468411414e-25 1.8683613866901552e-17 1.8683613866865483e-17 3.605911829711508e-29
1.0531058218030118 6.70188820702616e-25 1.8734349840442024e-17 1.8734349840405157e-17 3.6867433761985156e-29
1.0540936079674168 6.713701979853326e-25 1.878497718363117e-17 1.878497718359348e-17 3.769328796019848e-29
1.058054026499678 6.760887008956394e-25 1.898807573195614e-17 1.8988075731914965e-17 4.117767393863275e-29
1.0590464539527713 6.772665405189627e-25 1.9038996929304796e-17 1.9038996929262696e-17 4.209587996003442e-29
1.06003981227728 6.784436519263849e-25 1.908997645610849e-17 1.908997645606545e-17 4.3033702098451377e-29
1.0620293250338977 6.807956626500865e-25 1.919210990606008e-17 1.9192109906015105e-17 4.496979933846823e-29
1.0660195594769086 6.854906443729549e-25 1.9397070228439508e-17 1.9397070228390414e-17 4.909547643873477e-29
1.070024785945596 6.901732106086391e-25 1.9602947136395877e-17 1.9602947136342284e-17 5.358255942401575e-29
1.0740450607676866 6.94842929393162e-25 1.980973098411968e-17 1.980973098406122e-17 5.84610954290716e-29
1.07808044048254 6.994993723236833e-25 2.001741204477038e-17 2.0017412044706612e-17 6.376348591588932e-29
1.0861967418109137 7.087624466068223e-25 2.043518752574139e-17 2.0435187525665608e-17 7.578226437664506e-29
1.0902777775684922 7.133493926999101e-25 2.0644714871918984e-17 2.06447148718364e-17 8.257686503510228e-29
1.0943741465085532 7.179210591568664e-25 2.0855084348157712e-17 2.0855084348067755e-17 8.995210168597154e-29
1.1026131145906286 7.270169283873012e-25 2.1278308942096314e-17 2.127830894198968e-17 1.0663607386853958e-28
1.1109141095355224 7.360468451106188e-25 2.170477915617665e-17 2.17047791560504e-17 1.2625468497791472e-28
1.1192775983109025 7.44999216821813e-25 2.2134160813487064e-17 2.2134160813337757e-17 1.4929422656272986e-28
1.1277040513999907 7.538321622781488e-25 2.2565202562680136e-17 2.256520256250383e-17 1.763163274498768e-28
1.1361939428280308 7.625887336213348e-25 2.2999176574023783e-17 2.299917657381581e-17 2.079686506905439e-28
1.1447477501889525 7.712660164329088e-25 2.34359966681673e-17 2.3435996667922294e-17 2.449971959742332e-28
1.1533659546722406 7.798659416937061e-25 2.3875722080676224e-17 2.3875722080387966e-17 2.8826049062957566e-28
1.1707974979042381 7.968619119468665e-25 2.476476936802837e-17 2.4764769367630793e-17 3.975851119970671e-28
1.1884924949847024 8.135118688666886e-25 2.56643205014388e-17 2.5664320500893108e-17 5.456889130966567e-28
1.2064549276569216 8.29947517429165e-25 2.6578542695387663e-17 2.6578542694642313e-17 7.453480917603357e-28
1.2246888378427687 8.45987836577625e-25 2.75016855130907e-17 2.7501685512077527e-17 1.0131776327969377e-27
1.2431983285522175 8.615953037315696e-25 2.8432377305794436e-17 2.843237730442372e-17 1.3707123907762807e-27
1.2619875648066055 8.767642800234258e-25 2.9370230616402475e-17 2.9370230614556756e-17 1.8457211867463064e-27
1.3004222497298317 9.055334410555166e-25 3.1257793507569896e-17 3.125779350426949e-17 3.300417347027864e-27
1.3400274889804893 9.321844382398523e-25 3.315774514035747e-17 3.315774513456196e-17 5.795503599328293e-27
1.3808389325824078 9.566203572135963e-25 3.506324247718039e-17 3.5063242467181955e-17 9.99842683955885e-27
1.4228933163050095 9.789650096188985e-25 3.697506463664367e-17 3.6975064619688494e-17 1.695518275598736e-26
1.466228494730424 9.99767129344936e-25 3.891078049096614e-17 3.8910780462690034e-17 2.82761191179743e-26
1.5108834753276823 1.0186187780870157e-24 4.085188328298199e-17 4.0851883236586545e-17 4.639544734367478e-26
1.5568984535646726 1.0351910688968233e-24 4.278093152365805e-17 4.278093144868287e-17 7.497517631286413e-26
1.6043148490894465 1.0495183599156512e-24 4.46939847694402e-17 4.469398464989494e-17 1.1954525721373071e-25
1.6531753430134553 1.0616485918094503e-24 4.6587471520325125e-17 4.658747133246404e-17 1.8786108941179588e-25
1.7035239163302658 1.0717328825300426e-24 4.8462322570513605e-17 4.846232227948188e-17 2.910317324298457e-25
1.755405889504358 1.0806276211832445e-24 5.035273305073834e-17 5.0352732606041255e-17 4.446970985130734e-25
1.8088679632656115 1.0881249566458068e-24 5.224624363300981e-17 5.224624296255807e-17 6.704517271164831e-25
1.8639582606462262 1.0940854179623239e-24 5.413234560086435e-17 5.413234460310146e-17 9.977628964919933e-25
1.9207263702978936 1.0986153441283554e-24 5.601193710405673e-17 5.601193563778743e-17 1.466269318507288e-24
1.979223391128241 1.1019583764673125e-24 5.789345101307138e-17 5.789344888444013e-17 2.1286312638077978e-24
2.039501978296691 1.1044053147097271e-24 5.978910493010905e-17 5.978910187624468e-17 3.0538643873875184e-24
2.1016163906111602 1.1067649276135433e-24 6.174165521889256e-17 6.174165088728842e-17 4.3316041397733005e-24
2.1656225393682647 1.1095071412967525e-24 6.377967439634035e-17 6.377966831981165e-17 6.076528722001111e-24
2.231578038680979 1.1126679288898976e-24 6.590935811984537e-17 6.590934968621954e-17 8.43362580319345e-24
2.299542257339062 1.1165295546427472e-24 6.815238383330951e-17 6.81523722490652e-17 1.1584244324881075e-23
2.369576372248914 1.1217131673927342e-24 7.055405214064455e-17 7.05540363875128e-17 1.575313175324554e-23
2.4417434235010123 1.1289519758151217e-24 7.317200033797598e-17 7.317197912243163e-17 2.1215544343502388e-23
2.5161083711144245 1.1394998503604766e-24 7.610497509557519e-17 7.61049467893383e-17 2.8306236887071314e-23
2.5927381535095444 1.1554079388316515e-24 7.951763207875319e-17 7.951759465038945e-17 3.7428363735275516e-23
2.6717017477616296 1.1791261436438963e-24 8.362144659549694e-17 8.362139753459904e-17 4.9060897911152064e-23
2.753070231689431 1.214341836781866e-24 8.874168715596269e-17 8.874162338729123e-17 6.376867149077152e-23
2.836916847834745 1.2694063621303083e-24 9.55909351276964e-17 9.559085291246916e-17 8.221522723711621e-23
2.9233170693905177 1.3627111244317827e-24 1.0574239843070187e-16 1.0574229327219829e-16 1.0515850355262028e-22
2.967498994190263 1.441857580733466e-24 1.1357490405471066e-16 1.135747856340781e-16 1.1842063255574356e-22
3.0123486681368425 1.5342817881916312e-24 1.226817045524179e-16 1.226815713674161e-16 1.3318500180987234e-22
3.0578761833420214 1.7408444814897725e-24 1.4130232393391289e-16 1.4130217429608472e-16 1.4963782820238322e-22
3.1040917844459814 2.00703933201914e-24 1.6537119735157088e-16 1.6537102951760645e-16 1.678339644234253e-22
3.127460860933648 2.28848713230681e-24 1.8998083459949969e-16 1.8998065690558164e-16 1.776939181184065e-22
3.1510058709225794 2.6634855703162828e-24 2.2277630361263296e-16 2.2277611555387453e-16 1.8805875842771877e-22
3.162844764501044 3.0124478162446047e-24 2.5291048963886235e-16 2.5291029618206463e-16 1.934567977888862e-22
3.1747281389236908 3.418302857337245e-24 2.880623586891966e-16 2.880621597006894e-16 1.9898850727127152e-22
3.1986289994194426 4.550431253913773e-24 3.863543985851878e-16 3.863541880939588e-16 2.104912290019194e-22
3.2227097969389145 7.218875429727903e-24 6.175330133773935e-16 6.175327905995461e-16 2.2277784748042816e-22
3.2348180950136065 9.749375141237615e-24 8.371361155452013e-16 8.371358861824373e-16 2.2936276421042282e-22
3.240889293275058 1.164120374584694e-23 1.0014551851181824e-15 1.0014549522793953e-15 2.328387870285938e-22
3.2469718861334385 1.382972871472584e-23 1.1919598377135618e-15 1.1919596012760878e-15 2.3643747398292597e-22
3.2714166318528037 2.5503800528551462e-23 2.2146759696051415e-15 2.214675718213744e-15 2.5139139800992034e-22
3.2744851364798273 2.6233501135344406e-23 2.280177794989914e-15 2.280177541816237e-15 2.531736780039582e-22
3.2775565192852394 2.698415980885886e-23 2.3476239033240123e-15 2.347623648357035e-15 2.5496697729100036e-22
3.283707930232385 2.626197481579623e-23 2.289081921063521e-15 2.2890816628520807e-15 2.5821143988414493e-22
3.2898708863219004 2.3972178288213448e-23 2.0934171903348676e-15 2.093416929135855e-15 2.611990122703359e-22
3.29141343181113 2.3432194186251917e-23 2.0472214718464014e-15 2.0472212098960947e-15 2.6195030690056608e-22
3.292184975758714 2.3166866154611538e-23 2.0245147779265376e-15 2.024514515599921e-15 2.623266165588484e-22
3.295272960557952 2.1492089700713862e-23 1.8799204504108813e-15 1.879920186614108e-15 2.637967730364523e-22
3.3076538914384823 1.5690397443804348e-23 1.3776009603878703e-15 1.3776006906655107e-15 2.697223590362647e-22
3.310756385682612 1.4509660834895894e-23 1.275128402113445e-15 1.2751281308930115e-15 2.7122043304909927e-22
3.313861789986515 1.342026716659993e-23 1.1804972678238985e-15 1.1804969950986775e-15 2.727252211276522e-22
3.3200813396944477 1.1892499471684875e-23 1.048072431853131e-15 1.048072155905932e-15 2.7594719935040723e-22
3.345076488085796 9.167029757979728e-24 8.139619938524679e-16 8.139617035706804e-16 2.902817877888763e-22
3.3482140837626964 9.269196861665227e-24 8.238056341209678e-16 8.238053418967791e-16 2.9222418858744237e-22
3.3513546224236106 9.37249333559917e-24 8.337674920625202e-16 8.33767197884763e-16 2.941777570991656e-22
3.3576445397418455 1.0127516047936598e-23 9.026244436513311e-16 9.02624145393448e-16 2.982578829412692e-22
3.3702598118196083 1.291246450909728e-23 1.1551595040671889e-15 1.1551591972403833e-15 3.068268058732451e-22
3.382922481734668 1.354653608977571e-23 1.2164373253277543e-15 1.2164370100993821e-15 3.1522837258111333e-22
3.389271646505754 1.387502526182636e-23 1.2482730492891767e-15 1.2482727297859479e-15 3.195032286631201e-22
3.395632727569191 1.422895792152948e-23 1.2825173199781112e-15 1.2825169960673011e-15 3.239108096936891e-22
3.421196662673239 1.5928277457300698e-23 1.4464928287375629e-15 1.4464924864845022e-15 3.422530600110151e-22
3.4276182099114902 1.5585547050919762e-23 1.4180251223289446e-15 1.4180247759011667e-15 3.4642777768577643e-22
3.4340518103208963 1.408420724156548e-23 1.2838334385783533e-15 1.283833088163256e-15 3.504150976775255e-22
3.4469541582030403 1.1946088027861113e-23 1.0930263992699378e-15 1.0930260411204888e-15 3.5814944900269428e-22
3.472904465399547 1.1346787634173128e-23 1.0460084584262963e-15 1.0460080825417244e-15 3.7588457176860927e-22
3.4990501388274233 1.0430251974291482e-23 9.687559857684005e-16 9.687555915240059e-16 3.9424439411249004e-22
3.5253949054701885 7.168833925298302e-24 6.70850465049532e-16 6.708500526541028e-16 4.1239542943713206e-22
3.5519380250092896 4.103900988061799e-24 3.8692936165459653e-16 3.869289307460151e-16 4.309085812293211e-22
3.578680990867387 2.888785799472338e-24 2.7441494506410013e-16 2.7441449378179917e-16 4.512823008945249e-22
3.605625307711299 2.3973678189093628e-24 2.294482225314582e-16 2.2944774959748567e-16 4.729339724482824e-22
3.660119384959845 2.038991282121192e-24 1.9809798284823232e-16 1.9809746360849777e-16 5.192397345271507e-22
3.715437065384467 1.785355465119121e-24 1.7607757148704842e-16 1.7607700221113774e-16 5.692759105967795e-22
3.8285932144167436 1.6569586890391372e-24 1.683915673026364e-16 1.6839088606080105e-16 6.812418353108015e-22
3.94519561050918 1.6327221089867728e-24 1.7098194298106468e-16 1.7098113260621764e-16 8.1037484701053e-22
4.06534921144712 1.6513085131424573e-24 1.781949984346251e-16 1.781940396894818e-16 9.587451433278506e-22
4.189162171576248 1.694738626175736e-24 1.8845138524285308e-16 1.884502561286764e-16 1.1291141766563524e-21
4.316745939156006 1.756318093982183e-24 2.0124685296483734e-16 2.0124552901445522e-16 1.323950382051392e-21
4.448215356677963 1.8338062814648244e-24 2.1652532251594632e-16 2.1652377807374603e-16 1.544442200270783e-21
4.58368876423945 1.9274845705877055e-24 2.345176125664841e-16 2.3451581797912367e-16 1.794587360475232e-21
4.723288106065518 2.0395007136749424e-24 2.557041235862887e-16 2.557020435182571e-16 2.0800680317262665e-21
4.867139040275056 2.1741437353935064e-24 2.808868698795853e-16 2.808844689912592e-16 2.4008883260637033e-21
4.940699165968905 2.255319727310971e-24 2.9577806450792213e-16 2.957754875391801e-16 2.5769687420323312e-21
5.015371051989984 2.3394074329484325e-24 3.1144285178979604e-16 3.114400876591362e-16 2.7641306597200467e-21
5.091171501069577 2.441922152797715e-24 3.3000382575839035e-16 3.3000085982770926e-16 2.9659306812763227e-21
5.129500256944802 2.4945465758705444e-24 3.396535092785202e-16 3.3965043774432356e-16 3.0715341966311833e-21
5.168117569889187 2.5494078651631697e-24 3.497366447550412e-16 3.4973346382966675e-16 3.1809253744208146e-21
5.20702561229733 2.616675121777154e-24 3.6166705707735683e-16 3.6166375870350105e-16 3.2983738557111954e-21
5.246226572918644 2.685663125044347e-24 3.739969083731603e-16 3.739934887282446e-16 3.419644915678706e-21
5.265937586045735 2.720819600166579e-24 3.803162550342804e-16 3.803127732835943e-16 3.481750686003001e-21
5.285722656980489 2.7564271928225666e-24 3.867411021836408e-16 3.867375573269064e-16 3.54485673432525e-21
5.305582063971359 2.792493197202163e-24 3.9327341844874635e-16 3.9326980947027257e-16 3.608978473891265e-21
5.3255160863122235 2.831231086242527e-24 4.002270631025781e-16 4.00223388708319e-16 3.6743942588735e-21
5.365609099470188 2.927639635128224e-24 4.1697122065563825e-16 4.169674101915378e-16 3.810464100707998e-21
5.406003951863644 3.0277180790343584e-24 4.344714326273534e-16 4.3446748157894553e-16 3.951048407802259e-21
5.446702915881641 3.1316437020470644e-24 4.52767729963228e-16 4.527636336709139e-16 4.09629231415932e-21
5.487708281020852 3.243924869093306e-24 4.725320137780545e-16 4.725277670849792e-16 4.246693075126332e-21
5.529022354014368 3.399866817612345e-24 4.989760304265479e-16 4.989716252592778e-16 4.405167270439101e-21
5.570647458961463 3.564992138562576e-24 5.271493609158813e-16 5.271447918851946e-16 4.56903068699978e-21
5.612585937458331 3.7399616157264266e-24 5.571852123651887e-16 5.571804739009309e-16 4.738464257819634e-21
5.654840148729818 3.932271222883711e-24 5.902462422661981e-16 5.902413281308171e-16 4.914135381056737e-21
5.67608639626678 4.0631882636944075e-24 6.1218879407661525e-16 6.121837877731438e-16 5.006303471179728e-21
5.686739436050992 4.130667429541906e-24 6.23523739115595e-16 6.23518686128796e-16 5.052986799009784e-21
5.6974124697621304 4.199536662892408e-24 6.351092995550628e-16 6.351041994807993e-16 5.10007426354407e-21
5.718818669136295 4.3415792012590735e-24 6.590577742880192e-16 6.590525788123736e-16 5.195475645640655e-21
5.740305295436557 4.498140430284203e-24 6.85389479129289e-16 6.853841861161379e-16 5.2930131510904944e-21
5.7835210386641895 4.904213385380453e-24 7.528892759335817e-16 7.528837789198429e-16 5.49701373853367e-21
5.827062130521658 5.371951034425175e-24 8.30904530938206e-16 8.308988214074388e-16 5.709530766922019e-21
5.8489554468988025 5.7000344468196415e-24 8.849632305635978e-16 8.849574068779012e-16 5.823685696466647e-21
5.870931020387893 6.052083468507648e-24 9.431511960569613e-16 9.431452560369825e-16 5.940019978805914e-21
5.892989160043636 6.430026571666474e-24 1.0058143858250535e-15 1.0058083272486693e-15 6.058576384153293e-21
5.915130176081913 6.859837768120206e-24 1.077079065190538e-15 1.077072883549799e-15 6.1816407388019676e-21
5.95966208400165 8.061510541743613e-24 1.2752857149703282e-15 1.275279260116334e-15 6.454853994249709e-21
6.004529249263818 9.793398482670996e-24 1.5609242351255927e-15 1.5609174743477629e-15 6.760777829760303e-21
6.027089341400364 1.0997243956246316e-23 1.7593851480761651e-15 1.7593782137724399e-15 6.934303724737044e-21
6.049734195844842 1.2419801237856774e-23 1.994437229216565e-15 1.9944301109633872e-15 7.118253178202205e-21
6.095279466722835 1.652892134546969e-23 2.674284263412262e-15 2.6742767057740776e-15 7.557638184580841e-21
6.141167624020661 2.2852526071986774e-23 3.725242918489345e-15 3.725234805117216e-15 8.11337212874486e-21
6.164241091010745 2.6890926427867683e-23 4.400021653124278e-15 4.4000131992874106e-15 8.453836870160237e-21
6.187401249150058 3.149105558125861e-23 5.172076407923727e-15 5.172067599013925e-15 8.808909802694478e-21
6.1990139391386085 3.3737285870582056e-23 5.551395730772932e-15 5.551386740180584e-15 8.990592347568755e-21
6.204828454712694 3.492049665284078e-23 5.7514801315884386e-15 5.751471048645989e-15 9.082942448150309e-21
6.210648424152782 3.5784310821876176e-23 5.899280351853905e-15 5.899271187806614e-15 9.164047292203412e-21
6.233982942956859 3.871921055261041e-23 6.407100504648465e-15 6.407091046136795e-15 9.45851166650662e-21
6.239830258556775 3.9094481343295957e-23 6.4752667601099725e-15 6.475257252474842e-15 9.507635130181587e-21
6.245683058788269 3.912720377922353e-23 6.4867653344930854e-15 6.486755777483651e-15 9.55700943637854e-21
6.257405133728602 3.904699532721951e-23 6.485617437366483e-15 6.485607788979354e-15 9.648387130246251e-21
6.269149208991335 3.8470318561487573e-23 6.401825352550724e-15 6.401815647270352e-15 9.705280372825816e-21
6.280915325867298 3.702354638659667e-23 6.172632029015934e-15 6.172622309920077e-15 9.719095856387153e-21
6.304513850009849 3.345548429774164e-23 5.598714958075779e-15 5.598705250608372e-15 9.707467405810082e-21
6.32820103803542 2.903262254465352e-23 4.8768114897823495e-15 4.876801836431614e-15 9.653350736537083e-21
6.3519772230701035 2.4976523027462793e-23 4.2112434203686374e-15 4.21123380805283e-15 9.612315806471124e-21
6.375842739491607 2.1564112331219642e-23 3.649544093683349e-15 3.649534508402652e-15 9.585280696435989e-21
6.399797922933955 1.8829419150121366e-23 3.1986934223499374e-15 3.1986838130635566e-15 9.609286381641872e-21
6.42384311029221 1.6555743994732368e-23 2.823014188029107e-15 2.8230045436559493e-15 9.644373157196511e-21
6.447978639727206 1.4899094168461295e-23 2.55007461615566e-15 2.550064895057808e-15 9.721097851691211e-21
6.472204850670314 1.3519071414141675e-23 2.322568597656667e-15 2.3225587903269507e-15 9.807329716586715e-21
6.496522083828205 1.2622452369025761e-23 2.1766775233436798e-15 2.1766675946695315e-15 9.92867414912275e-21
6.520930681187647 1.1867232416694943e-23 2.0541325505695864e-15 2.0541224934499533e-15 1.0057119633641561e-20
6.57002334288761 1.109551018675514e-23 1.935011819419887e-15 1.9350014512895788e-15 1.0368130308130427e-20
6.619489833774732 1.1016939517125218e-23 1.9357751825915072e-15 1.935764452082097e-15 1.0730509410240979e-20
6.6693287637831435 1.1314505036398344e-23 2.0030284580451782e-15 2.003017335010421e-15 1.1123034757337898e-20
6.719538636694507 1.1694288141386463e-23 2.0858481037167396e-15 2.0858365817368542e-15 1.152197988618653e-20
6.770126513364129 1.2643413541475573e-23 2.272116317108021e-15 2.272104361332483e-15 1.1955775537194623e-20
6.8210952395837445 1.4077676577563782e-23 2.5489101687954352e-15 2.548897733297872e-15 1.2435497563347205e-20
6.872447682569556 1.5884121168677098e-23 2.8976375888691635e-15 2.8976246263635266e-15 1.296250563686322e-20
6.924186731123532 1.8169955480495072e-23 3.3395816621992186e-15 3.3395681254205345e-15 1.3536778684116294e-20
6.976315295795916 2.002851384504036e-23 3.708892608223686e-15 3.7088784743448304e-15 1.4133878856215196e-20
7.028836309048954 2.0301518805305513e-23 3.787750743929764e-15 3.7877360187988664e-15 1.4725130899191225e-20
7.081752725421856 1.9499104611367383e-23 3.6654294143720275e-15 3.6654140904239565e-15 1.532394807166626e-20
7.135067521697011 1.8965105855887503e-23 3.591888043052853e-15 3.591872059881574e-15 1.598317127872912e-20
7.1887836970674375 1.9403154845961734e-23 3.702518173984936e-15 3.702501436875117e-15 1.6737109818938414e-20
7.242904273305506 2.0965653830745846e-23 4.030793867580887e-15 4.030776257351906e-15 1.761022898168051e-20
7.297432294932914 2.3440676202603342e-23 4.54056234456167e-15 4.5405437097532486e-15 1.8634808422267302e-20
7.352370829391971 2.6271348019728207e-23 5.12718743161758e-15 5.127167558092888e-15 1.9873524691293128e-20
7.379995003818881 2.803420630532402e-23 5.491788026511271e-15 5.491767439663387e-15 2.0586847882824457e-20
7.407722967218148 2.9979098203676635e-23 5.894849614282481e-15 5.8948282752373035e-15 2.1339045177414814e-20
7.463496598684601 3.491743961120514e-23 6.9175795644979326e-15 6.917556520108621e-15 2.3044389313432705e-20
7.519690156487492 4.13156128784105e-23 8.246764233443035e-15 8.246739171418854e-15 2.5062024180456274e-20
7.533803324048627 4.317768237076078e-23 8.63461620543479e-15 8.6345905718557e-15 2.5633579090629867e-20
7.547942979602549 4.5123897107750014e-23 9.040753828834423e-15 9.040727609765707e-15 2.6219068716237404e-20
7.57630195363571 4.922806771616675e-23 9.90009808832526e-15 9.900070650759271e-15 2.7437565987175943e-20
7.590521371821866 5.130321796596266e-23 1.0336788904389343e-14 1.033676082659245e-14 2.8077796893129404e-20
7.604767477414989 5.346590686792597e-23 1.079275479489553e-14 1.0792726061007272e-14 2.873388825425491e-20
7.633339951266878 5.78155811846478e-23 1.1714639621302202e-14 1.1714609554951422e-14 3.0066350777829096e-20
7.662019777021956 6.120285251215466e-23 1.2447563936366729e-14 1.2447532630448938e-14 3.130591779482889e-20
7.690807358020558 6.353079132513201e-23 1.2969571598696837e-14 1.2969539194899888e-14 3.240379695284998e-20
7.719703099118437 6.472418914951893e-23 1.3262843623444496e-14 1.3262810281287909e-14 3.334215658661161e-20
7.748707406692464 6.454069304589395e-23 1.3274932448156508e-14 1.3274898272646672e-14 3.4175509837552914e-20
7.777823177463063 6.329907701030178e-23 1.3068473937197635e-14 1.3068438598492015e-14 3.5338705616541344e-20
7.807048350752435 6.13959293096059e-23 1.272318609710476e-14 1.2723149518353967e-14 3.657875079775632e-20
7.836380830085272 5.876376175539264e-23 1.2223471264952679e-14 1.2223433501432214e-14 3.776352046323631e-20
7.851088371676256 5.693742124180121e-23 1.1865801870761862e-14 1.1865763608757224e-14 3.826200463677125e-20
7.86582351679805 5.500184504672548e-23 1.1483939326791604e-14 1.1483900596374957e-14 3.8730416649629436e-20
7.89537682495964 5.073037347473559e-23 1.0631887075225221e-14 1.063184752432862e-14 3.9550896601265165e-20
7.9250411701946435 4.6120036666510936e-23 9.701985114879157e-15 9.701944717867044e-15 4.0397012106711273e-20
7.939915112024199 4.367276128844173e-23 9.20440975804597e-15 9.204368917561803e-15 4.0840484164772735e-20
7.954816969689239 4.1358842708950504e-23 8.733091340717224e-15 8.73305003344053e-15 4.1307276692973935e-20
7.9847046421970465 3.709149760601302e-23 7.861450022413092e-15 7.861407694180106e-15 4.232823298735667e-20
8.044817289139356 2.9894256690931264e-23 6.383713348237859e-15 6.3836685222990074e-15 4.4825938850668586e-20
8.07504310897143 2.7220503303958794e-23 5.83459121214762e-15 5.834544843489589e-15 4.6368658025755553e-20
8.105382492623747 2.48552549191457e-23 5.3476277557841775e-15 5.3475797101207045e-15 4.8045663472155105e-20
8.135835866775926 2.2978839463892804e-23 4.9624906625995844e-15 4.962440796726945e-15 4.9865872638239586e-20
8.166403659710703 2.156250405844885e-23 4.674115826713595e-15 4.674063957476176e-15 5.1869237420349754e-20
8.197086301319933 2.0513159938488073e-23 4.463355783171628e-15 4.4633017468867804e-15 5.403628484742096e-20
8.227884223110665 1.9592601896928962e-23 4.279073232947805e-15 4.279016886392345e-15 5.63465554614404e-20
8.258797858211198 1.9065504863311257e-23 4.179598644025987e-15 4.179539333073951e-15 5.931095203508256e-20
8.289827641377162 1.8909872782392826e-23 4.161055813267151e-15 4.160991143531804e-15 6.466973534726596e-20
8.320974008997652 1.9063195468169176e-23 4.2105545625325485e-15 4.210483447473119e-15 7.111505942969644e-20
8.35223739910135 1.9345684278362256e-23 4.289003087014414e-15 4.288924876774273e-15 7.821024014009251e-20
8.383618251362687 2.0225770155671476e-23 4.500968723934688e-15 4.500883090268617e-15 8.563366607063265e-20
8.415117007108037 2.149144674671863e-23 4.800596940655293e-15 4.800503184907587e-15 9.375574770660237e-20
8.446734109321913 2.3185070018152193e-23 5.198363783094294e-15 5.198261485369614e-15 1.0229772467837386e-19
8.478470002653195 2.5345168284322082e-23 5.70403392910478e-15 5.7039226592962e-15 1.1126980858023918e-19
8.542299949622933 3.0059051271937393e-23 6.815842075634839e-15 6.815711518756263e-15 1.3055687857636684e-19
8.558332380220154 3.1055871867897854e-23 7.055085940939802e-15 7.054950369576317e-15 1.3557136348871625e-19
8.574394900937412 3.168329277586915e-23 7.211128340748382e-15 7.210987784577486e-15 1.4055617089357423e-19
8.606610438733982 3.168977889962128e-23 7.239703632352624e-15 7.23955328953957e-15 1.503428130532711e-19
8.622764948673899 3.1189087948435915e-23 7.138692181991652e-15 7.138536939801051e-15 1.5524219060503102e-19
8.638949780445296 3.010002285845195e-23 6.902353661827352e-15 6.902193671869856e-15 1.5998995749598863e-19
8.655163606183647 2.8992948585780153e-23 6.660964208845448e-15 6.660799335551748e-15 1.6487329369993332e-19
8.671407862489573 2.767418772499157e-23 6.369919288452909e-15 6.369749494092298e-15 1.6979436060951466e-19
8.703987895363145 2.454329674454998e-23 5.670490272308459e-15 5.670310541732399e-15 1.7973057606188206e-19
8.736690337257128 2.1755629049497715e-23 5.045311919583161e-15 5.045121622712829e-15 1.9029687033123087e-19
8.802464289484785 1.7024545010688984e-23 3.977857479114783e-15 3.97764413031417e-15 2.1334880061377103e-19
8.868733419248175 1.3860170053231584e-23 3.26286866108616e-15 3.2626272088895584e-15 2.414521966010289e-19
8.935501454478851 1.1749695118510729e-23 2.786858770572219e-15 2.7865794583162944e-15 2.7931225592420434e-19
9.002772151174003 1.032401522260388e-23 2.4671430307873648e-15 2.466821831020875e-15 3.2119976649025163e-19
9.07054929360775 9.331524857364433e-24 2.2467545928405702e-15 2.246388296574428e-15 3.662962661420426e-19
9.13883669454403 8.607290788917013e-24 2.0879823601014215e-15 2.08756749661612e-15 4.1486348530036027e-19
9.207638195451068 8.10903146287711e-24 1.9819224829455747e-15 1.981456767442088e-15 4.657155034870725e-19
9.276957666717493 7.667226101553949e-24 1.888049074460404e-15 1.8875265313755864e-15 5.225430848169687e-19
9.346799007870057 7.375577008209295e-24 1.8299041356488938e-15 1.82932325382073e-15 5.80881828163679e-19
9.417166147792997 7.111641069245323e-24 1.7777041862427e-15 1.777059908639234e-15 6.442776034658646e-19
9.488063044949055 6.938923012583429e-24 1.7475880399021917e-15 1.7468902180397e-15 6.978218624915321e-19
9.559493687602165 6.781148893709644e-24 1.7207096888072932e-15 1.7199535198766384e-15 7.561689306546775e-19
9.631462094041797 6.68735386156992e-24 1.709684432752469e-15 1.708868218600253e-15 8.162141522168849e-19
9.703972312809022 6.60238111491553e-24 1.700668123810403e-15 1.6997885685874905e-15 8.795552229125024e-19
9.777099908821425 6.5692756287192895e-24 1.704892382043259e-15 1.7039636960543247e-15 9.286859889345518e-19
9.924867353363874 6.564762788131027e-24 1.729470593427871e-15 1.7284470696947002e-15 1.0235237331713909e-18
10.074868099996943 6.676874145204382e-24 1.785591016424543e-15 1.7844981168694233e-15 1.0928995551190924e-18
10.150790707826552 6.768966260377057e-24 1.8238606600580695e-15 1.822741573811779e-15 1.1190862462908105e-18
10.22721067892732 6.931206350375485e-24 1.8816353521708943e-15 1.8804904341023475e-15 1.144918068545831e-18
10.304205975847633 7.10835151937041e-24 1.9442533713644187e-15 1.9430822893265834e-15 1.1710820378352605e-18
10.381780929913377 7.388826575546744e-24 2.0361828102328313e-15 2.0349954898562445e-15 1.1873203765865897e-18
10.459939905058707 7.700382172373084e-24 2.1380157606346e-15 2.1368121405552442e-15 1.2036200793558015e-18
10.538687298071551 8.186813480515034e-24 2.2901864850209345e-15 2.288971639630092e-15 1.214845390842504e-18
10.618027538840941 8.735887438053614e-24 2.4621828952684127e-15 2.4609577000653974e-15 1.2251952030153789e-18
10.697971937068667 9.555254045633204e-24 2.7133956567612123e-15 2.7121721651349047e-15 1.2234916263079926e-18
10.778518246224262 1.0710279584733855e-23 3.0642860370176083e-15 3.063065802449102e-15 1.2202345685054608e-18
10.859664048220797 1.243306626325333e-23 3.58396757265195e-15 3.582751818732997e-15 1.2157539189532291e-18
10.941420754335242 1.5051865975287652e-23 4.371530319929959e-15 4.370320031094667e-15 1.210288835291459e-18
10.961955922839442 1.5969753689275214e-23 4.6468184211622236e-15 4.645609749629671e-15 1.2086715325537522e-18
10.982529632329763 1.699815093665088e-23 4.955340456709126e-15 4.95413337656601e-15 1.2070801431164904e-18
11.023792963743814 1.9502029125334418e-23 5.706637447756234e-15 5.705433528715663e-15 1.2039190405696432e-18
11.065211328886559 2.2787815685124736e-23 6.69316981589825e-15 6.6919692099756075e-15 1.2006059226406885e-18
11.08597883104876 2.4896213461904624e-23 7.326166372856888e-15 7.32496744607648e-15 1.1989267804089446e-18
11.106785310247485 2.7252840343393954e-23 8.034698455961764e-15 8.033501262610562e-15 1.1971933511983886e-18
11.14851549250461 3.285851620896294e-23 9.723764293087883e-15 9.722570711603866e-15 1.193581484018338e-18
11.169441129330048 3.5877536089483335e-23 1.0637105985302224e-14 1.0635914131471763e-14 1.1918538304590299e-18
11.190406043337886 3.8577314163675133e-23 1.1459014422972401e-14 1.1457824493618879e-14 1.189929353523318e-18
11.21140851448765 4.120730257186524e-23 1.2263199599417426e-14 1.2262011923243635e-14 1.1876761737958042e-18
11.22192452720434 4.2590986678778724e-23 1.2686869651038088e-14 1.2685683082045237e-14 1.1865689928505136e-18
11.232450403670388 4.320303289007212e-23 1.288125502210535e-14 1.2880069313806113e-14 1.1857082992399805e-18
11.253533585369773 4.3770240122559546e-23 1.3074866812089111e-14 1.3073682688054902e-14 1.184124034213635e-18
11.274656339961506 4.396215429174373e-23 1.3156843606482759e-14 1.3155661018424382e-14 1.182588058375152e-18
11.285231677511122 4.405846472594534e-23 1.3198034881209526e-14 1.319685303179807e-14 1.1818494114505578e-18
11.295816934455262 4.356054950686683e-23 1.3061120255293046e-14 1.3059939447867923e-14 1.1808074251219853e-18
11.317017243752359 4.2254543158273744e-23 1.2693308089676409e-14 1.2692129543752666e-14 1.1785459237399984e-18
11.338257342390673 4.094852382203436e-23 1.2324065367050812e-14 1.2322889110566963e-14 1.1762564838516967e-18
11.359537305047965 3.953931077534734e-23 1.1922275954945718e-14 1.1921102259628759e-14 1.1736953169517913e-18
11.402217121831576 3.6375620810314924e-23 1.1009539492837081e-14 1.1008371948759297e-14 1.1675440777858222e-18
11.423617126015266 3.472713621008296e-23 1.0530331480405953e-14 1.0529167397619567e-14 1.1640827863846606e-18
11.445057294333186 3.3045385011098095e-23 1.0039179520489952e-14 1.0038019427319765e-14 1.1600931701869637e-18
11.488058425037956 2.9633256308139983e-23 9.036399982359855e-15 9.035249457345682e-15 1.150525014174207e-18
11.53122111869469 2.6602298838861176e-23 8.142615001105607e-15 8.14147389289552e-15 1.1411082100917763e-18
11.574545982324347 2.3908505296821713e-23 7.34557544318211e-15 7.344443603024064e-15 1.1318401580440913e-18
11.618033625228566 2.1538181770570424e-23 6.642187025976203e-15 6.641064902615053e-15 1.1221233611488277e-18
11.661684658998247 1.9576898041231163e-23 6.06002764843518e-15 6.058917697246134e-15 1.1099511890466214e-18
11.705499697522141 1.8081074219790632e-23 5.6180243863522264e-15 5.616927707124076e-15 1.0966792281506509e-18
11.749479356995494 1.692409472527596e-23 5.2782931053050165e-15 5.277211229667573e-15 1.081875637444772e-18
11.793624255928705 1.5937494894478308e-23 4.98926737907256e-15 4.9882007276299344e-15 1.0666514426271687e-18
11.83793501515603 1.5335833859155022e-23 4.8189539875274504e-15 4.817905046552439e-15 1.0489409750122154e-18
11.882412257844306 1.4826710962117228e-23 4.676477729144941e-15 4.675446818390475e-15 1.0309107544661368e-18
11.92705660950172 1.4590995775728284e-23 4.619422074294306e-15 4.6184115764312214e-15 1.0104978630867517e-18
11.971868697986617 1.4428815840793776e-23 4.585239959219303e-15 4.584250352668915e-15 9.896065503868057e-19
12.016849153516302 1.4546876527640136e-23 4.6401262293223304e-15 4.639160866499399e-15 9.65362822930197e-19
12.061998608675935 1.4720825829750044e-23 4.71325439796403e-15 4.712313542231319e-15 9.408557327111299e-19
12.152807060118223 1.5600092342456943e-23 5.0323774218170366e-15 5.031492079595368e-15 8.853422216688768e-19
12.198467333490619 1.6322827472343822e-23 5.285305445211929e-15 5.284451852258755e-15 8.535929531763801e-19
12.244299160690385 1.7130223647012397e-23 5.567579128320848e-15 5.56675745025793e-15 8.2167806291611e-19
12.290303186275983 1.8187737862294565e-23 5.9334968440970616e-15 5.932711530170211e-15 7.853139268507799e-19
12.3364800572276 1.9339841406267262e-23 6.333059997906738e-15 6.3323027548128075e-15 7.57243093931876e-19
12.382830422956244 2.066855056231984e-23 6.793590734701389e-15 6.792834532342571e-15 7.562023588169406e-19
12.429354935312874 2.206364926212254e-23 7.279396375810986e-15 7.278641080894538e-15 7.552949164488447e-19
12.476058240797144 2.3412807418743918e-23 7.753545135582986e-15 7.752790614601056e-15 7.545209819286225e-19
12.522937033967983 2.4784537054693573e-23 8.2386573594235e-15 8.237899811669849e-15 7.575477536466087e-19
12.569987951963114 2.5867653542470384e-23 8.63100424243945e-15 8.630228365530917e-15 7.758769085360171e-19
12.593579661530361 2.6242625534855173e-23 8.772551169669713e-15 8.77176610103505e-15 7.850686346651051e-19
12.617215648686605 2.6511875829237774e-23 8.879191364106663e-15 8.878397086242385e-15 7.942778642773757e-19
12.664620788327802 2.662101363790775e-23 8.949241159464505e-15 8.948428509522168e-15 8.126499423393571e-19
12.71220403757155 2.6276429373427466e-23 8.866590227487618e-15 8.865759166113644e-15 8.310613739746147e-19
12.736062662318053 2.5914105121067907e-23 8.760740903142369e-15 8.759900648495261e-15 8.402546471065174e-19
12.759966065607527 2.5443301599108477e-23 8.617720777985307e-15 8.616871319116492e-15 8.494588688170926e-19
12.807907544139693 2.4144921449369304e-23 8.208681662550063e-15 8.207813830085452e-15 8.67832464610128e-19
12.856029147395699 2.2696543498738436e-23 7.745260053104945e-15 7.744373609464157e-15 8.864436407843123e-19
12.904331552136407 2.1154632204991664e-23 7.246201807554215e-15 7.24529630669027e-15 9.055008639456604e-19
12.95281543766539 1.9579073652901023e-23 6.731715458098355e-15 6.730790519892001e-15 9.249382063549504e-19
13.00148148583848 1.814077223814556e-23 6.2606301103241636e-15 6.259685240058425e-15 9.448702657375503e-19
13.050330381073369 1.6827135648396983e-23 5.829095024523481e-15 5.8281297144408904e-15 9.65310082590131e-19
13.099362810359226 1.5637114481844842e-23 5.437211410533179e-15 5.4362251059670974e-15 9.863045660814296e-19
13.197981031955921 1.3645533751762764e-23 4.780435478414311e-15 4.779405264623643e-15 1.0302137906678494e-18
13.247568211189632 1.2839488901205093e-23 4.5149540384088855e-15 4.513900942656506e-15 1.053095752378874e-18
13.297341698339563 1.211131136956359e-23 4.2748947971879785e-15 4.273818229620897e-15 1.0765675670806191e-18
13.397450398986955 1.09367814289129e-23 3.8893866907604474e-15 3.888261321166397e-15 1.1253695940504726e-18
13.447787020368724 1.0465335372736405e-23 3.7357121569557926e-15 3.734561471843954e-15 1.1506851118382515e-18
13.498312765455129 1.0033553900504275e-23 3.595039843052146e-15 3.593863223188641e-15 1.176619863506465e-18
13.59993447169816 9.325145487235709e-24 3.3663701335870033e-15 3.3651398815724803e-15 1.2302520145229907e-18
13.702321234386334 8.77465100508365e-24 3.191489574769458e-15 3.1901984513848307e-15 1.2911233846274014e-18
13.805478813227746 8.348465480348381e-24 3.0593387150834737e-15 3.0579390260070897e-15 1.399689076383368e-18
13.90941301129231 7.971648347648482e-24 2.9432446842237037e-15 2.9417239871333012e-15 1.520697090403309e-18
13.96167316792965 7.838683042424938e-24 2.9050258711510654e-15 2.903426770163524e-15 1.5991009875411614e-18
14.014129675338197 7.725137053987467e-24 2.873702183387651e-15 2.872020664015529e-15 1.6815193721208482e-18
14.119634696140762 7.625871669485998e-24 2.858132684449293e-15 2.8562752937007784e-15 1.857390748514366e-18
14.225934008823913 7.55092434829747e-24 2.8513487671706043e-15 2.8493006022461677e-15 2.0481649244366665e-18
14.333033593193976 7.47752751777018e-24 2.8448906094494085e-15 2.8426320485752918e-15 2.2585608741172516e-18
14.44093947407611 7.393955280556265e-24 2.8342731355854567e-15 2.8317904744552112e-15 2.482661130246047e-18
14.54965772165321 7.314019874318908e-24 2.824739128711179e-15 2.8220092263463186e-15 2.7299023648599914e-18
14.659194451807393 7.237561866179755e-24 2.816254040679457e-15 2.813251291715733e-15 3.0027489637235266e-18
14.769555826464039 7.162249903633859e-24 2.8079303951616177e-15 2.804627787214811e-15 3.3026079468061843e-18
14.992777389284976 6.983405552151579e-24 2.779193527072783e-15 2.775224943540437e-15 3.9685835323470105e-18
15.21937263962189 6.819367385137772e-24 2.754928119460383e-15 2.7501550375669844e-15 4.7730818933999324e-18
15.449392566130673 6.62277058935333e-24 2.7159423878091255e-15 2.710205866415912e-15 5.736521393213789e-18
15.682888928090767 6.447920594970306e-24 2.6842019050407468e-15 2.676943107377933e-15 7.258797662813205e-18
15.919914267052077 6.251233258779613e-24 2.641653564552216e-15 2.6324842777916176e-15 9.16928676059807e-18
16.03976693895051 6.164584112575925e-24 2.6246492227472084e-15 2.6144109167475873e-15 1.0238305999621187e-17
16.1605219186579 6.150735241110349e-24 2.6384681064406048e-15 2.627040331657706e-15 1.1427774782898348e-17
16.22123989475974 6.152351589208319e-24 2.6490772703795633e-15 2.6370491810755533e-15 1.202808930401028e-17
16.282185999175777 6.15408635799514e-24 2.659780090832411e-15 2.6471190808718255e-15 1.266100996058631e-17
16.312744867225646 6.154998804702767e-24 2.6651671387039516e-15 2.6521768760592073e-15 1.2990262644744869e-17
16.343361089024967 6.15594167087989e-24 2.67057823528117e-15 2.6572498775692604e-15 1.3328357711908949e-17
16.404766024646595 6.157919858118742e-24 2.681473480132201e-15 2.6674414225776318e-15 1.4032057554569015e-17
16.466401669612416 6.160023480418576e-24 2.6924677228849876e-15 2.677693578308268e-15 1.4774144576719305e-17
16.497306278852424 6.161123192924084e-24 2.698002595050638e-15 2.6828423441321043e-15 1.516025091853407e-17
16.528268890738765 6.162255331838559e-24 2.703562985471088e-15 2.6880062151012566e-15 1.5556770369831797e-17
16.590368558098763 6.164618443906754e-24 2.714761418179445e-15 2.6983792083601365e-15 1.6382209819308957e-17
16.65270154503456 6.166637327366541e-24 2.7258536751523007e-15 2.708614915567958e-15 1.7238759584343312e-17
16.715268728169598 6.1667533347011704e-24 2.7361466674310018e-15 2.7180686232965443e-15 1.807804413445731e-17
16.778070987420957 6.1670200503600076e-24 2.746545645212286e-15 2.727586254516494e-15 1.895939069579288e-17
16.9043842704834 6.1680154696132346e-24 2.76766960233501e-15 2.7468125846037485e-15 2.085701773126223e-17
17.03164849990255 6.1696455994024175e-24 2.7892429003766805e-15 2.766292598349944e-15 2.2950302026736175e-17
17.159870834853997 6.1713940746052106e-24 2.8110380664112694e-15 2.7857964913613695e-15 2.524157504990048e-17
17.289058488411015 6.168668148196472e-24 2.830949902325537e-15 2.8033750189647225e-15 2.7574883360815213e-17
17.35401657858945 6.1675954401254894e-24 2.8410921471768354e-15 2.8122688984101996e-15 2.8823248766636417e-17
17.386587088641786 6.167132799954541e-24 2.8462108750510673e-15 2.816741891517134e-15 2.946898353393398e-17
17.419218727950305 6.16671978006032e-24 2.8513617525431455e-15 2.821232217478854e-15 3.0129535064289926e-17
17.48466585346766 6.166044130933053e-24 2.86176124974982e-15 2.830264766976372e-15 3.1496482773446743e-17
17.550358875560836 6.165571701512842e-24 2.872293313490772e-15 2.8393663494381193e-15 3.292696405265484e-17
17.682486308455736 6.164454428691565e-24 2.8933928898052205e-15 2.857515162241066e-15 3.5877727564155696e-17
17.81560845938729 6.156442616173602e-24 2.91138693206234e-15 2.8734539692901035e-15 3.7932962772237677e-17
17.882544892141226 6.1527007926195886e-24 2.9205493744558408e-15 2.881543296511634e-15 3.9006077944206955e-17
17.949732817065083 6.149112690032161e-24 2.9298128104921428e-15 2.8897120828339128e-15 4.010072765822926e-17
18.084866926577256 6.142264637992423e-24 2.948582437797017e-15 2.9062866968624256e-15 4.22957409345914e-17
18.221018389814958 6.136509493139461e-24 2.967997220513412e-15 2.9233864852084346e-15 4.4610735304975915e-17
18.496404071615608 6.136300155389736e-24 3.0127516454903954e-15 2.963236303134966e-15 4.9515342355429994e-17
18.635790038622734 6.151349505682079e-24 3.042899754699717e-15 2.9907211957501677e-15 5.217855894954956e-17
18.776226396166493 6.166352046143802e-24 3.0733078257746727e-15 3.0183212458592587e-15 5.498657991541303e-17
18.91772105982334 6.179451576638635e-24 3.103045787723636e-15 3.0451436966579243e-15 5.790209106571131e-17
19.203636446149176 6.206276826568694e-24 3.163618100343813e-15 3.099396745634582e-15 6.42213547092298e-17
19.4938730510763 6.230513729836917e-24 3.2239732071561533e-15 3.152780920618011e-15 7.119228653814297e-17
19.78849618389234 6.252992312742774e-24 3.284506451885905e-15 3.205615710894369e-15 7.889074099153737e-17
20.08757214094514 6.27291717249895e-24 3.3447713585578805e-15 3.2573929898917297e-15 8.737836866615054e-17
20.391466406516905 6.2912498999677454e-24 3.4052956825098528e-15 3.3085402268250394e-15 9.675545568481494e-17
20.699681925472166 6.3092272422697455e-24 3.466644239759602e-15 3.3596529906823824e-15 1.06991249077219e-16
21.012556099387844 6.326989097631303e-24 3.5289491873523986e-15 3.4109901525030263e-15 1.1795903484937196e-16
21.652507708764745 6.4002590670613446e-24 3.678537506425005e-15 3.5354756221896085e-15 1.4306188423539616e-16
21.979755641372343 6.441396128825337e-24 3.758134342837525e-15 3.6005635345832965e-15 1.575708082542272e-16
22.311949477282987 6.482186827085873e-24 3.839091780516512e-15 3.665538546256867e-15 1.7355323425964476e-16
22.64916396703608 6.522171014277902e-24 3.921153022330934e-15 3.7300056593879315e-15 1.9114736294300327e-16
22.991811201917592 6.562215750743012e-24 4.0049133349775885e-15 3.794375167367649e-15 2.1053816760993958e-16
23.339642165776596 6.6017926025074864e-24 4.090020672329879e-15 3.858146428882924e-15 2.318742434469558e-16
23.69273528050995 6.641840090022696e-24 4.177082475322358e-15 3.921729696286631e-15 2.5535277903572743e-16
24.414313559781952 6.745273891347455e-24 4.3713294615639854e-15 4.06181579110761e-15 3.095136704563755e-16
24.78366481022829 6.806661255497025e-24 4.477845424300438e-15 4.137006853078642e-15 3.4083857122179654e-16
25.15860378059443 6.873868460506513e-24 4.590470340671351e-15 4.2150862612180426e-15 3.753840794533095e-16
25.924826076583233 7.016524765245343e-24 4.828445646688937e-15 4.3732270753205244e-15 4.552185713684126e-16
26.714384190886577 7.176782620832864e-24 5.089139932108553e-15 4.537513182558652e-15 5.516267495499009e-16
27.527988831636016 7.35790455835836e-24 5.376480396427845e-15 4.708961339186011e-15 6.675190572418339e-16
28.366372352060132 7.567825899912228e-24 5.698287599950698e-15 4.89164643128062e-15 8.066411686700797e-16
29.2302894097004 7.813630135009829e-24 6.062550902473912e-15 5.089739776238188e-15 9.728111262357241e-16
30.12051764570424 8.094466978118544e-24 6.4717259730608575e-15 5.2996665104141246e-15 1.1720594626467315e-15
30.575747924857424 8.248236432559894e-24 6.694337805448953e-15 5.407619001895404e-15 1.2867188035535481e-15
31.037858384806153 8.411997971395382e-24 6.9304325253333005e-15 5.517689427979809e-15 1.4127430973534908e-15
31.983137356627505 8.778074735918185e-24 7.452290404395681e-15 5.75118125042431e-15 1.7011091539713695e-15
32.95720543894392 9.21008771993698e-24 8.057189513300467e-15 6.009739069160213e-15 2.0474504441402517e-15
33.960939423588975 9.702709367996525e-24 8.746658108378029e-15 6.28778795327807e-15 2.4588701550999578e-15
34.99524280568484 1.0246221140941404e-23 9.517922605513187e-15 6.576701692028107e-15 2.941220913485079e-15
36.06104659690874 1.0855664460701602e-23 1.039116333274549e-14 6.885391135361463e-15 3.5057721973840274e-15
37.159310163528254 1.1545179168672114e-23 1.138774551163712e-14 7.228415928534756e-15 4.159329583102359e-15
38.29102208995955 1.2312395869699563e-23 1.2514369175519886e-14 7.599577527860665e-15 4.91479164765922e-15
39.45720106862597 1.3142555807048995e-23 1.3764978513920215e-14 7.988560456407728e-15 5.776418057512484e-15
40.65889681691763 1.4047244790622726e-23 1.5160592500658193e-14 8.402674360335912e-15 6.757918140322281e-15
41.897191022077855 1.5033880620791358e-23 1.671958283326005e-14 8.851779466564675e-15 7.867803366695376e-15
43.173198314866475 1.6099194130809523e-23 1.8449635616845726e-14 9.332863974107283e-15 9.116771642738443e-15
44.48806727287728 1.7224487630279942e-23 2.034039038152677e-14 9.840896839374362e-15 1.0499493542152411e-14
45.8429814544115 1.8410960767493864e-23 2.2403647990693654e-14 1.0377728286050667e-14 1.2025919704642986e-14
47.23916046383907 1.964219853305785e-23 2.462984621119061e-14 1.0946041219136714e-14 1.3683804992053903e-14
48.67786104940597 2.0913835730202802e-23 2.702306539471561e-14 1.1544528100103097e-14 1.5478537294612508e-14
50.16037823447602 2.220169130070443e-23 2.9560807646593036e-14 1.2171763633552483e-14 1.7389044013040547e-14
51.68804648322576 2.3497867066007456e-23 3.2239477466092e-14 1.2825616841847772e-14 1.9413860624244215e-14
53.26224090184056 2.4772722462647015e-23 3.50237468144128e-14 1.3501602249126991e-14 2.1522144565285808e-14
54.884378476295105 2.6015502317089764e-23 3.7900976491688125e-14 1.4197150447629808e-14 2.3703826044058325e-14
56.55591934783037 2.72000040239069e-23 4.083348694988527e-14 1.4913403319828144e-14 2.5920083630057114e-14
58.27836812727644 2.831214543237264e-23 4.37975277014239e-14 1.5646405152532758e-14 2.815112254889115e-14
60.05327524940399 2.9395744017687066e-23 4.685873803023075e-14 1.6384977801701862e-14 3.047376022852887e-14
61.88223836852342 3.04513139784552e-23 5.0019746298985736e-14 1.712303619746544e-14 3.289671010152029e-14
62.81758386220369 3.0956529860442515e-23 5.161820913008354e-14 1.7493309616977158e-14 3.412489951310637e-14
63.7670670344103 3.1490609455421797e-23 5.330242171505237e-14 1.7864116762694408e-14 3.543830495235796e-14
65.70913619443517 3.258786522953534e-23 5.683961173649304e-14 1.860534820272086e-14 3.823426353377216e-14
67.71035238438829 3.355858622609779e-23 6.031539320558398e-14 1.933089351714044e-14 4.0984499688443535e-14
69.77251696707448 3.4359192074394106e-23 6.363510517528097e-14 2.003006860515576e-14 4.3605036570125194e-14
71.89748616702131 3.5014140534729846e-23 6.682309850814114e-14 2.0707385885091575e-14 4.611571262304954e-14
74.08717274132995 3.55217329960939e-23 6.985646427998594e-14 2.136377560897811e-14 4.8492688671007824e-14
76.34354770141287 3.588591746302345e-23 7.272200175432142e-14 2.1983466022075965e-14 5.073853573224545e-14
78.66864208716851 3.6109393811554456e-23 7.540346174011975e-14 2.2553856442254702e-14 5.2849605297865085e-14
81.06454879518883 3.62058646852033e-23 7.790751048079655e-14 2.307708738584439e-14 5.4830423094952175e-14
83.5334244626476 3.622226576697816e-23 8.031660297012073e-14 2.3554887880263144e-14 5.676171508985758e-14
86.07749140856238 3.610047971626263e-23 8.24844357245202e-14 2.3977723857874328e-14 5.850671186664586e-14
88.69903963417964 3.578388638684712e-23 8.425115376902157e-14 2.433739670093251e-14 5.991375706808904e-14
91.4004288842828 3.5315314054425515e-23 8.568025283384004e-14 2.46337683295943e-14 6.104648450424571e-14
94.18409077127889 3.470901818996487e-23 8.677393888870992e-14 2.4867375028952042e-14 6.190656385975788e-14
97.05253096397554 3.398423183589724e-23 8.754951737843194e-14 2.503505257622502e-14 6.251446480220689e-14
100.00833144301866 3.321445830743593e-23 8.817242564281872e-14 2.5136221119650575e-14 6.303620452316815e-14
103.05415282502196 3.2361514143411113e-23 8.852455735613699e-14 2.5169836229216056e-14 6.335472112692093e-14
106.19273675747671 3.149211911698295e-23 8.876998202227844e-14 2.5133429022163496e-14 6.363655300011494e-14
109.4269083866038 3.0561189376972697e-23 8.876950833633939e-14 2.5029947369729263e-14 6.373956096661013e-14
112.75957890036308 2.9515984437431955e-23 8.834462895782431e-14 2.4866935275934093e-14 6.34776936818902e-14
116.1937481489129 2.839630571788745e-23 8.758183445937564e-14 2.464326178774724e-14 6.293857267162844e-14
119.73250734487735 2.7179710194738747e-23 8.638261202342638e-14 2.435416002876509e-14 6.202845199466128e-14
123.37904184585196 2.5911050981115385e-23 8.485859855271368e-14 2.400613294138043e-14 6.085246561133324e-14
127.13663402165271 2.4581384236836883e-23 8.295574685102922e-14 2.3612377362232058e-14 5.934336948879716e-14
131.0086662088879 2.3228381101033952e-23 8.077712670039765e-14 2.317332734130123e-14 5.760379935909644e-14
134.99862375551584 2.1848203438144186e-23 7.829148041147207e-14 2.26834221029158e-14 5.560805830855625e-14
139.11009815812417 2.0470777325161327e-23 7.558966563929741e-14 2.2149111942751412e-14 5.344055369654599e-14
143.3467902947586 1.9120905440434418e-23 7.275550505159974e-14 2.158449081664151e-14 5.1171014234958224e-14
147.71251375620898 1.7810280124791756e-23 6.983248105948347e-14 2.09928502815041e-14 4.8839630777979396e-14
152.21119827875228 1.6630253941508778e-23 6.719159010212921e-14 2.0370991525896373e-14 4.682059857623282e-14
156.84689328144228 1.5562450564467395e-23 6.479229134637809e-14 1.9723169647397465e-14 4.506912169898061e-14
159.21741877681018 1.5038618772205362e-23 6.355766916861062e-14 1.939273168011929e-14 4.416493748849132e-14
161.62377151112827 1.45161922969361e-23 6.22769568355874e-14 1.9058988779776164e-14 4.3217968055811244e-14
166.54613279848823 1.3482043942334194e-23 5.960184780943829e-14 1.838337187347958e-14 4.121847593595872e-14
171.61840792845166 1.2501000015153338e-23 5.6947945080397e-14 1.7697138210870974e-14 3.9250806869526044e-14
176.84516262850022 1.1582311026857221e-23 5.4369813205018047e-14 1.7003363656577256e-14 3.7366449548440794e-14
179.5181642894721 1.1140291553039797e-23 5.308531375864868e-14 1.66553554798302e-14 3.6429958278818485e-14
182.2315681744764 1.0695590499460334e-23 5.173659139235881e-14 1.630733269726112e-14 3.542925869509774e-14
187.78155384880017 9.813329703653241e-24 4.8914627635070544e-14 1.5613139467536164e-14 3.330148816753438e-14
190.61961427604518 9.394973645520407e-24 4.753708922402501e-14 1.526755230783766e-14 3.226953691618734e-14
193.5005680909718 8.992935817974535e-24 4.6190554022414875e-14 1.4923405497702654e-14 3.126714852471222e-14
199.3937587803602 8.24355024534953e-24 4.3631011638297645e-14 1.4241003646451993e-14 2.939000799184565e-14
205.46643057848152 7.561711601137641e-24 4.124111695374118e-14 1.3567717318200592e-14 2.767339963554057e-14
211.72404970390772 6.960565843000665e-24 3.911867815915331e-14 1.2905192256885276e-14 2.6213485902268032e-14
218.17224885259444 6.399369749087123e-24 3.7060062318008256e-14 1.2256762520291685e-14 2.480329979771658e-14
224.8168322680627 5.854946196691073e-24 3.493986042547652e-14 1.1625597128012567e-14 2.3314263297463954e-14
231.66378096599615 5.341593127302594e-24 3.28472017258699e-14 1.1011320202580275e-14 2.1835881523289627e-14
238.71925811795668 4.856545382830247e-24 3.077402771633006e-14 1.0413080558621275e-14 2.0360947157708792e-14
245.98961459906556 4.404389455806317e-24 2.8758876736579025e-14 9.834082131502445e-15 1.8924794605076574e-14
249.71106150874405 4.185206890245461e-24 2.7741129870690806e-14 9.552936248153055e-15 1.8188193622537737e-14
253.4888082224776 3.970504075382022e-24 2.6716149726911025e-14 9.277724382259106e-15 1.7438425344651915e-14
261.20898134247824 3.5713742428900925e-24 2.476240946490096e-14 8.743124437083469e-15 1.6019285027817492e-14
269.1642775569489 3.223265874547444e-24 2.302941917586279e-14 8.226926866015179e-15 1.4802492309847613e-14
277.3618576987742 2.909391683180191e-24 2.1419945599947278e-14 7.731541712945476e-15 1.3688403887001803e-14
285.8091006888481 2.6013828939199267e-24 1.9735574199660337e-14 7.260084578828524e-15 1.2475489620831812e-14
294.5136101780917 2.3176523171064728e-24 1.8118535372861962e-14 6.8106472416224085e-15 1.1307888131239552e-14
303.4832213917586 2.0735393029243944e-24 1.670384263882111e-14 6.3808732130960535e-15 1.032296942572506e-14
312.7260081821858 1.856976050849259e-24 1.541486540692029e-14 5.971636751894576e-15 9.443228655025713e-15
322.25029029634635 1.6651250546421947e-24 1.4243266683465807e-14 5.584165849542116e-15 8.65910083392369e-15
332.0646408647343 1.4931026889618084e-24 1.3160783469434955e-14 5.217345760666183e-15 7.943437708768776e-15
342.17789411833206 1.3358264699607091e-24 1.2133090225697083e-14 4.869855469424059e-15 7.263234756273019e-15
352.59915334060224 1.1931081324348646e-24 1.1166845414551716e-14 4.541314074925526e-15 6.625531339626185e-15
363.337799061663 1.0657165665817686e-24 1.027831044885283e-14 4.231523172655077e-15 6.046787276197757e-15
374.40349750202313 9.517990930938254e-25 9.459204546059016e-15 3.939758556885083e-15 5.519445989173934e-15
380.062092440151 8.993497726552851e-25 9.07303564956228e-15 3.800435190119266e-15 5.272600459443015e-15
385.80620927347337 8.496867866239097e-25 8.701567845837677e-15 3.6653677966662835e-15 5.036200049171393e-15
397.5561983449763 7.580972460132739e-25 8.000053309525278e-15 3.4075836508468297e-15 4.592469658678449e-15
409.6640412816112 6.75355321589353e-25 7.343948189383277e-15 3.1654142355348303e-15 4.178533953848448e-15
415.8555509384264 6.370713174888567e-25 7.032342082774334e-15 3.04997035102235e-15 3.982371731751985e-15
422.1406367649012 6.007614907102032e-25 6.731760868984906e-15 2.9381864520921052e-15 3.7935744168928045e-15
434.9972154030873 5.341804272659641e-25 6.16799312612537e-15 2.7255703760768422e-15 3.4424227500485303e-15
448.24534984018095 4.748917119630011e-25 5.650408102523423e-15 2.5268829661424848e-15 3.1235251363809414e-15
461.89696517289525 4.220892453436159e-25 5.175100980455555e-15 2.340977782817049e-15 2.8341231976385037e-15
475.9643496848308 3.750850014040625e-25 4.738856481426593e-15 2.1670920602693797e-15 2.5717644211572138e-15
490.4601659075747 3.3301423181762257e-25 4.335467828060216e-15 2.005094195374435e-15 2.330373632685782e-15
505.39746201868155 2.9528952239478923e-25 3.961416691098825e-15 1.854515807427681e-15 2.1069008836711435e-15
520.7896835867783 2.61729546331898e-25 3.61813325736879e-15 1.714457202840515e-15 1.903676054528275e-15
536.6506856743796 2.319997864169163e-25 3.3048268219483708e-15 1.5842841956577136e-15 1.7205426262906574e-15
552.9947453093008 2.055829430863464e-25 3.0177101016190757e-15 1.4632701161528879e-15 1.5544399854661885e-15
569.8365743358964 1.82096161357297e-25 2.754358995804263e-15 1.3508191989458732e-15 1.4035397968583896e-15
587.1913326576936 1.6122680221945418e-25 2.5129642471679303e-15 1.2464034658966564e-15 1.2665607812712745e-15
605.0746418833327 1.4269360316908727e-25 2.291832585575554e-15 1.1495188328261498e-15 1.142313752749404e-15
623.502599388115 1.2624421849432966e-25 2.0893884982505732e-15 1.059684037455905e-15 1.0297044607946682e-15
642.4917928037942 1.1165202507758716e-25 1.904160806787656e-15 9.764406608910514e-16 9.277201458966047e-16
662.0593149496696 9.871368061481628e-26 1.7347770919591178e-15 8.993553608894915e-16 8.354217310696263e-16
682.2227792184137 8.72470683382714e-26 1.5799614555422408e-15 8.280161095429534e-16 7.519453459992875e-16
703.0003354304876 7.708934872360805e-26 1.4385313863603836e-15 7.620345950069802e-16 6.764967913534035e-16
724.4106861714122 6.809499202386727e-26 1.3093913108176848e-15 7.010454001962705e-16 6.083459106214144e-16
746.4731036265977 6.013392460444137e-26 1.1915249643769454e-15 6.447004174060376e-16 5.468245469709078e-16
769.2074469289008 5.309008661704682e-26 1.0839926739284502e-15 5.926718640328913e-16 4.913208098955589e-16
792.6341800345017 4.68600804560092e-26 9.859281327083533e-16 5.446544769467866e-16 4.4127365576156676e-16
816.7743901432078 4.1351812502533087e-26 8.965326184589104e-16 5.003617493122703e-16 3.9617086914664038e-16
841.6498066797607 3.648323464979949e-26 8.150686656430165e-16 4.595238170677335e-16 3.555448485752827e-16
867.2828208532309 3.2181296289289426e-26 7.408558437472482e-16 4.218872313455983e-16 3.1896861240164974e-16
893.6965058121084 2.8381204418570876e-26 6.732716299504747e-16 3.872168946970209e-16 2.8605473525345393e-16
920.9146374132232 2.502539506029406e-26 6.117440459277515e-16 3.552930811593857e-16 2.564509647683658e-16
948.9617156232121 2.2062688315076744e-26 5.557462674651479e-16 3.259102033914814e-16 2.298360640736665e-16
977.8629865717667 1.9447662047669716e-26 5.047947619883397e-16 2.9887644570513553e-16 2.0591831628320403e-16
1007.6444652765354 1.714005370065751e-26 4.584467888263722e-16 2.740134538621209e-16 1.8443333496425138e-16
1038.332959060126 1.5104162039973168e-26 4.16296451458251e-16 2.5115508423868614e-16 1.6514136721956484e-16
1069.95609168029 1.3308367634906478e-26 3.7797247825489803e-16 2.3014720221833323e-16 1.478252760365648e-16
1102.542328195006 1.1724677433430254e-26 3.4313546568642196e-16 2.1084689403051857e-16 1.3228857165590334e-16
1136.1210005848498 1.0328295059376727e-26 3.114746145424105e-16 1.9312119734650475e-16 1.1835341719590565e-16
1170.7223341557005 9.097266067623934e-27 2.8270548412358933e-16 1.7684647742967541e-16 1.0585900669391385e-16
1206.3774747455793 8.012183141634095e-27 2.5656860943271247e-16 1.6190849061293913e-16 9.466011881977335e-17
1243.1185167600695 7.055899337393622e-27 2.328275375057972e-16 1.4820179356853965e-16 8.46257439372576e-17
1280.9785320615858 6.213247968381238e-27 2.1126617576207565e-16 1.356285646152645e-16 7.563761114681107e-17
1319.9915997384837 5.4708127854145185e-27 1.916869087101446e-16 1.2409800512075387e-16 6.758890358939083e-17
1360.1928367808064 4.816750740345066e-27 1.7390981345176118e-16 1.1352635234827043e-16 6.038346110349074e-17
1401.618429690285 4.2406179216424704e-27 1.5777143542371591e-16 1.0383659206731568e-16 5.3934843356400186e-17
1444.305667053031 3.7331878763833806e-27 1.4312265865967625e-16 9.495750504147498e-17 4.816515361820131e-17
1488.2929731042755 3.286306904638723e-27 1.2982728755471364e-16 8.682302265760376e-17 4.3004264897109894e-17
1533.6199423153234 2.892783547440192e-27 1.1776144309677747e-16 7.93723181206657e-17 3.8389124976111767e-17
1580.327375033885 2.5462774860342748e-27 1.06812535966017e-16 7.254953669729978e-17 3.426299926871726e-17
1628.457314209858 2.2411967302583497e-27 9.687814007944934e-17 6.630320248480687e-17 3.0574937594642424e-17
1678.0530832396191 1.972605534218507e-27 8.786489115500398e-17 6.058571693776485e-17 2.7279174217239116e-17
1729.1593249628888 1.7361528151342942e-27 7.968790199715842e-17 5.535327912928319e-17 2.4334622867875196e-17
1781.8220418472597 1.5280063019984807e-27 7.227014157592331e-17 5.056572411187063e-17 2.1704417464052647e-17
1836.0886373966016 1.3447877798406905e-27 6.55415684388736e-17 4.618609783094369e-17 1.9355470607929895e-17
1892.007958820556 1.1835191299687338e-27 5.943847716264154e-17 4.218034338189496e-17 1.7258133780746565e-17
1949.6303410035755 1.0415751086385252e-27 5.390292104651227e-17 3.851710803638233e-17 1.5385813010129952e-17
2009.0076518130663 9.166458466815488e-28 4.8882408826195313e-17 3.516772660246998e-17 1.3714682223725337e-17
2070.1933387874215 8.066970520334861e-28 4.432929349893264e-17 3.2105884737257304e-17 1.2223408761675332e-17
2133.242477245972 7.099342644812409e-28 4.020016109474668e-17 2.9307306198024057e-17 1.0892854896722613e-17
2198.211819864143 6.247775107122123e-28 3.645560921850926e-17 2.6749721721579848e-17 9.70588749692941e-18
2265.1598477584885 5.498364061831299e-28 3.305991861067052e-17 2.4412731216418697e-17 8.647187394251831e-18
2334.1468231275226 4.838863921839202e-28 2.9980647819181913e-17 2.2277616453855635e-17 7.703031365326288e-18
2405.2348434957767 4.2584965139577065e-28 2.7188372770315353e-17 2.0327210855062688e-17 6.861161915252667e-18
2478.487897609897 3.747776242894757e-28 2.465641263536692e-17 1.8545786109127594e-17 6.1106265262393355e-18
2553.971923037092 3.2983461737307054e-28 2.236051419053081e-17 1.6918908200499445e-17 5.44160599003136e-18
2631.7548655177807 2.902849245749905e-28 2.0278664480611724e-17 1.5433344691863794e-17 4.8453197887479324e-18
2711.906740125872 2.554813673980977e-28 1.839091831652625e-17 1.4076986788834254e-17 4.31393152769199e-18
2794.4996942916955 2.2485424879367482e-28 1.6679176245207477e-17 1.2838737779402477e-17 3.840438465804991e-18
2879.6080727443887 1.9790231083150215e-28 1.5127030438525953e-17 1.170844399880183e-17 3.4185864397241275e-18
2967.308484432098 1.7418458596824174e-28 1.3719612713175124e-17 1.067681782941646e-17 3.0427948837586615e-18
3057.6798714803062 1.5331276969687054e-28 1.2443420483883818e-17 9.735346892286744e-18 2.7080735915970773e-18
