Dust emission spectrum from A.P. Jones, M. Kohler, N. Ysard, M. Bocchio, and L. Verstraete (2017), A&A, 602A, 46J 
inside the DustPedia framework.

lambda    nu*dP/dnu     j_nu    j_nu(carb.) j_nu(sil)
 (um)   (erg s-1 H-1) (Jy cm2 sr-1 H-1)
0.9927057738263894 1.3853446086821803e-25 3.650461729880453e-18 3.650461729880453e-18 2.4029824987317723e-40
1.0001793341362166 1.4081340143226637e-25 3.738447612240574e-18 3.738447612240574e-18 3.319881285814702e-40
1.0077091589558085 1.430888294268864e-25 3.827457435871322e-18 3.827457435871322e-18 4.580515057330004e-40
1.0114953028030835 1.442249457757538e-25 3.872341831446702e-18 3.872341831446702e-18 5.377608574676543e-40
1.0152956718711033 1.4535984837352975e-25 3.9174767637184255e-18 3.9174767637184255e-18 6.311241852359148e-40
1.0229392996569957 1.476244506037653e-25 4.008460341967902e-18 4.008460341967902e-18 8.683844257543236e-40
1.0267826658714554 1.4875139324029112e-25 4.054235792704757e-18 4.054235792704757e-18 1.0180743197027844e-39
1.0306404723013447 1.498766236248152e-25 4.1002517886123174e-18 4.1002517886123174e-18 1.1931410001399064e-39
1.03451277320114 1.5100003313893353e-25 4.146506332357405e-18 4.146506332357405e-18 1.3978075184316837e-39
1.0383996230291617 1.5212151377916457e-25 4.1929974020776385e-18 4.1929974020776385e-18 1.6369852671163012e-39
1.0403485208654093 1.5268149719369635e-25 4.216330995756116e-18 4.216330995756116e-18 1.7712655202104718e-39
1.0423010764483396 1.532409581775114e-25 4.239722951856468e-18 4.239722951856468e-18 1.9163836005788994e-39
1.0462171883269815 1.5435825962157255e-25 4.286680912198895e-18 4.286680912198895e-18 2.2426364662306427e-39
1.0471985131304309 1.5463723770463715e-25 4.29845647170959e-18 4.29845647170959e-18 2.3323977671938003e-39
1.048180758391296 1.5491607357222832e-25 4.310246393284141e-18 4.310246393284141e-18 2.4256948084892096e-39
1.0501480137395462 1.5547331207418394e-25 4.333869190507309e-18 4.333869190507309e-18 2.6234486107717508e-39
1.0521189612883777 1.5602996198144638e-25 4.357549038761995e-18 4.357549038761995e-18 2.837055949149023e-39
1.0531058218030118 1.563076326470008e-25 4.36939826849126e-18 4.36939826849126e-18 2.950189577216552e-39
1.0540936079674168 1.5658374419554851e-25 4.381222268828173e-18 4.381222268828173e-18 3.067757287537831e-39
1.058054026499678 1.5768657936919714e-25 4.4286566348601134e-18 4.4286566348601134e-18 3.585927170399769e-39
1.0590464539527713 1.579618773431637e-25 4.4405496473799425e-18 4.4405496473799425e-18 3.7283829372302557e-39
1.06003981227728 1.58237007774072e-25 4.452456359957006e-18 4.452456359957006e-18 3.87640446183469e-39
1.0620293250338977 1.5878675960028395e-25 4.476310747946274e-18 4.476310747946274e-18 4.190006705211538e-39
1.0660195594769086 1.5988418243631828e-25 4.5241824094780565e-18 4.5241824094780565e-18 4.8939474279608425e-39
1.070024785945596 1.6097874621106692e-25 4.5722694007145976e-18 4.5722694007145976e-18 5.713914989859527e-39
1.0740450607676866 1.6207035006110535e-25 4.620569483259388e-18 4.620569483259388e-18 6.668631670407897e-39
1.07808044048254 1.63158893941919e-25 4.669080399536197e-18 4.669080399536197e-18 7.779770398662182e-39
1.0861967418109137 1.6532447275127772e-25 4.7666698756979024e-18 4.7666698756979024e-18 1.0575524924593676e-38
1.0902777775684922 1.663969162862545e-25 4.815616200771637e-18 4.815616200771637e-18 1.2322606327914662e-38
1.0943741465085532 1.6746583171206476e-25 4.864760548870288e-18 4.864760548870288e-18 1.4352417221780974e-38
1.1026131145906286 1.6959269851187184e-25 4.963633847239641e-18 4.963633847239641e-18 1.9446014606190293e-38
1.1109141095355224 1.7170432299233505e-25 5.0632706810248804e-18 5.0632706810248804e-18 2.630323434644168e-38
1.1192775983109025 1.73797999439435e-25 5.163593171366882e-18 5.163593171366882e-18 3.551818605477141e-38
1.1277040513999907 1.7586395686627982e-25 5.26430949585537e-18 5.26430949585537e-18 4.787871511863038e-38
1.1361939428280308 1.7791223433652187e-25 5.365716423259634e-18 5.365716423259634e-18 6.442915887912926e-38
1.1447477501889525 1.7994214959755061e-25 5.467793898057608e-18 5.467793898057608e-18 8.654933101829855e-38
1.1533659546722406 1.81954149556863e-25 5.570555750659623e-18 5.570555750659623e-18 1.16059521250734e-37
1.1707974979042381 1.8593096142748029e-25 5.7783378890298266e-18 5.7783378890298266e-18 2.0759033024138873e-37
1.1884924949847024 1.898275451653512e-25 5.9885972726026345e-18 5.9885972726026345e-18 3.686502765142529e-37
1.2064549276569216 1.936745903806792e-25 6.202305882412547e-18 6.202305882412547e-18 6.499747245573825e-37
1.2246888378427687 1.974298460595899e-25 6.418122462840568e-18 6.418122462840568e-18 1.1376484865795748e-36
1.2431983285522175 2.0108451341945566e-25 6.635726461289161e-18 6.635726461289161e-18 1.976678253661585e-36
1.2619875648066055 2.0463724580175252e-25 6.8550273304272e-18 6.8550273304272e-18 3.4093764179261524e-36
1.3004222497298317 2.11377609809396e-25 7.296470102577587e-18 7.296470102577587e-18 9.921377514164465e-36
1.3400274889804893 2.1762465745753977e-25 7.740896149113815e-18 7.740896149113815e-18 2.8038605082015766e-35
1.3808389325824078 2.2335531010883093e-25 8.18669740598371e-18 8.18669740598371e-18 7.697762987947591e-35
1.4228933163050095 2.285979373848183e-25 8.63404046881872e-18 8.63404046881872e-18 2.0539118440601135e-34
1.466228494730424 2.334800545133128e-25 9.087007247516624e-18 9.087007247516624e-18 5.329254332893866e-34
1.5108834753276823 2.3790586269701114e-25 9.541256006970253e-18 9.541256006970252e-18 1.3452290363358285e-33
1.5568984535646726 2.417979132397406e-25 9.992686644694926e-18 9.992686644694926e-18 3.305001604027483e-33
1.6043148490894465 2.451635078696881e-25 1.0440345310043941e-17 1.0440345310043933e-17 7.907664347806935e-33
1.6531753430134553 2.4801308842316947e-25 1.0883358940729517e-17 1.0883358940729498e-17 1.843617768549163e-32
1.7035239163302658 2.503811526689224e-25 1.1321899686023853e-17 1.132189968602381e-17 4.190940637782346e-32
1.755405889504358 2.524668728840653e-25 1.1763901648716384e-17 1.176390164871629e-17 9.296631080706612e-32
1.8088679632656115 2.5422090957435625e-25 1.2206399179713508e-17 1.2206399179713309e-17 2.0134758578283e-31
1.8639582606462262 2.5560984668011303e-25 1.2646874121804913e-17 1.2646874121804486e-17 4.260098362367158e-31
1.9207263702978936 2.5665769202602702e-25 1.3085466701213847e-17 1.3085466701212966e-17 8.810524159730292e-31
1.979223391128241 2.5742049205547896e-25 1.3524068571764856e-17 1.3524068571763075e-17 1.782292185017487e-30
2.039501978296691 2.5796532707720656e-25 1.3965448919451093e-17 1.3965448919447564e-17 3.528817541904129e-30
2.1016163906111602 2.5848028414851433e-25 1.4419503353065655e-17 1.441950335305881e-17 6.843412895047465e-30
2.1656225393682647 2.590742777262747e-25 1.4892804618216852e-17 1.489280461820385e-17 1.3007651023040236e-29
2.231578038680979 2.5975490280177874e-25 1.5386692172595348e-17 1.5386692172571097e-17 2.424504037358101e-29
2.299542257339062 2.6058728900695275e-25 1.590611271205078e-17 1.5906112712006442e-17 4.433856445867089e-29
2.369576372248914 2.6171574563311694e-25 1.6461522339392847e-17 1.646152233931324e-17 7.960409133997802e-29
2.4417434235010123 2.633107038535088e-25 1.7066244910418414e-17 1.7066244910278024e-17 1.4038901684008258e-28
2.5161083711144245 2.6566414617054976e-25 1.774319077067095e-17 1.7743190770427585e-17 2.433620116311269e-28
2.5927381535095444 2.69254025405409e-25 1.853063477265079e-17 1.853063477223585e-17 4.149435592261485e-28
2.6717017477616296 2.746512522569336e-25 1.9477759141201467e-17 1.947775914050522e-17 6.962469040743779e-28
2.753070231689431 2.8271544855783374e-25 2.0660282904000492e-17 2.066028290285036e-17 1.1501301089992301e-27
2.836916847834745 2.9539434647991404e-25 2.2244273113664386e-17 2.2244273111792675e-17 1.8717075443337592e-27
2.9233170693905177 3.1697793416275606e-25 2.4596560787566127e-17 2.4596560784563414e-17 3.0027175517329275e-27
2.967498994190263 3.3534434829064304e-25 2.6415023710611366e-17 2.6415023706827216e-17 3.7841487035123524e-27
3.0123486681368425 3.5680279528936434e-25 2.853007540861156e-17 2.8530075403858657e-17 4.7529133672112086e-27
3.0578761833420214 4.048866113267598e-25 3.2864175817266535e-17 3.286417581130849e-17 5.958047889435518e-27
3.1040917844459814 4.668708640630502e-25 3.8468102028173315e-17 3.8468102020727664e-17 7.445645214115185e-27
3.127460860933648 5.324710763845334e-25 4.4203569276641877e-17 4.4203569268313866e-17 8.328001839895076e-27
3.1510058709225794 6.198894048860086e-25 5.1848101528382293e-17 5.1848101519067756e-17 9.314541196387245e-27
3.162844764501044 7.012671625672854e-25 5.887498548394664e-17 5.887498547407536e-17 9.871265921733514e-27
3.1747281389236908 7.9591284059859515e-25 6.707203537618849e-17 6.707203536572941e-17 1.045906361302752e-26
3.1986289994194426 1.0599364398287668e-24 8.999391110377782e-17 8.999391109201716e-17 1.1760664010354693e-26
3.2227097969389145 1.6823279653653044e-24 1.4391342087201723e-16 1.4391342085859622e-16 1.342100891241777e-26
3.2348180950136065 2.2725651680518565e-24 1.951352111849043e-16 1.9513521117041155e-16 1.449277693956353e-26
3.240889293275058 2.7138406814356455e-24 2.3346295463456473e-16 2.334629546194128e-16 1.515194101077515e-26
3.2469718861334385 3.2243199565206223e-24 2.7789842963576224e-16 2.778984296198623e-16 1.5899960201372756e-26
3.2714166318528037 5.947364278616021e-24 5.164518415831187e-16 5.164518415637749e-16 1.9343829689037014e-26
3.2744851364798273 6.117567109242852e-24 5.317300428139386e-16 5.317300427942317e-16 1.970705369246506e-26
3.2775565192852394 6.292658838361413e-24 5.474617853230502e-16 5.474617853029734e-16 2.0076813105183556e-26
3.283707930232385 6.124183249808233e-24 5.338043790211835e-16 5.338043790006841e-16 2.049938182781824e-26
3.2898708863219004 5.5900444007487126e-24 4.881615221849186e-16 4.881615221642489e-16 2.0669559279098773e-26
3.29141343181113 5.464082861078006e-24 4.773854154772216e-16 4.773854154565094e-16 2.0712250631939307e-26
3.292184975758714 5.4021900774150985e-24 4.720886101687051e-16 4.720886101479715e-16 2.0733618426850186e-26
3.295272960557952 5.0115182927654736e-24 4.383592222707461e-16 4.3835922224998205e-16 2.0763938647056424e-26
3.3076538914384823 3.65817075151511e-24 3.211836767423615e-16 3.2118367672150626e-16 2.085524196111182e-26
3.310756385682612 3.382744012795701e-24 2.972800685610204e-16 2.972800685401423e-16 2.0878067051496862e-26
3.313861789986515 3.128625202554799e-24 2.7520566154247795e-16 2.752056615215771e-16 2.0900894446259164e-26
3.3200813396944477 2.772242980568971e-24 2.443146160527896e-16 2.4431461603168997e-16 2.1099550372048185e-26
3.345076488085796 2.136420630898605e-24 1.896977802346545e-16 1.896977802118216e-16 2.2832959465780137e-26
3.3482140837626964 2.1602422096357422e-24 1.9199286949270188e-16 1.919928694695407e-16 2.316117092892379e-26
3.3513546224236106 2.184327183146271e-24 1.943155286564338e-16 1.9431552863294003e-16 2.3493804806222735e-26
3.3576445397418455 2.360423155107085e-24 2.103749455518602e-16 2.1037494552754413e-16 2.4316145062266788e-26
3.3702598118196083 3.0100006351783096e-24 2.6927708792731327e-16 2.6927708790100856e-16 2.630470635958853e-26
3.382922481734668 3.157864872138336e-24 2.8356656442304056e-16 2.835665643951062e-16 2.793440992247387e-26
3.389271646505754 3.2344685889340923e-24 2.909904589108737e-16 2.9099045888208917e-16 2.8784533142486416e-26
3.395632727569191 3.317005979703246e-24 2.9897604890682673e-16 2.9897604887712395e-16 2.9702850079968624e-26
3.421196662673239 3.713300536994251e-24 3.372155345804587e-16 3.3721553454672067e-16 3.3738067905589717e-26
3.4276182099114902 3.633333459207173e-24 3.305728124987471e-16 3.305728124642916e-16 3.4455452516271024e-26
3.4340518103208963 3.2831109614241073e-24 2.9926907226983524e-16 2.992690722348398e-16 3.499537399985491e-26
3.4469541582030403 2.7843395283755124e-24 2.547575910998993e-16 2.5475759106408103e-16 3.5818256890767176e-26
3.472904465399547 2.6444614574562188e-24 2.437808075433424e-16 2.4378080750415004e-16 3.9192366577595277e-26
3.4990501388274233 2.4305862318156086e-24 2.2575149352109307e-16 2.257514934783615e-16 4.273157080742869e-26
3.5253949054701885 1.6697553572872865e-24 1.5625360688049596e-16 1.5625360683506073e-16 4.5435243186171624e-26
3.5519380250092896 9.54763987330344e-25 9.001830726988393e-17 9.001830722189746e-17 4.7986467779908775e-26
3.578680990867387 6.7124539431624205e-25 6.376373355181527e-17 6.376373349990516e-17 5.191010690784842e-26
3.605625307711299 5.565316449680863e-25 5.3264749661371734e-17 5.3264749604661565e-17 5.671016430741911e-26
3.660119384959845 4.727625379927896e-25 4.5931194490029166e-17 4.5931194421909776e-17 6.811940427108589e-26
3.715437065384467 4.1341798189661753e-25 4.077262801924773e-17 4.0772627937628213e-17 8.161951416882611e-26
3.8285932144167436 3.8308903092060076e-25 3.893214885796371e-17 3.893214874105092e-17 1.1691277827540172e-25
3.94519561050918 3.7702670812305655e-25 3.948299515013011e-17 3.9482994984184454e-17 1.6594565448501538e-25
4.06534921144712 3.8091878522687916e-25 4.11054759283296e-17 4.1105475694989347e-17 2.3334025690875225e-25
4.189162171576248 3.9056601451349602e-25 4.3430122690917134e-17 4.343012236582394e-17 3.2509319679800964e-25
4.316745939156006 4.044009020939932e-25 4.633808030641575e-17 4.633807985748138e-17 4.489343731261902e-25
4.448215356677963 4.218934287004528e-25 4.981475504803815e-17 4.9814754433316613e-17 6.147215238576545e-25
4.58368876423945 4.431004754240917e-25 5.391216469859865e-17 5.3912163863625087e-17 8.34973569604109e-25
4.723288106065518 4.685119589351591e-25 5.874008233777166e-17 5.874008121222295e-17 1.125548708034854e-24
4.867139040275056 4.991149420123047e-25 6.448278073325847e-17 6.448277922670937e-17 1.5065490933811385e-24
4.940699165968905 5.1760904007487e-25 6.788279204549297e-17 6.788279030654289e-17 1.7389500673633537e-24
5.015371051989984 5.367565347282558e-25 7.145783309831074e-17 7.145783109473884e-17 2.003571917333428e-24
5.091171501069577 5.601667912913218e-25 7.57015058719815e-17 7.570150356586826e-17 2.306113230807651e-24
5.129500256944802 5.721798229244939e-25 7.790709809731454e-17 7.790709562487634e-17 2.4724382052458382e-24
5.168117569889187 5.84706148127501e-25 8.021202460700346e-17 8.021202195721853e-17 2.6497849349379278e-24
5.20702561229733 6.001110816285584e-25 8.294511114727301e-17 8.294510830684155e-17 2.8404314698873307e-24
5.246226572918644 6.159089564194016e-25 8.576952313644776e-17 8.5769520092994e-17 3.0434537727911226e-24
5.265937586045735 6.239591743017717e-25 8.721703432679002e-17 8.721703117696243e-17 3.149827565694334e-24
5.285722656980489 6.321124093208912e-25 8.868866571962255e-17 8.868866246005673e-17 3.2595658117241876e-24
5.305582063971359 6.403703285162739e-25 9.0184867207936e-17 9.018486383517261e-17 3.3727633865066526e-24
5.3255160863122235 6.492474978725025e-25 9.177859785548787e-17 9.177859436550768e-17 3.489980185910721e-24
5.365609099470188 6.713978884403966e-25 9.562433631841062e-17 9.562433257912245e-17 3.739288178798647e-24
5.406003951863644 6.943941638285109e-25 9.964416081396415e-17 9.964415680929507e-17 4.004669112308468e-24
5.446702915881641 7.182773665695737e-25 1.0384732226501026e-16 1.0384731797796634e-16 4.28704389926763e-24
5.487708281020852 7.4409486998469945e-25 1.0838988618563973e-16 1.0838988159701729e-16 4.588622436226651e-24
5.529022354014368 7.800511307884392e-25 1.144829599660322e-16 1.144829550453489e-16 4.920683326931415e-24
5.570647458961463 8.1813653400430405e-25 1.2097646622474673e-16 1.2097646095028509e-16 5.274461645744388e-24
5.612585937458331 8.585048328060227e-25 1.2790136550389528e-16 1.2790135985267477e-16 5.651220507509535e-24
5.654840148729818 9.028975716947123e-25 1.3552775702314255e-16 1.3552775096838017e-16 6.054762359883904e-24
5.67608639626678 9.33168608929786e-25 1.4059780849323794e-16 1.4059780221604536e-16 6.2771926051210684e-24
5.686739436050992 9.48773830493057e-25 1.432172927147668e-16 1.4321728632358614e-16 6.39118064549514e-24
5.6974124697621304 9.64702200432783e-25 1.4589498508487956e-16 1.4589497857782564e-16 6.507053957379618e-24
5.718818669136295 9.975595807266994e-25 1.5143093480887447e-16 1.5143092806430591e-16 6.744568528076637e-24
5.740305295436557 1.0337900167070076e-24 1.5752038249172832e-16 1.575203754980167e-16 6.993711660331806e-24
5.7835210386641895 1.127846650504657e-24 1.7314573843664287e-16 1.7314573088867367e-16 7.547969188984315e-24
5.827062130521658 1.2362445730010215e-24 1.9121567014883113e-16 1.9121566199833887e-16 8.150492284512144e-24
5.8489554468988025 1.3123299433361989e-24 2.0374679434931027e-16 2.0374678584429938e-16 8.505010872890233e-24
5.870931020387893 1.393995261759228e-24 2.1723895667786452e-16 2.1723894780407198e-16 8.873792478203169e-24
5.892989160043636 1.481690178791667e-24 2.317728053770874e-16 2.317727961197257e-16 9.257361654938051e-24
5.915130176081913 1.5814458976423773e-24 2.483064945060396e-16 2.483064848361665e-16 9.669873100494561e-24
5.95966208400165 1.8604560986164683e-24 2.943137112591112e-16 2.943137005834017e-16 1.0675709411735964e-23
6.004529249263818 2.2627439053629938e-24 3.6064822706984724e-16 3.606482151187567e-16 1.1951090523989051e-23
6.027089341400364 2.5424350822388795e-24 4.0674941298344134e-16 4.067494002183902e-16 1.276505120778309e-23
6.049734195844842 2.8730065146071503e-24 4.613625486250561e-16 4.613625349476516e-16 1.3677404539460126e-23
6.095279466722835 3.8280003704834134e-24 6.193484098056973e-16 6.193483936502842e-16 1.6155413179480193e-23
6.141167624020661 5.297900637469596e-24 8.636229872542038e-16 8.63622967492201e-16 1.9762002760163933e-23
6.164241091010745 6.236541788900926e-24 1.0204527161005818e-15 1.0204526939641666e-15 2.2136415056864745e-23
6.187401249150058 7.305902551587787e-24 1.1999180569909214e-15 1.19991803223053e-15 2.4760391755721303e-23
6.1990139391386085 7.828018309723603e-24 1.2880830897812292e-15 1.2880830636692594e-15 2.611197016086817e-23
6.204828454712694 8.103060024388168e-24 1.3345912344447084e-15 1.3345912076295633e-15 2.6815145097452354e-23
6.210648424152782 8.303804086232937e-24 1.3689370331986671e-15 1.3689370057990392e-15 2.739962791258371e-23
6.233982942956859 8.985761776119514e-24 1.4869280129613784e-15 1.4869279834848237e-15 2.947655457620713e-23
6.239830258556775 9.072897717898031e-24 1.502755145788813e-15 1.502755116025074e-15 2.9763739261482077e-23
6.245683058788269 9.08037751978062e-24 1.5054047422295025e-15 1.5054047121760045e-15 3.0053497791237933e-23
6.257405133728602 9.061466880306256e-24 1.505089114144087e-15 1.50508908358381e-15 3.0560276868459007e-23
6.269149208991335 8.927112024148523e-24 1.4855559875313018e-15 1.4855559568082762e-15 3.072302524371047e-23
6.280915325867298 8.590448995765245e-24 1.4322150574447601e-15 1.4322150269868372e-15 3.0457923300121585e-23
6.304513850009849 7.760339379623655e-24 1.2986787989010322e-15 1.2986787693719404e-15 2.952909203319708e-23
6.32820103803542 6.731503808505562e-24 1.1307375028329655e-15 1.1307374747316938e-15 2.8101271775744007e-23
6.3519772230701035 5.788011044346235e-24 9.759053892618681e-16 9.759053625122285e-16 2.6749639571588773e-23
6.375842739491607 4.994325215949951e-24 8.452474098558483e-16 8.452473842939835e-16 2.5561864829629054e-23
6.399797922933955 4.358132911625004e-24 7.4034843916318175e-16 7.403484144044938e-16 2.4758688166143246e-23
6.42384311029221 3.829237231619793e-24 6.529450466032483e-16 6.529450225244673e-16 2.4078780879398613e-23
6.447978639727206 3.443750654183551e-24 5.894198015200453e-16 5.894197777612702e-16 2.3758775058406327e-23
6.472204850670314 3.1226335613913204e-24 5.364666277367058e-16 5.364666042079259e-16 2.352878000326321e-23
6.496522083828205 2.9138544573603066e-24 5.024793374697051e-16 5.024793138568864e-16 2.361281857327833e-23
6.520930681187647 2.7379711226870524e-24 4.73923102552446e-16 4.739230787975722e-16 2.3754873680690286e-23
6.57002334288761 2.5578997753373307e-24 4.460873105301253e-16 4.460872859987672e-16 2.4531358063516182e-23
6.619489833774732 2.5389366777516586e-24 4.461139687045746e-16 4.461139428965737e-16 2.5808000917526767e-23
6.6693287637831435 2.607420906743055e-24 4.615967080757794e-16 4.615966806936115e-16 2.7382167908480525e-23
6.719538636694507 2.695089626319872e-24 4.807088313918933e-16 4.807088023867377e-16 2.900515575890862e-23
6.770126513364129 2.915171193812918e-24 5.23878145320285e-16 5.238781142722279e-16 3.1048057099560616e-23
6.8210952395837445 3.2479723955267973e-24 5.880792772380775e-16 5.880792436270918e-16 3.361098554928444e-23
6.872447682569556 3.6671825032555774e-24 6.689804084113312e-16 6.689803717018718e-16 3.67094594186543e-23
6.924186731123532 4.197804538728004e-24 7.715435007026624e-16 7.715434603207406e-16 4.038192216027026e-23
6.976315295795916 4.628886607199584e-24 8.571800910729808e-16 8.571800469450346e-16 4.4127946138925815e-23
7.028836309048954 4.69088633506683e-24 8.752009332767735e-16 8.752008859954839e-16 4.728128959868945e-23
7.081752725421856 4.502536256501204e-24 8.463839321234709e-16 8.463838820718968e-16 5.005157425332522e-23
7.135067521697011 4.3764163432835515e-24 8.288694855864092e-16 8.288694321885049e-16 5.339790462652023e-23
7.1887836970674375 4.4761444781617735e-24 8.541397732145364e-16 8.541397152382584e-16 5.797627791467626e-23
7.242904273305506 4.837061996928636e-24 9.29959065036938e-16 9.299590008716633e-16 6.416527463963924e-23
7.297432294932914 5.409763693803282e-24 1.0478950824094404e-15 1.0478950103189454e-15 7.209049476843079e-23
7.352370829391971 6.064655333011113e-24 1.1835945600186528e-15 1.1835944784940041e-15 8.152464821584086e-23
7.379995003818881 6.4726326336249456e-24 1.2679626457124608e-15 1.2679625585264263e-15 8.718603434739175e-23
7.407722967218148 6.922816628874015e-24 1.3612471815266789e-15 1.3612470881692255e-15 9.33574534079705e-23
7.463496598684601 8.066338938054647e-24 1.5980421823453085e-15 1.5980420740350317e-15 1.0831027640644038e-22
7.519690156487492 9.548239495254579e-24 1.905867406434151e-15 1.905867279079164e-15 1.273549867040663e-22
7.533803324048627 9.979525112892232e-24 1.9956923236962625e-15 1.9956921907522415e-15 1.3294402113607766e-22
7.547942979602549 1.0430329126978376e-23 2.089758288508669e-15 2.0897581497327503e-15 1.3877591895589532e-22
7.57630195363571 1.138101983120053e-23 2.2888002292451903e-15 2.288800078081519e-15 1.5116367201443274e-22
7.590521371821866 1.1861641322821587e-23 2.3899335611839263e-15 2.3899334035184383e-15 1.5766548829428775e-22
7.604767477414989 1.2362563676397667e-23 2.4955364308181992e-15 2.495536266374612e-15 1.644435870171168e-22
7.633339951266878 1.3370022097325585e-23 2.709044644882097e-15 2.709044466512028e-15 1.7837006934782467e-22
7.662019777021956 1.4154187226212185e-23 2.8787081522154825e-15 2.8787079614644526e-15 1.9075102988254076e-22
7.690807358020558 1.469268381156887e-23 2.999456022764415e-15 2.9994558216772417e-15 2.0108717270248967e-22
7.719703099118437 1.496809117012296e-23 3.0671601319284623e-15 3.0671599228646683e-15 2.0906379312464524e-22
7.748707406692464 1.4924263444021997e-23 3.0696693776902016e-15 3.0696691637902327e-15 2.1389996885014477e-22
7.777823177463063 1.4635147375455218e-23 3.0215139157883124e-15 3.0215136996128355e-15 2.161754769135381e-22
7.807048350752435 1.4192718584873142e-23 2.9411819612432446e-15 2.9411817445534297e-15 2.166898141378642e-22
7.836380830085272 1.3581363896826325e-23 2.8250643997699443e-15 2.8250641846542677e-15 2.1511567641548373e-22
7.851088371676256 1.3157439816401856e-23 2.7420204600569083e-15 2.7420202471899645e-15 2.128669449002673e-22
7.86582351679805 1.2708219826702169e-23 2.6533732698857226e-15 2.653373059833634e-15 2.1005208800716107e-22
7.89537682495964 1.1717077996480375e-23 2.455622570415835e-15 2.4556223677357474e-15 2.0268008813282178e-22
7.9250411701946435 1.0647501536034635e-23 2.2398486401957134e-15 2.2398484454679083e-15 1.947278048009573e-22
7.939915112024199 1.0079758738961191e-23 2.12439577802006e-15 2.1243955874650262e-15 1.9055503427576416e-22
7.954816969689239 9.543006395946378e-24 2.0150454186381945e-15 2.0150452321486602e-15 1.8648953404572192e-22
7.9847046421970465 8.553194573588364e-24 1.8128281685056354e-15 1.8128279897682807e-15 1.7873735521340375e-22
8.044817289139356 6.883654423834971e-24 1.4699571588084525e-15 1.4699569936864412e-15 1.6512201105125323e-22
8.07504310897143 6.263189966525109e-24 1.342486313740713e-15 1.3424861539133206e-15 1.5982739270768481e-22
8.105382492623747 5.7143628073291234e-24 1.229449677925264e-15 1.2294495226801876e-15 1.5524507602507914e-22
8.135835866775926 5.278778832624956e-24 1.1400005952429365e-15 1.1400004423800546e-15 1.5286288181178887e-22
8.166403659710703 4.949773767278497e-24 1.072965173320066e-15 1.0729650218405729e-15 1.5147949312292473e-22
8.197086301319933 4.705792305709731e-24 1.0239097908404527e-15 1.0239096392874087e-15 1.5155304383543323e-22
8.227884223110665 4.491682933391663e-24 9.809947812075647e-16 9.80994629263922e-16 1.51943642490518e-22
8.258797858211198 4.3686801273466186e-24 9.577155007092719e-16 9.577153468549054e-16 1.538543668634977e-22
8.289827641377162 4.33168693179707e-24 9.531735774335957e-16 9.531734200521049e-16 1.573814905278556e-22
8.320974008997652 4.36621534126217e-24 9.643812317220418e-16 9.643810694317544e-16 1.6229028740279978e-22
8.35223739910135 4.4306292015064414e-24 9.822853536347524e-16 9.82285185603129e-16 1.6803162349508727e-22
8.383618251362687 4.633355777225779e-24 1.031090004466778e-15 1.0310898276226363e-15 1.7684414169978022e-22
8.415117007108037 4.9252988600077886e-24 1.100176033648199e-15 1.1001758470859786e-15 1.8656222045685354e-22
8.446734109321913 5.316262543276564e-24 1.1919682211333768e-15 1.191968021976263e-15 1.991571135032756e-22
8.478470002653195 5.815136596536436e-24 1.3087203082230368e-15 1.308720093865525e-15 2.1435751158314023e-22
8.542299949622933 6.90391776838947e-24 1.5654523752864628e-15 1.5654521271851108e-15 2.481013514733551e-22
8.558332380220154 7.134056711457789e-24 1.6206720397665003e-15 1.6206717837563594e-15 2.560101410135724e-22
8.574394900937412 7.27872390253756e-24 1.6566400654558035e-15 1.656639803254459e-15 2.622013444340053e-22
8.606610438733982 7.279188387925044e-24 1.6629704732105213e-15 1.6629702045793605e-15 2.6863116033549507e-22
8.622764948673899 7.162812842925355e-24 1.6394553161476748e-15 1.639455046779591e-15 2.6936808388661483e-22
8.638949780445296 6.910310601138865e-24 1.5846302810611317e-15 1.584630013994417e-15 2.670667149461824e-22
8.655163606183647 6.653668716239985e-24 1.5286423540283252e-15 1.5286420894934927e-15 2.6453483237449713e-22
8.671407862489573 6.348017097619151e-24 1.4611578469938777e-15 1.4611575860533625e-15 2.6094051521725593e-22
8.703987895363145 5.622595837644989e-24 1.2990461442213452e-15 1.2990458934157914e-15 2.5080555389441814e-22
8.736690337257128 4.9768170499289185e-24 1.1541654036508219e-15 1.1541651622611872e-15 2.413896343980893e-22
8.802464289484785 3.8806199998850456e-24 9.067233973332731e-16 9.067231713005128e-16 2.260327603308884e-22
8.868733419248175 3.1468715381180635e-24 7.408154793739649e-16 7.408152606327213e-16 2.187412435836043e-22
8.935501454478851 2.656969313990196e-24 6.301949251576289e-16 6.301947076547883e-16 2.175028406629062e-22
9.002772151174003 2.3254695004809467e-24 5.557204002236168e-16 5.557201798430674e-16 2.2038054953832957e-22
9.07054929360775 2.0941506335526354e-24 5.042094004948352e-16 5.042091743208967e-16 2.2617393861048123e-22
9.13883669454403 1.9248673299162706e-24 4.66940077774041e-16 4.669398437640325e-16 2.3401000846948863e-22
9.207638195451068 1.8077971530494015e-24 4.4184238754481076e-16 4.418421435146543e-16 2.440301564311977e-22
9.276957666717493 1.7038100149637737e-24 4.1956202663134467e-16 4.1956177197118727e-16 2.5466015751660794e-22
9.346799007870057 1.6344871988463997e-24 4.055214773712156e-16 4.055212100695554e-16 2.673016602221734e-22
9.417166147792997 1.5715686784728806e-24 3.92846628715701e-16 3.9284634807437355e-16 2.8064132746974164e-22
9.488063044949055 1.5297109472152602e-24 3.8526217267620956e-16 3.8526187724024376e-16 2.9543596580656386e-22
9.559493687602165 1.4912887269915117e-24 3.7841300958953143e-16 3.784126985551014e-16 3.1103443014559765e-22
9.631462094041797 1.4676246927623636e-24 3.7521195113636255e-16 3.75211623128044e-16 3.280083185387286e-22
9.703972312809022 1.4459735000398118e-24 3.72459722725917e-16 3.724593768379401e-16 3.458879768702249e-22
9.777099908821425 1.4362969697304538e-24 3.7275521692833256e-16 3.7275485191723384e-16 3.6501109887669294e-22
9.924867353363874 1.431131381046714e-24 3.7702803874757573e-16 3.770276342122845e-16 4.045352912132477e-22
10.074868099996943 1.4528399895974723e-24 3.8853181553389366e-16 3.8853137035595e-16 4.451779437042101e-22
10.150790707826552 1.4719883109291752e-24 3.9661913933361826e-16 3.966186729222785e-16 4.664113397327976e-22
10.22721067892732 1.5073358719999782e-24 4.092009847891561e-16 4.0920049566304857e-16 4.89126107456193e-22
10.304205975847633 1.5461017251600145e-24 4.2288475512546765e-16 4.228842423071723e-16 5.128182953397917e-22
10.381780929913377 1.6087462926872454e-24 4.433317677310859e-16 4.433312307016556e-16 5.370294302389648e-22
10.459939905058707 1.67856082591467e-24 4.660534270448306e-16 4.660528646270843e-16 5.624177464992056e-22
10.538687298071551 1.7887923804121374e-24 5.003983715860326e-16 5.00397781475064e-16 5.901109685698938e-22
10.618027538840941 1.913528259298151e-24 5.393220303106809e-16 5.3932141121612e-16 6.190945608922813e-22
10.697971937068667 2.1007715562419048e-24 5.9655393664382025e-16 5.965532863811157e-16 6.502627046174918e-22
10.778518246224262 2.3656645446719924e-24 6.768332026400729e-16 6.768325161630913e-16 6.864769816628652e-22
10.859664048220797 2.761919595436042e-24 7.961535842184612e-16 7.961528532282492e-16 7.309902119713942e-22
10.941420754335242 3.3655682387194096e-24 9.774657589637484e-16 9.774649708077482e-16 7.881560001311684e-22
10.961955922839442 3.577357451609905e-24 1.0409259171221006e-15 1.0409251101932526e-15 8.069288479311664e-22
10.982529632329763 3.8147322216912384e-24 1.1120796008993998e-15 1.1120787741927852e-15 8.267066145939391e-22
11.023792963743814 4.392975218689684e-24 1.2854619757219645e-15 1.2854611047178404e-15 8.710041244204139e-22
11.065211328886559 5.1522466650390506e-24 1.513302649933779e-15 1.5133017232153072e-15 9.267184720510323e-22
11.08597883104876 5.639575695488302e-24 1.6595483437948706e-15 1.6595473823761642e-15 9.614187062860673e-22
11.106785310247485 6.1843775666921294e-24 1.8232818399873873e-15 1.8232808405892793e-15 9.993981077644592e-22
11.14851549250461 7.480591429529217e-24 2.213718579714626e-15 2.2137174931618007e-15 1.0865528253872698e-21
11.169441129330048 8.178820750102448e-24 2.4248873427830093e-15 2.424886209472819e-15 1.1333101899547796e-21
11.190406043337886 8.803033098564626e-24 2.6148550107549933e-15 2.6148538310670338e-15 1.1796879591435939e-21
11.21140851448765 9.411073707434145e-24 2.8007141481250872e-15 2.8007129241728793e-15 1.223952208359425e-21
11.22192452720434 9.731039984065883e-24 2.8986516977874254e-15 2.8986504510322756e-15 1.2467551501737756e-21
11.232450403670388 9.872349203521946e-24 2.9435027879042168e-15 2.9435015294791616e-15 1.2584250544623061e-21
11.253533585369773 1.0002863037844201e-23 2.9880142670721552e-15 2.9880129911081824e-15 1.2759639727982118e-21
11.274656339961506 1.0046470637769059e-23 3.006673469663714e-15 3.006672177500338e-15 1.2921633750222833e-21
11.285231677511122 1.006835535666273e-23 3.0160493793919025e-15 3.0160480802532927e-15 1.2991386092000536e-21
11.295816934455262 9.952680232147556e-24 2.984194525692684e-15 2.984193227558144e-15 1.2981345403152225e-21
11.317017243752359 9.649550356989314e-24 2.898734821231381e-15 2.8987335295643885e-15 1.2916669926609869e-21
11.338257342390673 9.346453368043902e-24 2.8129537161943707e-15 2.8129524314182694e-15 1.284776101143832e-21
11.359537305047965 9.01947629283301e-24 2.719639852682821e-15 2.7196385764641763e-15 1.276218644682645e-21
11.402217121831576 8.285632701005502e-24 2.5077510270008968e-15 2.5077497736503026e-15 1.253350594236363e-21
11.423617126015266 7.903306485705394e-24 2.3965246250727686e-15 2.3965233846434884e-15 1.2404292800846219e-21
11.445057294333186 7.513211891841559e-24 2.2825118524824504e-15 2.282510625216372e-15 1.2272660790248035e-21
11.488058425037956 6.721625037552651e-24 2.049700233385617e-15 2.0496990330362526e-15 1.2003493642594994e-21
11.53122111869469 6.018635805678099e-24 1.8422255345058674e-15 1.84222435952599e-15 1.1749798772647326e-21
11.574545982324347 5.394006275845689e-24 1.6572378552451565e-15 1.6572367041636807e-15 1.1510814754861525e-21
11.618033625228566 4.8443924585049175e-24 1.4939682968311268e-15 1.493967166577199e-15 1.1302539283734774e-21
11.661684658998247 4.389110023366433e-24 1.3586487520957558e-15 1.3586476341299972e-15 1.117965758918555e-21
11.705499697522141 4.041468501097422e-24 1.2557367067819385e-15 1.2557355961597902e-15 1.110622148926622e-21
11.749479356995494 3.7722440130884005e-24 1.1764888987578014e-15 1.1764877892917215e-15 1.1094660798211145e-21
11.793624255928705 3.5425085915945335e-24 1.108990005841532e-15 1.108988895580296e-15 1.110261235978428e-21
11.83793501515603 3.401763289875997e-24 1.0689305140448134e-15 1.0689293962776465e-15 1.1177671671694936e-21
11.882412257844306 3.2824472770834834e-24 1.0353133360186153e-15 1.035312209382212e-15 1.1266364036183194e-21
11.92705660950172 3.226354041772837e-24 1.0214444105895985e-15 1.0214432701932982e-15 1.1403963004433236e-21
11.971868697986617 3.1872651964394024e-24 1.0128603691804362e-15 1.012859213567295e-15 1.155613141287755e-21
12.016849153516302 3.2129728443516376e-24 1.0248660281709938e-15 1.0248648520038875e-15 1.176167106358374e-21
12.061998608675935 3.2515903480666568e-24 1.0410810293964863e-15 1.0410798312683643e-15 1.1981281221120141e-21
12.152807060118223 3.4516513990976224e-24 1.1134557531770585e-15 1.113454499683368e-15 1.2534936910602089e-21
12.198467333490619 3.617096712086373e-24 1.1712101338226769e-15 1.1712088460354974e-15 1.2877871792717044e-21
12.244299160690385 3.802111568796798e-24 1.2357431782668052e-15 1.2357418540427184e-15 1.324224087273395e-21
12.290303186275983 4.044889616571157e-24 1.3195890526001922e-15 1.3195876855242003e-15 1.3670759916308027e-21
12.3364800572276 4.309549138101914e-24 1.4112128782339576e-15 1.4112114652451806e-15 1.4129887774642714e-21
12.382830422956244 4.614939762650541e-24 1.5168945649195435e-15 1.516893097159448e-15 1.467760095586794e-21
12.429354935312874 4.935711419371516e-24 1.6284250801567319e-15 1.6284235555326185e-15 1.5246241135938755e-21
12.476058240797144 5.245747417663172e-24 1.737217525658928e-15 1.7372159419918734e-15 1.5836670546870402e-21
12.522937033967983 5.561038379561884e-24 1.8485513637277218e-15 1.8485497195929644e-15 1.644134756583218e-21
12.569987951963114 5.809562402134993e-24 1.938419256204219e-15 1.938417554801585e-15 1.701402633032639e-21
12.593579661530361 5.895309138180872e-24 1.970721298713931e-15 1.9707195719134147e-15 1.7268005163299163e-21
12.617215648686605 5.9566234231345384e-24 1.994955000490897e-15 1.9949532505246836e-15 1.7499662138865137e-21
12.664620788327802 5.980020348040741e-24 2.0103157964246302e-15 2.0103140095379935e-15 1.786886636298461e-21
12.71220403757155 5.898564798157148e-24 1.9903829493832276e-15 1.9903811357947856e-15 1.813588442292564e-21
12.736062662318053 5.813933995665778e-24 1.965507553744929e-15 1.9655057313561046e-15 1.8223888242287988e-21
12.759966065607527 5.704235429139461e-24 1.9320412482135388e-15 1.9320394196165373e-15 1.8285970014948404e-21
12.807907544139693 5.402418239015342e-24 1.8366898241944633e-15 1.8366879926067016e-15 1.831587761773998e-21
12.856029147395699 5.065979945056493e-24 1.7287800717522388e-15 1.728778242431987e-15 1.829320251823591e-21
12.904331552136407 4.707934634736446e-24 1.6126323601137631e-15 1.6126305328032056e-15 1.8273105578164218e-21
12.95281543766539 4.341972660985481e-24 1.4928655460809086e-15 1.4928637220707298e-15 1.8240101786903303e-21
13.00148148583848 4.00791316396766e-24 1.3831859804258007e-15 1.3831841587530414e-15 1.8216727592132858e-21
13.050330381073369 3.702826302318967e-24 1.282697591944494e-15 1.2826957716620503e-15 1.8202824437535943e-21
13.099362810359226 3.426366634782417e-24 1.1913885893039262e-15 1.1913867681690426e-15 1.8211348837794515e-21
13.197981031955921 2.9628557703458557e-24 1.0379763151555857e-15 1.0379744781231792e-15 1.8370324068355904e-21
13.247568211189632 2.774917328130222e-24 9.757883894986212e-16 9.757865390217619e-16 1.850476859319711e-21
13.297341698339563 2.605025873828591e-24 9.194885025048436e-16 9.194866370634555e-16 1.8654413881158254e-21
13.397450398986955 2.3302748902350977e-24 8.28702685776773e-16 8.287007807861185e-16 1.904990654383452e-21
13.447787020368724 2.2196269117887766e-24 7.923193039639273e-16 7.92317375034253e-16 1.9289296741586533e-21
13.498312765455129 2.1181690761609353e-24 7.589436702718865e-16 7.589417160521683e-16 1.954219718112153e-21
13.59993447169816 1.951053456597586e-24 7.043287522229072e-16 7.043267395333743e-16 2.012689532902643e-21
13.702321234386334 1.8203702491359346e-24 6.62099571706263e-16 6.620974966814963e-16 2.0750247666274337e-21
13.805478813227746 1.7183254981693695e-24 6.296893403990307e-16 6.296871892076719e-16 2.151191358782576e-21
13.90941301129231 1.6277074453640388e-24 6.009724811120464e-16 6.009702495733681e-16 2.231538678306096e-21
13.96167316792965 1.5951490569983705e-24 5.911642623948924e-16 5.911619854725188e-16 2.2769223737994805e-21
14.014129675338197 1.5670628764287113e-24 5.8293749069144035e-16 5.829351667259595e-16 2.3239654809419957e-21
14.119634696140762 1.5402860402451762e-24 5.772903172028391e-16 5.772878902477078e-16 2.4269551312755126e-21
14.225934008823913 1.5190815976851428e-24 5.736292990099556e-16 5.736267632902326e-16 2.5357197231110355e-21
14.333033593193976 1.4982043960173737e-24 5.700049390840164e-16 5.700022897358991e-16 2.649348117363494e-21
14.44093947407611 1.4749781420260572e-24 5.653930494431791e-16 5.653902817143597e-16 2.76772881948071e-21
14.54965772165321 1.4525592986487054e-24 5.609912412287985e-16 5.609883497730854e-16 2.8914557129996164e-21
14.659194451807393 1.4309098573524938e-24 5.567904968726853e-16 5.567874760901581e-16 3.0207825271771287e-21
14.769555826464039 1.4094957301956125e-24 5.525869602314147e-16 5.525838043228784e-16 3.15590853642602e-21
14.992777389284976 1.3601579969937072e-24 5.413035621103997e-16 5.413001185922535e-16 3.443518146177121e-21
15.21937263962189 1.314112058129377e-24 5.308827133954799e-16 5.308789554961688e-16 3.7578993111308434e-21
15.449392566130673 1.2605332041316776e-24 5.169340405427455e-16 5.169299381534515e-16 4.1023892939504765e-21
15.682888928090767 1.2116375588511614e-24 5.043920432618454e-16 5.043875257202223e-16 4.517541623056069e-21
15.919914267052077 1.1575758390962252e-24 4.891697709877236e-16 4.891647827608113e-16 4.988226912496715e-21
16.03976693895051 1.1331564347270603e-24 4.824556046838669e-16 4.824503572325435e-16 5.247451323391287e-21
16.1605219186579 1.1252104072966393e-24 4.826791686372903e-16 4.82673647463384e-16 5.521173906296965e-21
16.22123989475974 1.1231793153387205e-24 4.83618133925138e-16 4.83612466863161e-16 5.667061976973287e-21
16.282185999175777 1.1211543229402699e-24 4.84559977458408e-16 4.845541606005201e-16 5.816857887874744e-21
16.312744867225646 1.1201440304367707e-24 4.850319480573236e-16 4.850260548001022e-16 5.893257221498527e-21
16.343361089024967 1.1191351639316365e-24 4.855046020451428e-16 4.854986313679773e-16 5.9706771654890535e-21
16.404766024646595 1.1171215773291229e-24 4.864519111501784e-16 4.864457825105845e-16 6.128639593926586e-21
16.466401669612416 1.1151133105147333e-24 4.874018103119843e-16 4.873955194425617e-16 6.29086942263619e-21
16.497306278852424 1.1141110946866302e-24 4.878777019247753e-16 4.878713283000604e-16 6.373624714987458e-21
16.528268890738765 1.113110117422205e-24 4.88354206400302e-16 4.883477489047153e-16 6.45749558674221e-21
16.590368558098763 1.1111117568941717e-24 4.893090069318654e-16 4.893023782799245e-16 6.628651940884244e-21
16.65270154503456 1.1090212314855075e-24 4.902233485097273e-16 4.902165438656418e-16 6.804644085297989e-21
16.715268728169598 1.1065252802438929e-24 4.909577688036707e-16 4.909507826223429e-16 6.986181327893153e-21
16.778070987420957 1.1040399558407596e-24 4.916955203798614e-16 4.91688347665206e-16 7.172714655383946e-21
16.9043842704834 1.0990999602759542e-24 4.9318059673642825e-16 4.93173035337263e-16 7.561399165163768e-21
17.03164849990255 1.0941988657408578e-24 4.946777523434271e-16 4.946697803230921e-16 7.972020334952293e-21
17.159870834853997 1.0892255355637124e-24 4.961365951294671e-16 4.96128189038864e-16 8.40609060309514e-21
17.289058488411015 1.0832614864233573e-24 4.971347016097496e-16 4.971258357621072e-16 8.865847642327567e-21
17.35401657858945 1.0803044381673056e-24 4.976403665956026e-16 4.976312610116901e-16 9.105583912397657e-21
17.386587088641786 1.0788319895979017e-24 4.978947982390069e-16 4.978855702272518e-16 9.228011754999955e-21
17.419218727950305 1.0773635287408957e-24 4.981502758354068e-16 4.981409236515143e-16 9.352183892406844e-21
17.48466585346766 1.0744383871245287e-24 4.986643099246503e-16 4.986547040465032e-16 9.60587814717215e-21
17.550358875560836 1.0715286507335583e-24 4.991823512425627e-16 4.991724843353899e-16 9.866907172697663e-21
17.682486308455736 1.065633704069405e-24 5.001735381707836e-16 5.001631323728798e-16 1.0405797903853933e-20
17.81560845938729 1.0586629583346061e-24 5.00642610434902e-16 5.006316969151514e-16 1.0913519750392524e-20
17.882544892141226 1.0552149631430149e-24 5.008869282609235e-16 5.008757509465219e-16 1.1177314401628938e-20
17.949732817065083 1.051791177745357e-24 5.011375497340005e-16 5.01126102239081e-16 1.1447494919473439e-20
18.084866926577256 1.045014196701054e-24 5.016570742624988e-16 5.016450695671148e-16 1.2004695383919143e-20
18.221018389814958 1.0384224484217982e-24 5.022456078786001e-16 5.022330160233153e-16 1.2591855284728243e-20
18.496404071615608 1.0275628403881822e-24 5.045045972050656e-16 5.044907273163712e-16 1.386988869430944e-20
18.635790038622734 1.0253116088888271e-24 5.071928428545109e-16 5.071782805553715e-16 1.45622991395165e-20
18.776226396166493 1.022981411438095e-24 5.098535980216722e-16 5.098383048422532e-16 1.5293179418848012e-20
18.91772105982334 1.0202070935771307e-24 5.123026347998871e-16 5.122865680887782e-16 1.6066711108799396e-20
19.203636446149176 1.0145777705721404e-24 5.171758670911696e-16 5.171581211068832e-16 1.7745984286337878e-20
19.4938730510763 1.0081364449810525e-24 5.216592128209047e-16 5.216395923788112e-16 1.9620442093660653e-20
19.78849618389234 1.0010394077163956e-24 5.258155182017733e-16 5.257937996875326e-16 2.1718514240661208e-20
20.08757214094514 9.93110785248452e-25 5.295348908697079e-16 5.295108195041188e-16 2.4071365589111047e-20
20.391466406516905 9.845184391768803e-25 5.328951231610681e-16 5.328684022233413e-16 2.672093772710321e-20
20.699681925472166 9.755575489997683e-25 5.360261768884073e-16 5.35996545006807e-16 2.963188160039187e-20
21.012556099387844 9.663076935419654e-25 5.389689625249936e-16 5.389361420593103e-16 3.2820465683433325e-20
21.652507708764745 9.544343223132268e-25 5.485594278702476e-16 5.485189595797681e-16 4.046829047961751e-20
21.979755641372343 9.487594827515637e-25 5.535392520365986e-16 5.534941715603701e-16 4.508047622829118e-20
22.311949477282987 9.425420654573319e-25 5.582229566677011e-16 5.581726218348002e-16 5.0334832900809477e-20
22.64916396703608 9.356611512851884e-25 5.625228996921288e-16 5.624665583556745e-16 5.634133645419043e-20
22.991811201917592 9.282395631017902e-25 5.665036240082797e-16 5.664403805234691e-16 6.324348481052638e-20
23.339642165776596 9.201552483017338e-25 5.70065467654572e-16 5.699942714356425e-16 7.119621892950467e-20
23.69273528050995 9.115542844164316e-25 5.732805028625551e-16 5.732001033044869e-16 8.039955806813147e-20
24.414313559781952 8.969109051424573e-25 5.812503876345984e-16 5.811467681395693e-16 1.0361949502905406e-19
24.78366481022829 8.903106828712978e-25 5.857017806316454e-16 5.855835467388418e-16 1.1823389280354902e-19
25.15860378059443 8.8399041074922e-25 5.903417828398719e-16 5.902064201837837e-16 1.3536265608824302e-19
25.924826076583233 8.702348630204472e-25 5.988551136826345e-16 5.986757572360724e-16 1.7935644656230468e-19
26.714384190886577 8.55816858821049e-25 6.068696769712761e-16 6.066282451226194e-16 2.414318486567126e-19
27.527988831636016 8.408698646766643e-25 6.144304139206846e-16 6.141003724041654e-16 3.3004151651922613e-19
28.366372352060132 8.26260314247646e-25 6.221428670899176e-16 6.216851136399689e-16 4.577534499488465e-19
29.2302894097004 8.1273883105618495e-25 6.305994075171396e-16 6.299566126846044e-16 6.42794832535315e-19
30.12051764570424 7.991721486135575e-25 6.389578418332592e-16 6.380457266852061e-16 9.121151480531835e-19
30.575747924857424 7.919945028388103e-25 6.427893750877993e-16 6.416992365867976e-16 1.0901385010018152e-18
31.037858384806153 7.845723228551116e-25 6.46389307662827e-16 6.450840065294563e-16 1.3053011333705113e-18
31.983137356627505 7.704181175245095e-25 6.540590866819428e-16 6.521804445243382e-16 1.8786421576047774e-18
32.95720543894392 7.584203389879223e-25 6.634829751663956e-16 6.607693412575829e-16 2.713633908812856e-18
33.960939423588975 7.471822874094928e-25 6.735590817718312e-16 6.696377472970783e-16 3.921334474752729e-18
34.99524280568484 7.350241400156418e-25 6.827788295432005e-16 6.771295688866362e-16 5.649260656564203e-18
36.06104659690874 7.236543478164762e-25 6.926900284947115e-16 6.845863029051314e-16 8.103725589580035e-18
37.159310163528254 7.155041172863298e-25 7.057472804142227e-16 6.941988336642973e-16 1.1548446749925381e-17
38.29102208995955 7.094735704975453e-25 7.211118189702229e-16 7.047722087656047e-16 1.6339610204618307e-17
39.45720106862597 7.041410068185111e-25 7.37488656843169e-16 7.145831139874543e-16 2.2905542855714577e-17
40.65889681691763 7.010364184791454e-25 7.565987228882098e-16 7.247790861024959e-16 3.181963678571409e-17
41.897191022077855 7.01913817764979e-25 7.806172281095057e-16 7.368567515516773e-16 4.37604765578286e-17
43.173198314866475 7.0682185686285415e-25 8.100160541691798e-16 7.504262101991628e-16 5.958984397001694e-17
44.48806727287728 7.156885152403904e-25 8.451562742553533e-16 7.649223812206319e-16 8.023389303472139e-17
45.8429814544115 7.295566335043799e-25 8.877717036454533e-16 7.808885173829815e-16 1.0688318626247175e-16
47.23916046383907 7.49447874537314e-25 9.39751518247387e-16 7.990249496247984e-16 1.4072656862258863e-16
48.67786104940597 7.761338842931965e-25 1.0028536601739056e-15 8.195917469489731e-16 1.832619132249323e-16
50.16037823447602 8.1022694968340855e-25 1.0787900203313393e-15 8.42938794571491e-16 2.358512257598484e-16
51.68804648322576 8.524615079662447e-25 1.1695918399566554e-15 8.694070925081024e-16 3.0018474744855307e-16
53.26224090184056 9.030328368993262e-25 1.27671044199328e-15 8.991058632964628e-16 3.77604578696817e-16
54.884378476295105 9.62526345836234e-25 1.4022673082197288e-15 9.32516431746409e-16 4.697508764733196e-16
56.55591934783037 1.0313633664563641e-24 1.5483145711217644e-15 9.706444747755175e-16 5.776700963462469e-16
58.27836812727644 1.1095850003276494e-24 1.7164746453077993e-15 1.0138935057414975e-15 7.025811395663024e-16
60.05327524940399 1.198204374873309e-24 1.9100161191729726e-15 1.061843253974902e-15 8.481728651980708e-16
61.88223836852342 1.2978141317675643e-24 2.1318073059238554e-15 1.1147481312573372e-15 1.017059174666518e-15
62.81758386220369 1.3517040544206868e-24 2.2538877218349643e-15 1.1435257555094547e-15 1.11036196632551e-15
63.7670670344103 1.4099017598287298e-24 2.3864631227785436e-15 1.1739724364796877e-15 1.2124906862988555e-15
65.70913619443517 1.5380369512531739e-24 2.6826373108471445e-15 1.2400828962753363e-15 1.4425544145718082e-15
67.71035238438829 1.675508560261552e-24 3.011418805030173e-15 1.3121289593755001e-15 1.6992898456546728e-15
69.77251696707448 1.819529421439339e-24 3.3698681229789135e-15 1.3897022841036569e-15 1.980165838875257e-15
71.89748616702131 1.9703477056072647e-24 3.760330449821793e-15 1.4740024399249318e-15 2.2863280098968598e-15
74.08717274132995 2.1267156026239854e-24 4.1823644286929336e-15 1.5656977982912671e-15 2.616666630401667e-15
76.34354770141287 2.286998770932733e-24 4.634551389225897e-15 1.6634830469252022e-15 2.971068342300694e-15
78.66864208716851 2.4495162647465888e-24 5.1150680322835725e-15 1.766239875787453e-15 3.3488281564961192e-15
81.06454879518883 2.6135357452162244e-24 5.623786787933914e-15 1.874334314635434e-15 3.74945247329848e-15
83.5334244626476 2.7807531916179347e-24 6.1658387546999065e-15 1.9879313340060093e-15 4.177907420693897e-15
86.07749140856238 2.945151809870813e-24 6.729250887234278e-15 2.105765018792218e-15 4.6234858684420625e-15
88.69903963417964 3.099459942486259e-24 7.297504619602071e-15 2.2265091228967932e-15 5.070995496705279e-15
91.4004288842828 3.2440260922267317e-24 7.870494238086195e-15 2.349593172283395e-15 5.520901065802802e-15
94.18409077127889 3.3771566095784525e-24 8.443027101869746e-15 2.4743752532396934e-15 5.9686518486300524e-15
97.05253096397554 3.497872418722605e-24 9.011150924029922e-15 2.5996396105022913e-15 6.4115113135276295e-15
100.00833144301866 3.61142113724548e-24 9.587022577375363e-15 2.7243403216773995e-15 6.862682255697963e-15
103.05415282502196 3.711944199546716e-24 1.0153981539286433e-14 2.8472426743528576e-15 7.306738864933575e-15
106.19273675747671 3.805238744327318e-24 1.0726206568368106e-14 2.966794264950741e-15 7.759412303417366e-15
109.4269083866038 3.88459384512501e-24 1.1283379107553418e-14 3.0820907379697046e-15 8.201288369583712e-15
112.75957890036308 3.941023681182411e-24 1.179592283517112e-14 3.1928620150299933e-15 8.603060820141125e-15
116.1937481489129 3.977110891437658e-24 1.2266478294078123e-14 3.297595238222676e-15 8.968883055855449e-15
119.73250734487735 3.987215076110052e-24 1.2672175328795178e-14 3.3941481068332166e-15 9.278027221961963e-15
123.37904184585196 3.975633775517407e-24 1.3020186282490908e-14 3.4820483284457434e-15 9.538137954045162e-15
127.13663402165271 3.939134518242753e-24 1.3293549409548869e-14 3.5620144126056696e-15 9.731534996943198e-15
131.0086662088879 3.8821829276272934e-24 1.3500363234746127e-14 3.632851177631837e-15 9.86751205711429e-15
134.99862375551584 3.803022534595501e-24 1.3627860300487997e-14 3.69233462587624e-15 9.935525674611756e-15
139.11009815812417 3.706068079727611e-24 1.3684895425966701e-14 3.740281766255943e-15 9.94461365971076e-15
143.3467902947586 3.595677409164834e-24 1.368163901659207e-14 3.77806789315205e-15 9.903571123440027e-15
147.71251375620898 3.474380260127806e-24 1.3622727548854608e-14 3.805345016709225e-15 9.81738253214538e-15
152.21119827875228 3.361732713311686e-24 1.358248450686403e-14 3.820605161922639e-15 9.761879344941387e-15
156.84689328144228 3.2564110396915126e-24 1.3557654814916698e-14 3.823800247497501e-15 9.733854567419199e-15
159.21741877681018 3.200156324326954e-24 1.3524811023558012e-14 3.821278210065789e-15 9.703532813492223e-15
161.62377151112827 3.1403831030478906e-24 1.3472782597196698e-14 3.816122073893199e-15 9.656660523303503e-15
166.54613279848823 3.0117640371372885e-24 1.3314502055266078e-14 3.798026042138988e-15 9.516476013127088e-15
171.61840792845166 2.8805661061249263e-24 1.3122335830190233e-14 3.769228630235114e-15 9.35310719995512e-15
176.84516262850022 2.7501658810478287e-24 1.2909859257678488e-14 3.730014419913393e-15 9.179844837765095e-15
179.5181642894721 2.684147507469507e-24 1.2790402471076565e-14 3.706794066648802e-15 9.083608404427762e-15
182.2315681744764 2.6141093720456282e-24 1.2644940776601758e-14 3.6812957667417694e-15 8.963645009859987e-15
187.78155384880017 2.465834837103486e-24 1.2290975286563534e-14 3.623842678800616e-15 8.667132607762918e-15
190.61961427604518 2.3927543601788484e-24 1.2106960785912477e-14 3.592017927968074e-15 8.514942857944402e-15
193.5005680909718 2.3209073027974386e-24 1.1920911737923164e-14 3.5582317562723434e-15 8.362679981650818e-15
199.3937587803602 2.1832207696079133e-24 1.1555231420039355e-14 3.485189759930246e-15 8.070041660109107e-15
205.46643057848152 2.053365586856394e-24 1.1198931509579334e-14 3.4052693692243225e-15 7.79366214035501e-15
211.72404970390772 1.9366381048280415e-24 1.0883989095470081e-14 3.3190601067180715e-15 7.564928988752012e-15
218.17224885259444 1.8227408162539096e-24 1.0555865794375036e-14 3.22765586692896e-15 7.328209927446076e-15
224.8168322680627 1.7055565139388064e-24 1.0178045116531152e-14 3.132207426137171e-15 7.045837690393979e-15
231.66378096599615 1.5899768157338732e-24 9.777287030515582e-15 3.0329775536474375e-15 6.744309476868144e-15
238.71925811795668 1.4758791725887152e-24 9.352068802604442e-15 2.9301072244191084e-15 6.4219615781853324e-15
245.98961459906556 1.365402557137448e-24 8.915524894093847e-15 2.8248828835593863e-15 6.090642010534461e-15
249.71106150874405 1.309993419781236e-24 8.683130497706477e-15 2.7718770856525506e-15 5.911253412053927e-15
253.4888082224776 1.2544998115208284e-24 8.441095679708484e-15 2.7187766985173393e-15 5.722318981191144e-15
261.20898134247824 1.149133724325469e-24 7.967610750489913e-15 2.6119186445519857e-15 5.35569210593793e-15
269.1642775569489 1.0557053343129623e-24 7.542747516445903e-15 2.5038395023795387e-15 5.0389080140663634e-15
277.3618576987742 9.69390859939731e-25 7.136990046764056e-15 2.3957040161144995e-15 4.741286030649557e-15
285.8091006888481 8.808638144976256e-25 6.682735252640144e-15 2.288951041878006e-15 4.393784210762138e-15
294.5136101780917 7.969648604902435e-25 6.2303719626713575e-15 2.183478729572332e-15 4.046893233099024e-15
303.4832213917586 7.238257785807606e-25 5.830934521609137e-15 2.079002095007514e-15 3.751932426601623e-15
312.7260081821858 6.5773156934675745e-25 5.4598677299720054e-15 1.9762320595694013e-15 3.483635670402604e-15
322.25029029634635 5.981386146883253e-25 5.116401184964025e-15 1.8760038443064944e-15 3.2403973406575314e-15
332.0646408647343 5.436744435227731e-25 4.7921564149375e-15 1.7783839824521927e-15 3.0137724324853055e-15
342.17789411833206 4.927728236463143e-25 4.475773810836451e-15 1.6833370367157977e-15 2.792436774120654e-15
352.59915334060224 4.456507107179158e-25 4.171049094532723e-15 1.591115094354023e-15 2.5799340001786996e-15
363.337799061663 4.028865835175976e-25 3.885642309524724e-15 1.5020158317864389e-15 2.3836264777382848e-15
374.40349750202313 3.6401954544766354e-25 3.617712355619405e-15 1.4161361069023668e-15 2.2015762487170373e-15
380.062092440151 3.459050364393373e-25 3.4896419862444096e-15 1.3744361816241877e-15 2.1152058046202225e-15
385.80620927347337 3.286168940761109e-25 3.3653367853976093e-15 1.333574137669104e-15 2.031762647728506e-15
397.5561983449763 2.963639830036082e-25 3.1274716740107976e-15 1.2543647661232151e-15 1.873106907887583e-15
409.6640412816112 2.667540570949987e-25 2.9007367114590354e-15 1.178438317089753e-15 1.722298394369282e-15
415.8555509384264 2.528925539151695e-25 2.791566502048699e-15 1.1417116292376478e-15 1.6498548728110513e-15
422.1406367649012 2.3964850981877136e-25 2.685352649354078e-15 1.1058146358978173e-15 1.5795380134562607e-15
434.9972154030873 2.151260806608184e-25 2.4839850339660034e-15 1.0366204532772993e-15 1.4473645806887037e-15
448.24534984018095 1.9301031589396766e-25 2.2964962860477308e-15 9.708347520533063e-16 1.3256615339944245e-15
461.89696517289525 1.7307263962773637e-25 2.1219881740847974e-15 9.082416304851783e-16 1.2137465435996191e-15
475.9643496848308 1.5511612403970448e-25 1.959750581941993e-15 8.487462487888753e-16 1.1110043331531178e-15
490.4601659075747 1.3884956770214884e-25 1.8076639860917783e-15 7.924790496655563e-16 1.0151849364262214e-15
505.39746201868155 1.2408832469363535e-25 1.6646901543450498e-15 7.394293876843875e-16 9.252607666606619e-16
520.7896835867783 1.1081701765084897e-25 1.5319276813192396e-15 6.893991727374416e-16 8.425285085817981e-16
536.6506856743796 9.894538115085576e-26 1.4094726317877759e-15 6.42278684776943e-16 7.671939470108324e-16
552.9947453093008 8.829407810393493e-26 1.296050768645134e-15 5.979108102588708e-16 6.981399583862634e-16
569.8365743358964 7.873481784503883e-26 1.1909309465836387e-15 5.561745095147603e-16 6.347564370688784e-16
587.1913326576936 7.016399441867883e-26 1.0936122715665616e-15 5.169628813999352e-16 5.766493901666266e-16
605.0746418833327 6.248652656571591e-26 1.0036095141072483e-15 4.801675552019671e-16 5.234419589052812e-16
623.502599388115 5.561554306365337e-26 9.204578030349652e-16 4.456792101589695e-16 4.747785928759957e-16
642.4917928037942 4.9471620180269287e-26 8.437099114869879e-16 4.133884575865779e-16 4.3032145390041e-16
662.0593149496696 4.398226282365219e-26 7.729366540056344e-16 3.8318752445445187e-16 3.897491295511827e-16
682.2227792184137 3.9081510093402595e-26 7.077289901886062e-16 3.549695773290192e-16 3.5275941285958705e-16
703.0003354304876 3.470949002080343e-26 6.47698957459182e-16 3.2863031961014885e-16 3.1906863784903296e-16
724.4106861714122 3.08119306033626e-26 5.924793145936436e-16 3.040685426223167e-16 2.8841077197132677e-16
746.4731036265977 2.733964996163856e-26 5.417220921618269e-16 2.811840776660163e-16 2.6053801449581075e-16
769.2074469289008 2.4248196333874428e-26 4.950993463525206e-16 2.5987987247797763e-16 2.352194738745431e-16
792.6341800345017 2.1497480847508502e-26 4.523033452709251e-16 2.4006350712039117e-16 2.122398381505339e-16
816.7743901432078 1.9051385300527552e-26 4.130457001783243e-16 2.2164613636858218e-16 1.9139956380974203e-16
841.6498066797607 1.687735883750081e-26 3.7705555659483617e-16 2.0454177662390032e-16 1.7251377997093593e-16
867.2828208532309 1.4946117959199497e-26 3.440793289328724e-16 1.8866797345054486e-16 1.5541135548232755e-16
893.6965058121084 1.323141784887053e-26 3.138816144051946e-16 1.7394667672091175e-16 1.399349376842828e-16
920.9146374132232 1.1709725690129123e-26 2.862434320467247e-16 1.6030368776205078e-16 1.2593974428467395e-16
948.9617156232121 1.0359915103102165e-26 2.6096022694888053e-16 1.4766809807467993e-16 1.132921288742006e-16
977.8629865717667 9.16307488686389e-27 2.378420704379748e-16 1.359727366728644e-16 1.0186933376511035e-16
1007.6444652765354 8.102300009378477e-27 2.1671305622951212e-16 1.2515409233830957e-16 9.155896389120253e-17
1038.332959060126 7.162480015249109e-27 1.9741015794836774e-16 1.1515211375540382e-16 8.225804419296395e-17
1069.95609168029 6.330126709954978e-27 1.7978265598506824e-16 1.0591029393961684e-16 7.387236204545139e-17
1102.542328195006 5.593213354163935e-27 1.6369148574546774e-16 9.737556350892921e-17 6.63159222365385e-17
1136.1210005848498 4.9410079135561405e-27 1.4900799468627603e-16 8.949777591687407e-17 5.951021876940199e-17
1170.7223341557005 4.363949124183837e-27 1.3561352835812265e-16 8.222984765006813e-17 5.3383680708054494e-17
1206.3774747455793 3.8535316014358646e-27 1.2339898213856457e-16 7.552778524668904e-17 4.787119689187551e-17
1243.1185167600695 3.4021886894456234e-27 1.1226396194397842e-16 6.935040255782632e-17 4.291355938615209e-17
1280.9785320615858 3.003192447839623e-27 1.0211615354182068e-16 6.365924013017297e-17 3.845691341164774e-17
1319.9915997384837 2.650554765310564e-27 9.287041418852508e-17 5.841812769930592e-17 3.4452286489219153e-17
1360.1928367808064 2.3389613408511342e-27 8.444869838316806e-17 5.3593421103236563e-17 3.0855277279931514e-17
1401.618429690285 2.0637013440321036e-27 7.677964139897998e-17 4.9153906159757345e-17 2.7625735239222654e-17
1444.305667053031 1.8205918857001238e-27 6.979770631529722e-17 4.5070458139357086e-17 2.4727248175940125e-17
1488.2929731042755 1.60591817946794e-27 6.344264468447354e-17 4.1315799102904214e-17 2.2126845581569346e-17
1533.6199423153234 1.4163888145740163e-27 5.76593402357971e-17 3.7864625562219164e-17 1.9794714673577935e-17
1580.327375033885 1.249089102673019e-27 5.239742150483981e-17 3.4693538741450184e-17 1.7703882763389643e-17
1628.457314209858 1.1014374038550627e-27 4.761081687242846e-17 3.178081327187788e-17 1.583000360055059e-17
1678.0530832396191 9.711455321782502e-28 4.3257303601916354e-17 2.910620460650621e-17 1.4151098995410143e-17
1729.1593249628888 8.561883954050787e-28 3.929830159499335e-17 2.6650957486942123e-17 1.2647344108051228e-17
1781.8220418472597 7.547757798141868e-28 3.5698643646892136e-17 2.439777462561513e-17 1.1300869021276996e-17
1836.0886373966016 6.653238051278472e-28 3.2426206098455466e-17 2.233064167894569e-17 1.0095564419509776e-17
1892.007958820556 5.864312038104631e-28 2.945163861953751e-17 2.0434703676506594e-17 9.016934943030915e-18
1949.6303410035755 5.16858555905044e-28 2.674812953967462e-17 1.8696204307163697e-17 8.05192523251092e-18
2009.0076518130663 4.555119008846756e-28 2.4291299682261763e-17 1.7102506459309467e-17 7.18879322295229e-18
2070.1933387874215 4.0142478761046435e-28 2.2058934246597824e-17 1.5641947764672205e-17 6.416986481925625e-18
2133.242477245972 3.537420782411682e-28 2.0030711634515285e-17 1.430370857429224e-17 5.727003060223041e-18
2198.211819864143 3.117086953642967e-28 1.8188123281291518e-17 1.3077816618202741e-17 5.1103066630887734e-18
2265.1598477584885 2.7465831834316683e-28 1.6514333259963256e-17 1.1955093667399897e-17 4.5592395925633566e-18
2334.1468231275226 2.4200250220599354e-28 1.4993998399609857e-17 1.0927079054711752e-17 4.06691934489811e-18
2405.2348434957767 2.13222025058587e-28 1.3613161079581807e-17 9.985981246054747e-18 3.627179833527061e-18
2478.487897609897 1.8785880577361977e-28 1.2359126938602803e-17 9.12463178192389e-18 3.2344951566789116e-18
2553.971923037092 1.6550827198362757e-28 1.1220320334521368e-17 8.336424066109034e-18 2.883896268412331e-18
2631.7548655177807 1.4581343368286964e-28 1.018620482186623e-17 7.615277527769895e-18 2.57092729409633e-18
2711.906740125872 1.28459570062761e-28 9.247208452266605e-18 6.955607447774262e-18 2.2916010044923415e-18
2794.4996942916955 1.1316904124027046e-28 8.394621824912219e-18 6.352276750985046e-18 2.0423450739271717e-18
2879.6080727443887 9.969706515871344e-29 7.620530214887722e-18 5.80056909241447e-18 1.8199611224732533e-18
2967.308484432098 8.782788085064831e-29 6.917744782018084e-18 5.296156300001705e-18 1.6215884820163793e-18
3057.6798714803062 7.737112098005237e-29 6.2797208188711555e-18 4.8350578130446904e-18 1.4446630058264641e-18
