Dust emission spectrum from A.P. Jones, M. Kohler, N. Ysard, M. Bocchio, and L. Verstraete (2017), A&A, 602A, 46J 
inside the DustPedia framework.

lambda    nu*dP/dnu     j_nu    j_nu(carb.) j_nu(sil)
 (um)   (erg s-1 H-1) (Jy cm2 sr-1 H-1)
0.9927057738263894 6.516052826156172e-26 1.7170169301333375e-18 1.7170169301333375e-18 8.094517845791e-41
1.0001793341362166 6.623251457859702e-26 1.7584035571937245e-18 1.7584035571937245e-18 1.1310288141914842e-40
1.0077091589558085 6.730284849978433e-26 1.800271823996191e-18 1.800271823996191e-18 1.5777324338932817e-40
1.0114953028030835 6.783726387958967e-26 1.821384457722467e-18 1.821384457722467e-18 1.8622474803535754e-40
1.0152956718711033 6.837110827139376e-26 1.8426149377549585e-18 1.8426149377549585e-18 2.197127002295628e-40
1.0229392996569957 6.943634949522886e-26 1.8854116110461494e-18 1.8854116110461494e-18 3.054389439904551e-40
1.0267826658714554 6.996644955387768e-26 1.9069433763997155e-18 1.9069433763997155e-18 3.5989134706546734e-40
1.0306404723013447 7.04957441079471e-26 1.928588287335211e-18 1.928588287335211e-18 4.238629163101478e-40
1.03451277320114 7.102418205791475e-26 1.9503454041144497e-18 1.9503454041144497e-18 4.989820374631118e-40
1.0383996230291617 7.155171259366961e-26 1.972213775462406e-18 1.972213775462406e-18 5.871490741867071e-40
1.0403485208654093 7.181512178458162e-26 1.9831893812266936e-18 1.9831893812266936e-18 6.3680454462724826e-40
1.0423010764483396 7.20782852041969e-26 1.9941924387910582e-18 1.9941924387910582e-18 6.905806199875019e-40
1.0462171883269815 7.260384968703815e-26 2.016280420423241e-18 2.016280420423241e-18 8.118607472652143e-40
1.0471985131304309 7.273507743482631e-26 2.021819381675697e-18 2.021819381675697e-18 8.453121404976194e-40
1.048180758391296 7.286623827895932e-26 2.0273650983520055e-18 2.0273650983520055e-18 8.801164472540112e-40
1.0501480137395462 7.312835615753894e-26 2.0384767358167637e-18 2.0384767358167637e-18 9.540003260407386e-40
1.0521189612883777 7.339019713833306e-26 2.049615208088844e-18 2.049615208088844e-18 1.0339666831135815e-39
1.0531058218030118 7.35208098519045e-26 2.055188821076107e-18 2.055188821076107e-18 1.07638201229736e-39
1.0540936079674168 7.365068918031784e-26 2.06075056647243e-18 2.06075056647243e-18 1.1205030693512553e-39
1.058054026499678 7.41694486078685e-26 2.083062629648984e-18 2.083062629648984e-18 1.3154449264637339e-39
1.0590464539527713 7.429894519944806e-26 2.0886568357842414e-18 2.0886568357842414e-18 1.3691649417649493e-39
1.06003981227728 7.442836297230756e-26 2.0942574858998274e-18 2.0942574858998274e-18 1.4250369083115158e-39
1.0620293250338977 7.468695904802783e-26 2.105478053458006e-18 2.105478053458006e-18 1.543577556426524e-39
1.0660195594769086 7.520317230311002e-26 2.1279958035010265e-18 2.1279958035010265e-18 1.8104198289598132e-39
1.070024785945596 7.571804054548265e-26 2.1506148359128972e-18 2.1506148359128972e-18 2.1223848870718407e-39
1.0740450607676866 7.623151632536197e-26 2.1733340975863574e-18 2.1733340975863574e-18 2.4869210467655686e-39
1.07808044048254 7.674355257838597e-26 2.19615252639597e-18 2.19615252639597e-18 2.9126742323838168e-39
1.0861967418109137 7.77622109627277e-26 2.2420563773480095e-18 2.2420563773480095e-18 3.989547190600567e-39
1.0902777775684922 7.826667341754261e-26 2.265079599441806e-18 2.265079599441806e-18 4.665754885701819e-39
1.0943741465085532 7.876947611984212e-26 2.2881959619192073e-18 2.2881959619192073e-18 5.453923594417082e-39
1.1026131145906286 7.97699236354741e-26 2.334703654243956e-18 2.334703654243956e-18 7.441270195687208e-39
1.1109141095355224 8.076320061926125e-26 2.3815704734439947e-18 2.3815704734439947e-18 1.013287752387521e-38
1.1192775983109025 8.174803434248464e-26 2.4287597858720855e-18 2.4287597858720855e-18 1.377085843631933e-38
1.1277040513999907 8.271982875399826e-26 2.476134324307921e-18 2.476134324307921e-18 1.8677706636781114e-38
1.1361939428280308 8.368330594151881e-26 2.523833679665576e-18 2.523833679665576e-18 2.528270133195656e-38
1.1447477501889525 8.463814497315675e-26 2.5718484171839703e-18 2.5718484171839703e-18 3.415534433563948e-38
1.1533659546722406 8.558455610778247e-26 2.620185043072443e-18 2.620185043072443e-18 4.604987737941913e-38
1.1707974979042381 8.745517981262574e-26 2.717920540094204e-18 2.717920540094204e-18 8.321001305891879e-38
1.1884924949847024 8.928806212406167e-26 2.8168211565205963e-18 2.8168211565205963e-18 1.4916065092640964e-37
1.2064549276569216 9.109763948425816e-26 2.917344108674967e-18 2.917344108674967e-18 2.652721956188315e-37
1.2246888378427687 9.286403750564623e-26 3.018858480622852e-18 3.018858480622852e-18 4.680303890664991e-37
1.2431983285522175 9.458311814315797e-26 3.1212135095882876e-18 3.1212135095882876e-18 8.192479140645697e-37
1.2619875648066055 9.625424770028979e-26 3.2243665910868364e-18 3.2243665910868364e-18 1.4227705389084094e-36
1.3004222497298317 9.942476361083105e-26 3.432008791264257e-18 3.432008791264257e-18 4.191570713751786e-36
1.3400274889804893 1.0236322653859442e-25 3.641053892425175e-18 3.641053892425175e-18 1.1972805507089354e-35
1.3808389325824078 1.0505878428937553e-25 3.8507455963261065e-18 3.8507455963261065e-18 3.3176687884117687e-35
1.4228933163050095 1.0752478642204845e-25 4.061162440876474e-18 4.061162440876474e-18 8.923905979894684e-35
1.466228494730424 1.0982122037597267e-25 4.2742247408147746e-18 4.2742247408147746e-18 2.3317753281657387e-34
1.5108834753276823 1.119030264406625e-25 4.4878903408315866e-18 4.4878903408315866e-18 5.921932302652496e-34
1.5568984535646726 1.1373377675379224e-25 4.70023077036028e-18 4.700230770360278e-18 1.4626389037778445e-33
1.6043148490894465 1.1531690827752872e-25 4.910797503941732e-18 4.910797503941731e-18 3.51568153229084e-33
1.6531753430134553 1.166573333829579e-25 5.119179960812384e-18 5.1191799608123764e-18 8.22938813276798e-33
1.7035239163302658 1.1777127977684866e-25 5.325459210147781e-18 5.325459210147761e-18 1.877241949460492e-32
1.755405889504358 1.1875243785436115e-25 5.533367540483293e-18 5.5333675404832514e-18 4.176916161239289e-32
1.8088679632656115 1.1957759504871955e-25 5.741509856756638e-18 5.741509856756547e-18 9.070593233202831e-32
1.8639582606462262 1.2023102888977162e-25 5.9487015373353104e-18 5.9487015373351186e-18 1.9236667238448349e-31
1.9207263702978936 1.2072402638962263e-25 6.1550083104373605e-18 6.1550083104369614e-18 3.9867150130463605e-31
1.979223391128241 1.210829455213461e-25 6.361319741977003e-18 6.361319741976195e-18 8.079701246319617e-31
2.039501978296691 1.2133933442321966e-25 6.568938143770396e-18 6.568938143768794e-18 1.6023696938180908e-30
2.1016163906111602 1.2158166298597974e-25 6.782518066601675e-18 6.782518066598563e-18 3.1120734786939172e-30
2.1656225393682647 1.2186115954062743e-25 7.005151015051382e-18 7.005151015045458e-18 5.9231976102262726e-30
2.231578038680979 1.221813911915243e-25 7.237466685732034e-18 7.237466685720981e-18 1.10536483548122e-29
2.299542257339062 1.2257298986813785e-25 7.481791608966928e-18 7.481791608946694e-18 2.0236816935280542e-29
2.369576372248914 1.2310383774105197e-25 7.743044157076093e-18 7.743044157039726e-18 3.636907252492744e-29
2.4417434235010123 1.2385411032239478e-25 8.02749204263237e-18 8.027492042568172e-18 6.419923270415e-29
2.5161083711144245 1.2496117064077243e-25 8.34591314471994e-18 8.345913144608559e-18 1.1138260553818417e-28
2.5927381535095444 1.2664988496782499e-25 8.716314487047419e-18 8.716314486857357e-18 1.9006114459508647e-28
2.6717017477616296 1.2918887793825467e-25 9.161836429019507e-18 9.161836428700365e-18 3.1914078433974655e-28
2.753070231689431 1.3298262761418406e-25 9.718106038568161e-18 9.718106038040618e-18 5.2754387304215595e-28
2.836916847834745 1.3894759957532034e-25 1.0463261705151383e-17 1.0463261704292327e-17 8.590581158928097e-28
2.9233170693905177 1.4910237856723103e-25 1.1569908573246375e-17 1.1569908571867401e-17 1.378969145575888e-27
2.967498994190263 1.5774381458455262e-25 1.2425456470916479e-17 1.2425456469178158e-17 1.738321972572082e-27
3.0123486681368425 1.678401845769467e-25 1.3420559440102317e-17 1.3420559437918383e-17 2.183937786352105e-27
3.0578761833420214 1.9046453618626958e-25 1.545978510790532e-17 1.5459785105166897e-17 2.7384199075926146e-27
3.1040917844459814 2.196298546767637e-25 1.809653227149689e-17 1.8096532268073855e-17 3.42303219166195e-27
3.127460860933648 2.504967369933836e-25 2.0795213784087908e-17 2.079521378025873e-17 3.829179194391356e-27
3.1510058709225794 2.9163006096319745e-25 2.4392197850725773e-17 2.4392197846442437e-17 4.283337815742488e-27
3.162844764501044 3.299209069557977e-25 2.7698557190048646e-17 2.7698557185508992e-17 4.5396556896865434e-27
3.1747281389236908 3.74455101978293e-25 3.1555548001704987e-17 3.1555547996894685e-17 4.8102970629416626e-27
3.1986289994194426 4.986886256952138e-25 4.2341161378063786e-17 4.234116137265412e-17 5.409658843334381e-27
3.2227097969389145 7.915485115603052e-25 6.771239403374083e-17 6.771239402756647e-17 6.174349565404506e-27
3.2348180950136065 1.069279067552047e-24 9.181430728397273e-17 9.181430727730469e-17 6.668040548343744e-27
3.240889293275058 1.2769170047416368e-24 1.0984904854193458e-16 1.0984904853496288e-16 6.97170179275354e-27
3.2469718861334385 1.5171179915258166e-24 1.3075771421647046e-16 1.3075771420915414e-16 7.31631752506899e-27
3.2714166318528037 2.798425477156877e-24 2.4300714123183046e-16 2.4300714122292733e-16 8.903158578153359e-27
3.2744851364798273 2.8785131666832234e-24 2.50196181264351e-16 2.5019618125528044e-16 9.070538783904815e-27
3.2775565192852394 2.9609013329843654e-24 2.575986354192877e-16 2.5759863541004673e-16 9.240934344913354e-27
3.283707930232385 2.8816267033764406e-24 2.5117226089126056e-16 2.5117226088182494e-16 9.435654814638998e-27
3.2898708863219004 2.6302921798276178e-24 2.2969539099255836e-16 2.296953909830443e-16 9.514051321738209e-27
3.29141343181113 2.5710220757679282e-24 2.2462478572285683e-16 2.246247857133231e-16 9.533717986047785e-27
3.292184975758714 2.5418989712776847e-24 2.221324195082624e-16 2.221324194987188e-16 9.54356148077387e-27
3.295272960557952 2.358071093668326e-24 2.0626128655896108e-16 2.0626128654940362e-16 9.557509549031313e-27
3.3076538914384823 1.7212643038445574e-24 1.5112525776037243e-16 1.5112525775077296e-16 9.599474582455875e-27
3.310756385682612 1.5916648675986845e-24 1.398776375558044e-16 1.3987763754619444e-16 9.609963726200701e-27
3.313861789986515 1.4720918267037555e-24 1.2949074394991737e-16 1.2949074394029694e-16 9.620453220016937e-27
3.3200813396944477 1.3043996357889884e-24 1.1495525407797374e-16 1.149552540682618e-16 9.711947847269179e-27
3.345076488085796 1.0052184547428083e-24 8.925569560494957e-17 8.925569559443894e-17 1.0510628963658087e-26
3.3482140837626964 1.0164274193412463e-24 9.033561884863507e-17 9.033561883797319e-17 1.0661883262538885e-26
3.3513546224236106 1.02776032631273e-24 9.142851523365111e-17 9.142851522283592e-17 1.0815177975709382e-26
3.3576445397418455 1.1106205538159892e-24 9.898510698485996e-17 9.89851069736658e-17 1.1194187286966568e-26
3.3702598118196083 1.4162740866470867e-24 1.2670102368156174e-16 1.2670102366945092e-16 1.2110788860662467e-26
3.382922481734668 1.4858497717681534e-24 1.3342474491118658e-16 1.334247448983246e-16 1.2861973821261658e-26
3.389271646505754 1.5218947386185416e-24 1.3691796232610672e-16 1.3691796231285287e-16 1.3253843246689152e-26
3.395632727569191 1.560731454627721e-24 1.406754544804729e-16 1.4067545446679573e-16 1.367715975491526e-26
3.421196662673239 1.7472008809641123e-24 1.586683526485251e-16 1.586683526329877e-16 1.5537423816543222e-26
3.4276182099114902 1.70957277902028e-24 1.555426409596193e-16 1.5554264094375116e-16 1.586815612254454e-26
3.4340518103208963 1.5447787165325533e-24 1.4081293589856348e-16 1.408129358824464e-16 1.6117056689416318e-26
3.4469541582030403 1.3100868672817713e-24 1.1986848982998937e-16 1.19868489813493e-16 1.649636194085668e-26
3.472904465399547 1.2442689915080997e-24 1.147034677687325e-16 1.147034677506804e-16 1.8052075050409576e-26
3.4990501388274233 1.1436319224984402e-24 1.0621989508661377e-16 1.0621989506692974e-16 1.9684032497237626e-26
3.5253949054701885 7.856279615874223e-25 7.351807684189137e-17 7.351807682096078e-17 2.0930590537935273e-26
3.5519380250092896 4.491950996478546e-25 4.2351600019279017e-17 4.235159999717222e-17 2.210679604761783e-26
3.578680990867387 3.157876806620023e-25 2.9997675513570994e-17 2.999767548965482e-17 2.3916180132884608e-26
3.605625307711299 2.618095042501731e-25 2.505736704990599e-17 2.5057367023775953e-17 2.613003602737731e-26
3.660119384959845 2.223911027827075e-25 2.1606384122847726e-17 2.1606384091454723e-17 3.1393002756644267e-26
3.715437065384467 1.944657880518727e-25 1.9178849459653242e-17 1.9178849422031618e-17 3.7621621067288817e-26
3.8285932144167436 1.80191575272559e-25 1.8312310364522605e-17 1.8312310310612745e-17 5.390986545303854e-26
3.94519561050918 1.7733555303606964e-25 1.8570935770904333e-17 1.8570935694356873e-17 7.654745629820378e-26
4.06534921144712 1.791632253171749e-25 1.933375283954715e-17 1.9333752731873578e-17 1.0767357613014635e-25
4.189162171576248 1.8369865723403136e-25 2.0426905888799585e-17 2.0426905738734972e-17 1.5006461644348284e-25
4.316745939156006 1.9020426024632091e-25 2.1794462475921703e-17 2.1794462268620875e-17 2.0730083132663617e-25
4.448215356677963 1.9843061338434407e-25 2.3429548144944712e-17 2.342954786099498e-17 2.839497363020914e-25
4.58368876423945 2.0840445486630867e-25 2.5356631097993206e-17 2.5356630712179207e-17 3.8581399958524514e-25
4.723288106065518 2.203562573527977e-25 2.7627351775534766e-17 2.7627351255288207e-17 5.202465529686724e-25
4.867139040275056 2.347504091720363e-25 3.032840311422683e-17 3.032840241765583e-17 6.965709980246733e-25
4.940699165968905 2.4344948900762785e-25 3.192763216325569e-17 3.19276313591059e-17 8.04149789920293e-25
5.015371051989984 2.5245594052029243e-25 3.360919391788911e-17 3.360919299122636e-17 9.266627465232459e-25
5.091171501069577 2.634678940023757e-25 3.5605317264383924e-17 3.5605316197630846e-17 1.0667530843587383e-24
5.129500256944802 2.6911873024232416e-25 3.664277990379299e-17 3.6642778760015287e-17 1.1437776994704339e-24
5.168117569889187 2.750110547298673e-25 3.772697372831432e-17 3.772697250240175e-17 1.2259125776576083e-24
5.20702561229733 2.822576714230511e-25 3.9012600575248735e-17 3.9012599261035e-17 1.3142137349620307e-24
5.246226572918644 2.89689171846403e-25 4.034119307422328e-17 4.034119166596947e-17 1.4082538116058559e-24
5.265937586045735 2.9347610180743475e-25 4.102209936102687e-17 4.1022097903497987e-17 1.4575288844495009e-24
5.285722656980489 2.973115031072709e-25 4.171435353089786e-17 4.1714352022533577e-17 1.5083642762848454e-24
5.305582063971359 3.011961602865077e-25 4.241816728441471e-17 4.241816572361066e-17 1.5608040361996635e-24
5.3255160863122235 3.053721529714082e-25 4.3167864513404996e-17 4.316786289829729e-17 1.6151077134470974e-24
5.365609099470188 3.157923179588674e-25 4.4976952324672046e-17 4.4976950594059396e-17 1.730612649609561e-24
5.406003951863644 3.2661050205346474e-25 4.6867947752772805e-17 4.686794589919996e-17 1.8535728474150372e-24
5.446702915881641 3.378460203868395e-25 4.884520407850692e-17 4.8845202094091e-17 1.9844159119981086e-24
5.487708281020852 3.499916110655091e-25 5.0982142761042376e-17 5.09821406368754e-17 2.1241669894667747e-24
5.529022354014368 3.669070744110394e-25 5.384853152971745e-17 5.3848529251662025e-17 2.2780554218159872e-24
5.570647458961463 3.8482439443669006e-25 5.690333266034534e-17 5.690333021832569e-17 2.442019650045377e-24
5.612585937458331 4.0381592771956488e-25 6.016111569080067e-17 6.016111307415444e-17 2.616646249995963e-24
5.654840148729818 4.247009998053083e-25 6.374895194486281e-17 6.374894914116356e-17 2.8036992474726226e-24
5.67608639626678 4.3894235205312865e-25 6.613417142729965e-17 6.613416852049133e-17 2.9068083132056824e-24
5.686739436050992 4.462840449782588e-25 6.736652155589695e-17 6.736651859624736e-17 2.9596496014715543e-24
5.6974124697621304 4.537777945189727e-25 6.862626055325134e-17 6.862625753988559e-17 3.0133657533445586e-24
5.718818669136295 4.692361437394654e-25 7.123070066733792e-17 7.123069754386319e-17 3.1234747284001207e-24
5.740305295436557 4.862814628909657e-25 7.409555209018e-17 7.409554885120113e-17 3.2389788384037705e-24
5.7835210386641895 5.305322539520526e-25 8.144670982875379e-17 8.144670633280142e-17 3.495952356508018e-24
5.827062130521658 5.8153085986939425e-25 8.994806975145392e-17 8.99480659761298e-17 3.7753241162230496e-24
5.8489554468988025 6.173269211100635e-25 9.58435657742837e-17 9.584356183456803e-17 3.939715677224101e-24
5.870931020387893 6.5574854606287815e-25 1.0219125839061211e-16 1.0219125427988413e-16 4.110727958770911e-24
5.892989160043636 6.9700732859701705e-25 1.0902909814051915e-16 1.0902909385191448e-16 4.2886046831815045e-24
5.915130176081913 7.439406487377511e-25 1.1680784962925937e-16 1.1680784514934792e-16 4.479911485697944e-24
5.95966208400165 8.752095504676594e-25 1.3845323795552583e-16 1.384532330091091e-16 4.946416762454053e-24
6.004529249263818 1.064478852993834e-24 1.696623334950423e-16 1.6966232795704444e-16 5.537997882294057e-24
6.027089341400364 1.1960684700487678e-24 1.9135204335362022e-16 1.9135203743804032e-16 5.915579943990997e-24
6.049734195844842 1.3515971304744064e-24 2.1704660036778622e-16 2.1704659402895755e-16 6.338828659383658e-24
6.095279466722835 1.8009059312670267e-24 2.913762060579493e-16 2.9137619856945775e-16 7.488491580028731e-24
6.141167624020661 2.4924703374914315e-24 4.0630333141448944e-16 4.0630332225255273e-16 9.161936757494645e-24
6.164241091010745 2.9340836130274197e-24 4.8008875648177e-16 4.800887462180511e-16 1.0263718875893307e-23
6.187401249150058 3.437199798352211e-24 5.645241055989761e-16 5.645240941175739e-16 1.1481402122975378e-23
6.1990139391386085 3.682845487308033e-24 6.060040749503671e-16 6.060040628417293e-16 1.2108637930255026e-23
6.204828454712694 3.812247627542481e-24 6.278852991262384e-16 6.278852866912641e-16 1.2434974406420438e-23
6.210648424152782 3.906693317337434e-24 6.440442361013265e-16 6.440442233950948e-16 1.270623177289839e-23
6.233982942956859 4.227538034765234e-24 6.995561296158397e-16 6.995561159456603e-16 1.3670179299931778e-23
6.239830258556775 4.2685325253019935e-24 7.070022628724823e-16 7.070022490689926e-16 1.380348955698726e-23
6.245683058788269 4.272049901639461e-24 7.082485466005714e-16 7.082485326625758e-16 1.3937995669934083e-23
6.257405133728602 4.2631491792531454e-24 7.080994177235628e-16 7.080994035503072e-16 1.4173255694574016e-23
6.269149208991335 4.199933703212979e-24 6.989087448622733e-16 6.989087306134157e-16 1.4248857526833133e-23
6.280915325867298 4.0415355557201485e-24 6.738120534740623e-16 6.738120393481673e-16 1.4125894958170327e-23
6.304513850009849 3.650976134903281e-24 6.109842714021183e-16 6.109842577071704e-16 1.3694948023015385e-23
6.32820103803542 3.1669204737985163e-24 5.319696534508122e-16 5.319696404184584e-16 1.3032353706262774e-23
6.3519772230701035 2.7230187816864506e-24 4.591229497920302e-16 4.591229373869642e-16 1.2405066116026628e-23
6.375842739491607 2.349601091106893e-24 3.9765016305107164e-16 3.976501511972582e-16 1.1853813389155024e-23
6.399797922933955 2.0502809235934498e-24 3.4829646374012815e-16 3.4829645225913775e-16 1.1480990370082963e-23
6.42384311029221 1.8014437663107887e-24 3.0717443522018874e-16 3.0717442405481537e-16 1.1165373347088568e-23
6.447978639727206 1.6200776627014775e-24 2.7728658381132254e-16 2.77286572794556e-16 1.1016766441346056e-23
6.472204850670314 1.4689972136415804e-24 2.5237286600025657e-16 2.523728550903262e-16 1.0909930425658669e-23
6.496522083828205 1.37076919779451e-24 2.3638215580459736e-16 2.3638214485575986e-16 1.0948837531233813e-23
6.520930681187647 1.288018466190254e-24 2.2294672963630756e-16 2.229467186216396e-16 1.101466796307609e-23
6.57002334288761 1.203296094497718e-24 2.0984994163624016e-16 2.0984993026137495e-16 1.1374865252165948e-23
6.619489833774732 1.1943719417599326e-24 2.0986187316800426e-16 2.0986186120076459e-16 1.1967239662029434e-23
6.6693287637831435 1.2265907836778941e-24 2.1714571147204533e-16 2.1714569877429622e-16 1.269774914411341e-23
6.719538636694507 1.267837789114261e-24 2.2613749689349403e-16 2.261374834425553e-16 1.345093873702761e-23
6.770126513364129 1.371384851720329e-24 2.4644815171211036e-16 2.4644813731298497e-16 1.4399125321352264e-23
6.8210952395837445 1.5279638336745838e-24 2.766537881266478e-16 2.7665377253784243e-16 1.558880543020779e-23
6.872447682569556 1.725194734126511e-24 3.147161279266708e-16 3.1471611089946194e-16 1.7027208764379687e-23
6.924186731123532 1.9748430108376997e-24 3.629700420452642e-16 3.629700233130246e-16 1.8732239629071337e-23
6.976315295795916 2.177654717595463e-24 4.0325945039368327e-16 4.032594299222326e-16 2.0471450725133372e-23
7.028836309048954 2.2068078128205207e-24 4.117346103453344e-16 4.11734588410055e-16 2.1935279481355233e-23
7.081752725421856 2.118167901443933e-24 3.981718691844491e-16 3.981718459634052e-16 2.3221043893457325e-23
7.135067521697011 2.0588036829236837e-24 3.8992623547055306e-16 3.899262106962679e-16 2.4774285093526648e-23
7.1887836970674375 2.1056960829834545e-24 4.018098127871069e-16 4.0180978588730666e-16 2.689980035097655e-23
7.242904273305506 2.275470764646795e-24 4.3747520006017405e-16 4.3747517028665183e-16 2.977352227373101e-23
7.297432294932914 2.5448803033179575e-24 4.929545366689922e-16 4.929545032151484e-16 3.345384378427092e-23
7.352370829391971 2.8529494674372488e-24 5.5678934485965e-16 5.567893070244708e-16 3.783517930094365e-23
7.379995003818881 3.0448683414268207e-24 5.964774360876196e-16 5.964773956230647e-16 4.046455491325724e-23
7.407722967218148 3.2566423460911347e-24 6.403600517695675e-16 6.403600084386275e-16 4.3330939981370785e-23
7.463496598684601 3.794579501238221e-24 7.517534477300212e-16 7.517533974535932e-16 5.0276427947835157e-23
7.519690156487492 4.491699418683541e-24 8.96561457829241e-16 8.96561398705944e-16 5.912329699535012e-23
7.533803324048627 4.694585922515882e-24 9.38817126317367e-16 9.388170645976857e-16 6.1719681206616e-23
7.547942979602549 4.9066543351020195e-24 9.830678822113927e-16 9.830678177824347e-16 6.442895799553802e-23
7.57630195363571 5.353880403768393e-24 1.0767016380994937e-15 1.0767015679154702e-15 7.018402340870395e-23
7.590521371821866 5.579974625922285e-24 1.1242768404561862e-15 1.1242767672515273e-15 7.320465883911847e-23
7.604767477414989 5.81561876480245e-24 1.173954599968817e-15 1.1739545236150908e-15 7.635372638945938e-23
7.633339951266878 6.28954683128101e-24 1.2743930442287926e-15 1.2743929614047034e-15 8.282408948748946e-23
7.662019777021956 6.658428372297747e-24 1.3542050652530379e-15 1.3542049766765589e-15 8.857647895639669e-23
7.690807358020558 6.911738476407369e-24 1.4110053593141973e-15 1.4110052659352967e-15 9.337890060055026e-23
7.719703099118437 7.041282532140897e-24 1.4428520520595837e-15 1.4428519549745433e-15 9.70850402851264e-23
7.748707406692464 7.02064869600319e-24 1.444029073493342e-15 1.444028974161392e-15 9.933194996357317e-23
7.777823177463063 6.884624537620067e-24 1.4213720102527957e-15 1.4213719098638632e-15 1.0038893199103193e-22
7.807048350752435 6.676478637999577e-24 1.383578376283696e-15 1.3835782756562408e-15 1.0062745537809106e-22
7.836380830085272 6.388866658620059e-24 1.3289504566152108e-15 1.3289503567198256e-15 9.989538533646336e-23
7.851088371676256 6.189434904055827e-24 1.2898829392291784e-15 1.289882840379116e-15 9.885006246463128e-23
7.86582351679805 5.9781037714665695e-24 1.2481796009291024e-15 1.248179503387646e-15 9.754145642852331e-23
7.89537682495964 5.5118338202851466e-24 1.1551500756024022e-15 1.1551499814883305e-15 9.41140713950212e-23
7.9250411701946435 5.008668482783585e-24 1.0536424204670288e-15 1.053642330049934e-15 9.041709477901966e-23
7.939915112024199 4.741583727607411e-24 9.99329518981713e-16 9.993294305044899e-16 8.847722298708374e-23
7.954816969689239 4.489078507421469e-24 9.478875634128457e-16 9.47887476825655e-16 8.658719079674703e-23
7.9847046421970465 4.0234410328419036e-24 8.527582502542328e-16 8.527581672711287e-16 8.298310408313199e-23
8.044817289139356 3.2380407361346833e-24 6.914613761134791e-16 6.914612994611438e-16 7.665233518876439e-23
8.07504310897143 2.946155706499685e-24 6.314950904034778e-16 6.314950162136713e-16 7.418980637429321e-23
8.105382492623747 2.687972057743044e-24 5.783193143469505e-16 5.783192422887928e-16 7.205815775584541e-23
8.135835866775926 2.483060550226362e-24 5.362396484178331e-16 5.362395774694063e-16 7.094842679361744e-23
8.166403659710703 2.328285970745697e-24 5.047038263959663e-16 5.047037560932863e-16 7.030267990628452e-23
8.197086301319933 2.2135082467087304e-24 4.816261786907163e-16 4.816261083568353e-16 7.033388101148858e-23
8.227884223110665 2.1127834042141354e-24 4.614371771319531e-16 4.614371066196614e-16 7.051229167440541e-23
8.258797858211198 2.054916334766396e-24 4.504850822442269e-16 4.504850108472236e-16 7.139700322711697e-23
8.289827641377162 2.037509201193718e-24 4.483472524525156e-16 4.483471794197938e-16 7.303272181125365e-23
8.320974008997652 2.0537464636068293e-24 4.536181542629544e-16 4.536180789525281e-16 7.53104264057839e-23
8.35223739910135 2.0840419714082843e-24 4.620390946230432e-16 4.620390166481235e-16 7.7974919708145e-23
8.383618251362687 2.1794004333563613e-24 4.849957807275905e-16 4.849956986608749e-16 8.206671568803539e-23
8.415117007108037 2.3167263474610747e-24 5.174928215409805e-16 5.174927349616728e-16 8.657930777291275e-23
8.446734109321913 2.500631449956475e-24 5.606708090224833e-16 5.606707165935409e-16 9.242894238792807e-23
8.478470002653195 2.735297089863014e-24 6.155898130852565e-16 6.155897135956832e-16 9.948957339521788e-23
8.542299949622933 3.247448155413988e-24 7.363537051076997e-16 7.363535899429267e-16 1.151647730398492e-22
8.558332380220154 3.35570202895104e-24 7.623281776515838e-16 7.623280588130356e-16 1.1883854829445187e-22
8.574394900937412 3.4237498837644405e-24 7.792466519531587e-16 7.792465302391922e-16 1.2171396620781772e-22
8.606610438733982 3.423961039017835e-24 7.822226608058641e-16 7.822225361080458e-16 1.2469781817217655e-22
8.622764948673899 3.369214470964376e-24 7.711602546086215e-16 7.711601295708172e-16 1.2503780432987918e-22
8.638949780445296 3.2504343087234343e-24 7.453697712739982e-16 7.453696473085862e-16 1.2396541200182144e-22
8.655163606183647 3.1297071939531933e-24 7.190323378600016e-16 7.190322150741953e-16 1.2278580630851357e-22
8.671407862489573 2.985926039370051e-24 6.8728694265887e-16 6.872868215467099e-16 1.211121601026205e-22
8.703987895363145 2.6446839418741014e-24 6.110285314077701e-16 6.110284150129054e-16 1.1639486481134982e-22
8.736690337257128 2.3409076605909924e-24 5.428760205348299e-16 5.428759085231832e-16 1.1201164664329547e-22
8.802464289484785 1.8252547772891265e-24 4.2647855567187963e-16 4.2647845081300144e-16 1.0485887808877306e-22
8.868733419248175 1.480098259286089e-24 3.484348465426484e-16 3.484347450894125e-16 1.0145323584773245e-22
8.935501454478851 1.249647369053833e-24 2.963983912300517e-16 2.963982903707504e-16 1.008593013569195e-22
9.002772151174003 1.0937087693637253e-24 2.6136497378838406e-16 2.6136487161143115e-16 1.0217695287519291e-22
9.07054929360775 9.848949977574828e-25 2.371335224950908e-16 2.371334176469666e-16 1.0484812412659805e-22
9.13883669454403 9.05262637787678e-25 2.1960132001040243e-16 2.196012115435346e-16 1.0846686784833311e-22
9.207638195451068 8.501908244754105e-25 2.0779452115037214e-16 2.077944080516288e-16 1.1309874330318623e-22
9.276957666717493 8.012737758451211e-25 1.9731310787445793e-16 1.973129898626515e-16 1.180118064778494e-22
9.346799007870057 7.6866227219765795e-25 1.9070755674385825e-16 1.9070743288648679e-16 1.238573714141621e-22
9.417166147792997 7.390635742199824e-25 1.8474447697762928e-16 1.8474434695284157e-16 1.300247877012561e-22
9.488063044949055 7.1937157773904575e-25 1.8117583423573263e-16 1.811756973697309e-16 1.3686600171276358e-22
9.559493687602165 7.012957334878075e-25 1.7795308468319812e-16 1.779529406054919e-16 1.4407770625004862e-22
9.631462094041797 6.901619801838042e-25 1.7644635202852286e-16 1.764462001033247e-16 1.519251981439902e-22
9.703972312809022 6.799750849928701e-25 1.7515074211941165e-16 1.7515058192934607e-16 1.6019006558057664e-22
9.777099908821425 6.754209837194524e-25 1.7528874641540233e-16 1.7528857738586812e-16 1.6902953420684383e-22
9.924867353363874 6.729864842987952e-25 1.7729663232820883e-16 1.7729644503611325e-16 1.8729209560463602e-22
10.074868099996943 6.831934760225176e-25 1.8270587504511399e-16 1.8270566898413742e-16 2.0606097659594465e-22
10.150790707826552 6.921984722872832e-25 1.865090641605218e-16 1.8650884829734763e-16 2.158631741555821e-22
10.22721067892732 7.088235144337496e-25 1.9242644292884254e-16 1.9242621657978127e-16 2.263490612700631e-22
10.304205975847633 7.2705663262446105e-25 1.9886218419290713e-16 1.9886194690904685e-16 2.3728386024399143e-22
10.381780929913377 7.565221561460305e-25 2.084793023837943e-16 2.0847905392728075e-16 2.484565135378702e-22
10.459939905058707 7.893607470072589e-25 2.1916648812350044e-16 2.1916622795309617e-16 2.6017040425647257e-22
10.538687298071551 8.412112192302706e-25 2.3532117470544223e-16 2.3532090175441663e-16 2.729510256122242e-22
10.618027538840941 8.99885381526907e-25 2.5362991565643404e-16 2.5362962933129184e-16 2.8632514216458134e-22
10.697971937068667 9.879630630397174e-25 2.8055085416777397e-16 2.8055055345544554e-16 3.0071232849987306e-22
10.778518246224262 1.1125677872039297e-24 3.1831343977462546e-16 3.18313122335202e-16 3.174394233807447e-22
10.859664048220797 1.2989662531997488e-24 3.7444125454366576e-16 3.7444091652478723e-16 3.3801887849225373e-22
10.941420754335242 1.5829250961925298e-24 4.597307113646052e-16 4.597303468893895e-16 3.6447521566936316e-22
10.961955922839442 1.6825516328840994e-24 4.895824991648481e-16 4.895821259925232e-16 3.7317232492745384e-22
10.982529632329763 1.7942139906675632e-24 5.230534314634267e-16 5.230530491270993e-16 3.8233632737587873e-22
11.023792963743814 2.0662232209014864e-24 6.046133318764454e-16 6.046129290081538e-16 4.028682917058998e-22
11.065211328886559 2.423390421261382e-24 7.117910660613123e-16 7.117906373529341e-16 4.287083783018591e-22
11.08597883104876 2.652633543486751e-24 7.805859592078752e-16 7.805855143974778e-16 4.44810397457828e-22
11.106785310247485 2.9089125986902338e-24 8.576073271896425e-16 8.576068647526865e-16 4.6243695596481815e-22
11.14851549250461 3.5186620216825196e-24 1.0412716115448955e-15 1.041271108648967e-15 5.028959282317404e-22
11.169441129330048 3.847114900690063e-24 1.1406070036194882e-15 1.1406064790146443e-15 5.246048437016356e-22
11.190406043337886 4.14074825250923e-24 1.229968829506526e-15 1.2299682833696715e-15 5.461368544138236e-22
11.21140851448765 4.426773745279797e-24 1.317397806496838e-15 1.3173972398119383e-15 5.666848999872382e-22
11.22192452720434 4.577287801876218e-24 1.3634681472787935e-15 1.3634675700078506e-15 5.772709429318978e-22
11.232450403670388 4.643759485897736e-24 1.384565994507191e-15 1.3845654118288144e-15 5.826783764303178e-22
11.253533585369773 4.705151005728628e-24 1.4055034324328836e-15 1.405502841638417e-15 5.907944667724167e-22
11.274656339961506 4.725660790891228e-24 1.4142796449517987e-15 1.4142790466649826e-15 5.982868163011596e-22
11.285231677511122 4.735953754920373e-24 1.4186895354169233e-15 1.4186889339072373e-15 6.015096859112748e-22
11.295816934455262 4.681537468803256e-24 1.4037041440457619e-15 1.403703543024816e-15 6.010209462540627e-22
11.317017243752359 4.5389394013821366e-24 1.3635020500945493e-15 1.3635014521257065e-15 5.9796884302996e-22
11.338257342390673 4.3963571145937206e-24 1.3231488561743262e-15 1.3231482614550205e-15 5.947193056956019e-22
11.359537305047965 4.2425417058363595e-24 1.2792522675656802e-15 1.2792516768718982e-15 5.906937816649111e-22
11.402217121831576 3.897331137185995e-24 1.179576323803816e-15 1.1795757438395735e-15 5.799642428914967e-22
11.423617126015266 3.717479864159017e-24 1.12725377078352e-15 1.1272531968769641e-15 5.739065560138247e-22
11.445057294333186 3.533974108316873e-24 1.0736204308783617e-15 1.073619863143216e-15 5.677351455909203e-22
11.488058425037956 3.1616009707468607e-24 9.641023132661277e-16 9.641017581519893e-16 5.551141385358038e-22
11.53122111869469 2.8309070315206903e-24 8.665035379544859e-16 8.665029947430209e-16 5.432114650552942e-22
11.574545982324347 2.5370758433438273e-24 7.794833587875685e-16 7.79482826795968e-16 5.319916005379137e-22
11.618033625228566 2.2785334420326472e-24 7.026798003720872e-16 7.026792781744278e-16 5.221976592594575e-22
11.661684658998247 2.0643639687183583e-24 6.390237462808939e-16 6.390232299110502e-16 5.163698435296881e-22
11.705499697522141 1.9008292245823212e-24 5.906123058941866e-16 5.906117930557371e-16 5.128384493303981e-22
11.749479356995494 1.7741824656528146e-24 5.533327027543925e-16 5.533321905729872e-16 5.121814052218628e-22
11.793624255928705 1.666112031758199e-24 5.215799888859254e-16 5.215794764572497e-16 5.124286757172238e-22
11.83793501515603 1.5999027116831191e-24 5.027348120049435e-16 5.027342962115516e-16 5.157933918574382e-22
11.882412257844306 1.5437740141518801e-24 4.869201817220179e-16 4.869196619334566e-16 5.197885611554888e-22
11.92705660950172 1.5173855440691791e-24 4.803951961351575e-16 4.803946700805142e-16 5.2605464333548925e-22
11.971868697986617 1.4989960566531346e-24 4.763562508189857e-16 4.763557178245693e-16 5.32994416472088e-22
12.016849153516302 1.5110871133632168e-24 4.820027815720444e-16 4.820022391594324e-16 5.424126119777082e-22
12.061998608675935 1.5292510462434195e-24 4.896294068455994e-16 4.8962885436461015e-16 5.524809892172169e-22
12.152807060118223 1.6233569425728922e-24 5.236728505202633e-16 5.236722725929455e-16 5.779273176231627e-22
12.198467333490619 1.701181299379722e-24 5.508397855787223e-16 5.508391918603276e-16 5.937183947113776e-22
12.244299160690385 1.7882115099103445e-24 5.811955106223218e-16 5.811949001206902e-16 6.105016316406993e-22
12.290303186275983 1.902413660459535e-24 6.206360315927546e-16 6.206354013291831e-16 6.302635713256009e-22
12.3364800572276 2.0269094356566166e-24 6.637354876228115e-16 6.637348361825204e-16 6.514402910176755e-22
12.382830422956244 2.1705651986523543e-24 7.134477852313814e-16 7.13447108516501e-16 6.767148804050845e-22
12.429354935312874 2.32145686747314e-24 7.659115909124015e-16 7.659108879560578e-16 7.029563433877642e-22
12.476058240797144 2.46729806088536e-24 8.170872691967558e-16 8.170865389921802e-16 7.3020457554681e-22
12.522937033967983 2.6156118170099956e-24 8.69458626483548e-16 8.69457868377047e-16 7.581065010670108e-22
12.569987951963114 2.732517996405367e-24 9.117322675129871e-16 9.117314830089638e-16 7.845040232031284e-22
12.593579661530361 2.772853257897075e-24 9.269269592929742e-16 9.26926163097881e-16 7.961950930943796e-22
12.617215648686605 2.8016954009780996e-24 9.383262719489478e-16 9.383254651026801e-16 8.06846267529203e-22
12.664620788327802 2.8127005197975618e-24 9.45551345391891e-16 9.455505216251328e-16 8.237667580791371e-22
12.71220403757155 2.7743824094363908e-24 9.361740748421007e-16 9.361732389145513e-16 8.359275493932492e-22
12.736062662318053 2.7345711077500624e-24 9.244721685079765e-16 9.244713286189647e-16 8.398890118504799e-22
12.759966065607527 2.6829677475381763e-24 9.08729034813404e-16 9.087281921704835e-16 8.42642920200672e-22
12.807907544139693 2.5409900490596236e-24 8.638743540407237e-16 8.638735102794046e-16 8.437613191920021e-22
12.856029147395699 2.382726312002236e-24 8.131121341387857e-16 8.131112917132661e-16 8.424255194303297e-22
12.904331552136407 2.2142982445963045e-24 7.584746351048267e-16 7.584737939043816e-16 8.412004450259563e-22
12.95281543766539 2.042145283371764e-24 7.021343918239689e-16 7.021335524614147e-16 8.393625541332608e-22
13.00148148583848 1.885000065424479e-24 6.505394595465082e-16 6.5053862158270945e-16 8.379637986058183e-22
13.050330381073369 1.741484255273835e-24 6.032682816501656e-16 6.032674446536823e-16 8.369964832326277e-22
13.099362810359226 1.611434908095644e-24 5.603151578765844e-16 5.603143208149927e-16 8.370615919774692e-22
13.197981031955921 1.39339281901483e-24 4.881468609848799e-16 4.881460172344758e-16 8.437504040633692e-22
13.247568211189632 1.3049833584280979e-24 4.588920890486789e-16 4.588912394176093e-16 8.496310695608e-22
13.297341698339563 1.2250635080670977e-24 4.3240714874376113e-16 4.3240629253755677e-16 8.562062043859398e-22
13.397450398986955 1.0958147896157526e-24 3.896985128552221e-16 3.896976390674697e-16 8.737877523712846e-22
13.447787020368724 1.0437630591668717e-24 3.725822642310138e-16 3.725813797378821e-16 8.844931316633749e-22
13.498312765455129 9.960345408194264e-25 3.568809112713313e-16 3.5688001545926855e-16 8.958120628399266e-22
13.59993447169816 9.17417859102484e-25 3.3118712036496373e-16 3.3118619829448544e-16 9.220704783076554e-22
13.702321234386334 8.559389973442592e-25 3.1131954821681067e-16 3.1131859815888686e-16 9.500579238298882e-22
13.805478813227746 8.07931639371792e-25 2.9607076285926477e-16 2.9606977848851414e-16 9.843707506357845e-22
13.90941301129231 7.652996235032976e-25 2.8255938426823937e-16 2.825583637252073e-16 1.0205430320549759e-21
13.96167316792965 7.499815049313782e-25 2.7794409633846684e-16 2.7794305533206324e-16 1.041006403585397e-21
14.014129675338197 7.367671621514433e-25 2.74072730066332e-16 2.740716678497923e-16 1.0622165397581104e-21
14.119634696140762 7.241664189665787e-25 2.714133938695674e-16 2.714122851751265e-16 1.108694440769069e-21
14.225934008823913 7.141869031975928e-25 2.696882993432454e-16 2.69687141597065e-16 1.1577461803643952e-21
14.333033593193976 7.043612115853126e-25 2.6798037074920876e-16 2.6797916180945845e-16 1.2089397503384974e-21
14.44093947407611 6.934303319091261e-25 2.658077965792462e-16 2.6580653436419897e-16 1.2622150472874526e-21
14.54965772165321 6.82879142888078e-25 2.637339613841743e-16 2.63732643548438e-16 1.3178357362340503e-21
14.659194451807393 6.72689754711953e-25 2.617546177648326e-16 2.617532418569086e-16 1.3759079240746246e-21
14.769555826464039 6.626109006149612e-25 2.5977385780104966e-16 2.5977242128933466e-16 1.436511714962231e-21
14.992777389284976 6.393903155538303e-25 2.5445886150958844e-16 2.5445729626378356e-16 1.5652458048984975e-21
15.21937263962189 6.177175390320478e-25 2.4954916226864557e-16 2.495474566854819e-16 1.7055831636916925e-21
15.449392566130673 5.924998817608813e-25 2.4297920665305734e-16 2.4297734774678206e-16 1.858906275268345e-21
15.682888928090767 5.6948452719644845e-25 2.3707045244699934e-16 2.3706840911593563e-16 2.043331063707725e-21
15.919914267052077 5.440375107496212e-25 2.2990001652928535e-16 2.298977648065372e-16 2.251722748124323e-21
16.03976693895051 5.325420782102405e-25 2.267364879981554e-16 2.267341217622111e-16 2.3662359442527155e-21
16.1605219186579 5.287962391849124e-25 2.2683662313568573e-16 2.268341362407442e-16 2.486894941447542e-21
16.22123989475974 5.278368362933038e-25 2.272757896259274e-16 2.272732384555058e-16 2.5511704216290613e-21
16.282185999175777 5.268802488662814e-25 2.2771627089157396e-16 2.2771365380247023e-16 2.6170891037744775e-21
16.312744867225646 5.264029712878997e-25 2.2793698996670737e-16 2.2793433928831296e-16 2.650678394441611e-21
16.343361089024967 5.259263506724188e-25 2.281580204228705e-16 2.2815533572771427e-16 2.6846951562635326e-21
16.404766024646595 5.249750179133942e-25 2.2860099200718585e-16 2.2859823797304535e-16 2.7540341404683227e-21
16.466401669612416 5.240261306957652e-25 2.2904514038488453e-16 2.2904231523181693e-16 2.8251530676756014e-21
16.497306278852424 5.235525675069608e-25 2.292676418808641e-16 2.2926478048575203e-16 2.8613951120645676e-21
16.528268890738765 5.230795723068895e-25 2.294904209564815e-16 2.2948752285602255e-16 2.898100458960701e-21
16.590368558098763 5.221352281825902e-25 2.2993678934719436e-16 2.299338164207862e-16 2.9729264081897732e-21
16.65270154503456 5.211474724513845e-25 2.3036408299441745e-16 2.3036103323185276e-16 3.0497625647450913e-21
16.715268728169598 5.19968954924748e-25 2.3070670188462667e-16 2.3070357294975187e-16 3.1289348747672673e-21
16.778070987420957 5.187953738551507e-25 2.310508419272877e-16 2.3104763176281664e-16 3.210164471058008e-21
16.9043842704834 5.16462439659364e-25 2.317434841133159e-16 2.317401050862672e-16 3.3790270486626006e-21
17.03164849990255 5.141475425212011e-25 2.324416142901758e-16 2.32438057457136e-16 3.556833039845674e-21
17.159870834853997 5.117983962894396e-25 2.331215211515866e-16 2.3311777700789943e-16 3.7441436872607435e-21
17.289058488411015 5.089829446820948e-25 2.335844922950535e-16 2.335805503838813e-16 3.9419111721378245e-21
17.35401657858945 5.075868607792222e-25 2.3381900745108663e-16 2.338149627101241e-16 4.044740962596744e-21
17.386587088641786 5.068916496057999e-25 2.339369967177027e-16 2.33932899541857e-16 4.097175845752744e-21
17.419218727950305 5.061982959811208e-25 2.3405546414320203e-16 2.3405131383927824e-16 4.150303923728366e-21
17.48466585346766 5.048170747920514e-25 2.342938052623604e-16 2.3428954658202957e-16 4.258680330860717e-21
17.550358875560836 5.034430257021655e-25 2.3453397453687545e-16 2.345296045835308e-16 4.36995334459233e-21
17.682486308455736 5.00659197055216e-25 2.3499301969576336e-16 2.3498842080851166e-16 4.598887251734112e-21
17.81560845938729 4.973690035191346e-25 2.3520622338854336e-16 2.3520141000601206e-16 4.813382531269484e-21
17.882544892141226 4.957413721427249e-25 2.353173351189211e-16 2.3531241064098275e-16 4.92447793840025e-21
17.949732817065083 4.941250505225811e-25 2.354313501772178e-16 2.3542631216392675e-16 5.038013291028867e-21
18.084866926577256 4.909253723849599e-25 2.3566778974804556e-16 2.356625183980074e-16 5.2713500381300694e-21
18.221018389814958 4.878125015478634e-25 2.359364310190352e-16 2.3593091489419384e-16 5.5161248413162845e-21
18.496404071615608 4.82678906299605e-25 2.3698183471686433e-16 2.3697578921699124e-16 6.045499873078227e-21
18.635790038622734 4.816068268104997e-25 2.382373646318901e-16 2.3823103450686287e-16 6.330125027284137e-21
18.776226396166493 4.80497245892012e-25 2.3947966885649653e-16 2.3947303991208487e-16 6.628944411660965e-21
18.91772105982334 4.791784214792197e-25 2.4062209467914825e-16 2.406151511088352e-16 6.943570313057174e-21
19.203636446149176 4.765017156624356e-25 2.4289433014995033e-16 2.4288670974217387e-16 7.620407776516604e-21
19.4938730510763 4.734415636304837e-25 2.4498187187828353e-16 2.449735057172926e-16 8.366160990903898e-21
19.78849618389234 4.700714268360524e-25 2.469142063622652e-16 2.4690501723362264e-16 9.18912864260273e-21
20.08757214094514 4.663085396302203e-25 2.486395730592399e-16 2.486294751978798e-16 1.009786136007977e-20
20.391466406516905 4.622317837349998e-25 2.5019446413656094e-16 2.5018336003092965e-16 1.11041056312501e-20
20.699681925472166 4.579800293928776e-25 2.5163998218085945e-16 2.516277936421122e-16 1.2188538747254909e-20
21.012556099387844 4.535906502727534e-25 2.529952765794948e-16 2.5298192420720704e-16 1.3352372287749435e-20
21.652507708764745 4.4792277341861e-25 2.5744281672629255e-16 2.5742675973117348e-16 1.605699511915147e-20
21.979755641372343 4.452091390880188e-25 2.597504829526656e-16 2.597328505394143e-16 1.7632413251297064e-20
22.311949477282987 4.42238397270993e-25 2.619168254913017e-16 2.6189744501954525e-16 1.93804717564745e-20
22.64916396703608 4.3895364605102165e-25 2.6390053436320526e-16 2.638792116409107e-16 2.1322722294563377e-20
22.991811201917592 4.354125393112559e-25 2.6573181241513735e-16 2.6570832483443007e-16 2.3487580707290036e-20
23.339642165776596 4.3155767122799965e-25 2.6736371511498993e-16 2.6733781333434906e-16 2.5901780640901986e-20
23.69273528050995 4.274576482227549e-25 2.6882999697869534e-16 2.688013965579994e-16 2.860042069597918e-20
24.414313559781952 4.204532546141918e-25 2.724781422831636e-16 2.7244310131450484e-16 3.5040968658814655e-20
24.78366481022829 4.17286172529467e-25 2.745168164165494e-16 2.7447795064719746e-16 3.886576935202001e-20
25.15860378059443 4.142477249014648e-25 2.7664071632680573e-16 2.765975530370375e-16 4.3163289768320735e-20
25.924826076583233 4.07636670178059e-25 2.8051657642559466e-16 2.804630936501366e-16 5.348277545806579e-20
26.714384190886577 4.0069784985053633e-25 2.841395004030028e-16 2.840726946920263e-16 6.68057109764386e-20
27.527988831636016 3.934892462124253e-25 2.8752577608023327e-16 2.874415581388002e-16 8.421794143309266e-20
28.366372352060132 3.864112796734836e-25 2.909531261111638e-16 2.908458346009845e-16 1.0729151017920395e-19
29.2302894097004 3.7980717270432967e-25 2.946902115737018e-16 2.945519522107255e-16 1.3825936297634657e-19
30.12051764570424 3.7313062793005007e-25 2.9832713909973855e-16 2.981467610841466e-16 1.8037801559197816e-19
30.575747924857424 3.6958208810763027e-25 2.999559196520048e-16 2.9974889657295743e-16 2.0702307904736096e-19
31.037858384806153 3.6589815398101154e-25 3.0145424142188315e-16 3.012158506819571e-16 2.383907399260587e-19
31.983137356627505 3.5877965501387856e-25 3.045918678969469e-16 3.042725494458786e-16 3.1931845106843214e-19
32.95720543894392 3.5254544078768474e-25 3.0841459005081667e-16 3.079811009360838e-16 4.3348911473277623e-19
33.960939423588975 3.464958017292295e-25 3.123540238884537e-16 3.117584334681165e-16 5.955904203373336e-19
34.99524280568484 3.397873412610812e-25 3.1563535199660225e-16 3.1480934357582193e-16 8.260084207803251e-19
36.06104659690874 3.331546241389865e-25 3.188993291953592e-16 3.177445975950644e-16 1.1547316002949687e-18
37.159310163528254 3.276613356777878e-25 3.231932437070108e-16 3.215706543136084e-16 1.6225893934023655e-18
38.29102208995955 3.22690419479067e-25 3.2798385314286977e-16 3.2569657132901914e-16 2.2872818138505856e-18
39.45720106862597 3.1746580615572123e-25 3.325007757086384e-16 3.292771917759297e-16 3.223583932708787e-18
40.65889681691763 3.125755518211817e-25 3.3734946870098846e-16 3.328128817339864e-16 4.5365869670021606e-18
41.897191022077855 3.087079783571596e-25 3.433224425297512e-16 3.369625352631212e-16 6.359907266629954e-18
43.173198314866475 3.057300079566076e-25 3.503658132266479e-16 3.4149250345871227e-16 8.873309767935642e-18
44.48806727287728 3.034751937891795e-25 3.583737319378872e-16 3.460824142994264e-16 1.229131763846091e-17
45.8429814544115 3.0227557996582277e-25 3.678284786578736e-16 3.5092948987026804e-16 1.6898988787605577e-17
47.23916046383907 3.02507426354269e-25 3.793216617940784e-16 3.563013757523967e-16 2.3020286041681732e-17
48.67786104940597 3.0440924758607405e-25 3.93331529920881e-16 3.6225903303320215e-16 3.107249688767884e-17
50.16037823447602 3.082396084627605e-25 4.104107048159754e-16 3.6890760170968547e-16 4.150310310628991e-17
51.68804648322576 3.1429919295594896e-25 4.3122389451137105e-16 3.7635225220722515e-16 5.4871642304145835e-17
53.26224090184056 3.2277132106513365e-25 4.563350291831776e-16 3.845971984675313e-16 7.173783071564633e-17
54.884378476295105 3.340126586406277e-25 4.866100899673434e-16 3.9383287202230223e-16 9.277721794504107e-17
56.55591934783037 3.484610338459267e-25 5.231204769523191e-16 4.04506310608999e-16 1.1861416634332028e-16
58.27836812727644 3.6637314306161968e-25 5.667616366491059e-16 4.1680138659980744e-16 1.4996025004929846e-16
60.05327524940399 3.8810366488030575e-25 6.186626183115619e-16 4.305460286328139e-16 1.8811658967874804e-16
61.88223836852342 4.140940055156195e-25 6.801964970863586e-16 4.459073339291059e-16 2.342891631572527e-16
62.81758386220369 4.288363980128433e-25 7.1505969742121e-16 4.544291996750233e-16 2.6063049774618674e-16
63.7670670344103 4.451836557670724e-25 7.535378759162014e-16 4.635808560859163e-16 2.8995701983028543e-16
65.70913619443517 4.826571410322343e-25 8.41848470431677e-16 4.839232597750171e-16 3.579252106566599e-16
67.71035238438829 5.251417562788359e-25 9.43845825483454e-16 5.066387228972943e-16 4.3720710258615943e-16
69.77251696707448 5.721700015347184e-25 1.0596901739414526e-15 5.317131148946141e-16 5.279770590468384e-16
71.89748616702131 6.241694904257107e-25 1.1912027171743152e-15 5.598699823437682e-16 6.313327348305469e-16
74.08717274132995 6.8107316858396485e-25 1.3393874527032328e-15 5.916098709204139e-16 7.477775817828191e-16
76.34354770141287 7.425040146951231e-25 1.5046676266501166e-15 6.265918958640742e-16 8.780757307860424e-16
78.66864208716851 8.080593349599063e-25 1.6873856001398475e-15 6.645799582321608e-16 1.0228056419076869e-15
81.06454879518883 8.776746385948722e-25 1.888573762830307e-15 7.059882517841063e-16 1.1825855110462011e-15
83.5334244626476 9.520124755821889e-25 2.1109228372357362e-15 7.511381619167556e-16 1.3597846753189808e-15
86.07749140856238 1.0291391824979382e-24 2.3514359204511036e-15 7.997342021174669e-16 1.5517017183336367e-15
88.69903963417964 1.1064535690439292e-24 2.6050828793729664e-15 8.514428976105659e-16 1.7536399817624013e-15
91.4004288842828 1.1837964345156118e-24 2.8720678416389612e-15 9.062321239965874e-16 1.9658357176423736e-15
94.18409077127889 1.26025151624496e-24 3.1506793841452316e-15 9.640094250806371e-16 2.1866699590645945e-15
97.05253096397554 1.3350932364328647e-24 3.4394412405532012e-15 1.024406586961989e-15 2.4150346535912132e-15
100.00833144301866 1.4099579941081858e-24 3.7429307214433695e-15 1.0870873226885202e-15 2.6558433987548497e-15
103.05415282502196 1.4822795875507654e-24 4.054759112459055e-15 1.1515895370387997e-15 2.9031695754202553e-15
106.19273675747671 1.553980545516177e-24 4.3803601966579e-15 1.2172629042958234e-15 3.163097292362076e-15
109.4269083866038 1.6220177061365301e-24 4.711391055842462e-15 1.2836893528027945e-15 3.427701703039668e-15
112.75957890036308 1.6820964601643218e-24 5.0347020598109534e-15 1.3506859945057469e-15 3.6840160653052065e-15
116.1937481489129 1.7345980651518496e-24 5.3499663690402295e-15 1.4174742569944149e-15 3.932492112045814e-15
119.73250734487735 1.776325877700093e-24 5.645522635125154e-15 1.4829330062395443e-15 4.162589628885611e-15
123.37904184585196 1.80842605664326e-24 5.92258881605394e-15 1.5466418927919512e-15 4.37594692326199e-15
127.13663402165271 1.8286951156542456e-24 6.17136804096627e-15 1.6087034274689485e-15 4.562664613497323e-15
131.0086662088879 1.838482708937033e-24 6.3933577665335675e-15 1.6683130912843077e-15 4.7250446752492594e-15
134.99862375551584 1.8362992674680184e-24 6.5802475949841565e-15 1.7241320819462385e-15 4.856115513037918e-15
139.11009815812417 1.823664329374396e-24 6.733998162653443e-15 1.7757441845920005e-15 4.958253978061442e-15
143.3467902947586 1.8022492713317617e-24 6.8576018208498025e-15 1.8234865961155568e-15 5.0341152247342445e-15
147.71251375620898 1.772961222030442e-24 6.9516189576545005e-15 1.86686902677963e-15 5.0847499308748685e-15
152.21119827875228 1.7457956461595868e-24 7.053577526320952e-15 1.9048049825266525e-15 5.148772543794299e-15
156.84689328144228 1.720289738564211e-24 7.162208386109115e-15 1.936915396312951e-15 5.225292989796166e-15
159.21741877681018 1.7047862657791247e-24 7.204933054346668e-15 1.950885005358611e-15 5.254048048988057e-15
161.62377151112827 1.6867913403391346e-24 7.236624408393598e-15 1.9634682573159898e-15 5.273156151077609e-15
166.54613279848823 1.6439616852507403e-24 7.267678001047828e-15 1.9843823491755935e-15 5.283295651872236e-15
171.61840792845166 1.5971456243180738e-24 7.275750835038005e-15 1.9992019489951997e-15 5.276548886042806e-15
176.84516262850022 1.5482340368762526e-24 7.267737430588907e-15 2.0077799089843736e-15 5.259957521604536e-15
179.5181642894721 1.5223569005224329e-24 7.254279955969891e-15 2.0097995978071246e-15 5.244480358162767e-15
182.2315681744764 1.493496756105953e-24 7.224325895832098e-15 2.0103336786971578e-15 5.213992217134938e-15
187.78155384880017 1.428921029723051e-24 7.122469355412006e-15 2.007031308650301e-15 5.115438046761706e-15
190.61961427604518 1.3962180489772361e-24 7.064643763218188e-15 2.00321244102982e-15 5.06143132218837e-15
193.5005680909718 1.363573669815989e-24 7.003744331555097e-15 1.9979718883754523e-15 5.0057724431796455e-15
199.3937587803602 1.2999448148878743e-24 6.880276781173747e-15 1.983365479083379e-15 4.896911302090368e-15
205.46643057848152 1.238614971603267e-24 6.755331014853832e-15 1.9633539765425425e-15 4.7919770383112886e-15
211.72404970390772 1.1831139861508938e-24 6.649151275017307e-15 1.9381275967738636e-15 4.711023678243445e-15
218.17224885259444 1.1272928479687577e-24 6.5283840181803494e-15 1.908198934347164e-15 4.620185083833186e-15
224.8168322680627 1.067346818804761e-24 6.36947763852909e-15 1.874155171866833e-15 4.495322466662257e-15
231.66378096599615 1.006411902939874e-24 6.188755677817085e-15 1.836086702178822e-15 4.3526689756382626e-15
238.71925811795668 9.444952651288101e-25 5.984896912479335e-15 1.794026201990846e-15 4.190870710488491e-15
245.98961459906556 8.830834241801247e-25 5.766176583370048e-15 1.7487207223540986e-15 4.017455861015948e-15
249.71106150874405 8.515929410373507e-25 5.644679222272601e-15 1.7251580382164139e-15 3.919521184056188e-15
253.4888082224776 8.196017809100753e-25 5.514817131406601e-15 1.7010891838369608e-15 3.8137279475696396e-15
261.20898134247824 7.58097238190091e-25 5.256327942568771e-15 1.6511984015123838e-15 3.605129541056389e-15
269.1642775569489 7.031108872691003e-25 5.023549399971962e-15 1.5987968103176682e-15 3.424752589654294e-15
277.3618576987742 6.515935812319317e-25 4.797256809370752e-15 1.5446498454963035e-15 3.2526069638744477e-15
285.8091006888481 5.972477180881675e-25 4.53106179926686e-15 1.4897322339853636e-15 3.0413295652814957e-15
294.5136101780917 5.4486346248984365e-25 4.259537914999852e-15 1.4340469858149299e-15 2.8254909291849216e-15
303.4832213917586 4.988944707303641e-25 4.018951905423229e-15 1.3774769796283104e-15 2.6414749257949176e-15
312.7260081821858 4.569222372065084e-25 3.792937870548221e-15 1.3205568276084162e-15 2.472381042939805e-15
322.25029029634635 4.187045037061286e-25 3.581544756190148e-15 1.263918612278438e-15 2.3176261439117104e-15
332.0646408647343 3.8339251285323527e-25 3.3793696058322814e-15 1.207694954126709e-15 2.1716746517055733e-15
342.17789411833206 3.499620086749117e-25 3.178646869412447e-15 1.1519488514132924e-15 2.0266980179991544e-15
352.59915334060224 3.1865260102449704e-25 2.982415625081361e-15 1.0969361539201914e-15 1.885479471161169e-15
363.337799061663 2.899702144900246e-25 2.79661964438482e-15 1.0429465031174325e-15 1.753673141267387e-15
374.40349750202313 2.6365956727647726e-25 2.620311151260737e-15 9.901333049256055e-16 1.6301778463351319e-15
380.062092440151 2.513115614224583e-25 2.5353414491906418e-15 9.642170450257098e-16 1.5711244041649313e-15
385.80620927347337 2.394736134491806e-25 2.4524282682982162e-15 9.386494911684115e-16 1.5137787771298047e-15
397.5561983449763 2.1724255736350455e-25 2.2925186038404493e-15 8.88602338853543e-16 1.4039162649869063e-15
409.6640412816112 1.9664351570564061e-25 2.1383407296204063e-15 8.400233071686061e-16 1.2983174224518004e-15
415.8555509384264 1.8693544419350045e-25 2.0634958047488307e-15 8.163119758360212e-16 1.24718382891281e-15
422.1406367649012 1.7762059553531027e-25 1.990306291331814e-15 7.930021662582166e-16 1.1973041250735972e-15
434.9972154030873 1.6027823520159945e-25 1.8506762931221314e-15 7.47701702139946e-16 1.102974590982185e-15
448.24534984018095 1.4452497650120637e-25 1.7196027592560877e-15 7.041777063114363e-16 1.0154250529446516e-15
461.89696517289525 1.3022500293694745e-25 1.596647030961879e-15 6.623425371590618e-16 9.343044938028168e-16
475.9643496848308 1.1726086033468958e-25 1.4814838928099131e-15 6.221894768668333e-16 8.592944159430801e-16
490.4601659075747 1.0543624100370172e-25 1.3726603463406762e-15 5.838711870301876e-16 7.887891593104889e-16
505.39746201868155 9.463285002608014e-26 1.2695342136737493e-15 5.474362938520348e-16 7.220979198217144e-16
520.7896835867783 8.486172946930457e-26 1.1731233633109453e-15 5.127913592513469e-16 6.603320040595989e-16
536.6506856743796 7.607317782222976e-26 1.0836590946077755e-15 4.799033895627076e-16 6.03755705045068e-16
552.9947453093008 6.814495584947767e-26 1.0002859116331632e-15 4.487020509826362e-16 5.515838606505269e-16
569.8365743358964 6.099187121658534e-26 9.225538193894773e-16 4.191388618013377e-16 5.0341495758813965e-16
587.1913326576936 5.454585117746598e-26 8.501798209316291e-16 3.9117191166870987e-16 4.590079092629193e-16
605.0746418833327 4.874361156633855e-26 7.828816067809068e-16 3.6475490758767436e-16 4.1812669919323245e-16
623.502599388115 4.352665536832923e-26 7.203822414884565e-16 3.398377188575871e-16 3.805445226308695e-16
642.4917928037942 3.8840885397499504e-26 6.624088691938646e-16 3.163671802963004e-16 3.4604168889756416e-16
662.0593149496696 3.4636388942127826e-26 6.086938883319369e-16 2.942886083945836e-16 3.1440527993735323e-16
682.2227792184137 3.0867298883410606e-26 5.589774350171255e-16 2.735453976549333e-16 2.854320373621922e-16
703.0003354304876 2.749159434568255e-26 5.130088913987784e-16 2.540804561479781e-16 2.5892843525080017e-16
724.4106861714122 2.4470848762830511e-26 4.705473308103668e-16 2.3583680696398507e-16 2.3471052384638167e-16
746.4731036265977 2.1769945470118408e-26 4.313610606891113e-16 2.1875611857127919e-16 2.1260494211783206e-16
769.2074469289008 1.9356893771082375e-26 3.9522879646474617e-16 2.027804788602692e-16 1.9244831760447697e-16
792.6341800345017 1.720263124439458e-26 3.6194043918423015e-16 1.87853817015048e-16 1.740866221691822e-16
816.7743901432078 1.5280790517660432e-26 3.3129689621418635e-16 1.7392117758168047e-16 1.5737571863250586e-16
841.6498066797607 1.3567445813248864e-26 3.031090872653602e-16 1.609282685129645e-16 1.4218081875239565e-16
867.2828208532309 1.2040935045724487e-26 2.771981902971068e-16 1.4882214553121756e-16 1.2837604476588918e-16
893.6965058121084 1.0681731829595027e-26 2.533968218381708e-16 1.3755206185991526e-16 1.1584475997825557e-16
920.9146374132232 9.472229042538003e-27 2.315479817391726e-16 1.270691452418061e-16 1.0447883649736649e-16
948.9617156232121 8.396531459658126e-27 2.1150373661263692e-16 1.1732603307524856e-16 9.417770353738834e-17
977.8629865717667 7.440335484719324e-27 1.9312565031807134e-16 1.0827730021647376e-16 8.484835010159758e-17
1007.6444652765354 6.590793200803093e-27 1.762846273119294e-16 9.987955432167355e-17 7.640507299025586e-17
1038.332959060126 5.836366086517665e-27 1.6086019765932678e-16 9.209131162917518e-17 6.87688860301516e-17
1069.95609168029 5.166710361076053e-27 1.467403345906215e-16 8.487316649834265e-17 6.186716809227883e-17
1102.542328195006 4.572562946549593e-27 1.3382103899686833e-16 7.8187799489934e-17 5.563323950693434e-17
1136.1210005848498 4.045626560298548e-27 1.2200561333765485e-16 7.199970873733766e-17 5.000590460031717e-17
1170.7223341557005 3.578476968203591e-27 1.1120429546646635e-16 6.627521057146683e-17 4.49290848949995e-17
1206.3774747455793 3.1644826312429176e-27 1.0133404265973594e-16 6.098258130368617e-17 4.035146135604979e-17
1243.1185167600695 2.7977268713870352e-27 9.231819034417487e-17 5.609204334590631e-17 3.622614699826855e-17
1280.9785320615858 2.4729305221470817e-27 8.408590434471939e-17 5.15754768754942e-17 3.251042746922519e-17
1319.9915997384837 2.185379812684842e-27 7.657156570371872e-17 4.740634609263715e-17 2.9165219611081546e-17
1360.1928367808064 1.930876414262046e-27 6.971470501682255e-17 4.355969078084096e-17 2.615501423598159e-17
1401.618429690285 1.705691995808636e-27 6.345996728355102e-17 4.00124044196313e-17 2.3447562863919734e-17
1444.305667053031 1.5065039242294684e-27 5.77562271325705e-17 3.674269467584534e-17 2.1013532456725156e-17
1488.2929731042755 1.330354457413144e-27 5.255635450495417e-17 3.373010190923477e-17 1.8826252595719398e-17
1533.6199423153234 1.1746157831274857e-27 4.781707564250586e-17 3.0955541931244146e-17 1.6861533711261718e-17
1580.327375033885 1.0369551817336153e-27 4.3498720485713234e-17 2.840129497002959e-17 1.5097425515683646e-17
1628.457314209858 9.15301252586135e-28 3.956488146076915e-17 2.605082959096608e-17 1.351405186980307e-17
1678.0530832396191 8.078137894577589e-28 3.5982090414410735e-17 2.3888669241888382e-17 1.2093421172522356e-17
1729.1593249628888 7.128605502275287e-28 3.2719678342241823e-17 2.190041653590963e-17 1.0819261806332177e-17
1781.8220418472597 6.289956479022718e-28 2.9749618483302556e-17 2.0072750865138273e-17 9.676867618164277e-18
1836.0886373966016 5.549372563087541e-28 2.7046243808037632e-17 1.8393295210300444e-17 8.652948597737177e-18
1892.007958820556 4.895489941463945e-28 2.4586038342560055e-17 1.6850519932012662e-17 7.735518410547387e-18
1949.6303410035755 4.318239214483444e-28 2.2347472160938004e-17 1.5433715703703705e-17 6.913756457234302e-18
2009.0076518130663 3.8087169429666315e-28 2.0310925902665665e-17 1.4133016399403763e-17 6.1779095032619e-18
2070.1933387874215 3.3590437319246323e-28 1.8458482659988203e-17 1.2939288371637777e-17 5.519194288350429e-18
2133.242477245972 2.962235905131702e-28 1.6773716461474407e-17 1.184403100589753e-17 4.929685455576876e-18
2198.211819864143 2.612117080305716e-28 1.5241636883514863e-17 1.0839387583215638e-17 4.402249300299226e-18
2265.1598477584885 2.3032284252084446e-28 1.3848581764120784e-17 9.918107115485946e-18 3.930474648634839e-18
2334.1468231275226 2.0307418672093763e-28 1.2582076643587703e-17 9.073487822894867e-18 3.5085888206928375e-18
2405.2348434957767 1.7903913773181369e-28 1.1430754495568268e-17 8.299343149028284e-18 3.1314113465399803e-18
2478.487897609897 1.57840818657632e-28 1.0384260167359153e-17 7.589968128322964e-18 2.7942920390361882e-18
2553.971923037092 1.3914591262762333e-28 9.433134031365505e-18 6.940091674390612e-18 2.493042356974892e-18
2631.7548655177807 1.2265992974829414e-28 8.568752112163122e-18 6.344851589979336e-18 2.2239005221837855e-18
2711.906740125872 1.0812293017801794e-28 7.783268100130755e-18 5.799772571181508e-18 1.9834955289492448e-18
2794.4996942916955 9.53053233523582e-29 7.069531902681956e-18 5.3007290658479865e-18 1.7688028368339693e-18
2879.6080727443887 8.400446531360229e-29 6.421037219989263e-18 4.843926402160591e-18 1.5771108178286713e-18
2967.308484432098 7.40415438027403e-29 5.8318668096406564e-18 4.4258757987090004e-18 1.405991010931655e-18
3057.6798714803062 6.525861693022886e-29 5.296626055775398e-18 4.043362224970221e-18 1.2532638308051773e-18
