Dust emission spectrum from A.P. Jones, M. Kohler, N. Ysard, M. Bocchio, and L. Verstraete (2017), A&A, 602A, 46J 
inside the DustPedia framework.

lambda    nu*dP/dnu     j_nu    j_nu(carb.) j_nu(sil)
 (um)   (erg s-1 H-1) (Jy cm2 sr-1 H-1)
0.9927057738263894 5.3583591682879086e-24 1.4119580757163463e-16 1.411958020542459e-16 5.5173887604571095e-24
1.0001793341362166 5.448473353407582e-24 1.4465123341403496e-16 1.4465122677202365e-16 6.6420113783593e-24
1.0077091589558085 5.538816528071638e-24 1.481568099425053e-16 1.4815680195717444e-16 7.985330842413323e-24
1.0114953028030835 5.584067812047484e-24 1.499284278591265e-16 1.4992841910778995e-16 8.75133652884748e-24
1.0152956718711033 5.6293689917197144e-24 1.5171261160640341e-16 1.517126020187519e-16 9.587651510765395e-24
1.0229392996569957 5.7200674645207654e-24 1.5531752017458523e-16 1.553175086781693e-16 1.1496415986441917e-23
1.0267826658714554 5.7653601707215856e-24 1.5713553367675408e-16 1.5713552109365634e-16 1.2583097739647413e-23
1.0306404723013447 5.810691093510531e-24 1.589660613711306e-16 1.5896604760319015e-16 1.376794046564624e-23
1.03451277320114 5.856057975205029e-24 1.608091135615709e-16 1.6080909850220467e-16 1.5059366269936907e-23
1.0383996230291617 5.901458594369681e-24 1.6266470100069447e-16 1.6266468453421563e-16 1.6466478785501822e-23
1.0403485208654093 5.924170871474423e-24 1.6359719893147858e-16 1.6359718171501723e-16 1.7216461417490345e-23
1.0423010764483396 5.946890766865486e-24 1.6453283493083136e-16 1.645328169317166e-16 1.799911473841866e-23
1.0462171883269815 5.9923523468924165e-24 1.6641352712559353e-16 1.6641350745769444e-16 1.966789912019115e-23
1.0471985131304309 6.003722089099264e-24 1.668856638368462e-16 1.6688564372915288e-16 2.0107693313493985e-23
1.048180758391296 6.015093504905853e-24 1.673585864071057e-16 1.6735856585020848e-16 2.0556897262167613e-23
1.0501480137395462 6.0378412280249626e-24 1.6830678993206592e-16 1.6830676844776173e-16 2.1484304196299687e-23
1.0521189612883777 6.060595259267538e-24 1.6925813934048847e-16 1.6925811688879174e-16 2.2451696691813698e-23
1.0531058218030118 6.071958880191598e-24 1.6973455594056284e-16 1.6973453298963287e-16 2.29509300185105e-23
1.0540936079674168 6.08327260915993e-24 1.7021032138125127e-16 1.7021029792036024e-16 2.346089106727612e-23
1.058054026499678 6.12853960808893e-24 1.7212116405809908e-16 1.721211384467851e-16 2.56113139460442e-23
1.0590464539527713 6.1398592250639906e-24 1.7260082100436208e-16 1.726007948266713e-16 2.617769078685548e-23
1.06003981227728 6.151179928125723e-24 1.7308125689110081e-16 1.7308123013505905e-16 2.675604175194215e-23
1.0620293250338977 6.173824472269413e-24 1.7404446636937285e-16 1.7404443841973984e-16 2.7949633024352487e-23
1.0660195594769086 6.219125280754259e-24 1.7598024250294695e-16 1.7598021201154513e-16 3.049140181258314e-23
1.070024785945596 6.264440157624284e-24 1.7792850745500546e-16 1.7792847420162086e-16 3.3253384553016336e-23
1.0740450607676866 6.309767272968314e-24 1.7988927707599814e-16 1.7988924082235423e-16 3.625364402791495e-23
1.07808044048254 6.355104843854258e-24 1.8186256811718894e-16 1.8186252860555375e-16 3.951163522709266e-23
1.0861967418109137 6.4457323813520905e-24 1.8584470803197564e-16 1.8584466114577035e-16 4.6886205267318995e-23
1.0902777775684922 6.4908551150671465e-24 1.8784883606380195e-16 1.8784878501420022e-16 5.1049601777672294e-23
1.0943741465085532 6.535978791538554e-24 1.8986542776080195e-16 1.8986537219622817e-16 5.556457379003338e-23
1.1026131145906286 6.62622295117104e-24 1.9393608810043398e-16 1.9393602233688233e-16 6.576355167438367e-23
1.1109141095355224 6.716453353483728e-24 1.9805687330704822e-16 1.9805679557342686e-16 7.773362127235821e-23
1.1192775983109025 6.806585483265904e-24 2.0222579336400573e-16 2.0222570160027652e-16 9.176372920923207e-23
1.1277040513999907 6.896269998894895e-24 2.0643286030900085e-16 2.064327521222683e-16 1.0818673258056873e-22
1.1361939428280308 6.985900646644152e-24 2.1069018648856253e-16 2.1069005910303171e-16 1.2738553086037077e-22
1.1447477501889525 7.075469722148121e-24 2.1499804386675765e-16 2.1499789406674733e-16 1.4980001038437374e-22
1.1533659546722406 7.165006660686081e-24 2.1935783907322215e-16 2.1935766313813013e-16 1.7593509205558322e-22
1.1707974979042381 7.34425857209924e-24 2.282438989621711e-16 2.2824365719557416e-16 2.417665969285373e-22
1.1884924949847024 7.523303810844894e-24 2.373419339292512e-16 2.3734160335670845e-16 3.30572542731404e-22
1.2064549276569216 7.70339588583152e-24 2.4669636591632003e-16 2.4669591614179243e-16 4.497745275156135e-22
1.2246888378427687 7.883178990559595e-24 2.562692985265881e-16 2.5626868955618262e-16 6.089704054482364e-22
1.2431983285522175 8.062444945157397e-24 2.6605817800433185e-16 2.66057357475382e-16 8.205289498879324e-22
1.2619875648066055 8.241381883960005e-24 2.760733894442867e-16 2.760722891357655e-16 1.1003085212645825e-21
1.3004222497298317 8.596774337367445e-24 2.9674905959892996e-16 2.967471087932525e-16 1.950805677476029e-21
1.3400274889804893 8.949964983659751e-24 3.1834972326255115e-16 3.183463277984399e-16 3.395464111286715e-21
1.3808389325824078 9.301844342109568e-24 3.4094280055086893e-16 3.4093699594665954e-16 5.80460420946086e-21
1.4228933163050095 9.655315785166369e-24 3.646769003344779e-16 3.646671493449285e-16 9.750989549420705e-21
1.466228494730424 1.001717896661788e-23 3.898670405019009e-16 3.8985093612038576e-16 1.6104381515100752e-20
1.5108834753276823 1.0386114317917097e-23 4.1653692137512524e-16 4.165107606561385e-16 2.6160718986582626e-20
1.5568984535646726 1.0761463706744306e-23 4.447347506805488e-16 4.446929078122203e-16 4.18428683286072e-20
1.6043148490894465 1.1145850817255465e-23 4.746486633248651e-16 4.745826448189202e-16 6.60185059450329e-20
1.6531753430134553 1.1542203401767212e-23 5.064972312026036e-16 5.063946015729992e-16 1.0262962960435306e-19
1.7035239163302658 1.195425898435152e-23 5.405555474079279e-16 5.403983139930251e-16 1.57233414902662e-19
1.755405889504358 1.2392329565597909e-23 5.774307913859188e-16 5.77193272254824e-16 2.375191310947346e-19
1.8088679632656115 1.2857225002293927e-23 6.173387585787455e-16 6.169848532614197e-16 3.539053173258092e-19
1.8639582606462262 1.334998594912139e-23 6.60520688147411e-16 6.600003543213367e-16 5.203338260742247e-19
1.9207263702978936 1.3874018888771252e-23 7.07354651044777e-16 7.065994785073756e-16 7.551725374012701e-19
1.979223391128241 1.443401073802035e-23 7.583178379773542e-16 7.572355420035663e-16 1.0822959737881124e-18
2.039501978296691 1.50347793281301e-23 8.139366832790629e-16 8.124044131996929e-16 1.5322700793702242e-18
2.1016163906111602 1.5686444546992288e-23 8.750792753426094e-16 8.729354366503008e-16 2.1438386923088576e-18
2.1656225393682647 1.63957307354789e-23 9.42503503471569e-16 9.395382314863837e-16 2.9652719851850367e-18
2.231578038680979 1.7164406408420182e-23 1.016740915697841e-15 1.0126850231933884e-15 4.055892504452504e-18
2.299542257339062 1.7997078277500387e-23 1.0985323062395574e-15 1.0930446203003585e-15 5.487685939198957e-18
2.369576372248914 1.8900871999878683e-23 1.188836101195728e-15 1.1814890697987825e-15 7.347031396945913e-18
2.4417434235010123 1.9883812126394727e-23 1.2887512833150555e-15 1.279015216925257e-15 9.736066389798435e-18
2.5161083711144245 2.0958363653640065e-23 1.3997682785124558e-15 1.386993815773031e-15 1.2774462739424643e-17
2.5927381535095444 2.2142916209543746e-23 1.5239225948902797e-15 1.5073219966331052e-15 1.6600598257174604e-17
2.6717017477616296 2.345569169844739e-23 1.6634342994556778e-15 1.6420627217948181e-15 2.1371577660859742e-17
2.753070231689431 2.4921841751431164e-23 1.821238647197484e-15 1.7939749228321567e-15 2.7263724365326907e-17
2.836916847834745 2.6598866505307685e-23 2.002991790833735e-15 1.9685181143460803e-15 3.447367648765497e-17
2.9233170693905177 2.8608172516116805e-23 2.219910531540476e-15 2.176701051178834e-15 4.3209480361641226e-17
2.967498994190263 2.9849308597540966e-23 2.3512255338981674e-15 2.3030952146296416e-15 4.8130319268526343e-17
3.0123486681368425 3.119513056211894e-23 2.494373472037835e-15 2.4408328073422725e-15 5.354066469556285e-17
3.0578761833420214 3.33282020788928e-23 2.7052114398274506e-15 2.6457135688867267e-15 5.949787094072444e-17
3.1040917844459814 3.584147654564116e-23 2.9531797392520656e-15 2.887191274689377e-15 6.59884645626886e-17
3.127460860933648 3.8086143389680785e-23 3.161755731855133e-15 3.0922889418739965e-15 6.94667899811372e-17
3.1510058709225794 4.092663127987467e-23 3.423139865092253e-15 3.350045145391185e-15 7.30947197010673e-17
3.162844764501044 4.3430826166885785e-23 3.646241256713444e-15 3.571268204298372e-15 7.497305241507286e-17
3.1747281389236908 4.6276255761959267e-23 3.8997268359300754e-15 3.822836649346512e-15 7.689018658356458e-17
3.1986289994194426 5.398037761627733e-23 4.583204352642519e-15 4.502351527996138e-15 8.08528246463817e-17
3.2227097969389145 7.162386466115598e-23 6.12700709473323e-15 6.0419529552604824e-15 8.505413947274683e-17
3.2348180950136065 8.813618789135788e-23 7.567868186572543e-15 7.480571387004581e-15 8.729679956795896e-17
3.240889293275058 1.0044591919916347e-22 8.641038229560324e-15 8.552558474739868e-15 8.847975482045509e-17
3.2469718861334385 1.1469535349658032e-22 9.885389493917753e-15 9.795685713987803e-15 8.970377992995098e-17
3.2714166318528037 1.8982657537028478e-22 1.648398850964847e-14 1.6389224485931086e-14 9.476402371738582e-17
3.2744851364798273 1.945448074376214e-22 1.6909551941284533e-14 1.681419101012672e-14 9.536093115781536e-17
3.2775565192852394 1.9939184422385916e-22 1.7347105225566973e-14 1.7251144350818285e-14 9.596087474868378e-17
3.283707930232385 1.9485575605138255e-22 1.6984282085446822e-14 1.6887247156573534e-14 9.703492887329118e-17
3.2898708863219004 1.802666020908465e-22 1.5742132363740134e-14 1.5644118915113846e-14 9.801344862628753e-17
3.29141343181113 1.7682183116870085e-22 1.5448551108037144e-14 1.535029192016877e-14 9.825918786837649e-17
3.292184975758714 1.7512855370886618e-22 1.530419965541714e-14 1.520581743130232e-14 9.838222411482096e-17
3.295272960557952 1.6450413895467398e-22 1.438923340189916e-14 1.4290372388162606e-14 9.886101373655736e-17
3.3076538914384823 1.2752373769637522e-22 1.119645465654834e-14 1.1095670050203313e-14 1.007846063450229e-16
3.310756385682612 1.199497505780863e-22 1.0541344524104364e-14 1.0440074948806487e-14 1.0126957529787619e-16
3.313861789986515 1.129431363580546e-22 9.93490384617468e-15 9.833147670018245e-15 1.0175617615643147e-16
3.3200813396944477 1.0316652544757888e-22 9.091948372091297e-15 8.989146063998765e-15 1.0280230809253251e-16
3.345076488085796 8.614140810073656e-23 7.648696921693764e-15 7.541233938543307e-15 1.074629831504575e-16
3.3482140837626964 8.686718554547434e-23 7.720375124251818e-15 7.612280834202762e-15 1.0809429004905278e-16
3.3513546224236106 8.759983772216079e-23 7.79279263131325e-15 7.684064130660141e-15 1.0872850065310881e-16
3.3576445397418455 9.260843214480064e-23 8.253814079036057e-15 8.143759786798339e-15 1.1005429223771839e-16
3.3702598118196083 1.1073496923867164e-22 9.906439786031374e-15 9.793604480416856e-15 1.1283530561451762e-16
3.382922481734668 1.1512833906246366e-22 1.0338171168662855e-14 1.0222630383438575e-14 1.1554078522428078e-16
3.389271646505754 1.1739554296707863e-22 1.056154418656421e-14 1.0444631624836184e-14 1.169125617280266e-16
3.395632727569191 1.1986784203588738e-22 1.080420536537092e-14 1.0685879091233047e-14 1.183262741378748e-16
3.421196662673239 1.3176690486103002e-22 1.1966132775962132e-14 1.1841951758589878e-14 1.241810173722532e-16
3.4276182099114902 1.2969259985870368e-22 1.1799865874386746e-14 1.1674375667686285e-14 1.254902067004632e-16
3.4340518103208963 1.200837497978067e-22 1.0946127870464715e-14 1.0819398133402906e-14 1.2672973706181142e-16
3.4469541582030403 1.0637075393388466e-22 9.732561980861227e-15 9.603450549695301e-15 1.291114311659281e-16
3.472904465399547 1.0284865833774721e-22 9.48114744256598e-15 9.346553407046342e-15 1.3459403551963577e-16
3.4990501388274233 9.732591154074163e-23 9.039576379156843e-15 8.899366092246027e-15 1.402102869108141e-16
3.5253949054701885 7.682197488826701e-23 7.188903818506709e-15 7.043228051136094e-15 1.456757673706121e-16
3.5519380250092896 5.738405642102535e-23 5.410358676958494e-15 5.259182078382328e-15 1.5117659857616638e-16
3.578680990867387 4.9977492884654107e-23 4.7475209019958845e-15 4.59031410156876e-15 1.5720680042712435e-16
3.605625307711299 4.7303002496719814e-23 4.527294375800508e-15 4.363732114609467e-15 1.6356226119104108e-16
3.660119384959845 4.602923525680336e-23 4.47196549410137e-15 4.295030856526167e-15 1.769346375752038e-16
3.715437065384467 4.540947753478449e-23 4.4784305887718875e-15 4.28736979184286e-15 1.910607969290274e-16
3.8285932144167436 4.670319249899111e-23 4.7463004569548965e-15 4.524777946606105e-15 2.2152251034879094e-16
3.94519561050918 4.871938811531761e-23 5.101992307787804e-15 4.847100509127898e-15 2.54891798659905e-16
4.06534921144712 5.105260670037579e-23 5.509157797378942e-15 5.217991730833556e-15 2.9116606654538317e-16
4.189162171576248 5.357902861374142e-23 5.9578757492596506e-15 5.627428270799661e-15 3.304474784599894e-16
4.316745939156006 5.624287047106135e-23 6.444561906406516e-15 6.0719320853075876e-15 3.7262982109892814e-16
4.448215356677963 5.901347597043735e-23 6.96797259690873e-15 6.550798153544949e-15 4.171744433637811e-16
4.58368876423945 6.188099653002559e-23 7.529078982474869e-15 7.064909508309301e-15 4.641694741655676e-16
4.723288106065518 6.484851553538937e-23 8.130437376003504e-15 7.616497801814204e-15 5.139395741892997e-16
4.867139040275056 6.791917235550877e-23 8.774766551622673e-15 8.209523131082577e-15 5.652434205400959e-16
4.940699165968905 6.952678503076299e-23 9.118218432105233e-15 8.52658651874475e-15 5.916319133604825e-16
5.015371051989984 7.113277856605247e-23 9.46983201828264e-15 8.851394715534809e-15 6.184373027478313e-16
5.091171501069577 7.28487404778325e-23 9.84485235609241e-15 9.198628460983177e-15 6.46223895109235e-16
5.129500256944802 7.370498561684332e-23 1.0035554059497686e-14 9.375303066352833e-15 6.602509931448493e-16
5.168117569889187 7.4570153420256e-23 1.0229793205097765e-14 9.555297330066735e-15 6.744958750310308e-16
5.20702561229733 7.552344937417199e-23 1.0438568948879133e-14 9.748561271289453e-15 6.900076775896791e-16
5.246226572918644 7.647873224358037e-23 1.0650185106490409e-14 9.944533999791942e-15 7.056511066984654e-16
5.265937586045735 7.695711086931728e-23 1.0757067540341432e-14 1.0043547026422686e-14 7.135205139187476e-16
5.285722656980489 7.743597836430967e-23 1.0864671375780264e-14 1.0143250565436891e-14 7.214208103433768e-16
5.305582063971359 7.79153338377058e-23 1.0973000657129804e-14 1.0243649350725989e-14 7.293513064038162e-16
5.3255160863122235 7.841135636290992e-23 1.1084346672904827e-14 1.034697532510054e-14 7.373713478042903e-16
5.365609099470188 7.953105012344125e-23 1.1327268100926511e-14 1.057330390933067e-14 7.539641915958395e-16
5.406003951863644 8.066108902317872e-23 1.1574703453354535e-14 1.0804009013051817e-14 7.706944403027178e-16
5.446702915881641 8.180200921566747e-23 1.1826795620076e-14 1.1039238967080957e-14 7.875566529950452e-16
5.487708281020852 8.298546458046693e-23 1.2088223456135648e-14 1.1283609072171102e-14 8.046143839645451e-16
5.529022354014368 8.445924373592005e-23 1.239552618763282e-14 1.1573125089120755e-14 8.224010985120628e-16
5.570647458961463 8.596965300883017e-23 1.2712187258858218e-14 1.1871853662896415e-14 8.403335959618077e-16
5.612585937458331 8.751952409519412e-23 1.3038792808468237e-14 1.2180386426400823e-14 8.584063820674106e-16
5.654840148729818 8.91593520797881e-23 1.3383098353371184e-14 1.2506398706946427e-14 8.766996464247535e-16
5.67608639626678 9.020730129097425e-23 1.359127252056387e-14 1.2705003714155212e-14 8.86268806408656e-16
5.686739436050992 9.0740508665639e-23 1.369726859340136e-14 1.280619998119766e-14 8.910686122036999e-16
5.6974124697621304 9.128007248056142e-23 1.380457596875372e-14 1.2908697513503194e-14 8.958784552505313e-16
5.718818669136295 9.23788970007221e-23 1.4023245327603785e-14 1.3117717417432533e-14 9.055279101712512e-16
5.740305295436557 9.356457447231047e-23 1.425659691075467e-14 1.3341310271757389e-14 9.152866389972877e-16
5.7835210386641895 9.652275376249375e-23 1.4818063669087623e-14 1.3882596235256562e-14 9.354674338310634e-16
5.827062130521658 9.981389695861541e-23 1.5438677438054363e-14 1.4482681523731248e-14 9.559959143231133e-16
5.8489554468988025 1.0206474505693951e-22 1.5846140467209915e-14 1.487906566356548e-14 9.670748036444292e-16
5.870931020387893 1.044372531628222e-22 1.6275406766276488e-14 1.5297193019868587e-14 9.782137464079007e-16
5.892989160043636 1.0694100752876684e-22 1.6728205180524147e-14 1.573879302788579e-14 9.89412152638366e-16
5.915130176081913 1.097502801905696e-22 1.7232146471657917e-14 1.6231127737046432e-14 1.0010187346114853e-15
5.95966208400165 1.1748708354879983e-22 1.858579711177844e-14 1.7558361282578226e-14 1.027435829200203e-15
6.004529249263818 1.2839993797009917e-22 2.0465068925847325e-14 1.940792028100365e-14 1.0571486448436725e-15
6.027089341400364 1.3590902303128522e-22 2.174329473476573e-14 2.0668992971028105e-14 1.074301763737617e-15
6.049734195844842 1.44675041994007e-22 2.3232681776887315e-14 2.2140212629060576e-14 1.0924691478267394e-15
6.095279466722835 1.697985481049953e-22 2.7472427005764504e-14 2.6335352577694638e-14 1.1370744280698624e-15
6.141167624020661 2.0796228257998577e-22 3.390041074906078e-14 3.27055059552619e-14 1.1949047937988799e-15
6.164241091010745 2.322734438857963e-22 3.800568884395594e-14 3.677451765354642e-14 1.2311711904095251e-15
6.187401249150058 2.5962501831039674e-22 4.2640692962642845e-14 4.1372267563341804e-14 1.2684253993010217e-15
6.1990139391386085 2.729425700779805e-22 4.491209589560713e-14 4.3624711543475773e-14 1.2873843521313636e-15
6.204828454712694 2.79928338588645e-22 4.6104793229800176e-14 4.480783141155538e-14 1.2969618182448e-15
6.210648424152782 2.850155762760235e-22 4.6986703124364045e-14 4.568157433724544e-14 1.3051287871186122e-15
6.233982942956859 3.02160705985786e-22 5.0000348255446145e-14 4.8666715553561135e-14 1.3336327018850102e-15
6.239830258556775 3.042799311410936e-22 5.039825715002986e-14 4.90606465284526e-14 1.3376106215772583e-15
6.245683058788269 3.043665841466197e-22 5.045989532399817e-14 4.911829988978815e-14 1.3415954342100325e-15
6.257405133728602 3.0367031147384457e-22 5.0438950572269877e-14 4.90903670330367e-14 1.3485835392331715e-15
6.269149208991335 3.00022902051866e-22 4.992665235229621e-14 4.8575436573087765e-14 1.3512157792084547e-15
6.280915325867298 2.912184614468581e-22 4.855246398595633e-14 4.7204003965288096e-14 1.3484600206682348e-15
6.304513850009849 2.696507586045774e-22 4.512556811971896e-14 4.3787496998996315e-14 1.3380711207226465e-15
6.32820103803542 2.4321030009039895e-22 4.0853725290920866e-14 3.953123263828355e-14 1.3224926526373255e-15
6.3519772230701035 2.1906635006322963e-22 3.693635516495121e-14 3.562779180810952e-14 1.3085633568416927e-15
6.375842739491607 1.9869406442417978e-22 3.362729418819489e-14 3.233097097167667e-14 1.2963232165182257e-15
6.399797922933955 1.8256580907321982e-22 3.1013811311579346e-14 2.97235650576108e-14 1.2902462539685408e-15
6.42384311029221 1.6911033997644006e-22 2.883596709684647e-14 2.755057108686805e-14 1.2853960099784168e-15
6.447978639727206 1.5940092205648717e-22 2.72824804335091e-14 2.5997122824615105e-14 1.2853576088939857e-15
6.472204850670314 1.5129849523092324e-22 2.5992993389210502e-14 2.470671737709547e-14 1.2862760121150359e-15
6.496522083828205 1.4610018496312498e-22 2.5194231633304518e-14 2.3903133179296092e-14 1.2910984540084317e-15
6.520930681187647 1.4172453043721093e-22 2.4531496558179236e-14 2.3234979493152708e-14 1.2965170650265303e-15
6.57002334288761 1.3732575092475987e-22 2.394905206498064e-14 2.2636274870398998e-14 1.3127771945816352e-15
6.619489833774732 1.3693903158042646e-22 2.4061417279222342e-14 2.2727945338984284e-14 1.3334719402380536e-15
6.6693287637831435 1.3864986831157652e-22 2.4545451262683637e-14 2.318941501553893e-14 1.3560362471447098e-15
6.719538636694507 1.407192570548975e-22 2.5099346957735135e-14 2.3721528124304834e-14 1.3778188334303015e-15
6.770126513364129 1.4588714608209013e-22 2.6217015205749034e-14 2.4815438655959785e-14 1.4015765497892584e-15
6.8210952395837445 1.536902781222593e-22 2.7827227780979362e-14 2.639893757273478e-14 1.4282902082445819e-15
6.872447682569556 1.6347722835871975e-22 2.982209445433399e-14 2.836421671837988e-14 1.4578777359541132e-15
6.924186731123532 1.7574509846550806e-22 3.2301405949334517e-14 3.081120045267935e-14 1.4902054966551653e-15
6.976315295795916 1.8568275164650547e-22 3.4384847042802185e-14 3.286179942663415e-14 1.5230476161680423e-15
7.028836309048954 1.8733526033862292e-22 3.495202888595984e-14 3.339811740446748e-14 1.5539114814923528e-15
7.081752725421856 1.8343449086213292e-22 3.44819001598899e-14 3.2897984425058256e-14 1.5839157348316412e-15
7.135067521697011 1.8099716491505367e-22 3.427987997667957e-14 3.266263737329116e-14 1.6172426033884192e-15
7.1887836970674375 1.8374576753965163e-22 3.506244469568632e-14 3.340615341265067e-14 1.6562912830356544e-15
7.242904273305506 1.92485883419645e-22 3.700675994878779e-14 3.5304111285805464e-14 1.702648662982324e-15
7.297432294932914 2.0604423896150025e-22 3.991167766049988e-14 3.8152132491191823e-14 1.7595451693080617e-15
7.352370829391971 2.215010708607977e-22 4.322874889231002e-14 4.139355381892426e-14 1.835195073385754e-15
7.379995003818881 2.31084875007894e-22 4.526859565256161e-14 4.33886798504765e-14 1.8799158020851293e-15
7.407722967218148 2.415791339032791e-22 4.750218484336505e-14 4.557552032316345e-14 1.926664520201624e-15
7.463496598684601 2.680106653748636e-22 5.3096249968731935e-14 5.106403783305381e-14 2.0322121356781277e-15
7.519690156487492 3.019424312016935e-22 6.026893633457718e-14 5.811269730352913e-14 2.156239031048061e-15
7.533803324048627 3.11786069206791e-22 6.235056858042137e-14 6.015916002645557e-14 2.1914085539658078e-15
7.547942979602549 3.2202958986578347e-22 6.451992035672447e-14 6.229276066143035e-14 2.2271596952941265e-15
7.57630195363571 3.43509578133435e-22 6.908210448982141e-14 6.678122061776152e-14 2.3008838720598915e-15
7.590521371821866 3.543368854136551e-22 7.139329131341793e-14 6.905375080979938e-14 2.3395405036185433e-15
7.604767477414989 3.655761795211004e-22 7.379607483648393e-14 7.141722290646584e-14 2.3788519300181048e-15
7.633339951266878 3.8802323908381893e-22 7.862158119694447e-14 7.616398562369032e-14 2.4575955732541833e-15
7.662019777021956 4.0520577707491294e-22 8.241159701704194e-14 7.988295496418092e-14 2.5286420528610277e-15
7.690807358020558 4.1662639090909566e-22 8.505270742101758e-14 8.246417572026957e-14 2.588531700747993e-15
7.719703099118437 4.219614332816362e-22 8.646548652483887e-14 8.382912151634436e-14 2.636365008494498e-15
7.748707406692464 4.200595850553404e-22 8.639917473221269e-14 8.371740486000587e-14 2.6817698722068165e-15
7.777823177463063 4.128927072941368e-22 8.5244174780846e-14 8.24696745212204e-14 2.774500259625642e-15
7.807048350752435 4.023956957946022e-22 8.338916569616367e-14 8.050833174356976e-14 2.880833952593923e-15
7.836380830085272 3.881782276966107e-22 8.074509306740138e-14 7.775936773579704e-14 2.9857253316043184e-15
7.851088371676256 3.784397091151929e-22 7.886712307042261e-14 7.583592181398098e-14 3.031201256441655e-15
7.86582351679805 3.681542905367463e-22 7.686763111001687e-14 7.37939811623225e-14 3.073649947694377e-15
7.89537682495964 3.455684281653708e-22 7.24229737210002e-14 6.927629327109954e-14 3.1466804499006536e-15
7.9250411701946435 3.2142471180989747e-22 6.761611644160613e-14 6.439226386156929e-14 3.2238525800368493e-15
7.939915112024199 3.087461422907712e-22 6.50709028012005e-14 6.180610604034366e-14 3.264796760856853e-15
7.954816969689239 2.9676350524372184e-22 6.266284615657232e-14 5.935495246472373e-14 3.3078936918485815e-15
7.9847046421970465 2.747402228371443e-22 5.823050214695843e-14 5.48287180509908e-14 3.401784095967657e-15
8.044817289139356 2.3815827483741825e-22 5.0857065080803163e-14 4.722926774369057e-14 3.627797337112596e-15
8.07504310897143 2.2487397214917204e-22 4.820071425907362e-14 4.443647083010267e-14 3.764243428970936e-15
8.105382492623747 2.132113258969261e-22 4.5872585411935755e-14 4.1962869734921695e-14 3.909715677014066e-15
8.135835866775926 2.0409295469303858e-22 4.407574122957843e-14 4.0021355217402554e-14 4.054386012175891e-15
8.166403659710703 1.973995928416289e-22 4.2790417967543404e-14 3.857927069981736e-14 4.21114726772604e-15
8.197086301319933 1.9261061854168465e-22 4.1909180289443786e-14 3.753373870131628e-14 4.37544158812751e-15
8.227884223110665 1.8851998019953695e-22 4.1173234948143024e-14 3.6623915650936214e-14 4.549319297206801e-15
8.258797858211198 1.8666444110222476e-22 4.092115317754175e-14 3.614244544857226e-14 4.778707728969493e-15
8.289827641377162 1.8767974266644421e-22 4.129831507813408e-14 3.6064399199929933e-14 5.2339158782041475e-15
8.320974008997652 1.906205615583787e-22 4.2103029186388075e-14 3.632226236010134e-14 5.780766826286737e-15
8.35223739910135 1.9439801139993772e-22 4.309869110891852e-14 3.672066156560935e-14 6.378029543309153e-15
8.383618251362687 2.0109198700730945e-22 4.475027339811733e-14 3.777010727437321e-14 6.9801661237441215e-15
8.415117007108037 2.0984419719395876e-22 4.6873410754322225e-14 3.923955581129807e-14 7.633854943024153e-15
8.446734109321913 2.206644926955191e-22 4.9475559320941116e-14 4.117353784449948e-14 8.302021476441635e-15
8.478470002653195 2.3371519216334238e-22 5.259856122839731e-14 4.361253809193341e-14 8.986023136463902e-15
8.542299949622933 2.615786925899635e-22 5.931255257908587e-14 4.889465513040689e-14 1.0417897448678972e-14
8.558332380220154 2.6761265954261214e-22 6.079463233193693e-14 5.001069480779623e-14 1.0783937524140689e-14
8.574394900937412 2.718237233369801e-22 6.186717298954329e-14 5.071961599306381e-14 1.114755699647949e-14
8.606610438733982 2.7413658835673853e-22 6.262800572934115e-14 5.0766850843636434e-14 1.186115488570471e-14
8.622764948673899 2.7288215602437157e-22 6.245843793306237e-14 5.024019160876896e-14 1.2218246324293383e-14
8.638949780445296 2.6878384575636894e-22 6.163587219587668e-14 4.9070726998024984e-14 1.2565145197851716e-14
8.655163606183647 2.646453589294175e-22 6.080075845512602e-14 4.788032719337082e-14 1.292043126175519e-14
8.671407862489573 2.5954354268505125e-22 5.974055806703582e-14 4.6464150565653036e-14 1.3276407501382767e-14
8.703987895363145 2.4709417823051566e-22 5.708870933613783e-14 4.310046137043285e-14 1.3988247965704968e-14
8.736690337257128 2.364459350034909e-22 5.483378538473656e-14 4.0098927434108873e-14 1.4734857950627695e-14
8.802464289484785 2.197945775857497e-22 5.135593954313646e-14 3.5042697835019904e-14 1.631324170811657e-14
8.868733419248175 2.11969313799024e-22 4.990040009974596e-14 3.1715112194917e-14 1.8185287904828964e-14
8.935501454478851 2.1179816767020507e-22 5.0235480598380874e-14 2.9540457291955597e-14 2.0695023306425294e-14
9.002772151174003 2.1539626148478486e-22 5.147351819245081e-14 2.811454218674336e-14 2.3358976005707446e-14
9.07054929360775 2.212079762456559e-22 5.326032392344357e-14 2.716129273922695e-14 2.6099031184216636e-14
9.13883669454403 2.284658698101442e-22 5.542193446781764e-14 2.6499237547944554e-14 2.892269691987309e-14
9.207638195451068 2.3651938423161285e-22 5.78075307029032e-14 2.608339277570379e-14 3.1724137927199406e-14
9.276957666717493 2.45659165111519e-22 6.049339789621115e-14 2.5725698345028085e-14 3.4767699551183063e-14
9.346799007870057 2.548725969005238e-22 6.323470266973412e-14 2.5531310054665275e-14 3.770339261506886e-14
9.417166147792997 2.6459875232737005e-22 6.614202054166339e-14 2.5364992966616665e-14 4.0777027575046736e-14
9.488063044949055 2.7109065005305285e-22 6.82749724853399e-14 2.529695038300784e-14 4.2978022102332046e-14
9.559493687602165 2.780437581245218e-22 7.05533230454594e-14 2.5243569552660327e-14 4.530975349279907e-14
9.631462094041797 2.847354461185699e-22 7.279527444768199e-14 2.525834169067215e-14 4.753693275700985e-14
9.703972312809022 2.9138102177096825e-22 7.505510617823984e-14 2.5281329954332518e-14 4.977377622390732e-14
9.777099908821425 2.9418111273962453e-22 7.634740364038793e-14 2.5359211358103612e-14 5.098819228228434e-14
9.924867353363874 2.978268420618533e-22 7.846174826160096e-14 2.5577426907166226e-14 5.288432135443474e-14
10.074868099996943 2.9534735679956356e-22 7.898450316078135e-14 2.5915923080309792e-14 5.306858008047158e-14
10.150790707826552 2.9230304909135355e-22 7.875944591028966e-14 2.6122080128587566e-14 5.26373657817021e-14
10.22721067892732 2.8935529434041463e-22 7.855214859376442e-14 2.640170126577326e-14 5.215044732799117e-14
10.304205975847633 2.864128684380018e-22 7.833872361901145e-14 2.6696130955181917e-14 5.164259266382954e-14
10.381780929913377 2.822491474022676e-22 7.778107339064773e-14 2.7099348807938175e-14 5.068172458270957e-14
10.459939905058707 2.7823312591907735e-22 7.725159544416405e-14 2.753470504274897e-14 4.9716890401415065e-14
10.538687298071551 2.7418164453407317e-22 7.669981712020698e-14 2.81547291233595e-14 4.8545087996847503e-14
10.618027538840941 2.7032596396989074e-22 7.619053809396452e-14 2.8840753963976045e-14 4.734978412998847e-14
10.697971937068667 2.660195051570406e-22 7.554128508354567e-14 2.9813114603766927e-14 4.572817047977873e-14
10.778518246224262 2.629372986388491e-22 7.522820356422805e-14 3.114148362786775e-14 4.4086719936360295e-14
10.859664048220797 2.6195930500430725e-22 7.551263981152556e-14 3.307276885352142e-14 4.243987095800415e-14
10.941420754335242 2.6427391322941425e-22 7.67533690736869e-14 3.595607690653116e-14 4.0797292167155734e-14
10.961955922839442 2.6579187118159665e-22 7.733911162520092e-14 3.695665378444388e-14 4.038245784075703e-14
10.982529632329763 2.677185891142134e-22 7.804594514985132e-14 3.807473914577039e-14 3.9971206004080944e-14
11.023792963743814 2.731967010527096e-22 7.994216985378044e-14 4.078595938106915e-14 3.91562104727113e-14
11.065211328886559 2.8145855764220284e-22 8.266917498664761e-14 4.432741630992827e-14 3.8341758676719364e-14
11.08597883104876 2.872438266845846e-22 8.4526752113827e-14 4.6592415458246284e-14 3.7934336655580714e-14
11.106785310247485 2.938976704934975e-22 8.664708447159191e-14 4.91205136516888e-14 3.752657081990311e-14
11.14851549250461 3.1031433687012356e-22 9.183078898942731e-14 5.512042002942141e-14 3.67103689600059e-14
11.169441129330048 3.192567253680883e-22 9.465442709864149e-14 5.834552757489673e-14 3.630889952374477e-14
11.190406043337886 3.2700345147152144e-22 9.713318171595963e-14 6.122774606014667e-14 3.590543565581297e-14
11.21140851448765 3.3444258218789233e-22 9.952935241907646e-14 6.403242834783211e-14 3.5496924071244356e-14
11.22192452720434 3.3839793455050606e-22 1.0080091635824703e-13 6.550648833746477e-14 3.529442802078225e-14
11.232450403670388 3.3964832476074224e-22 1.0126827670192016e-13 6.615943693692349e-14 3.510883976499666e-14
11.253533585369773 3.398375218841738e-22 1.015148722955226e-13 6.676636901015713e-14 3.474850328536548e-14
11.274656339961506 3.3870874277095133e-22 1.0136759739325885e-13 6.697396670047113e-14 3.4393630692787746e-14
11.285231677511122 3.3815566114237465e-22 1.0129699795025637e-13 6.707799099819691e-14 3.421900695205945e-14
11.295816934455262 3.3549756729221005e-22 1.0059501363891328e-13 6.655216115871881e-14 3.404285248019449e-14
11.317017243752359 3.2910400494291057e-22 9.886318052568467e-14 6.517198123110086e-14 3.3691199294583783e-14
11.338257342390673 3.2274219996251176e-22 9.713405021217135e-14 6.37921083672257e-14 3.334194184494563e-14
11.359537305047965 3.1602969066759807e-22 9.529233333132468e-14 6.230419154972143e-14 3.2988141781603234e-14
11.402217121831576 3.0142068344322826e-22 9.122876378195443e-14 5.896715405363659e-14 3.2261609728317844e-14
11.423617126015266 2.9390949192324505e-22 8.912236115487257e-14 5.722989147124454e-14 3.189246968362803e-14
11.445057294333186 2.8627623359440304e-22 8.69706465982684e-14 5.545962639568106e-14 3.151102020258732e-14
11.488058425037956 2.708297061872514e-22 8.258712868962514e-14 5.187457933464399e-14 3.0712549354981126e-14
11.53122111869469 2.5687887610061236e-22 7.862725709059577e-14 4.869354197691717e-14 2.9933715113678604e-14
11.574545982324347 2.4425328105399253e-22 7.504362489215818e-14 4.5869568090347274e-14 2.917405680181091e-14
11.618033625228566 2.3283798684554664e-22 7.180520026500585e-14 4.3389572684910015e-14 2.8415627580095833e-14
11.661684658998247 2.227457272472822e-22 6.895092689589561e-14 4.135000341882111e-14 2.760092347707449e-14
11.705499697522141 2.1427098861994e-22 6.657677661856101e-14 3.980501587004607e-14 2.6771760748514962e-14
11.749479356995494 2.0692963387427726e-22 6.453729298327828e-14 3.861917504671457e-14 2.5918117936563693e-14
11.793624255928705 2.0024302748576924e-22 6.268651450784869e-14 3.761393443764033e-14 2.507258007020836e-14
11.83793501515603 1.947514949757774e-22 6.119644369583464e-14 3.701560761317269e-14 2.4180836082661947e-14
11.882412257844306 1.89650941383609e-22 5.981760931051244e-14 3.6515047792639833e-14 2.33025615178726e-14
11.92705660950172 1.8537396387572268e-22 5.868828926339725e-14 3.630251413113857e-14 2.238577513225866e-14
11.971868697986617 1.8140603790185273e-22 5.76478501776669e-14 3.616720870348134e-14 2.148064147418556e-14
12.016849153516302 1.782071721183098e-22 5.684407728548119e-14 3.632640669023609e-14 2.0517670595245113e-14
12.061998608675935 1.752730191388257e-22 5.611820544951933e-14 3.654374019958593e-14 1.9574465249933396e-14
12.152807060118223 1.7096028193826123e-22 5.514945962929357e-14 3.75339626459321e-14 1.7615496983361445e-14
12.198467333490619 1.6958529589536545e-22 5.491144774655568e-14 3.832430267676e-14 1.6587145069795675e-14
12.244299160690385 1.6856939864611504e-22 5.478757807925001e-14 3.9202119821507166e-14 1.558545825774285e-14
12.290303186275983 1.6814858284001337e-22 5.4856139514138644e-14 4.033997427830051e-14 1.451616523583814e-14
12.3364800572276 1.6864003037425249e-22 5.5223174170541933e-14 4.157501452994953e-14 1.3648159640592399e-14
12.382830422956244 1.713657940515396e-22 5.6326594707404446e-14 4.299181317437809e-14 1.3334781533026342e-14
12.429354935312874 1.742956475686814e-22 5.750486196357491e-14 4.447547184778951e-14 1.3029390115785407e-14
12.476058240797144 1.7706673658027844e-22 5.863862925667146e-14 4.590688437221979e-14 1.2731744884451677e-14
12.522937033967983 1.8010692545280592e-22 5.986955671556097e-14 4.735895882710981e-14 1.2510597888451152e-14
12.569987951963114 1.8306159805062088e-22 6.108035376338052e-14 4.850571033855501e-14 1.2574643424825518e-14
12.593579661530361 1.8400234620624306e-22 6.15094703572867e-14 4.890397692525995e-14 1.2605493432026733e-14
12.617215648686605 1.8460563204259741e-22 6.182696178707958e-14 4.919137628811242e-14 1.2635585498967174e-14
12.664620788327802 1.8445893671235397e-22 6.200994188690844e-14 4.931716096090671e-14 1.2692780926001753e-14
12.71220403757155 1.828990955179555e-22 6.171657913977438e-14 4.896972323362433e-14 1.2746855906150034e-14
12.736062662318053 1.8153369718672906e-22 6.137081249043337e-14 4.8598274660497564e-14 1.2772537829935829e-14
12.759966065607527 1.798384923436827e-22 6.091182412450788e-14 4.8114369598658096e-14 1.2797454525849767e-14
12.807907544139693 1.7537090219879738e-22 5.962180958189582e-14 4.67773452014351e-14 1.2844464380460712e-14
12.856029147395699 1.7048043305373918e-22 5.817693289026814e-14 4.5287176497556755e-14 1.2889756392711399e-14
12.904331552136407 1.6534889264337078e-22 5.6637781888108853e-14 4.370304884751607e-14 1.2934733040592791e-14
12.95281543766539 1.6015929417185666e-22 5.506628226892955e-14 4.208809396622082e-14 1.2978188302708742e-14
13.00148148583848 1.5542601931086627e-22 5.363965787406334e-14 4.061793545902781e-14 1.302172241503551e-14
13.050330381073369 1.511050985130215e-22 5.234437971659739e-14 3.9279042299835245e-14 1.306533741676214e-14
13.099362810359226 1.471879003989861e-22 5.117899037389223e-14 3.807004786361882e-14 1.3108942510273419e-14
13.197981031955921 1.4059999959853256e-22 4.925635292639508e-14 3.6060802439792814e-14 1.3195550486602268e-14
13.247568211189632 1.3790239247850284e-22 4.849281529957358e-14 3.525432424871748e-14 1.3238491050856101e-14
13.297341698339563 1.3545419992250222e-22 4.781087999778096e-14 3.452957039977041e-14 1.3281309598010549e-14
13.397450398986955 1.3142464160799597e-22 4.6737813609109495e-14 3.337272309751852e-14 1.3365090511590982e-14
13.447787020368724 1.2976216956676111e-22 4.6319978968505646e-14 3.291428436617039e-14 1.3405694602335262e-14
13.498312765455129 1.2822504382374981e-22 4.594325659628141e-14 3.249744873292091e-14 1.3445807863360506e-14
13.59993447169816 1.256102780547663e-22 4.534521087032087e-14 3.1823885059289787e-14 1.3521325811031082e-14
13.702321234386334 1.2362126024690364e-22 4.4963151590790105e-14 3.1312787965990014e-14 1.36503636248001e-14
13.805478813227746 1.2339025355713722e-22 4.521700193405645e-14 3.092885080951021e-14 1.4288151124546224e-14
13.90941301129231 1.2345991491148576e-22 4.558313694119873e-14 3.059657431555474e-14 1.498656262564399e-14
13.96167316792965 1.2408063152937773e-22 4.5984439318533204e-14 3.048667724494379e-14 1.5497762073589416e-14
14.014129675338197 1.2478887999970246e-22 4.642067505230132e-14 3.039675636919056e-14 1.6023918683110733e-14
14.119634696140762 1.2659903878166502e-22 4.744858899338506e-14 3.0347606367843764e-14 1.7100982625541297e-14
14.225934008823913 1.2850954842857451e-22 4.852724323268927e-14 3.032209287190237e-14 1.8205150360786896e-14
14.333033593193976 1.305533969831321e-22 4.967017937765996e-14 3.029714372869739e-14 1.9373035648962573e-14
14.44093947407611 1.3250233106893452e-22 5.0791191331478813e-14 3.025983571067496e-14 2.0531355620803856e-14
14.54965772165321 1.3460247143325305e-22 5.1984664303929707e-14 3.0225402182929973e-14 2.1759262120999724e-14
14.659194451807393 1.368603857829984e-22 5.325462104460937e-14 3.0193661032204154e-14 2.3060960012405206e-14
14.769555826464039 1.3924851621499728e-22 5.4591803751900255e-14 3.0162066158985356e-14 2.442973759291488e-14
14.992777389284976 1.4384452088774742e-22 5.724596092417175e-14 3.006492039969385e-14 2.718104052447792e-14
15.21937263962189 1.490482727505187e-22 6.021339730900995e-14 2.9979526306166534e-14 3.0233871002843425e-14
15.449392566130673 1.5460981831824287e-22 6.340418310986448e-14 2.9854804185593406e-14 3.3549378924271055e-14
15.682888928090767 1.6544027606770748e-22 6.887105659114471e-14 2.9748343840080484e-14 3.912271275106421e-14
15.919914267052077 1.7755012308701876e-22 7.502934159124189e-14 2.961406564547353e-14 4.541527594576836e-14
16.03976693895051 1.8348516030599217e-22 7.812111483730494e-14 2.955747528964318e-14 4.856363954766175e-14
16.1605219186579 1.899204874733812e-22 8.1469796587718e-14 2.957564041157016e-14 5.189415617614786e-14
16.22123989475974 1.9279952124164996e-22 8.301554650374565e-14 2.959285770730792e-14 5.3422688796437715e-14
16.282185999175777 1.9576108153079294e-22 8.460742942597405e-14 2.960986638814789e-14 5.499756303782615e-14
16.312744867225646 1.972735200605332e-22 8.542112186928003e-14 2.961829227711298e-14 5.580282959216706e-14
16.343361089024967 1.9880745147241863e-22 8.624689467502227e-14 2.962666574901593e-14 5.662022892600636e-14
16.404766024646595 2.0194097978862345e-22 8.793543831870134e-14 2.964325510873724e-14 5.829218320996408e-14
16.466401669612416 2.0516408275631484e-22 8.96746047271798e-14 2.96596338220541e-14 6.00149709051257e-14
16.497306278852424 2.06809998776867e-22 9.056366768046894e-14 2.96677439919258e-14 6.089592368854315e-14
16.528268890738765 2.084792461821507e-22 9.146598815937274e-14 2.9675801270874884e-14 6.179018688849789e-14
16.590368558098763 2.1188902746363355e-22 9.331123441425729e-14 2.9691756866682005e-14 6.361947754757529e-14
16.65270154503456 2.15265504132975e-22 9.515433362204352e-14 2.9706906279341e-14 6.544742734270249e-14
16.715268728169598 2.1816350880144963e-22 9.679767053485793e-14 2.971932255197069e-14 6.707834798288726e-14
16.778070987420957 2.2112919793897166e-22 9.848215680652992e-14 2.97315558174442e-14 6.875060098908568e-14
16.9043842704834 2.2726969240837496e-22 1.0197889780100197e-13 2.9755469430689206e-14 7.222342837031275e-14
17.03164849990255 2.336994691989568e-22 1.0565348929412177e-13 2.9778639703126965e-14 7.587484959099479e-14
17.159870834853997 2.4029563985857658e-22 1.0945342051881897e-13 2.980040880422403e-14 7.965301171459498e-14
17.289058488411015 2.4583986234871384e-22 1.1282181462578631e-13 2.9815266914402583e-14 8.300654771138375e-14
17.35401657858945 2.486893927747604e-22 1.1455833764676556e-13 2.982246936272337e-14 8.473586828404218e-14
17.386587088641786 2.501339037321477e-22 1.154400043123221e-13 2.982601331249935e-14 8.561399099982274e-14
17.419218727950305 2.5159173021381207e-22 1.1633073374071823e-13 2.982951884978838e-14 8.650121489092986e-14
17.48466585346766 2.545477911766988e-22 1.1813976506338352e-13 2.983641402044462e-14 8.830335104293891e-14
17.550358875560836 2.57558509221971e-22 1.1998621047410714e-13 2.9843153566672175e-14 9.014305690743502e-14
17.682486308455736 2.6310816452074314e-22 1.2349434995103122e-13 2.98554571026845e-14 9.36388928483467e-14
17.81560845938729 2.6260197481896755e-22 1.2418469650203383e-13 2.986046414259158e-14 9.432423235944223e-14
17.882544892141226 2.623478151288634e-22 1.2453063673818593e-13 2.986280299864651e-14 9.466783373953944e-14
17.949732817065083 2.620439180366487e-22 1.248537255171544e-13 2.9865029155360616e-14 9.498869636179376e-14
18.084866926577256 2.6101342994771542e-22 1.2529899978789303e-13 2.98691350468754e-14 9.542986474101766e-14
18.221018389814958 2.599595924377896e-22 1.257326088493389e-13 2.987332420806543e-14 9.585928464127348e-14
18.496404071615608 2.573407019083242e-22 1.2634708268711067e-13 2.989248296898496e-14 9.645459971812572e-14
18.635790038622734 2.5607320021739796e-22 1.2667221678867868e-13 2.991893633532682e-14 9.675328045335193e-14
18.776226396166493 2.54791005620551e-22 1.2698775315631347e-13 2.994404069497141e-14 9.704371246134207e-14
18.91772105982334 2.5333865596977917e-22 1.2721540731001371e-13 2.996515678931983e-14 9.72502505206939e-14
19.203636446149176 2.504577137090184e-22 1.27669547879103e-13 3.000437036520502e-14 9.7665177513898e-14
19.4938730510763 2.474114453469401e-22 1.2802280927855238e-13 3.003453750628893e-14 9.79882717722635e-14
19.78849618389234 2.4424378238012946e-22 1.2829382141182756e-13 3.005674085860298e-14 9.823708055322454e-14
20.08757214094514 2.4094143980977177e-22 1.2847197002672632e-13 3.0069922712947394e-14 9.840204731377897e-14
20.391466406516905 2.3754132278799605e-22 1.2857515656972858e-13 3.007524690883733e-14 9.849990966089125e-14
20.699681925472166 2.339397275446837e-22 1.2853964167122883e-13 3.007474627785036e-14 9.846489539337847e-14
21.012556099387844 2.2982097091485596e-22 1.2818522618446622e-13 3.006899985134615e-14 9.811622633312007e-14
21.652507708764745 2.2132858026050936e-22 1.2720820754305836e-13 3.009520515555241e-14 9.711300238750595e-14
21.979755641372343 2.1715456421827026e-22 1.266955189792718e-13 3.010535080152629e-14 9.659016817774554e-14
22.311949477282987 2.1301195377374554e-22 1.2615687617448492e-13 3.010833356760501e-14 9.604854260687994e-14
22.64916396703608 2.0889554680110327e-22 1.2558876528957538e-13 3.01033055546617e-14 9.548545973491368e-14
22.991811201917592 2.0481155631735374e-22 1.2499627628975922e-13 3.0091215456961484e-14 9.490506083279776e-14
23.339642165776596 2.007585758598641e-22 1.2437632849939548e-13 3.0071077995103294e-14 9.430525050429218e-14
23.69273528050995 1.9674643341431527e-22 1.2373469820986087e-13 3.004395104923292e-14 9.3690747160628e-14
24.414313559781952 1.8890360988960052e-22 1.2242051673623654e-13 3.000260802119185e-14 9.241790871504469e-14
24.78366481022829 1.8514102071700484e-22 1.2179728670916742e-13 2.9983707010662027e-14 9.181357969850538e-14
25.15860378059443 1.8149623658159428e-22 1.2120585311722521e-13 2.996433544620895e-14 9.124151767101629e-14
25.924826076583233 1.7444469790163439e-22 1.2004471876779032e-13 2.990802216650979e-14 9.01366966012805e-14
26.714384190886577 1.6761572205812556e-22 1.188582557731451e-13 2.9835751073752856e-14 8.902250469939225e-14
27.527988831636016 1.6095177221120778e-22 1.1760876227741527e-13 2.97487268168521e-14 8.786003546056315e-14
28.366372352060132 1.5449948139621668e-22 1.163322849497748e-13 2.965413074822622e-14 8.667815420154862e-14
29.2302894097004 1.482287107888429e-22 1.1500980835258252e-13 2.955877096242574e-14 8.545103739015678e-14
30.12051764570424 1.4227248782791602e-22 1.1375036271281753e-13 2.945219266873518e-14 8.429817004408232e-14
30.575747924857424 1.3947177847062251e-22 1.1319646412212731e-13 2.939092411809537e-14 8.380554000403193e-14
31.037858384806153 1.3678736403096419e-22 1.126956520862721e-13 2.9324299833692247e-14 8.33713522525798e-14
31.983137356627505 1.3162966295709587e-22 1.1174915954806993e-13 2.918849021025574e-14 8.25606693378142e-14
32.95720543894392 1.2688627968640352e-22 1.1100293864280329e-13 2.906181837866798e-14 8.194112026413533e-14
33.960939423588975 1.2236900513887584e-22 1.1031144089943066e-13 2.892896599842255e-14 8.138247490100813e-14
34.99524280568484 1.179132813231259e-22 1.095320382371234e-13 2.876998591128984e-14 8.076205232583359e-14
36.06104659690874 1.1360297554896666e-22 1.0874203769733237e-13 2.860041345935746e-14 8.014162423797492e-14
37.159310163528254 1.0939126685543873e-22 1.0789957348826482e-13 2.8445739297839835e-14 7.945383419042501e-14
38.29102208995955 1.0533291488372995e-22 1.0706080255530111e-13 2.829011971270229e-14 7.877068284259885e-14
39.45720106862597 1.0132248302306338e-22 1.0612104846771632e-13 2.811206947840132e-14 7.800897898931503e-14
40.65889681691763 9.744817554276898e-23 1.0517166187085672e-13 2.7923648486686277e-14 7.724801338417044e-14
41.897191022077855 9.374428335486752e-23 1.0425553789011034e-13 2.7741027602064394e-14 7.651451028804594e-14
43.173198314866475 9.019901130602886e-23 1.033678380467049e-13 2.7556894207013193e-14 7.581094383969171e-14
44.48806727287728 8.671236386106242e-23 1.0239859493633817e-13 2.7362021402898952e-14 7.503657353343922e-14
45.8429814544115 8.333602549433657e-23 1.0140866648388024e-13 2.7159801009149514e-14 7.424886547473075e-14
47.23916046383907 8.001131610420309e-23 1.0032819938587047e-13 2.6955522354533634e-14 7.337267703133681e-14
48.67786104940597 7.678507610087699e-23 9.921509184542555e-14 2.674817416035921e-14 7.246691768506634e-14
50.16037823447602 7.360831847963969e-23 9.800700830827017e-14 2.6537398701447163e-14 7.1469609606823e-14
51.68804648322576 7.051954160101779e-23 9.675402307701646e-14 2.6322755700740413e-14 7.043126737627606e-14
53.26224090184056 6.74780238887784e-23 9.540062573990287e-14 2.610152566380369e-14 6.929910007609918e-14
54.884378476295105 6.451359801053729e-23 9.39873592210199e-14 2.587436231712261e-14 6.811299690389729e-14
56.55591934783037 6.160272004039711e-23 9.24799078204578e-14 2.564726696152249e-14 6.683264085893528e-14
58.27836812727644 5.876406378553906e-23 9.0905181228426e-14 2.541981442803995e-14 6.548536680038604e-14
60.05327524940399 5.61319258728348e-23 8.947796007561145e-14 2.5183488839721617e-14 6.429447123588984e-14
61.88223836852342 5.370573949752202e-23 8.821778483405029e-14 2.4937173775453725e-14 6.328061105859657e-14
62.81758386220369 5.254545230423826e-23 8.761647891745412e-14 2.481385670039873e-14 6.280262221705541e-14
63.7670670344103 5.149576132654792e-23 8.71640414152974e-14 2.4691060305397637e-14 6.247298110989977e-14
65.70913619443517 4.9605920863835775e-23 8.652242980237181e-14 2.4447614137097304e-14 6.207481566527448e-14
67.71035238438829 4.773192055508209e-23 8.578935767259945e-14 2.4195073046580227e-14 6.159428462601922e-14
69.77251696707448 4.5837606137861206e-23 8.48937565601166e-14 2.3928522573302754e-14 6.096523398681383e-14
71.89748616702131 4.3977449291489596e-23 8.392921777494846e-14 2.3658838099689562e-14 6.027037967525888e-14
74.08717274132995 4.216019974388686e-23 8.291156537238106e-14 2.3392029296597683e-14 5.951953607578337e-14
76.34354770141287 4.039713796239611e-23 8.186388827310824e-14 2.3117333168579677e-14 5.874655510452857e-14
78.66864208716851 3.869249052385889e-23 8.079747181776755e-14 2.2827768617472805e-14 5.796970320029475e-14
81.06454879518883 3.7058174528392475e-23 7.974150446543084e-14 2.2530000858296713e-14 5.721150360713415e-14
83.5334244626476 3.553497548897297e-23 7.879265577314305e-14 2.2229230109714775e-14 5.6563425663428256e-14
86.07749140856238 3.405504765125091e-23 7.781091584275175e-14 2.1920007178951795e-14 5.5890908663799955e-14
88.69903963417964 3.2561071118857976e-23 7.66632159531809e-14 2.159799880421659e-14 5.506521714896432e-14
91.4004288842828 3.1089931486712515e-23 7.542884048158366e-14 2.126539693090262e-14 5.416344355068106e-14
94.18409077127889 2.964774106775715e-23 7.412054289526583e-14 2.0924221665276692e-14 5.3196321229989143e-14
97.05253096397554 2.8242560994569796e-23 7.275793657909617e-14 2.0572897574798633e-14 5.2185039004297525e-14
100.00833144301866 2.692503501284068e-23 7.147627173761536e-14 2.0211481951564614e-14 5.1264789786050765e-14
103.05415282502196 2.565192804740392e-23 7.017056018036328e-14 1.983923526193113e-14 5.033132491843215e-14
106.19273675747671 2.4465765688495346e-23 6.896409772430317e-14 1.9453943311950484e-14 4.951015441235267e-14
109.4269083866038 2.3320078435666345e-23 6.773662737939e-14 1.905718355528969e-14 4.867944382410031e-14
112.75957890036308 2.2166377354779482e-23 6.63464363486937e-14 1.8653483208573983e-14 4.76929531401197e-14
116.1937481489129 2.102793966274507e-23 6.485581430418864e-14 1.82405563846041e-14 4.661525791958456e-14
119.73250734487735 1.988119611842163e-23 6.318645925782191e-14 1.7813340989539117e-14 4.537311826828277e-14
123.37904184585196 1.875236113687818e-23 6.141391512021777e-14 1.7374846971853952e-14 4.403906814836379e-14
127.13663402165271 1.7628186243127974e-23 5.949052101127301e-14 1.6932575813572134e-14 4.255794519770089e-14
131.0086662088879 1.6529411255521752e-23 5.74813346424227e-14 1.6484694656496098e-14 4.0996639985926615e-14
134.99862375551584 1.5447153923891363e-23 5.5353775529841034e-14 1.602515530737956e-14 3.932862022246147e-14
139.11009815812417 1.4397030569833218e-23 5.316196398828543e-14 1.5556421476693972e-14 3.760554251159146e-14
143.3467902947586 1.339123334504214e-23 5.0953964932124545e-14 1.5086226985915873e-14 3.586773794620867e-14
147.71251375620898 1.2433205150869495e-23 4.874946138540413e-14 1.4614725927304683e-14 3.413473545809944e-14
152.21119827875228 1.1582509078886951e-23 4.679707267970652e-14 1.4137654045413353e-14 3.2659418634293153e-14
156.84689328144228 1.0822563528097267e-23 4.505837215818729e-14 1.3656031142091928e-14 3.1402341016095336e-14
159.21741877681018 1.0453391157769421e-23 4.4179135528292763e-14 1.3415152792314597e-14 3.076398273597815e-14
161.62377151112827 1.0087303859000723e-23 4.3276265164042814e-14 1.3174655103301151e-14 3.0101610060741646e-14
166.54613279848823 9.367767616031207e-24 4.141332443010937e-14 1.26951854414515e-14 2.871813898865787e-14
171.61840792845166 8.690410360884651e-24 3.9588913795525806e-14 1.2216576270782577e-14 2.7372337524743212e-14
176.84516262850022 8.060039090859889e-24 3.7835525119213124e-14 1.1739470825833205e-14 2.609605429337993e-14
179.5181642894721 7.757834361076304e-24 3.6967351274840575e-14 1.1502233819531679e-14 2.54651174553089e-14
182.2315681744764 7.454142873132014e-24 3.605709699029272e-14 1.1266168993592052e-14 2.4790927996700663e-14
187.78155384880017 6.852287843029515e-24 3.4155288613744607e-14 1.0798283730540665e-14 2.3357004883203943e-14
190.61961427604518 6.567329622573796e-24 3.3229655133809584e-14 1.0566596925751466e-14 2.266305820805812e-14
193.5005680909718 6.2937044906565786e-24 3.232645080105373e-14 1.0336547892467218e-14 2.1989902908586516e-14
199.3937587803602 5.784258908842841e-24 3.0614609028800565e-14 9.88199979730592e-15 2.073260923149464e-14
205.46643057848152 5.321194256831286e-24 2.9021471097434986e-14 9.435050987446626e-15 1.9586420109988367e-14
211.72404970390772 4.9136922956687396e-24 2.7615161155420202e-14 8.996134569766708e-15 1.861902658565349e-14
218.17224885259444 4.532813170734639e-24 2.625045046151268e-14 8.566968468024747e-15 1.7683481993487932e-14
224.8168322680627 4.161868200600974e-24 2.4836281863769914e-14 8.149270865541982e-15 1.6687010998227932e-14
231.66378096599615 3.8109240439842854e-24 2.3434617323227772e-14 7.742382960262691e-15 1.569223436296509e-14
238.71925811795668 3.477976097748165e-24 2.2038573593326727e-14 7.34538742802154e-15 1.469318616530518e-14
245.98961459906556 3.1663641829730054e-24 2.067507384506912e-14 6.960285620956149e-15 1.3714788224112966e-14
249.71106150874405 3.0146476788794857e-24 1.9982221899015263e-14 6.7729519206605765e-15 1.3209269978354678e-14
253.4888082224776 2.8655684728026688e-24 1.9281419920151052e-14 6.5893272219789544e-15 1.2692092698172097e-14
261.20898134247824 2.58764369695316e-24 1.7941634904487425e-14 6.231746334859589e-15 1.1709888569627837e-14
269.1642775569489 2.3447815601456963e-24 1.67528710091315e-14 5.885123313021124e-15 1.0867747696110373e-14
277.3618576987742 2.1250002313377544e-24 1.5644985038719857e-14 5.551142623288829e-15 1.009384241543103e-14
285.8091006888481 1.9075452302189143e-24 1.4471725987813136e-14 5.232057278959674e-15 9.239668708853465e-15
294.5136101780917 1.7061359889676e-24 1.333793038708064e-14 4.9265637578103724e-15 8.411366629270271e-15
303.4832213917586 1.5324518196992189e-24 1.2344995829946014e-14 4.6330454774781945e-15 7.711950352467817e-15
312.7260081821858 1.377799535589919e-24 1.143719348944901e-14 4.352222899793985e-15 7.084970589655022e-15
322.25029029634635 1.2402909629434562e-24 1.0609290215798424e-14 4.0851005830171365e-15 6.524189632781289e-15
332.0646408647343 1.1164701602173664e-24 9.840998973033095e-15 3.831003137088411e-15 6.0099958359446856e-15
342.17789411833206 1.0026715888428716e-24 9.107099707742305e-15 3.589105139933318e-15 5.5179945678089865e-15
352.59915334060224 8.988972698589397e-25 8.413191213098494e-15 3.3592672491090956e-15 5.0539239639894005e-15
363.337799061663 8.05880170858667e-25 7.772316618130015e-15 3.141488466287612e-15 4.630828151842405e-15
374.40349750202313 7.223485254847587e-25 7.17887052602066e-15 2.9353817177724253e-15 4.243488808248233e-15
380.062092440151 6.837632918451574e-25 6.8981045099469315e-15 2.836602281920693e-15 4.06150222802624e-15
385.80620927347337 6.471488631788221e-25 6.627394738809494e-15 2.7406096924865853e-15 3.886785046322909e-15
397.5561983449763 5.794063218525002e-25 6.114362619139236e-15 2.556745685646826e-15 3.55761693349241e-15
409.6640412816112 5.179248995138964e-25 5.63201844485408e-15 2.3831898338554453e-15 3.2488286109986315e-15
415.8555509384264 4.8938023946310125e-25 5.40204708323687e-15 2.3001584648588686e-15 3.101888618378e-15
422.1406367649012 4.6224802161993475e-25 5.179664795138834e-15 2.219570843673269e-15 2.9600939514655644e-15
434.9972154030873 4.1235035882454903e-25 4.761264263841745e-15 2.0657684211779053e-15 2.695495842663838e-15
448.24534984018095 3.677445205093047e-25 4.37553776155659e-15 1.9213920242370373e-15 2.454145737319554e-15
461.89696517289525 3.278670943447904e-25 4.019873380146292e-15 1.785693563148167e-15 2.234179816998125e-15
475.9643496848308 2.922365448682904e-25 3.692141886705183e-15 1.6582032667176723e-15 2.033938619987511e-15
490.4601659075747 2.602206748800521e-25 3.387778227918011e-15 1.5389226894749759e-15 1.848855538443035e-15
505.39746201868155 2.313985575334995e-25 3.10429608431502e-15 1.4275932537351913e-15 1.6767028305798292e-15
520.7896835867783 2.0566703343520612e-25 2.8431285043862398e-15 1.3236172432726882e-15 1.5195112611135512e-15
536.6506856743796 1.8279652940609007e-25 2.6039285754112738e-15 1.2265918175538782e-15 1.3773367578573954e-15
552.9947453093008 1.6240647958493223e-25 2.383931597895251e-15 1.1360380417860692e-15 1.2478935561091816e-15
569.8365743358964 1.4421825357546181e-25 2.181423491488859e-15 1.051568610986057e-15 1.1298548805028023e-15
587.1913326576936 1.2800520027174145e-25 1.995155193220367e-15 9.728410467746776e-16 1.0223141464456895e-15
605.0746418833327 1.1356228506285043e-25 1.8239482332719157e-15 8.995250787951922e-16 9.24423154476723e-16
623.502599388115 1.0070459227457454e-25 1.6666982403551438e-15 8.31302232899102e-16 8.353960074560414e-16
642.4917928037942 8.926518315617034e-26 1.5223661465932667e-15 7.67866260341467e-16 7.544998862517996e-16
662.0593149496696 7.90934920227256e-26 1.3899753026074616e-15 7.08925242073499e-16 6.810500605339627e-16
682.2227792184137 7.005401510156584e-26 1.2686116080979718e-15 6.541991539387709e-16 6.144124541592008e-16
703.0003354304876 6.202501640119574e-26 1.157422319814114e-15 6.034219661600453e-16 5.540003536540685e-16
724.4106861714122 5.489720777944289e-26 1.0556125306448521e-15 5.563416041580503e-16 4.992709264868017e-16
746.4731036265977 4.857246444344558e-26 9.624401591344396e-16 5.127155895935829e-16 4.497245695408569e-16
769.2074469289008 4.296285956788019e-26 8.77215088355972e-16 4.723139761446208e-16 4.0490111221135114e-16
792.6341800345017 3.798973406867737e-26 7.992975515178584e-16 4.3492135969099853e-16 3.6437619182685997e-16
816.7743901432078 3.35827576696337e-26 7.280947519962621e-16 4.0033435313283516e-16 3.277603988634269e-16
841.6498066797607 2.967901489195297e-26 6.630562036997527e-16 3.683598152170076e-16 2.9469638848274506e-16
867.2828208532309 2.622229229871745e-26 6.036717200984523e-16 3.3881540165652186e-16 2.6485631844193034e-16
893.6965058121084 2.3162534934467277e-26 5.4947201743522275e-16 3.1153084157752065e-16 2.379411758577021e-16
920.9146374132232 2.045513228931809e-26 5.000242895868914e-16 2.8634638575274746e-16 2.1367790383414386e-16
948.9617156232121 1.8060277253002072e-26 4.549278641570975e-16 2.63111451045074e-16 1.9181641311202347e-16
977.8629865717667 1.5942527281155033e-26 4.1381345709612267e-16 2.4168490039881743e-16 1.7212855669730515e-16
1007.6444652765354 1.4070369121133066e-26 3.763416179342396e-16 2.2193482412795803e-16 1.5440679380628166e-16
1038.332959060126 1.2415773929835887e-26 3.421998926798937e-16 2.03737742157922e-16 1.3846215052197163e-16
1069.95609168029 1.0953848417427418e-26 3.1110150743837847e-16 1.8697858593770162e-16 1.2412292150067687e-16
1102.542328195006 9.662491521181033e-27 2.827833470589168e-16 1.7155021704198751e-16 1.1123313001692926e-16
1136.1210005848498 8.522072012923416e-27 2.5700360805611694e-16 1.5735249570610084e-16 9.965111235001607e-17
1170.7223341557005 7.515163072709785e-27 2.335402525269933e-16 1.4429190693988492e-16 8.924834558710837e-17
1206.3774747455793 6.626321607530922e-27 2.1219012227314193e-16 1.322817105118063e-16 7.990841176133569e-17
1243.1185167600695 5.841869710149717e-27 1.927675090027984e-16 1.2124154339640115e-16 7.152596560639718e-17
1280.9785320615858 5.149680554559726e-27 1.7510218853241856e-16 1.1109658383051489e-16 6.400560470190368e-17
1319.9915997384837 4.5390016941648174e-27 1.590380145531957e-16 1.0177708922050777e-16 5.726092533268781e-17
1360.1928367808064 4.0003210082905956e-27 1.4443244373677927e-16 9.321852556156259e-17 5.121391817521667e-17
1401.618429690285 3.525232571285642e-27 1.3115565072147632e-16 8.53613666679961e-17 4.5794284053480195e-17
1444.305667053031 3.1062949647207415e-27 1.1908888827815895e-16 7.815038780538959e-17 4.0938500472769386e-17
1488.2929731042755 2.736918675968227e-27 1.0812341581890567e-16 7.153417629505408e-17 3.6589239523851614e-17
1533.6199423153234 2.411280884351925e-27 9.816009804958533e-17 6.546526342498079e-17 3.2694834624604526e-17
1580.327375033885 2.1242384839546536e-27 8.910863042707267e-17 5.989994435238126e-17 2.920868607469148e-17
1628.457314209858 1.8712473567909036e-27 8.0886680364553e-17 5.479782701494541e-17 2.6088853349607567e-17
1678.0530832396191 1.648289677051305e-27 7.34190341422752e-17 5.0121451202685163e-17 2.3297582939590054e-17
1729.1593249628888 1.451817663149609e-27 6.663716618163051e-17 4.5836254710184255e-17 2.0800911471446238e-17
1781.8220418472597 1.278701731804368e-27 6.047877883096053e-17 4.1910475415977844e-17 1.856830341498267e-17
1836.0886373966016 1.1261788414208484e-27 5.4887119526130685e-17 3.8314819480019846e-17 1.6572300046110845e-17
1892.007958820556 9.918094728792147e-28 4.981047049487077e-17 3.502221912648271e-17 1.4788251368388078e-17
1949.6303410035755 8.73440070143976e-28 4.5201705330085954e-17 3.200769837390742e-17 1.319400695617852e-17
2009.0076518130663 7.691732358675988e-28 4.101806680296863e-17 2.92483791436136e-17 1.1769687659355026e-17
2070.1933387874215 6.773357043541356e-28 3.7220680501971606e-17 2.672321525080984e-17 1.0497465251161767e-17
2133.242477245972 5.964495171404153e-28 3.377406595728855e-17 2.4412746653873445e-17 9.361319303415115e-18
2198.211819864143 5.252117621187363e-28 3.06459730519731e-17 2.229908792205145e-17 8.346885129921648e-18
2265.1598477584885 4.624744829638106e-28 2.7807123344981255e-17 2.0365823435477467e-17 7.441299909503796e-18
2334.1468231275226 4.07225444551514e-28 2.523088649177856e-17 1.8597862693428274e-17 6.6330237983502945e-18
2405.2348434957767 3.5857273867418495e-28 2.2893077996877838e-17 1.698134263395018e-17 5.911735362927664e-18
2478.487897609897 3.1573057179923365e-28 2.0771739707356e-17 1.550354000184536e-17 5.268199705510644e-18
2553.971923037092 2.780058976412129e-28 1.8846884140806784e-17 1.4152757966147975e-17 4.694126174658811e-18
2631.7548655177807 2.4478796921756596e-28 1.7100347542750085e-17 1.2918255885613517e-17 4.182091657136564e-18
2711.906740125872 2.155390105358064e-28 1.5515653361179018e-17 1.179019009945487e-17 3.725463261724151e-18
2794.4996942916955 1.8978517594113702e-28 1.4077832263487912e-17 1.0759525587759597e-17 3.318306675728318e-18
2879.6080727443887 1.6710916887692988e-28 1.2773299480622871e-17 9.817983565457663e-18 2.955315915165205e-18
2967.308484432098 1.4714356480208376e-28 1.1589732300931872e-17 8.95798098318683e-18 2.6317513177450427e-18
3057.6798714803062 1.295645348164107e-28 1.0515927601510886e-17 8.172557632149782e-18 2.343369969361106e-18
