Dust emission spectrum from A.P. Jones, M. Kohler, N. Ysard, M. Bocchio, and L. Verstraete (2017), A&A, 602A, 46J 
inside the DustPedia framework.

lambda    nu*dP/dnu     j_nu    j_nu(carb.) j_nu(sil)
 (um)   (erg s-1 H-1) (Jy cm2 sr-1 H-1)
0.9927057738263894 1.3533898214017083e-26 3.5662590504007246e-19 3.5662590503990086e-19 1.7168785489218261e-31
1.0001793341362166 1.3756680643538174e-26 3.65225393187661e-19 3.6522539318745407e-19 2.068601413386951e-31
1.0077091589558085 1.3979122568914267e-26 3.73925042490382e-19 3.739250424901332e-19 2.4892069100722137e-31
1.0114953028030835 1.4090188419823324e-26 3.7831198852300353e-19 3.7831198852273053e-19 2.72926042045949e-31
1.0152956718711033 1.420113632659041e-26 3.827234425482957e-19 3.8272344254799654e-19 2.991506122999963e-31
1.0229392996569957 1.442252569269739e-26 3.916161722109473e-19 3.916161722105884e-19 3.5906023071925036e-31
1.0267826658714554 1.4532697779104066e-26 3.9609029681777605e-19 3.9609029681738287e-19 3.9319857984762602e-31
1.0306404723013447 1.4642703175434166e-26 4.0058795316531616e-19 4.005879531648858e-19 4.304443477293214e-31
1.03451277320114 1.4752531259925978e-26 4.0510894611063025e-19 4.051089461101592e-19 4.710667060479902e-31
1.0383996230291617 1.486217147093346e-26 4.09653078113082e-19 4.0965307811256676e-19 5.15356864735488e-31
1.0403485208654093 1.491691784030184e-26 4.1193375888515145e-19 4.119337588846124e-19 5.389748122516942e-31
1.0423010764483396 1.4971613308945336e-26 4.1422014928101995e-19 4.142201492804564e-19 5.636297635355976e-31
1.0462171883269815 1.5080846338559592e-26 4.1880995741852215e-19 4.1880995741790595e-19 6.1622588401756695e-31
1.0471985131304309 1.5108120753013036e-26 4.1996093819394066e-19 4.199609381933105e-19 6.300929053446604e-31
1.048180758391296 1.5135381307159973e-26 4.211133240460693e-19 4.211133240454249e-19 6.442590117064714e-31
1.0501480137395462 1.5189860190412367e-26 4.2342229807216375e-19 4.2342229807149025e-19 6.735131898823222e-31
1.0521189612883777 1.5244281702773866e-26 4.257368535950698e-19 4.2573685359436587e-19 7.040390488057229e-31
1.0531058218030118 1.5271428583724522e-26 4.2689504332656287e-19 4.268950433258432e-19 7.197962319596487e-31
1.0540936079674168 1.5298423167106157e-26 4.28050769906087e-19 4.280507699053511e-19 7.358946519608467e-31
1.058054026499678 1.5406244428922042e-26 4.3268721334030194e-19 4.326872133394981e-19 8.038085602386057e-31
1.0590464539527713 1.5433159687835844e-26 4.338496918525242e-19 4.338496918517026e-19 8.217033215652493e-31
1.06003981227728 1.5460058609710593e-26 4.350135107483563e-19 4.350135107475164e-19 8.399795789732804e-31
1.0620293250338977 1.551380681585747e-26 4.373451562724677e-19 4.373451562715901e-19 8.777077070205617e-31
1.0660195594769086 1.5621100309080344e-26 4.420243838891468e-19 4.420243838881887e-19 9.580927685962639e-31
1.070024785945596 1.5728114966695377e-26 4.46724679411118e-19 4.467246794100724e-19 1.045503896592051e-30
1.0740450607676866 1.5834840925372147e-26 4.514458241402925e-19 4.51445824139152e-19 1.1405236260806672e-30
1.07808044048254 1.594126840192778e-26 4.561875975065297e-19 4.561875975052858e-19 1.2437799815938748e-30
1.0861967418109137 1.6153000312308702e-26 4.657266931475858e-19 4.6572669314610825e-19 1.47776244000303e-30
1.0902777775684922 1.6257856114081972e-26 4.70511095037972e-19 4.705110950363619e-19 1.610003541220905e-30
1.0943741465085532 1.6362367656192904e-26 4.753148737637319e-19 4.753148737619784e-19 1.7535181276535685e-30
1.1026131145906286 1.6570320830443714e-26 4.84979636831788e-19 4.849796368297097e-19 2.0780763594752756e-30
1.1109141095355224 1.6776786482838119e-26 4.947191173757504e-19 4.94719117373291e-19 2.4595740724111298e-30
1.1192775983109025 1.698150018682685e-26 5.045257062053879e-19 5.045257062024806e-19 2.907416298892441e-30
1.1277040513999907 1.7183507157379007e-26 5.143708893657545e-19 5.14370889362322e-19 3.4324592953611905e-30
1.1361939428280308 1.7383788260735884e-26 5.242836644537083e-19 5.242836644496612e-19 4.047215840162477e-30
1.1447477501889525 1.758227679499063e-26 5.34262072497317e-19 5.342620724925508e-19 4.7660906632971274e-30
1.1533659546722406 1.77790164046819e-26 5.443074660038e-19 5.4430746599819425e-19 5.6056522154780864e-30
1.1707974979042381 1.8167889632487495e-26 5.646192770753821e-19 5.6461927706765635e-19 7.725783814345515e-30
1.1884924949847024 1.8548929849966366e-26 5.851736143584799e-19 5.851736143478846e-19 1.0595427833925891e-29
1.2064549276569216 1.8925136053924915e-26 6.060654753006045e-19 6.06065475286144e-19 1.4460502843900895e-29
1.2246888378427687 1.9292379659320575e-26 6.27163814004906e-19 6.271638139852654e-19 1.9640437993432475e-29
1.2431983285522175 1.964980112116265e-26 6.484373313561831e-19 6.484373313296343e-19 2.654874234425318e-29
1.2619875648066055 1.9997269032785972e-26 6.698772025423702e-19 6.6987720250665205e-19 3.571797552235758e-29
1.3004222497298317 2.0656551303726293e-26 7.130363009871602e-19 7.130363009234056e-19 6.375435347592602e-29
1.3400274889804893 2.126766302267589e-26 7.564895114194622e-19 7.564895113077198e-19 1.1174262787812905e-28
1.3808389325824078 2.1828355754946517e-26 8.000801205435266e-19 8.000801203511231e-19 1.9240361947124686e-28
1.4228933163050095 2.2341411790002677e-26 8.438249956766123e-19 8.438249953509965e-19 3.2561563418048743e-28
1.466228494730424 2.2819307055491804e-26 8.881238657785983e-19 8.881238652367085e-19 5.418897039558063e-28
1.5108834753276823 2.3252694007839392e-26 9.325533379691955e-19 9.325533370819956e-19 8.871996607528578e-28
1.5568984535646726 2.3634020258054354e-26 9.767137996718406e-19 9.767137982413461e-19 1.4304945406707067e-27
1.6043148490894465 2.3964018971344952e-26 1.020513351482433e-18 1.020513349206835e-18 2.27559787612591e-27
1.6531753430134553 2.424373251064363e-26 1.063868220237521e-18 1.0638682166700539e-18 3.56746690537933e-27
1.7035239163302658 2.447655672272577e-26 1.1067970449054108e-18 1.1067970393924267e-18 5.512984597480614e-27
1.755405889504358 2.4681987457917583e-26 1.1500775116865635e-18 1.1500775032843097e-18 8.402253641501237e-27
1.8088679632656115 2.4855229960803666e-26 1.1934221268939567e-18 1.1934221142598686e-18 1.2634088024331481e-26
1.8639582606462262 2.4993045338257832e-26 1.2365873318999252e-18 1.236587313149697e-18 1.8750227959530438e-26
1.9207263702978936 2.509780832371873e-26 1.2795896842248755e-18 1.2795896567490112e-18 2.7475864015095795e-26
1.979223391128241 2.5175026779014063e-26 1.3226172700424535e-18 1.3226172302729941e-18 3.9769459255696827e-26
2.039501978296691 2.523128646314385e-26 1.3659441998095099e-18 1.3659441429293102e-18 5.688019958687053e-26
2.1016163906111602 2.5285005921897556e-26 1.410541731931868e-18 1.410541651510801e-18 8.042106691531419e-26
2.1656225393682647 2.5346863470080563e-26 1.4570565964999467e-18 1.4570564840573769e-18 1.124425703493992e-25
2.231578038680979 2.541762591604432e-26 1.5056238843229937e-18 1.505623728803514e-18 1.5551947934956368e-25
2.299542257339062 2.550368508232413e-26 1.5567316849490392e-18 1.5567314721003496e-18 2.12848689420206e-25
2.369576372248914 2.5619173183627308e-26 1.6114070273412322e-18 1.6114067389801446e-18 2.8836108710138243e-25
2.4417434235010123 2.5780777345873536e-26 1.670957745836361e-18 1.6709573590065389e-18 3.8682982147344855e-25
2.5161083711144245 2.601707355203498e-26 1.737629657530008e-18 1.7376291435230073e-18 5.140070002519562e-25
2.5927381535095444 2.637483136527478e-26 1.815171997834664e-18 1.815171321083306e-18 6.767513577487075e-25
2.6717017477616296 2.690990734025355e-26 1.9084008879565407e-18 1.9084000048347657e-18 8.831217753695777e-25
2.753070231689431 2.770639903816071e-26 2.0247285576346207e-18 2.0247274151264226e-18 1.1425081979724586e-24
2.836916847834745 2.8954844082716374e-26 2.180405506790252e-18 2.1804040409873005e-18 1.4658029518582396e-24
2.9233170693905177 3.1074902269518294e-26 2.4113215472198336e-18 2.4113196819854254e-18 1.8652344086825095e-24
2.967498994190263 3.2876090847320375e-26 2.589644714964806e-18 2.589642620302617e-18 2.094662189331983e-24
3.0123486681368425 3.4979915342631983e-26 2.7970061773276897e-18 2.7970038280880448e-18 2.349239644727074e-24
3.0578761833420214 3.96884013539924e-26 3.221461425285811e-18 3.221458793264606e-18 2.632021205643116e-24
3.1040917844459814 4.575679845673127e-26 3.7701585748953314e-18 3.770155631333066e-18 2.9435622674891888e-24
3.127460860933648 5.217650361612277e-26 4.3314797638748e-18 4.331476651977893e-18 3.1118969050491117e-24
3.1510058709225794 6.07305300768397e-26 5.079555586008902e-18 5.079552297514719e-18 3.2884941830328187e-24
3.162844764501044 6.869252588602609e-26 5.7670908895685996e-18 5.767087509241121e-18 3.3803274792826765e-24
3.1747281389236908 7.795233398565354e-26 6.569088267014248e-18 6.5690847926769375e-18 3.474337313706148e-24
3.1986289994194426 1.037823246268394e-25 8.811639024430597e-18 8.811635354910372e-18 3.669520228007621e-24
3.2227097969389145 1.6466916820555816e-25 1.4086494308180647e-17 1.4086490430570526e-17 3.877610118483126e-24
3.2348180950136065 2.224094253785204e-25 1.9097322620655637e-17 1.9097318631632627e-17 3.989023003240061e-24
3.240889293275058 2.6557731394487315e-25 2.284675914161682e-17 2.2846755093790597e-17 4.047826226695436e-24
3.2469718861334385 3.1551538702269547e-25 2.719371270900299e-17 2.7193708600305257e-17 4.108697731207143e-24
3.2714166318528037 5.818961650845979e-25 5.053017302952691e-17 5.0530168668205785e-17 4.361321126348338e-24
3.2744851364798273 5.985469379711261e-25 5.202483001333666e-17 5.202482562198729e-17 4.391349387799033e-24
3.2775565192852394 6.156759635972316e-25 5.356385446429172e-17 5.3563850042736766e-17 4.421554951475591e-24
3.283707930232385 5.991973929843889e-25 5.222805706918705e-17 5.2228052593138366e-17 4.476048682162846e-24
3.2898708863219004 5.469482202451268e-25 4.7763319324517726e-17 4.776331479843322e-17 4.526084518239978e-24
3.29141343181113 5.3462667585115955e-25 4.6709207064634254e-17 4.670920252597154e-17 4.5386627202207135e-24
3.292184975758714 5.285723221577696e-25 4.619107609418028e-17 4.6191071549218056e-17 4.544962236257862e-24
3.295272960557952 4.903568047041526e-25 4.2891677728799546e-17 4.2891673159252975e-17 4.569546570166157e-24
3.3076538914384823 3.579704696227581e-25 3.1429443677829484e-17 3.1429439009278337e-17 4.668551136666892e-24
3.310756385682612 3.3102737552736778e-25 2.909112853946652e-17 2.909112384590382e-17 4.693562701574703e-24
3.313861789986515 3.0616850502721216e-25 2.6931735351578788e-17 2.6931730632899783e-17 4.718679000936426e-24
3.3200813396944477 2.7130624872747134e-25 2.3909910659047188e-17 2.390990588653137e-17 4.772515822212391e-24
3.345076488085796 2.0911192830362893e-25 1.8567536769714564e-17 1.8567531757579262e-17 5.0121352906927216e-24
3.3482140837626964 2.1144301891844633e-25 1.879212976918793e-17 1.8792124724583913e-17 5.044604014820172e-24
3.3513546224236106 2.1379988110405785e-25 1.9019420370705382e-17 1.9019415293455615e-17 5.0772497588939766e-24
3.3576445397418455 2.31028389407008e-25 2.0590623650371836e-17 2.0590618504919293e-17 5.1454525494367826e-24
3.3702598118196083 2.9457758014462554e-25 2.635314824288085e-17 2.63531429542269e-17 5.2886539471561396e-24
3.382922481734668 3.090465216015108e-25 2.7751428235778048e-17 2.7751422807016903e-17 5.428761146942504e-24
3.389271646505754 3.165423963003943e-25 2.8477882728350816e-17 2.847787722836512e-17 5.499985688317239e-24
3.395632727569191 3.246191083112914e-25 2.925931969867897e-17 2.92593141252664e-17 5.5734125704276584e-24
3.421196662673239 3.633988779880319e-25 3.3001300510372015e-17 3.300129463177414e-17 5.878597874993531e-24
3.4276182099114902 3.555776517931174e-25 3.2351642296162993e-17 3.235163634842259e-17 5.947740410678612e-24
3.4340518103208963 3.2131654586469323e-25 2.928932519056973e-17 2.928931917694186e-17 6.013627863668074e-24
3.4469541582030403 2.7252317187113783e-25 2.4934942767307336e-17 2.4934936626189358e-17 6.141117982885947e-24
3.472904465399547 2.5884384174923193e-25 2.3861629970567862e-17 2.386162353679285e-17 6.43377499825626e-24
3.4990501388274233 2.379251203071783e-25 2.209835246841224e-17 2.209834573250382e-17 6.735908421899014e-24
3.5253949054701885 1.6349554069217793e-25 1.529970712807499e-17 1.529970009471811e-17 7.03335688579157e-24
3.5519380250092896 9.354722468297335e-26 8.819941815466851e-18 8.819934479779814e-18 7.335687037883802e-24
3.578680990867387 6.581224414137599e-26 6.251714254445461e-18 6.251706586363775e-18 7.668081685649562e-24
3.605625307711299 5.459276573951442e-26 5.224985904627032e-18 5.224977884050697e-18 8.020576336118267e-24
3.660119384959845 4.6404800432854146e-26 4.508453489148756e-18 4.508444717851412e-18 8.771297344858278e-24
3.715437065384467 4.060613719396939e-26 4.0047095182286264e-18 4.0046999404828274e-18 9.577745797850855e-24
3.8285932144167436 3.7655115557952414e-26 3.826772488481591e-18 3.826761123286209e-18 1.1365195380962941e-23
3.94519561050918 3.707975892830157e-26 3.883066929720767e-18 3.883053530149573e-18 1.3399571193652084e-23
4.06534921144712 3.7480159188288066e-26 4.0445361086261895e-18 4.044520404484672e-18 1.570414151733016e-23
4.189162171576248 3.8445901516428e-26 4.275103715568394e-18 4.27508540428733e-18 1.8311281062596212e-23
4.316745939156006 3.982412983471809e-26 4.56322851125931e-18 4.5632072653340066e-18 2.1245925304094154e-23
4.448215356677963 4.156360742108734e-26 4.90759225374032e-18 4.907567743453114e-18 2.451028720688466e-23
4.58368876423945 4.367064450295174e-26 5.313420114667465e-18 5.313391966581936e-18 2.814808553055575e-23
4.723288106065518 4.619409731305432e-26 5.791623944573379e-18 5.7915917197335824e-18 3.222483979452019e-23
4.867139040275056 4.9231650306356203e-26 6.3604461510249886e-18 6.360409437494964e-18 3.6713530025267316e-23
4.940699165968905 5.106563025055563e-26 6.6970962455931806e-18 6.69705710550603e-18 3.914008714865825e-23
5.015371051989984 5.296543023839098e-26 7.051232037391581e-18 7.051190344979872e-18 4.1692411707784606e-23
5.091171501069577 5.528490069458671e-26 7.471257310550976e-18 7.471212891562797e-18 4.441898818117489e-23
5.129500256944802 5.647558330673789e-26 7.68962594013334e-18 7.689580105908151e-18 4.583422518452957e-23
5.168117569889187 5.771711804220948e-26 7.917835150995363e-18 7.917787857637555e-18 4.7293357811224075e-23
5.20702561229733 5.924137040848263e-26 8.188120838751267e-18 8.188071976539966e-18 4.886221130103908e-23
5.246226572918644 6.080470931974386e-26 8.467470505906202e-18 8.467420032485395e-18 5.047342080530229e-23
5.265937586045735 6.160142798193214e-26 8.610649670936657e-18 8.610598375723587e-18 5.129521306860829e-23
5.285722656980489 6.240839519564026e-26 8.756223130551522e-18 8.756171002589054e-18 5.2127962470704804e-23
5.305582063971359 6.322577716851263e-26 8.904235665122574e-18 8.904182693327325e-18 5.297179525163999e-23
5.3255160863122235 6.410402742837891e-26 9.061841244741637e-18 9.061787413890925e-18 5.383085071076825e-23
5.365609099470188 6.62919919737271e-26 9.44168554124938e-18 9.44162992650938e-18 5.56147400015923e-23
5.406003951863644 6.856350128045328e-26 9.838724032313669e-18 9.838666584574645e-18 5.744773902302206e-23
5.446702915881641 7.092259904255848e-26 1.0253868966830766e-17 1.025380963578012e-17 5.933105064327926e-23
5.487708281020852 7.347201941659217e-26 1.0702430756655117e-17 1.0702369485580254e-17 6.127107486563979e-23
5.529022354014368 7.701631789817784e-26 1.1303177049120402e-17 1.1303113739138627e-17 6.33099817699126e-23
5.570647458961463 8.076994659456687e-26 1.1943315461476278e-17 1.1943250054909763e-17 6.54065665119767e-23
5.612585937458331 8.474798477029987e-26 1.2625884632933468e-17 1.2625817070591479e-17 6.756234198131561e-23
5.654840148729818 8.912123954575324e-26 1.3377377542490588e-17 1.3377307756610866e-17 6.978587972373885e-23
5.67608639626678 9.209996838192204e-26 1.3876435183182489e-17 1.3876364231438797e-17 7.095174369035359e-23
5.686739436050992 9.363541838855514e-26 1.4134254859089406e-17 1.413418331805677e-17 7.154103262987659e-23
5.6974124697621304 9.520257290559614e-26 1.4397788196059873e-17 1.439771606146096e-17 7.213459891246111e-23
5.718818669136295 9.843505098389871e-26 1.49425779436575e-17 1.4942504608974414e-17 7.333468308576174e-23
5.740305295436557 1.0199841961705902e-25 1.5541676560980502e-17 1.5541602001958393e-17 7.455902210776499e-23
5.7835210386641895 1.1124330874639102e-25 1.7077946572267446e-17 1.707786945689131e-17 7.711537613238179e-23
5.827062130521658 1.2189433456489099e-25 1.885396092343631e-17 1.885388115754243e-17 7.976589387605987e-23
5.8489554468988025 1.293664957817815e-25 2.00848947671912e-17 2.0084813574434667e-17 8.11927565355582e-23
5.870931020387893 1.3738541960446015e-25 2.1410019127294917e-17 2.1409936484213257e-17 8.264308165902657e-23
5.892989160043636 1.4599512698986546e-25 2.2837230507541213e-17 2.283714639027245e-17 8.411726875019805e-23
5.915130176081913 1.557872453845484e-25 2.4460517332814286e-17 2.4460431685229085e-17 8.564758520505183e-23
5.95966208400165 1.8316674831294472e-25 2.8975951389197225e-17 2.8975862322048286e-17 8.906714893052025e-23
6.004529249263818 2.2263205864439416e-25 3.548428836719391e-17 3.5484195455950456e-17 9.291124346138644e-23
6.027089341400364 2.500659314356011e-25 4.000659506673355e-17 4.000649995939358e-17 9.510733997587058e-23
6.049734195844842 2.82486578846301e-25 4.5363185675450223e-17 4.536308823621451e-17 9.743923574587808e-23
6.095279466722835 3.761373321031171e-25 6.085685369910349e-17 6.085675063010871e-17 1.0306899475901337e-22
6.141167624020661 5.202657865977794e-25 8.480972436703443e-17 8.48096140944141e-17 1.102726203020295e-22
6.164241091010745 6.123048796860564e-25 1.001882451375974e-16 1.0018813041399911e-16 1.1472359831684448e-22
6.187401249150058 7.171537454740952e-25 1.177849995612138e-16 1.1778488019498346e-16 1.193662303308461e-22
6.1990139391386085 7.683488495029958e-25 1.2643010286119485e-16 1.2642998112171166e-16 1.2173948316349324e-22
6.204828454712694 7.953167802443542e-25 1.3099036664251386e-16 1.3099024369653272e-16 1.2294598114650837e-22
6.210648424152782 8.150027991837187e-25 1.3435860268101605e-16 1.3435847868574056e-16 1.239952755044474e-22
6.233982942956859 8.818847343397564e-25 1.4593076784849611e-16 1.4593064007974806e-16 1.2776874800729652e-22
6.239830258556775 8.904343282334911e-25 1.474837268472911e-16 1.4748359847647693e-16 1.2837081411373086e-22
6.245683058788269 8.91175501604847e-25 1.4774493938739947e-16 1.4774481041176775e-16 1.2897563171587764e-22
6.257405133728602 8.893376808809078e-25 1.477169734186308e-16 1.4771684333753354e-16 1.3008109723124444e-22
6.269149208991335 8.761830717371707e-25 1.4580516127407636e-16 1.458050305681126e-16 1.3070596370200166e-22
6.280915325867298 8.431957223318233e-25 1.4057910249999356e-16 1.405789717678004e-16 1.3073219308585042e-22
6.304513850009849 7.618486416108512e-25 1.274939961297859e-16 1.2749386589165406e-16 1.3023813182963882e-22
6.32820103803542 6.61018823819965e-25 1.1103592829099317e-16 1.1103579914429284e-16 1.291467003366107e-22
6.3519772230701035 5.68552208314456e-25 9.586249229997543e-17 9.5862364070625e-17 1.2822935045765228e-22
6.375842739491607 4.9076455136506035e-25 8.305776014858174e-17 8.305763264254499e-17 1.2750603674917787e-22
6.399797922933955 4.2842080800926035e-25 7.277902784209002e-17 7.277890037267061e-17 1.274694194110708e-22
6.42384311029221 3.765905902143948e-25 6.421460609633434e-17 6.421447851416793e-17 1.2758216642179986e-22
6.447978639727206 3.3882212154930355e-25 5.799155853272377e-17 5.799143027854955e-17 1.2825417419047793e-22
6.472204850670314 3.0736162063173446e-25 5.2804547467467565e-17 5.280441841804407e-17 1.2904942347465972e-22
6.496522083828205 2.869169943576794e-25 4.947737210054443e-17 4.947724178777403e-17 1.3031277040594638e-22
6.520930681187647 2.696964630890749e-25 4.6682517385047224e-17 4.66823857219314e-17 1.316631158335014e-22
6.57002334288761 2.520909044590741e-25 4.396362776349392e-17 4.396349269742317e-17 1.350660707679883e-22
6.619489833774732 2.502827681263127e-25 4.3976929383710084e-17 4.3976790267293426e-17 1.391164166622286e-22
6.6693287637831435 2.570483492740791e-25 4.550576070567672e-17 4.550561718383637e-17 1.435218403569321e-22
6.719538636694507 2.6569167749124116e-25 4.7390014250386036e-17 4.738986629133237e-17 1.4795905367421998e-22
6.770126513364129 2.8731463193188643e-25 5.1632595992754075e-17 5.163244318317986e-17 1.5280957420845005e-22
6.8210952395837445 3.1999278475896253e-25 5.793803107490044e-17 5.793787286184168e-17 1.582130587587232e-22
6.872447682569556 3.6114937901898504e-25 6.588214763217668e-17 6.588198345244356e-17 1.6417973313392497e-22
6.924186731123532 4.1323157283514475e-25 7.595068597517493e-17 7.595051526670783e-17 1.7070846714775787e-22
6.976315295795916 4.55566826853085e-25 8.436214737349232e-17 8.43619699222349e-17 1.7745125742892358e-22
7.028836309048954 4.617434207698208e-25 8.614966211633855e-17 8.614947812237497e-17 1.839939635649484e-22
7.081752725421856 4.433947634018772e-25 8.3349068603094e-17 8.334887808925867e-17 1.9051383535421023e-22
7.135067521697011 4.311575392189133e-25 8.165889616227681e-17 8.165869843893055e-17 1.9772334625983892e-22
7.1887836970674375 4.4107096608226865e-25 8.416534738300947e-17 8.416514130504295e-17 2.060779665290707e-22
7.242904273305506 4.766049096085663e-25 9.163063372208743e-17 9.163041783602208e-17 2.1588606534489403e-22
7.297432294932914 5.329232888682725e-25 1.0322959103485667e-16 1.0322936349061572e-16 2.275442408951733e-22
7.352370829391971 5.973280672970167e-25 1.1657616338902158e-16 1.1657592155931281e-16 2.4182970870553825e-22
7.379995003818881 6.374408045204763e-25 1.2487208447240553e-16 1.2487183435381054e-16 2.501185949876195e-22
7.407722967218148 6.816981276979906e-25 1.3404365661088366e-16 1.3404339774430459e-16 2.588665790495394e-22
7.463496598684601 7.940872900568931e-25 1.5731857980681747e-16 1.5731830101102869e-16 2.7879578874018195e-22
7.519690156487492 9.397091101385608e-25 1.875697572764508e-16 1.8756945477521032e-16 3.0250124053090656e-22
7.533803324048627 9.820892272252653e-25 1.9639691365937458e-16 1.9639660441904754e-16 3.092403270997045e-22
7.547942979602549 1.0263854323948374e-24 2.0564043938017455e-16 2.0564012323404898e-16 3.161461256471536e-22
7.57630195363571 1.1197981848801984e-24 2.251990050343132e-16 2.251986745124004e-16 3.3052191279529155e-22
7.590521371821866 1.167026932190084e-24 2.3513751226656873e-16 2.3513717419667896e-16 3.3806988981661477e-22
7.604767477414989 1.2162488380319915e-24 2.4551487569231797e-16 2.455145298851096e-16 3.4580720847537375e-22
7.633339951266878 1.315245157731011e-24 2.6649603308965545e-16 2.6649567159267835e-16 3.6149697715573884e-22
7.662019777021956 1.3923251910446257e-24 2.831740045498715e-16 2.831736286199717e-16 3.759298997745772e-22
7.690807358020558 1.4452861545916262e-24 2.950497211132035e-16 2.950493326030367e-16 3.8851016670775224e-22
7.719703099118437 1.4724165404976695e-24 3.017176511872744e-16 3.0171725217078927e-16 3.9901648511664764e-22
7.748707406692464 1.4682006236495883e-24 3.019841154390812e-16 3.019837072931162e-16 4.0814596505612705e-22
7.777823177463063 1.4398972036924418e-24 2.9727541012384683e-16 2.972749887485856e-16 4.213752612139838e-22
7.807048350752435 1.396535989924406e-24 2.8940660221153494e-16 2.8940616670998667e-16 4.355015483875787e-22
7.836380830085272 1.3365817854438549e-24 2.7802285897963007e-16 2.7802241012998706e-16 4.488496430513673e-22
7.851088371676256 1.294990383681548e-24 2.698769804141736e-16 2.698765261071518e-16 4.543070218593472e-22
7.86582351679805 1.250913320647658e-24 2.6118055976466483e-16 2.6118010042921564e-16 4.593354492729129e-22
7.89537682495964 1.153649910248729e-24 2.4177775029029836e-16 2.4177728250636404e-16 4.67783934234493e-22
7.9250411701946435 1.0486771150623282e-24 2.206036789219843e-16 2.2060320240034618e-16 4.7652163815378e-22
7.939915112024199 9.9295561296334e-25 2.092739287287778e-16 2.092734476085718e-16 4.811202059922476e-22
7.954816969689239 9.402727406409383e-25 1.9854249276241903e-16 1.9854200675769217e-16 4.860047268890767e-22
7.9847046421970465 8.431181732433488e-25 1.7869678524024602e-16 1.7869628841238723e-16 4.968278588596861e-22
8.044817289139356 6.792588421316467e-25 1.4505106389682584e-16 1.4505054000951343e-16 5.238873124037221e-22
8.07504310897143 6.183808305209948e-25 1.3254712152929276e-16 1.3254658062990938e-16 5.408993833986055e-22
8.105382492623747 5.645304907949415e-25 1.214591816250523e-16 1.2145862217547989e-16 5.594495724259812e-22
8.135835866775926 5.218058860342756e-25 1.126887561577455e-16 1.12688176708892e-16 5.794488534862667e-22
8.166403659710703 4.895524813561977e-25 1.06120559788014e-16 1.0611995825569032e-16 6.015323236388167e-22
8.197086301319933 4.656519885952458e-25 1.0131888516807157e-16 1.0131825973779449e-16 6.254302770890997e-22
8.227884223110665 4.446841598456906e-25 9.712013215609904e-17 9.711948125319433e-17 6.509029047175428e-22
8.258797858211198 4.326699338125262e-25 9.485123429139401e-17 9.48505502665531e-17 6.840248408981808e-22
8.289827641377162 4.291086783914714e-25 9.442396473480009e-17 9.442321922593279e-17 7.455088673104624e-22
8.320974008997652 4.325775135136671e-25 9.554490621549933e-17 9.554408666367003e-17 8.195518292880032e-22
8.35223739910135 4.389850934630611e-25 9.732446751042363e-17 9.73235665686874e-17 9.009417362311945e-22
8.383618251362687 4.5898953991966e-25 1.0214184913063827e-16 1.0214086351467679e-16 9.856159614323122e-22
8.415117007108037 4.877664008967107e-25 1.0895357206497555e-16 1.0895249397697797e-16 1.0780879975808128e-21
8.446734109321913 5.262795071264817e-25 1.1799801887547008e-16 1.1799684395937438e-16 1.1749160957064232e-21
8.478470002653195 5.754044519387621e-25 1.2949712860446405e-16 1.2949585241135014e-16 1.2761931139562658e-21
8.542299949622933 6.82609801586702e-25 1.547806870151934e-16 1.5477919444677285e-16 1.4925684205656258e-21
8.558332380220154 7.052778063101513e-25 1.6022076459231676e-16 1.6021921611669359e-16 1.5484756232190319e-21
8.574394900937412 7.1954190305746505e-25 1.637679847924635e-16 1.6376638095843566e-16 1.6038340278302493e-21
8.606610438733982 7.196686977917381e-25 1.6441225740314638e-16 1.6441054560915543e-16 1.7117939908890858e-21
8.622764948673899 7.082672501755921e-25 1.6211124512356193e-16 1.621094795981152e-16 1.765525446735576e-21
8.638949780445296 6.834804571882269e-25 1.5673156989433654e-16 1.5672975264185896e-16 1.8172524775755465e-21
8.655163606183647 6.582848420512414e-25 1.5123717959060452e-16 1.512353092137401e-16 1.8703768643884836e-21
8.671407862489573 6.2827234587712725e-25 1.4461288526962499e-16 1.4461096157022746e-16 1.923699397526227e-21
8.703987895363145 5.57024561483667e-25 1.2869511338289995e-16 1.2869308265385212e-16 2.030729047816719e-21
8.736690337257128 4.935927059979558e-25 1.1446826737691083e-16 1.1446612307240575e-16 2.144304505086886e-21
8.802464289484785 3.859375948047252e-25 9.017596341057325e-17 9.017357273225195e-17 2.390678321322161e-21
8.868733419248175 3.139246951965841e-25 7.390205502270431e-17 7.389936474670977e-17 2.6902759945268123e-21
8.935501454478851 2.658888675757522e-25 6.306501701764334e-17 6.306192268376284e-17 3.094333880511888e-21
9.002772151174003 2.3343145690358952e-25 5.578341174907515e-17 5.577987467611756e-17 3.5370729575922e-21
9.07054929360775 2.108281674431687e-25 5.076117362847433e-17 5.075716517083408e-17 4.00845764024133e-21
9.13883669454403 1.9432728484827385e-25 4.714049435532695e-17 4.713598377535762e-17 4.510579969316135e-21
9.207638195451068 1.8296560242554553e-25 4.4718489836048816e-17 4.471346040676037e-17 5.029429288465381e-21
9.276957666717493 1.7288956794874849e-25 4.2573935400618476e-17 4.256833054799301e-17 5.604852625461386e-21
9.346799007870057 1.6622772374602323e-25 4.1241627442000144e-17 4.12354406801745e-17 6.186761825662356e-21
9.417166147792997 1.601966861108897e-25 4.0044529349645195e-17 4.003771629501027e-17 6.813054634931034e-21
9.488063044949055 1.5624035731796458e-25 3.934959060703902e-17 3.934226728151014e-17 7.323325528868949e-21
9.559493687602165 1.52623863134895e-25 3.872815125516945e-17 3.872027611830846e-17 7.875136860988746e-21
9.631462094041797 1.5046225980351777e-25 3.846708109482958e-17 3.845864737610995e-17 8.433718719642179e-21
9.703972312809022 1.4850105530479004e-25 3.8251504527437934e-17 3.824248834748821e-17 9.016179949723278e-21
9.777099908821425 1.4772021830015478e-25 3.8337114940448884e-17 3.8327673614880864e-17 9.441325568010257e-21
9.924867353363874 1.4756179127103791e-25 3.8874790598406e-17 3.88645559161247e-17 1.0234682281284766e-20
10.074868099996943 1.5005733211712512e-25 4.012971015327875e-17 4.0118963370193526e-17 1.0746783085213991e-20
10.150790707826552 1.5212523523844626e-25 4.098930638458027e-17 4.097839552614186e-17 1.0910858438408537e-20
10.22721067892732 1.5578943020843072e-25 4.229262332650985e-17 4.2281555826356725e-17 1.1067500153129903e-20
10.304205975847633 1.5979287138147246e-25 4.3706030583437654e-17 4.369480722825411e-17 1.1223355183537091e-20
10.381780929913377 1.661483372715636e-25 4.5786483799843565e-17 4.577520212003179e-17 1.1281679811778883e-20
10.459939905058707 1.7321183668486355e-25 4.809237106300365e-17 4.8081032850523067e-17 1.1338212480596856e-20
10.538687298071551 1.8425560216662535e-25 5.1543826041197716e-17 5.153248051283276e-17 1.1345528364975532e-20
10.618027538840941 1.9672755301645846e-25 5.544705326160373e-17 5.543570985284078e-17 1.1343408762912271e-20
10.697971937068667 2.153532767146942e-25 6.11536483400975e-17 6.114241726742944e-17 1.1231072668063437e-20
10.778518246224262 2.4162218224824864e-25 6.912979940807314e-17 6.911869383499376e-17 1.1105573079358704e-20
10.859664048220797 2.8081960133971477e-25 8.094932687210107e-17 8.09383563087413e-17 1.0970563359765134e-20
10.941420754335242 3.4042354842220014e-25 9.886959304508105e-17 9.88587640995722e-17 1.0828945508819962e-20
10.961955922839442 3.6131695431347257e-25 1.0513463838265838e-16 1.0512384648015989e-16 1.0791902498457492e-20
10.982529632329763 3.8472751674582994e-25 1.1215665960638152e-16 1.121459043242954e-16 1.0755282086093682e-20
11.023792963743814 4.417313178893366e-25 1.292583691837131e-16 1.2924768621345538e-16 1.0682970257707075e-20
11.065211328886559 5.165446302500989e-25 1.5171796084041215e-16 1.5170735004307258e-16 1.061079733965053e-20
11.08597883104876 5.645511945451337e-25 1.6612951939705656e-16 1.6611894406926647e-16 1.0575327790114637e-20
11.106785310247485 6.182121670323882e-25 1.8226167552902188e-16 1.8225113571439995e-16 1.0539814621973247e-20
11.14851549250461 7.458614290813797e-25 2.2072149227830032e-16 2.2071102327515342e-16 1.0469003146920661e-20
11.169441129330048 8.146132056535583e-25 2.415195676746507e-16 2.41509132832844e-16 1.0434841806801855e-20
11.190406043337886 8.760921311177707e-25 2.6023461155790237e-16 2.6022421247968727e-16 1.0399078215052651e-20
11.21140851448765 9.359819831224447e-25 2.7854611110424687e-16 2.785357507151805e-16 1.0360389066322838e-20
11.22192452720434 9.674929184229247e-25 2.8819375885578883e-16 2.8818341751005463e-16 1.0341345734127084e-20
11.232450403670388 9.814294627071348e-25 2.9261934520906114e-16 2.926090217351752e-16 1.0323473885922043e-20
11.253533585369773 9.94341303867984e-25 2.9702556068757223e-16 2.9701527222235247e-16 1.0288465219731742e-20
11.274656339961506 9.987052917031284e-25 2.9888911368414246e-16 2.988788598395774e-16 1.025384456507813e-20
11.285231677511122 1.000895363261506e-24 2.9982551591243153e-16 2.9981527919425907e-16 1.0236718172466459e-20
11.295816934455262 9.895520850327732e-25 2.9670559549418896e-16 2.9669537913148767e-16 1.0216362701263899e-20
11.317017243752359 9.59801680716028e-25 2.883254090023747e-16 2.883152351650201e-16 1.017383735456436e-20
11.338257342390673 9.300514955297856e-25 2.7991278697731086e-16 2.799026558430077e-16 1.0131134303158037e-20
11.359537305047965 8.979509391048993e-25 2.7075886453453794e-16 2.7074877853332045e-16 1.0086001217441066e-20
11.402217121831576 8.25886122638937e-25 2.499648303239707e-16 2.499548437382042e-16 9.986585766597963e-21
11.423617126015266 7.883357858217888e-25 2.390475590140784e-16 2.390376254153934e-16 9.933598685027335e-21
11.445057294333186 7.500253784601142e-25 2.2785751828147014e-16 2.2784764210136835e-16 9.87618010184806e-21
11.488058425037956 6.722919514707396e-25 2.0500949727695263e-16 2.0499974912219407e-16 9.748154758525665e-21
11.53122111869469 6.032478628163486e-25 1.8464626410322584e-16 1.8463664172022245e-16 9.622383003377086e-21
11.574545982324347 5.418894403041308e-25 1.6648844066997654e-16 1.664789418526722e-16 9.49881730431956e-21
11.618033625228566 4.87900395037257e-25 1.5046421784373787e-16 1.5045484528637855e-16 9.372557359363202e-21
11.661684658998247 4.432179046222952e-25 1.371980765612499e-16 1.3718884922326566e-16 9.227337984194385e-21
11.705499697522141 4.0913367162992266e-25 1.2712314083523216e-16 1.271140664126527e-16 9.07442257946777e-21
11.749479356995494 3.8276636397942493e-25 1.1937731930310536e-16 1.193684087613982e-16 8.910541707183017e-21
11.793624255928705 3.6028072339546975e-25 1.1278666267485079e-16 1.1277791807202766e-16 8.744602823131487e-21
11.83793501515603 3.4656006794917435e-25 1.0889900325599088e-16 1.0889044309166364e-16 8.560164327244248e-21
11.882412257844306 3.349472733194178e-25 1.0564537665286797e-16 1.0563700195592279e-16 8.374696945154854e-21
11.92705660950172 3.295608156862578e-25 1.0433698495999664e-16 1.043288131619234e-16 8.171798073249216e-21
11.971868697986617 3.25848985891429e-25 1.0354943934874367e-16 1.035414725208295e-16 7.966827914163949e-21
12.016849153516302 3.2851956880150153e-25 1.0479034898970162e-16 1.0478261196137688e-16 7.737028324759287e-21
12.061998608675935 3.324628995503516e-25 1.0644662477418735e-16 1.064391175484441e-16 7.507225743210292e-21
12.152807060118223 3.524521185171437e-25 1.1369625541703113e-16 1.1368925244287266e-16 7.002974158492163e-21
12.198467333490619 3.6889461669339222e-25 1.1944748724584722e-16 1.194407640603457e-16 6.7231855015123685e-21
12.244299160690385 3.872662146019178e-25 1.258673172021021e-16 1.2586087231465987e-16 6.444887442241882e-21
12.290303186275983 4.113340833404474e-25 1.34192031128284e-16 1.3418589635923775e-16 6.134769046210627e-21
12.3364800572276 4.375578433036264e-25 1.4328349524616818e-16 1.4327760288895842e-16 5.892357209812187e-21
12.382830422956244 4.678021484921443e-25 1.5376290330989371e-16 1.5375704194234873e-16 5.861367544970638e-21
12.429354935312874 4.995609893578949e-25 1.6481872115649177e-16 1.6481288927921092e-16 5.831877280871218e-21
12.476058240797144 5.302715432884281e-25 1.756083442479643e-16 1.756025403634441e-16 5.8038845201551845e-21
12.522937033967983 5.614984061256534e-25 1.866483511765104e-16 1.8664254598773698e-16 5.8051887734215816e-21
12.569987951963114 5.861500887884186e-25 1.9557490573054727e-16 1.9556898384250292e-16 5.921888044349155e-21
12.593579661530361 5.946812223081448e-25 1.9879380763220278e-16 1.9878782800782176e-16 5.9796243809991016e-21
12.617215648686605 6.0080428978415495e-25 2.012176088832821e-16 2.0121157194560225e-16 6.03693767988634e-21
12.664620788327802 6.032699963255977e-25 2.028025211519089e-16 2.0279637191161542e-16 6.1492402934643764e-21
12.71220403757155 5.954001453566355e-25 2.009089224125143e-16 2.0090266295899629e-16 6.259453517980411e-21
12.736062662318053 5.871364800290081e-25 1.9849230958530558e-16 1.9848599609428046e-16 6.313491024984635e-21
12.759966065607527 5.764015387790312e-25 1.952288895310982e-16 1.9522252252777205e-16 6.367003326054895e-21
12.807907544139693 5.46804316207751e-25 1.859000690008473e-16 1.8589359724304756e-16 6.471757799688746e-21
12.856029147395699 5.137898825602666e-25 1.7533225943874262e-16 1.7532568303335709e-16 6.576405385514563e-21
12.904331552136407 4.786435815810561e-25 1.6395217616728301e-16 1.639454930737128e-16 6.6830935702417754e-21
12.95281543766539 4.427263210606295e-25 1.5221903099329038e-16 1.5221223995307986e-16 6.79104021054852e-21
13.00148148583848 4.099390038000463e-25 1.4147559083456192e-16 1.4146868941967894e-16 6.901414882931794e-21
13.050330381073369 3.7999431228748025e-25 1.3163398699488014e-16 1.3162697272960687e-16 7.014265273297468e-21
13.099362810359226 3.5286603412039114e-25 1.2269573324007701e-16 1.2268860323238464e-16 7.130007692418836e-21
13.197981031955921 3.074488372830842e-25 1.0770845291085954e-16 1.0770108041322286e-16 7.372497636607301e-21
13.247568211189632 2.8906129920345114e-25 1.0164722990366435e-16 1.0163973113382379e-16 7.498769840543192e-21
13.297341698339563 2.7244840271024076e-25 9.616533038487564e-17 9.615770249352535e-17 7.627891350293424e-21
13.397450398986955 2.4563972419413788e-25 8.735548755477974e-17 8.734759191985241e-17 7.895634927316257e-21
13.447787020368724 2.348726284338545e-25 8.384026905265723e-17 8.383223507658651e-17 8.033976070732536e-21
13.498312765455129 2.2500940181527435e-25 8.062126068277618e-17 8.061308554753988e-17 8.175135236286924e-21
13.59993447169816 2.0881567551521954e-25 7.538229343889931e-17 7.537382798071987e-17 8.465458179441688e-21
13.702321234386334 1.96217213394128e-25 7.136753251780223e-17 7.135873385863048e-17 8.79865917177705e-21
13.805478813227746 1.864467462661964e-25 6.832438254625409e-17 6.831493533067956e-17 9.447215574536591e-21
13.90941301129231 1.7780025051143258e-25 6.564635309406059e-17 6.563618745175205e-17 1.0165642308519743e-20
13.96167316792965 1.7473819186662379e-25 6.475819538860523e-17 6.474755662312052e-17 1.0638765484707236e-20
14.014129675338197 1.721180083005875e-25 6.402681179597032e-17 6.401567802590393e-17 1.1133770066389892e-20
14.119634696140762 1.6978673633382034e-25 6.363508875233598e-17 6.362290721233414e-17 1.2181540001847502e-20
14.225934008823913 1.6800747012771852e-25 6.344228477565593e-17 6.342898007854909e-17 1.330469710685446e-20
14.333033593193976 1.662615541032153e-25 6.32556594217323e-17 6.324112808717605e-17 1.453133455625991e-20
14.44093947407611 1.6428249646004752e-25 6.297325973664746e-17 6.295744018501798e-17 1.581955162947445e-20
14.54965772165321 1.6238414020293893e-25 6.271419036252996e-17 6.269696289482252e-17 1.7227467707449974e-20
14.659194451807393 1.6056272740349037e-25 6.247759096134313e-17 6.245882434331171e-17 1.8766618031403703e-20
14.769555826464039 1.5876514144136686e-25 6.224321579719862e-17 6.222277443533231e-17 2.044136186629828e-20
14.992777389284976 1.5452214925127107e-25 6.149534833419418e-17 6.147126029989676e-17 2.4088034297400072e-20
15.21937263962189 1.5060596256912128e-25 6.08426819977947e-17 6.081427278749004e-17 2.840921030463744e-20
15.449392566130673 1.4593884014784521e-25 5.984828805974618e-17 5.981481135822151e-17 3.347670152468156e-20
15.682888928090767 1.41739251537425e-25 5.900456796762984e-17 5.896307280814203e-17 4.149515948779739e-20
15.919914267052077 1.3702397604992277e-25 5.790375431168295e-17 5.785242099742429e-17 5.1333314258657397e-20
16.03976693895051 1.3492621219408038e-25 5.744653191461446e-17 5.738980969038243e-17 5.672222423202616e-20
16.1605219186579 1.3447653230512814e-25 5.768611843025105e-17 5.76234645536924e-17 6.265387655863357e-20
16.22123989475974 1.3444514711321753e-25 5.788934168768644e-17 5.78237407651497e-17 6.560092253674928e-20
16.282185999175777 1.34414795506705e-25 5.80937244303659e-17 5.802503207019952e-17 6.86923601663725e-20
16.312744867225646 1.344000005623546e-25 5.819635004102622e-17 5.81260555415984e-17 7.0294499427808e-20
16.343361089024967 1.3438545613377553e-25 5.829926491780686e-17 5.822732940591674e-17 7.193551189012272e-20
16.404766024646595 1.3435710876659632e-25 5.850596180622112e-17 5.843062372413025e-17 7.533808209084538e-20
16.466401669612416 1.343297346339312e-25 5.871381430205021e-17 5.863490612458188e-17 7.890817746833421e-20
16.497306278852424 1.3431640702284418e-25 5.881817379040625e-17 5.873741509469239e-17 8.075869571385996e-20
16.528268890738765 1.3430331631869589e-25 5.892282212799972e-17 5.884016779947698e-17 8.265432852275211e-20
16.590368558098763 1.34277837632558e-25 5.91329854780784e-17 5.90463999658727e-17 8.658551220569799e-20
16.65270154503456 1.3424302629827851e-25 5.93397709599047e-17 5.924913429150379e-17 9.063666840090145e-20
16.715268728169598 1.3416558909874036e-25 5.952836274976849e-17 5.943381136853811e-17 9.455138123037078e-20
16.778070987420957 1.3408957308764823e-25 5.971816696311142e-17 5.961952554225773e-17 9.864142085367728e-20
16.9043842704834 1.3394170656054324e-25 6.010140401864726e-17 5.999402377049014e-17 1.0738024815711198e-19
17.03164849990255 1.3379924433803335e-25 6.048946999188604e-17 6.037254736196848e-17 1.1692262991753505e-19
17.159870834853997 1.3365048744525203e-25 6.087710544186219e-17 6.07498534642602e-17 1.2725197760198903e-19
17.289058488411015 1.3339777806968068e-25 6.121944279126398e-17 6.108188386675333e-17 1.3755892451062894e-19
17.35401657858945 1.3327436157548582e-25 6.139260361156484e-17 6.124957200592964e-17 1.4303160563519522e-19
17.386587088641786 1.3321337412334503e-25 6.147968049835182e-17 6.133382883477673e-17 1.458516635750592e-19
17.419218727950305 1.3315286221281345e-25 6.156708786783077e-17 6.14183587792799e-17 1.487290885508929e-19
17.48466585346766 1.3303325075040127e-25 6.174289282424259e-17 6.158823196836221e-17 1.5466085588035173e-19
17.550358875560836 1.3291549944937309e-25 6.192001631155234e-17 6.175917951281017e-17 1.608367987421798e-19
17.682486308455736 1.3267178118041625e-25 6.227178621980488e-17 6.209836762723496e-17 1.7341859256990954e-19
17.81560845938729 1.3230497878610578e-25 6.256713662411431e-17 6.238568101636437e-17 1.8145560774992606e-19
17.882544892141226 1.3212524058689198e-25 6.271689486489435e-17 6.253127323733243e-17 1.8562162756192662e-19
17.949732817065083 1.319477705801302e-25 6.286797592573015e-17 6.267813352472835e-17 1.8984240100178776e-19
18.084866926577256 1.3159882317428705e-25 6.317376435497967e-17 6.29755934476349e-17 1.981709073447604e-19
18.221018389814958 1.3126843056086272e-25 6.348956804863921e-17 6.328270195648616e-17 2.0686609215306184e-19
18.496404071615608 1.308474770131476e-25 6.424244930935742e-17 6.401753534410588e-17 2.2491396525154346e-19
18.635790038622734 1.3096846492825765e-25 6.478641953858615e-17 6.455184257589098e-17 2.345769626951916e-19
18.776226396166493 1.310812000460384e-25 6.533082686470257e-17 6.508616146842782e-17 2.446653962747359e-19
18.91772105982334 1.3114532501600707e-25 6.585535032089885e-17 6.560034898367953e-17 2.5500133721932e-19
19.203636446149176 1.3126442735642757e-25 6.691137535765599e-17 6.663428600118e-17 2.7708935647598155e-19
19.4938730510763 1.3129422173523766e-25 6.793806602203006e-17 6.763711409337143e-17 3.0095192865861934e-19
19.78849618389234 1.3125084517991553e-25 6.894207225081621e-17 6.861529831298973e-17 3.267739378264674e-19
20.08757214094514 1.3111441128257708e-25 6.991128935589584e-17 6.955662338070113e-17 3.546659751946896e-19
20.391466406516905 1.309030275605718e-25 7.085452361092331e-17 7.046965225717258e-17 3.848713537507374e-19
20.699681925472166 1.306463490487983e-25 7.17844509294781e-17 7.136730799511575e-17 4.1714293436234e-19
21.012556099387844 1.3035165301055544e-25 7.270509761647255e-17 7.225426065330354e-17 4.50836963169017e-19
21.652507708764745 1.3047655895911952e-25 7.499117001536751e-17 7.44655712161674e-17 5.255987992001011e-19
21.979755641372343 1.3056209925643333e-25 7.617446579520383e-17 7.560678983041502e-17 5.676759647888238e-19
22.311949477282987 1.3058328344000709e-25 7.733828467155778e-17 7.672508251202388e-17 6.132021595339273e-19
22.64916396703608 1.3052603642906621e-25 7.847272957367796e-17 7.781029714227903e-17 6.624324313989225e-19
22.991811201917592 1.3040434090791935e-25 7.958563139012256e-17 7.886988568240295e-17 7.157457077196016e-19
23.339642165776596 1.3020304803205164e-25 8.066493301367649e-17 7.989153965319855e-17 7.733933604779373e-19
23.69273528050995 1.2993816808786497e-25 8.171868600248956e-17 8.088293091966407e-17 8.357550828255004e-19
24.414313559781952 1.2968809638794358e-25 8.404542286740565e-17 8.306941671642433e-17 9.76006150981375e-19
24.78366481022829 1.2964098101028567e-25 8.528590623632237e-17 8.423060726214393e-17 1.0552989741784332e-18
25.15860378059443 1.2962286416001153e-25 8.656405295185975e-17 8.542258631265377e-17 1.1414666392059867e-18
25.924826076583233 1.2944692228325672e-25 8.907934473085508e-17 8.774315175418766e-17 1.3361929766674098e-18
26.714384190886577 1.29182971336722e-25 9.160514574730869e-17 9.004045011183715e-17 1.564695635471555e-18
27.527988831636016 1.2884646916213669e-25 9.414915756310537e-17 9.231714991631657e-17 1.8320076467887514e-18
28.366372352060132 1.2854176715586833e-25 9.678710471768782e-17 9.464199957234956e-17 2.145105145338188e-18
29.2302894097004 1.2835994594881848e-25 9.959374742691644e-17 9.708291171393362e-17 2.510835712982812e-18
30.12051764570424 1.281726081115714e-25 1.0247716115130947e-16 9.953565975544276e-17 2.941501395866741e-18
30.575747924857424 1.2803369751689313e-25 1.0391322177372966e-16 1.0072646456042302e-16 3.186757213306606e-18
31.037858384806153 1.278672726605124e-25 1.0534661425091595e-16 1.0189190809757317e-16 3.454706153342727e-18
31.983137356627505 1.2762369829704632e-25 1.0834823019914558e-16 1.0428554116405617e-16 4.062689035089398e-18
32.95720543894392 1.2766260448834134e-25 1.1168208484024375e-16 1.0689431116066864e-16 4.7877736795751084e-18
33.960939423588975 1.2780586008509096e-25 1.1521257826176795e-16 1.0956697056543045e-16 5.645607696337483e-18
34.99524280568484 1.2782662518220687e-25 1.1874074438494943e-16 1.12089784057596e-16 6.650960327353409e-18
36.06104659690874 1.2793515723508165e-25 1.2246096216797495e-16 1.1462750314831772e-16 7.833459019657294e-18
37.159310163528254 1.2842625339247929e-25 1.2667499302349821e-16 1.174589002941562e-16 9.216092729342025e-18
38.29102208995955 1.291478194873958e-25 1.312663683317802e-16 1.2042680019272893e-16 1.0839568139051264e-17
39.45720106862597 1.2987698033341326e-25 1.3602786778987173e-16 1.2329673305914145e-16 1.2731134730730308e-17
40.65889681691763 1.3078812011318265e-25 1.4115404284025434e-16 1.262082554666284e-16 1.4945787373625905e-17
41.897191022077855 1.320765761990873e-25 1.4688591134880145e-16 1.2935068609452587e-16 1.753522525427555e-17
43.173198314866475 1.337052023021342e-25 1.5322582251680564e-16 1.3265926659419752e-16 2.0566555922608098e-17
44.48806727287728 1.3559410231085647e-25 1.6012301983293753e-16 1.3603977297539564e-16 2.408324685754187e-17
45.8429814544115 1.3783240176619207e-25 1.6772338227637033e-16 1.3954674842436859e-16 2.817663385200168e-17
47.23916046383907 1.4048621616268976e-25 1.7615919587899922e-16 1.4325646129854416e-16 3.290273458045509e-17
48.67786104940597 1.4360670068199273e-25 1.8555626589552487e-16 1.4718130143875654e-16 3.8374964456768226e-17
50.16037823447602 1.4720967447145462e-25 1.960047462974218e-16 1.5134364201635144e-16 4.4661104281070356e-17
51.68804648322576 1.5135417727898457e-25 2.0766053251035822e-16 1.5576533550958143e-16 5.1895197000776733e-17
53.26224090184056 1.5602628067407705e-25 2.2059040781501072e-16 1.6043634332511556e-16 6.015406448989522e-17
54.884378476295105 1.6129524823233354e-25 2.3498479241197806e-16 1.6539865824593068e-16 6.958613416604743e-17
56.55591934783037 1.6722732076361868e-25 2.510468238925167e-16 1.707720667024524e-16 8.027475719006439e-17
58.27836812727644 1.7386727282635354e-25 2.689643113119983e-16 1.7659582884251962e-16 9.236848246947872e-17
60.05327524940399 1.813939257962622e-25 2.891537783172925e-16 1.8279591032273042e-16 1.06357867994562e-16
61.88223836852342 1.899362374586617e-25 3.11991870609852e-16 1.894021421151344e-16 1.2258972849471752e-16
62.81758386220369 1.9461438107734938e-25 3.245081366503265e-16 1.929259121443189e-16 1.315822245060075e-16
63.7670670344103 1.9976527275873482e-25 3.381316842305592e-16 1.9661591817535725e-16 1.415157660552019e-16
65.70913619443517 2.113890903666836e-25 3.6870392513109255e-16 2.0453541258625359e-16 1.6416851254483891e-16
67.71035238438829 2.241497415884151e-25 4.028679786969492e-16 2.1304908435542363e-16 1.898188943415256e-16
69.77251696707448 2.3790475682794138e-25 4.4061263692308905e-16 2.221388035746058e-16 2.1847383334848324e-16
71.89748616702131 2.5289646242438276e-25 4.826428683629356e-16 2.320383434724846e-16 2.5060452489045103e-16
74.08717274132995 2.6919933446816538e-25 5.294030472707872e-16 2.4292030181683576e-16 2.864827454539515e-16
76.34354770141287 2.8681195397113524e-25 5.81217951062299e-16 2.546833690983535e-16 3.2653458196394536e-16
78.66864208716851 3.0573545965849327e-25 6.384353100821192e-16 2.672698522670056e-16 3.711654578151136e-16
81.06454879518883 3.2610280599252017e-25 7.017055937366512e-16 2.808556254815411e-16 4.208499682551103e-16
83.5334244626476 3.483140209958142e-25 7.723260359585437e-16 2.9560095719108753e-16 4.767250787674561e-16
86.07749140856238 3.7186356819404393e-25 8.496550968317112e-16 3.114658946609491e-16 5.381892021707624e-16
88.69903963417964 3.960411858166269e-25 9.324567623646036e-16 3.2840930714109193e-16 6.040474552235118e-16
91.4004288842828 4.209806662593548e-25 1.0213622868445054e-15 3.4650732269030024e-16 6.748549641542048e-16
94.18409077127889 4.46536002838571e-25 1.1163579335449412e-15 3.658276416468076e-16 7.505302918981338e-16
97.05253096397554 4.726044993389602e-25 1.2175145234354245e-15 3.8634814564912307e-16 8.311663777863015e-16
100.00833144301866 4.998759640852738e-25 1.3269906697251096e-15 4.0806486389841006e-16 9.189258058266995e-16
103.05415282502196 5.275736683098146e-25 1.4431718260435192e-15 4.3093391271830357e-16 1.0122379133252152e-15
106.19273675747671 5.564547619446809e-25 1.568534623870459e-15 4.548453558437766e-16 1.1136892680266823e-15
109.4269083866038 5.855224166322446e-25 1.7007367220960647e-15 4.797663493798345e-16 1.2209703727162308e-15
112.75957890036308 6.1326295197994525e-25 1.8355643214643907e-15 5.057448208390292e-16 1.3298195006253615e-15
116.1937481489129 6.397599021667189e-25 1.9731913863012314e-15 5.3260475333803795e-16 1.440586632963194e-15
119.73250734487735 6.637439348393597e-25 2.109512367693659e-15 5.600283201919767e-16 1.5494840475016822e-15
123.37904184585196 6.854802851216668e-25 2.244945462587919e-15 5.879345710869028e-16 1.6570108915010168e-15
127.13663402165271 7.03941184837877e-25 2.3756175065159325e-15 6.164238664072283e-16 1.7591936401087045e-15
131.0086662088879 7.193999195654066e-25 2.5017265817291093e-15 6.452386133751686e-16 1.8564879683539414e-15
134.99862375551584 7.310088228229233e-25 2.6195180347293343e-15 6.738870123452215e-16 1.9456310223841122e-15
139.11009815812417 7.390732766694063e-25 2.7290757443642946e-15 7.021984885627461e-16 2.0268772558015486e-15
143.3467902947586 7.439856617356919e-25 2.830883335485975e-15 7.302788048840576e-16 2.1006045306019165e-15
147.71251375620898 7.458532478938623e-25 2.9244224370284228e-15 7.578903562145896e-16 2.1665320808138332e-15
152.21119827875228 7.487560919485765e-25 3.0252161268029643e-15 7.845238610432979e-16 2.240692265759666e-15
156.84689328144228 7.524919137001874e-25 3.132904750847942e-15 8.099227613461427e-16 2.3229819895017982e-15
159.21741877681018 7.531530584606556e-25 3.18304849986897e-15 8.221639147299998e-16 2.360884585138971e-15
161.62377151112827 7.5266628034002755e-25 3.2290675470199966e-15 8.3408049016892465e-16 2.394987056851072e-15
166.54613279848823 7.483685266201007e-25 3.3084113373140625e-15 8.56832274480339e-16 2.4515790628337233e-15
171.61840792845166 7.418096464811405e-25 3.3792924531404794e-15 8.778329442780166e-16 2.5014595088624617e-15
176.84516262850022 7.33729762827928e-25 3.444282410946553e-15 8.968500516251075e-16 2.5474323593214455e-15
179.5181642894721 7.287679620387559e-25 3.4726986935563664e-15 9.0559153921866e-16 2.5671071543377076e-15
182.2315681744764 7.221494234249171e-25 3.4931731582139003e-15 9.138031766196226e-16 2.5793699815942788e-15
187.78155384880017 7.047861499004426e-25 3.5130127210442414e-15 9.285824029987486e-16 2.584430318045494e-15
190.61961427604518 6.954977124538209e-25 3.5191090533592662e-15 9.3511159319452e-16 2.583997460164746e-15
193.5005680909718 6.859625949878354e-25 3.523320186252354e-15 9.410462585539342e-16 2.5822739276984203e-15
199.3937587803602 6.669124731916872e-25 3.529797843589003e-15 9.51102558376698e-16 2.5786952852123053e-15
205.46643057848152 6.479516247615853e-25 3.533888905937493e-15 9.586283147748682e-16 2.5752605911626262e-15
211.72404970390772 6.31045897150302e-25 3.546504969721679e-15 9.635263923802112e-16 2.5829785773414684e-15
218.17224885259444 6.129028645739942e-25 3.54944615588718e-15 9.658663830117018e-16 2.5835797728754794e-15
224.8168322680627 5.913006701851727e-25 3.5286341140823216e-15 9.657747711884044e-16 2.562859342893917e-15
231.66378096599615 5.679018664946918e-25 3.492214162457016e-15 9.631380680180728e-16 2.529076094438943e-15
238.71925811795668 5.426557780997392e-25 3.4385973236671268e-15 9.578176099604764e-16 2.4807797137066504e-15
245.98961459906556 5.164009491319659e-25 3.3718887468410332e-15 9.50065189522527e-16 2.4218235573185053e-15
249.71106150874405 5.023033535850778e-25 3.329456089438369e-15 9.454123712815849e-16 2.3840437181567844e-15
253.4888082224776 4.875551594604622e-25 3.2805901701587925e-15 9.40274373245602e-16 2.34031579691319e-15
261.20898134247824 4.5855703516244295e-25 3.17944194459848e-15 9.283503807854464e-16 2.2510915638130335e-15
269.1642775569489 4.323781879235791e-25 3.0892327594881162e-15 9.140718858813917e-16 2.1751608736067256e-15
277.3618576987742 4.072364768594977e-25 2.9982154795705367e-15 8.977854607503937e-16 2.100430018820144e-15
285.8091006888481 3.7908641687260605e-25 2.875965751046788e-15 8.79996293685222e-16 1.9959694573615652e-15
294.5136101780917 3.5104721095703413e-25 2.7443552522193773e-15 8.606653913962207e-16 1.883689860823157e-15
303.4832213917586 3.262140676118042e-25 2.6278877107717933e-15 8.396866984713326e-16 1.788201012300462e-15
312.7260081821858 3.0312180739318136e-25 2.5162316233057354e-15 8.173560123193335e-16 1.6988756109864022e-15
322.25029029634635 2.8172326975988616e-25 2.409824806215702e-15 7.940539685581601e-16 1.6157708376575413e-15
332.0646408647343 2.615421215734592e-25 2.305333220287954e-15 7.69870985434717e-16 1.5354622348532367e-15
342.17789411833206 2.419420453767095e-25 2.197519462263431e-15 7.44860773599056e-16 1.452658688664374e-15
352.59915334060224 2.2316172270491596e-25 2.088672763302029e-15 7.192081703370804e-16 1.3694645929649484e-15
363.337799061663 2.0564411028322158e-25 1.9833359767021188e-15 6.931321241964843e-16 1.2902038525056337e-15
374.40349750202313 1.8928426184843529e-25 1.8811517715930883e-15 6.667723312449942e-16 1.2143794403480947e-15
380.062092440151 1.815009902436706e-25 1.831061734801675e-15 6.535323932284039e-16 1.1775293415732714e-15
385.80620927347337 1.7397258316213006e-25 1.7816379629909072e-15 6.402750286280326e-16 1.1413629343628745e-15
397.5561983449763 1.5964834923596995e-25 1.6847380878667724e-15 6.13761720975158e-16 1.0709763668916137e-15
409.6640412816112 1.4612586937613015e-25 1.5890017884236162e-15 5.8730606097963e-16 1.001695727443986e-15
415.8555509384264 1.3966598656131265e-25 1.5417096451599288e-15 5.741356118908117e-16 9.675740332691168e-16
422.1406367649012 1.33414641351162e-25 1.494961770828022e-15 5.610237996619535e-16 9.33937971166068e-16
434.9972154030873 1.2164685509718162e-25 1.4046133623698058e-15 5.350857333602798e-16 8.695276290095259e-16
448.24534984018095 1.1080148518701002e-25 1.3183502552284764e-15 5.095907040355752e-16 8.087595511929007e-16
461.89696517289525 1.0081822115670044e-25 1.236099902832354e-15 4.845347601747462e-16 7.515651426576083e-16
475.9643496848308 9.164528483464345e-26 1.1578544873965538e-15 4.59969964443367e-16 6.978845229531865e-16
490.4601659075747 8.316026070131517e-26 1.0826523325318527e-15 4.360655967236803e-16 6.465867358081726e-16
505.39746201868155 7.52986992351122e-26 1.010159525976014e-15 4.1291651064685726e-16 5.972430153291567e-16
520.7896835867783 6.810017838735658e-26 9.41412705249522e-16 3.9050919578400483e-16 5.509035094655172e-16
536.6506856743796 6.15519742376121e-26 8.76805183944356e-16 3.688726504506664e-16 5.079325334936899e-16
552.9947453093008 5.557747108448691e-26 8.158103653747965e-16 3.480060783311287e-16 4.678042870436676e-16
569.8365743358964 5.012722751958126e-26 7.5821686203685e-16 3.2792178718201474e-16 4.302950748548355e-16
587.1913326576936 4.516329915794305e-26 7.039385170809139e-16 3.0863422823201645e-16 3.953042888488975e-16
605.0746418833327 4.0649280808164986e-26 6.528768232586454e-16 2.9015180079604453e-16 3.6272502246260103e-16
623.502599388115 3.6550573126142265e-26 6.049255007876521e-16 2.7247718989477217e-16 3.324483108928801e-16
642.4917928037942 3.2834294939039617e-26 5.59969937831213e-16 2.556079231372298e-16 3.0436201469398336e-16
662.0593149496696 2.9469321311299077e-26 5.178887385012679e-16 2.395375739238226e-16 2.783511645774452e-16
682.2227792184137 2.6426379492841866e-26 4.78556607155441e-16 2.2425544622837417e-16 2.543011609270668e-16
703.0003354304876 2.3678067244604274e-26 4.4184629217504137e-16 2.0974779392915175e-16 2.320984982458895e-16
724.4106861714122 2.119881236220528e-26 4.0762969319384176e-16 1.9599839963686634e-16 2.1163129355697541e-16
746.4731036265977 1.8964788509403785e-26 3.7577821673416406e-16 1.829873889590958e-16 1.9279082777506813e-16
769.2074469289008 1.6953895308728807e-26 3.4616440620594013e-16 1.706928054535817e-16 1.7547160075235846e-16
792.6341800345017 1.5145715885274477e-26 3.186632894349844e-16 1.5909196754538196e-16 1.5957132188960244e-16
816.7743901432078 1.3521430260248564e-26 2.931528884202503e-16 1.481609574405681e-16 1.4499193097968218e-16
841.6498066797607 1.2063694787309447e-26 2.6951392077486656e-16 1.3787432715758905e-16 1.316395936172776e-16
867.2828208532309 1.0756577572823736e-26 2.476305889579507e-16 1.2820582323411381e-16 1.1942476572383693e-16
893.6965058121084 9.585528647349511e-27 2.2739219946969913e-16 1.1912926094952834e-16 1.0826293852017084e-16
920.9146374132232 8.537259492166148e-27 2.0869271595073282e-16 1.1061836268234152e-16 9.807435326839136e-17
948.9617156232121 7.599620987928649e-27 1.9143002601840704e-16 1.0264655817329874e-16 8.87834678451083e-17
977.8629865717667 6.761552826473231e-27 1.75506775125194e-16 9.518748675033425e-17 8.031928837485979e-17
1007.6444652765354 6.013010738174828e-27 1.608306200341132e-16 8.821518362532274e-17 7.261543640879047e-17
1038.332959060126 5.344878807674302e-27 1.473139704950605e-16 8.170410627468931e-17 6.560986422037115e-17
1069.95609168029 4.748903731843522e-27 1.3487416051017765e-16 7.562939316947054e-17 5.92447673407071e-17
1102.542328195006 4.217623059606405e-27 1.2343333629984803e-16 6.996693152887457e-17 5.3466404770973437e-17
1136.1210005848498 3.744290971293748e-27 1.129181128456962e-16 6.469325623799413e-17 4.822485660770205e-17
1170.7223341557005 3.32281744998001e-27 1.0325945277054652e-16 5.978559263550384e-17 4.34738601350427e-17
1206.3774747455793 2.9477193912015557e-27 9.43927830691322e-17 5.5222122281610903e-17 3.9170660787521286e-17
1243.1185167600695 2.614066935020327e-27 8.625785860217929e-17 5.0982021069119443e-17 3.527583753305983e-17
1280.9785320615858 2.3174246388545912e-27 7.879831024918428e-17 4.704527260328911e-17 3.175303764589517e-17
1319.9915997384837 2.053803736831273e-27 7.196138944109396e-17 4.3392646265076407e-17 2.8568743176017526e-17
1360.1928367808064 1.819628779492341e-27 6.569808542143884e-17 4.0005877168530556e-17 2.5692208252908306e-17
1401.618429690285 1.6117005425337546e-27 5.996303198432096e-17 3.6867731150054636e-17 2.3095300834266328e-17
1444.305667053031 1.4271518853097153e-27 5.4714035001789334e-17 3.396181635856258e-17 2.0752218643226736e-17
1488.2929731042755 1.2634137822678357e-27 4.991182782701994e-17 3.1272488348684397e-17 1.863933947833554e-17
1533.6199423153234 1.1181905426940725e-27 4.5520077740121756e-17 2.878499513793144e-17 1.6735082602190308e-17
1580.327375033885 9.894329034333722e-28 4.1505231917412136e-17 2.6485506817797112e-17 1.5019725099615018e-17
1628.457314209858 8.753115622177597e-28 3.7836284067717143e-17 2.4360986910117004e-17 1.3475297157600144e-17
1678.0530832396191 7.741928334372613e-28 3.44845271205723e-17 2.2399096540324276e-17 1.2085430580248034e-17
1729.1593249628888 6.846205766202243e-28 3.1423488151145563e-17 2.0588249612013234e-17 1.0835238539132334e-17
1781.8220418472597 6.052988238834728e-28 2.862882937104663e-17 1.8917639918435962e-17 9.711189452610686e-18
1836.0886373966016 5.350733613269003e-28 2.6078127610127205e-17 1.7377140026277815e-17 8.700987583849387e-18
1892.007958820556 4.729164158478948e-28 2.37507200952096e-17 1.5957233892504176e-17 7.793486202705421e-18
1949.6303410035755 4.179133383908717e-28 2.162758066771865e-17 1.464900853642922e-17 6.978572131289429e-18
2009.0076518130663 3.6925217813744657e-28 1.9691286440692812e-17 1.3444202050902665e-17 6.24708438979015e-18
2070.1933387874215 3.262115102515765e-28 1.7925844335516355e-17 1.2335108083155374e-17 5.590736252360983e-18
2133.242477245972 2.8814950215375907e-28 1.631651969132172e-17 1.1314503500107596e-17 5.002016191214129e-18
2198.211819864143 2.5449644298838396e-28 1.4849802872239964e-17 1.0375668470521112e-17 4.474134401718852e-18
2265.1598477584885 2.2474706246354333e-28 1.3513327799828033e-17 9.51236343095387e-18 4.0009643688741615e-18
2334.1468231275226 1.9845292957515236e-28 1.2295752652651816e-17 8.718784726375252e-18 3.576967926276567e-18
2405.2348434957767 1.752165783975119e-28 1.1186703178919287e-17 7.989546249771e-18 3.197156929148285e-18
2478.487897609897 1.546857711483172e-28 1.0176691336585613e-17 7.319653380730243e-18 2.8570379558553694e-18
2553.971923037092 1.3654802575340823e-28 9.257015203151138e-18 6.704466123100064e-18 2.5525490800510698e-18
2631.7548655177807 1.2052645939345555e-28 8.419712579474862e-18 6.1396825538404954e-18 2.280030025634366e-18
2711.906740125872 1.0637600184693942e-28 7.657514834564312e-18 5.621324342227711e-18 2.036190492336601e-18
2794.4996942916955 9.387960349666246e-29 6.963775249752258e-18 5.145706004499442e-18 1.818069245252816e-18
2879.6080727443887 8.284520295281569e-29 6.3324268498314984e-18 4.709423245479033e-18 1.6230036043524651e-18
2967.308484432098 7.310290824989753e-29 5.7579353753967126e-18 4.309333099193869e-18 1.4486022762028422e-18
3057.6798714803062 6.450228629944575e-29 5.235239518422485e-18 3.942526531428651e-18 1.2927129869938323e-18
