Dust emission spectrum from A.P. Jones, M. Kohler, N. Ysard, M. Bocchio, and L. Verstraete (2017), A&A, 602A, 46J 
inside the DustPedia framework.

lambda    nu*dP/dnu     j_nu    j_nu(carb.) j_nu(sil)
 (um)   (erg s-1 H-1) (Jy cm2 sr-1 H-1)
0.9927057738263894 1.0423589912064855e-21 2.7466751466378414e-14 2.7466750611357868e-14 8.55020545898476e-22
1.0001793341362166 1.0598842022175101e-21 2.8138810118421155e-14 2.8138809089483847e-14 1.0289373019382954e-21
1.0077091589558085 1.0774790120930594e-21 2.8821292852480106e-14 2.882129161589991e-14 1.2365801958718574e-21
1.0114953028030835 1.0863017098837057e-21 2.9166463056226234e-14 2.9166461701281583e-14 1.3549446452908338e-21
1.0152956718711033 1.0951408530460832e-21 2.9514263345833656e-14 2.95142618616906e-14 1.4841430453626434e-21
1.0229392996569957 1.112858651430813e-21 3.021755374690293e-14 3.021755196799047e-14 1.7789124610373004e-21
1.0267826658714554 1.1217171802497254e-21 3.057252669972632e-14 3.057252475305733e-14 1.946668986849732e-21
1.0306404723013447 1.1305905364467614e-21 3.0930146123777873e-14 3.09301439942435e-14 2.129534369041167e-21
1.03451277320114 1.1394784470041285e-21 3.129042092156437e-14 3.129041859276412e-14 2.3288002529081297e-21
1.0383996230291617 1.1483806472479565e-21 3.165336020450797e-14 3.1653357658645615e-14 2.545862349778239e-21
1.0403485208654093 1.1528370256250363e-21 3.1835831934708134e-14 3.1835829273174624e-14 2.661533509882182e-21
1.0423010764483396 1.1572968810586146e-21 3.20189733025056e-14 3.201897052027733e-14 2.782228269230201e-21
1.0462171883269815 1.1662269010795479e-21 3.2387269773621426e-14 3.238726673409554e-14 3.0395258955588288e-21
1.0471985131304309 1.1684615320442034e-21 3.247976431105439e-14 3.2479761203730564e-14 3.1073238196002596e-21
1.048180758391296 1.170697006067131e-21 3.257242732579807e-14 3.2572424149230174e-14 3.1765678916003157e-21
1.0501480137395462 1.1751704689245048e-21 3.2758259413910226e-14 3.2758256094397875e-14 3.3195123428272947e-21
1.0521189612883777 1.179647261288717e-21 3.294476730128355e-14 3.2944763832682896e-14 3.4686006505959915e-21
1.0531058218030118 1.1818839319948329e-21 3.3038192176311196e-14 3.3038188630779316e-14 3.5455318881019495e-21
1.0540936079674168 1.1841117099050403e-21 3.313151450598442e-14 3.3131510881873064e-14 3.624111352630003e-21
1.058054026499678 1.1930305819518627e-21 3.350648370640117e-14 3.350647975098752e-14 3.955413639304264e-21
1.0590464539527713 1.1952622238590197e-21 3.360064678867556e-14 3.360064274601789e-14 4.04265767681324e-21
1.06003981227728 1.1974946289762494e-21 3.3694978512310455e-14 3.3694974380570116e-14 4.131740343433235e-21
1.0620293250338977 1.2019617164545355e-21 3.3884148549472444e-14 3.3884144233902965e-14 4.31556947370498e-21
1.0660195594769086 1.210904915875822e-21 3.426451970718192e-14 3.426451500022403e-14 4.706957889426115e-21
1.070024785945596 1.2198599927583074e-21 3.4647608142827607e-14 3.464760301068536e-14 5.132142238069192e-21
1.0740450607676866 1.22882676991853e-21 3.5033425121603273e-14 3.50334195277198e-14 5.59388348042608e-21
1.07808044048254 1.2378050806387274e-21 3.542198222129373e-14 3.542197612613937e-14 6.095154358288018e-21
1.0861967418109137 1.2557819442581662e-21 3.620696842110136e-14 3.620696119177403e-14 7.229327323848648e-21
1.0902777775684922 1.2647489665799071e-21 3.6602514934193556e-14 3.660250706481674e-14 7.869376830248839e-21
1.0943741465085532 1.2737264247159205e-21 3.7000825766449193e-14 3.700081720316673e-14 8.563282455897292e-21
1.1026131145906286 1.2917122240890571e-21 3.780579336635072e-14 3.780578323625448e-14 1.0130096230827348e-20
1.1109141095355224 1.3097386112112814e-21 3.862198105663513e-14 3.862196908868039e-14 1.1967954733206706e-20
1.1192775983109025 1.3277909268281758e-21 3.9449085633244604e-14 3.9449071512368296e-14 1.4120876311122346e-20
1.1277040513999907 1.3458039268889726e-21 4.0285277996264014e-14 4.0285261356732594e-14 1.6639531417109074e-20
1.1361939428280308 1.363854393787652e-21 4.113295494810704e-14 4.1132935365939554e-14 1.9582167484714902e-20
1.1447477501889525 1.3819424137631509e-21 4.199225314547435e-14 4.199223012982331e-14 2.30156510433087e-20
1.1533659546722406 1.4000747234591821e-21 4.2863514358497124e-14 4.2863487341819536e-14 2.7016677580680387e-20
1.1707974979042381 1.4365271667344016e-21 4.464420176410289e-14 4.464416467861198e-14 3.708549090348777e-20
1.1884924949847024 1.4731625184926873e-21 4.647469382096834e-14 4.6474643169386385e-14 5.0651581929988335e-20
1.2064549276569216 1.5102283746438898e-21 4.8364105551631354e-14 4.836403671329758e-14 6.883833377163182e-20
1.2246888378427687 1.547484737444878e-21 5.0306206242495726e-14 5.0306113146222356e-14 9.309627338636425e-20
1.2431983285522175 1.5849013822119809e-21 5.23012531479227e-14 5.2301127856210556e-14 1.2529171214143476e-19
1.2619875648066055 1.6225329629631806e-21 5.4352313832482077e-14 5.435214601877115e-14 1.6781371091910212e-19
1.3004222497298317 1.6982097525461926e-21 5.861991106121487e-14 5.861961425448677e-14 2.968067281191373e-19
1.3400274889804893 1.7747418534281077e-21 6.312746239039188e-14 6.31269470694717e-14 5.153209201727671e-19
1.3808389325824078 1.8524078677510916e-21 6.789676358423002e-14 6.789588487777857e-14 8.78706451455498e-19
1.4228933163050095 1.9318556457630046e-21 7.29653120069728e-14 7.296383973772935e-14 1.472269243471671e-18
1.466228494730424 2.0144605089538954e-21 7.840248831043646e-14 7.840006323383581e-14 2.4250766006512858e-18
1.5108834753276823 2.1000446345601724e-21 8.422265536987382e-14 8.421872665992742e-14 3.928709946393032e-18
1.5568984535646726 2.1885176093957537e-21 9.044400091826069e-14 9.043773449871853e-14 6.2664195421552674e-18
1.6043148490894465 2.2803740195603293e-21 9.711026085055593e-14 9.71004015391208e-14 9.859311435105813e-18
1.6531753430134553 2.3761289788835573e-21 1.0426975741915314e-13 1.0425447418422454e-13 1.528323492860837e-17
1.7035239163302658 2.4763798220403093e-21 1.1197857199222809e-13 1.1195522522384854e-13 2.3346768379543593e-17
1.755405889504358 2.582926188626899e-21 1.2035357075482075e-13 1.2031840682347537e-13 3.516393134536302e-17
1.8088679632656115 2.6956795745208427e-21 1.2943286609387862e-13 1.29380628894377e-13 5.223719950159394e-17
1.8639582606462262 2.8144819340033193e-21 1.3925284647574315e-13 1.3917627878420513e-13 7.656769153801769e-17
1.9207263702978936 2.9395483876716367e-21 1.4987028925508835e-13 1.4975951051662848e-13 1.1077873845989649e-16
1.979223391128241 3.0712436173709982e-21 1.6135354629408757e-13 1.6119528363483533e-13 1.5826265925220988e-16
2.039501978296691 3.2098318285762948e-21 1.737704169389956e-13 1.735470779614845e-13 2.2333897751112445e-16
2.1016163906111602 3.3565207346913526e-21 1.8724585570599129e-13 1.869344032078012e-13 3.1145249819006515e-16
2.1656225393682647 3.511735825136509e-21 2.0187104630204853e-13 2.014417002443589e-13 4.2934605768965585e-16
2.231578038680979 3.674790823512297e-21 2.176777977631099e-13 2.1709254384503115e-13 5.852539180787534e-16
2.299542257339062 3.845491848572885e-21 2.347268242045406e-13 2.3393772297773915e-13 7.891012268015294e-16
2.369576372248914 4.0239836071580206e-21 2.531024485452295e-13 2.5204973471901754e-13 1.0527138262119586e-15
2.4417434235010123 4.2105005860698685e-21 2.728997839651291e-13 2.7150981537585013e-13 1.3899685892789086e-15
2.5161083711144245 4.406004274109031e-21 2.9426844193616056e-13 2.9245144666701063e-13 1.816995269149863e-15
2.5927381535095444 4.612413729625637e-21 3.174361241781298e-13 3.1508384072609557e-13 2.3522834520342603e-15
2.6717017477616296 4.831316150433242e-21 3.4262801112263895e-13 3.396113890228851e-13 3.0166220997537138e-15
2.753070231689431 5.065294290623302e-21 3.7016163626759883e-13 3.6632853850357024e-13 3.833097764028644e-15
2.836916847834745 5.3222060452631996e-21 4.0078155268987303e-13 3.9595437711755586e-13 4.827175572317212e-15
2.9233170693905177 5.6199073440523486e-21 4.360883762258886e-13 4.3006307741605406e-13 6.02529880983456e-15
2.967498994190263 5.801508621651734e-21 4.569839586663546e-13 4.50287540832191e-13 6.696417834163665e-15
3.0123486681368425 5.995744678985907e-21 4.794218265120986e-13 4.719892226383634e-13 7.43260387373545e-15
3.0578761833420214 6.3113605995745334e-21 5.122858069100039e-13 5.040443193321857e-13 8.24148757781816e-15
3.1040917844459814 6.680256067077821e-21 5.504236647501933e-13 5.413034240944813e-13 9.120240655711988e-15
3.127460860933648 7.019102997178449e-21 5.826972005735683e-13 5.73107042932284e-13 9.590157641284302e-15
3.1510058709225794 7.44855939196064e-21 6.230041367872352e-13 6.129245862446472e-13 1.0079550542588098e-14
3.162844764501044 7.834942710002236e-21 6.577837419767618e-13 6.474510941937114e-13 1.0332647783050383e-14
3.1747281389236908 8.271905363424077e-21 6.970782488529717e-13 6.864874733093822e-13 1.0590775543589482e-14
3.1986289994194426 9.453417335763407e-21 8.026424673908214e-13 7.91518756489921e-13 1.1123710900900119e-14
3.2227097969389145 1.2181632252695997e-20 1.0420681373561463e-12 1.0303801455691055e-12 1.1687991787040732e-14
3.2348180950136065 1.4738662858351392e-20 1.2655443856481201e-12 1.2535553709896886e-12 1.1989014658432032e-14
3.240889293275058 1.6648045145337876e-20 1.4321775906403256e-12 1.420029793772796e-12 1.2147796867529387e-14
3.2469718861334385 1.8860626078188264e-20 1.6255639762040782e-12 1.6132518869663519e-12 1.2312089237726221e-14
3.2714166318528037 3.046862893687207e-20 2.64580724969852e-12 2.6328165771267606e-12 1.2990672571759673e-14
3.2744851364798273 3.11944918806338e-20 2.711379901037389e-12 2.698309357956857e-12 1.3070543080531648e-14
3.2775565192852394 3.193974210224491e-20 2.7787599301356737e-12 2.765609126430308e-12 1.3150803705365504e-14
3.283707930232385 3.1226565641069777e-20 2.7218123300796776e-12 2.7085181941609167e-12 1.3294135918761026e-14
3.2898708863219004 2.895575248719652e-20 2.528617520151786e-12 2.5151931275239454e-12 1.3424392627840843e-14
3.29141343181113 2.841910582325561e-20 2.4829174421138655e-12 2.4694603460446086e-12 1.3457096069256129e-14
3.292184975758714 2.815524716329857e-20 2.4604412861825843e-12 2.446967817482192e-12 1.3473468700393558e-14
3.295272960557952 2.6509437015146e-20 2.3187895392041316e-12 2.3052524187472075e-12 1.3537120456923664e-14
3.3076538914384823 2.0765133089390376e-20 1.8231575961654034e-12 1.809364911655063e-12 1.3792684510340327e-14
3.310756385682612 1.9583996013687505e-20 1.7210677649935981e-12 1.7072106824239431e-12 1.385708256965464e-14
3.313861789986515 1.8489516199507105e-20 1.6264075137956992e-12 1.6124858300883768e-12 1.3921683707322482e-14
3.3200813396944477 1.6961575922223313e-20 1.494804365322166e-12 1.4807436456454507e-12 1.4060719676714912e-14
3.345076488085796 1.4297831321835157e-20 1.2695378544349818e-12 1.2548573081724051e-12 1.4680546262576722e-14
3.3482140837626964 1.4407443138409198e-20 1.280470466625379e-12 1.2657059456995913e-12 1.4764520925787805e-14
3.3513546224236106 1.4518042977866807e-20 1.291510364412338e-12 1.2766615004815235e-12 1.484886393081393e-14
3.3576445397418455 1.5288931175131595e-20 1.362640447139881e-12 1.3476152093267836e-12 1.5025237813097312e-14
3.3702598118196083 1.807803673555623e-20 1.6172757675531849e-12 1.6018805955646143e-12 1.5395171988570072e-14
3.382922481734668 1.8747396488896175e-20 1.6834586119047781e-12 1.6677041547160063e-12 1.5754457188771614e-14
3.389271646505754 1.909239298157245e-20 1.7176559433663797e-12 1.701719433153459e-12 1.5936510212920724e-14
3.395632727569191 1.947175103384776e-20 1.7550728654152282e-12 1.7389487385787248e-12 1.612412683650324e-14
3.421196662673239 2.1310246076465034e-20 1.9352449259421217e-12 1.9183444631769434e-12 1.690046276517785e-14
3.4276182099114902 2.0982145600343412e-20 1.909025681578167e-12 1.891952277628183e-12 1.7073403949983908e-14
3.4340518103208963 1.9484759866098648e-20 1.7761160305098192e-12 1.7588792056473474e-12 1.723682486247137e-14
3.4469541582030403 1.7337384711026592e-20 1.5863116979595877e-12 1.5687615145302721e-12 1.7550183429316012e-14
3.472904465399547 1.675023787088106e-20 1.544127823528343e-12 1.5258553382455628e-12 1.8272485282779843e-14
3.4990501388274233 1.5857463389883916e-20 1.4728323549534235e-12 1.453821422907982e-12 1.9010932045441123e-14
3.5253949054701885 1.2666078390521623e-20 1.1852756901857911e-12 1.1655484738737748e-12 1.972721631201646e-14
3.5519380250092896 9.62890375873536e-21 9.078449006540489e-13 8.873986541461015e-13 2.044624650794759e-14
3.578680990867387 8.453040433583699e-21 8.029811786772804e-13 7.817469786119609e-13 2.123420006531959e-14
3.605625307711299 8.009767041768819e-21 7.666019357267406e-13 7.445384279096959e-13 2.2063507817044904e-14
3.660119384959845 7.750619463264574e-21 7.530106160628999e-13 7.292073512697289e-13 2.380326479317115e-14
3.715437065384467 7.586266159538088e-21 7.481822797325793e-13 7.22548715663651e-13 2.563356406892839e-14
3.8285932144167436 7.637922306387182e-21 7.762183309797206e-13 7.466642132740623e-13 2.955411770565803e-14
3.94519561050918 7.78402934914158e-21 8.151592086688905e-13 7.813498394620486e-13 3.380936920684167e-14
4.06534921144712 7.962164107820872e-21 8.59208203335271e-13 8.208188171019207e-13 3.838938623335013e-14
4.189162171576248 8.153620664012449e-21 9.066655383581041e-13 8.633679955283005e-13 4.32975428298034e-14
4.316745939156006 8.350199177749044e-21 9.568035038239575e-13 9.082940137469822e-13 4.850949007697561e-14
4.448215356677963 8.547820495870155e-21 1.0092775929408895e-12 9.553317116911675e-13 5.394588124972219e-14
4.58368876423945 8.745459944804044e-21 1.0640626744036167e-12 1.0044551653014727e-12 5.960750910214374e-14
4.723288106065518 8.944045260422943e-21 1.121367224486815e-12 1.05584303395948e-12 6.552419052733515e-14
4.867139040275056 9.144706837026414e-21 1.181443543774665e-12 1.109916008735224e-12 7.152753503944094e-14
4.940699165968905 9.250823171022876e-21 1.2132162635284345e-12 1.1386375072776041e-12 7.457875625083038e-14
5.015371051989984 9.353523706328808e-21 1.2452247763062999e-12 1.1675723515334398e-12 7.765242477286029e-14
5.091171501069577 9.468990177874077e-21 1.279648895107886e-12 1.1988321285806505e-12 8.081676652723498e-14
5.129500256944802 9.525263436982786e-21 1.2969447772465558e-12 1.2145413106311978e-12 8.240346661535816e-14
5.168117569889187 9.582028519512234e-21 1.3144960248041117e-12 1.2304865226541676e-12 8.400950214994436e-14
5.20702561229733 9.650551443320189e-21 1.333863157344795e-12 1.248094275183897e-12 8.576888216089826e-14
5.246226572918644 9.718479872847942e-21 1.3533646095214923e-12 1.2658289659668449e-12 8.753564355464754e-14
5.265937586045735 9.752224684052851e-21 1.3631662936656193e-12 1.274744765528211e-12 8.842152813740809e-14
5.285722656980489 9.785825354367095e-21 1.3730023028285237e-12 1.2836933633295092e-12 8.930893949901436e-14
5.305582063971359 9.819283636313516e-21 1.3828729274040508e-12 1.2926751575780586e-12 9.019776982599239e-14
5.3255160863122235 9.854902227222085e-21 1.3931037260539197e-12 1.3020082335279864e-12 9.109549252593338e-14
5.365609099470188 9.943545667175566e-21 1.416216779120661e-12 1.3232635241238144e-12 9.295325499684661e-14
5.406003951863644 1.0032610236225654e-20 1.439659317196073e-12 1.3448411487436928e-12 9.481816845238012e-14
5.446702915881641 1.0122175499605662e-20 1.4634469496801592e-12 1.3667575811355507e-12 9.668936854460824e-14
5.487708281020852 1.0216690551671755e-20 1.4882321740941084e-12 1.3896576173035028e-12 9.857455679060529e-14
5.529022354014368 1.035070547386406e-20 1.5191047786660445e-12 1.418565214052594e-12 1.0053956461345006e-13
5.570647458961463 1.0488364151635052e-20 1.5508966765398689e-12 1.4483850020547936e-12 1.0251167448507471e-13
5.612585937458331 1.0630027616369756e-20 1.5836778029938089e-12 1.4791877971192593e-12 1.0449000587454975e-13
5.654840148729818 1.0782639828704836e-20 1.6185080529454337e-12 1.5120238769052232e-12 1.0648417604021085e-13
5.67608639626678 1.088978672857116e-20 1.640732590385554e-12 1.533203896905575e-12 1.0752869347997893e-13
5.686739436050992 1.094442467753987e-20 1.652059555461585e-12 1.5440078532876402e-12 1.0805170217394476e-13
5.6974124697621304 1.0999797475792846e-20 1.6635343922171459e-12 1.5549591999741213e-12 1.0857519224302424e-13
5.718818669136295 1.1112826089715935e-20 1.686942490099923e-12 1.5773189297003233e-12 1.0962356039959963e-13
5.740305295436557 1.1237200538172408e-20 1.7122317862456627e-12 1.601549740879537e-12 1.1068204536612605e-13
5.7835210386641895 1.1564184595179962e-20 1.7753205014654753e-12 1.6624514887794389e-12 1.1286901268603608e-13
5.827062130521658 1.1933193158399851e-20 1.845762219412379e-12 1.7306771090190378e-12 1.1508511039334122e-13
5.8489554468988025 1.2198485342056225e-20 1.8938852206958164e-12 1.777599504372043e-12 1.1628571632377332e-13
5.870931020387893 1.2478936515415048e-20 1.9447061431449126e-12 1.827216088572722e-12 1.1749005457219014e-13
5.892989160043636 1.2775753013086804e-20 1.9984421568230204e-12 1.8797441427853983e-12 1.1869801403762183e-13
5.915130176081913 1.3112338564100039e-20 2.0587987413808517e-12 1.9388473237337255e-12 1.1995141764712656e-13
5.95966208400165 1.4064967288902262e-20 2.2249988723803696e-12 2.102168300158004e-12 1.228305722223655e-13
6.004529249263818 1.5433125348454888e-20 2.459814069932972e-12 2.333730632386929e-12 1.260834375460434e-13
6.027089341400364 1.6386247551550097e-20 2.6215405141141477e-12 2.493566026866758e-12 1.2797448724738902e-13
6.049734195844842 1.7502342023893267e-20 2.8106184521321807e-12 2.6806383634832597e-12 1.2998008864892135e-13
6.095279466722835 2.0725907445218033e-20 3.353332438772676e-12 3.218383211863698e-12 1.349492269089787e-13
6.141167624020661 2.5643816602797477e-20 4.180257617984441e-12 4.0388103944111466e-12 1.4144722357329558e-13
6.164241091010745 2.8777511570947684e-20 4.708713713335787e-12 4.563164718040097e-12 1.4554899529568979e-13
6.187401249150058 3.2299544064222487e-20 5.304862182539173e-12 5.155105800629725e-12 1.4975638190944702e-13
6.1990139391386085 3.4009228655950744e-20 5.5961433143071084e-12 5.444246935990219e-12 1.5189637831688898e-13
6.204828454712694 3.4905823852979654e-20 5.749063490218329e-12 5.596086701900084e-12 1.5297678831824544e-13
6.210648424152782 3.5553095117958074e-20 5.861162913573374e-12 5.707270849718724e-12 1.5389206385465011e-13
6.233982942956859 3.771778050271363e-20 6.24138785486844e-12 6.084326879794658e-12 1.5706097507378172e-13
6.239830258556775 3.797468035253765e-20 6.289792752417608e-12 6.132308758786043e-12 1.574839936315644e-13
6.245683058788269 3.79657291898018e-20 6.294208433517807e-12 6.136300916368737e-12 1.5790751714907193e-13
6.257405133728602 3.783435451316405e-20 6.284200546182085e-12 6.125561491246321e-12 1.5863905493576152e-13
6.269149208991335 3.731821395497616e-20 6.210104234698092e-12 6.0512436415106996e-12 1.5886059318739216e-13
6.280915325867298 3.613083409183126e-20 6.023797434786999e-12 5.865345326361183e-12 1.5845210842581464e-13
6.304513850009849 3.3247435764829223e-20 5.5638984113220036e-12 5.4068323890097755e-12 1.5706602231222751e-13
6.32820103803542 2.973968334890264e-20 4.995581409683086e-12 4.840506905940928e-12 1.5507450374216066e-13
6.3519772230701035 2.6541152580321786e-20 4.47505259438965e-12 4.321776048382282e-12 1.532765460073674e-13
6.375842739491607 2.3843125484756015e-20 4.0352478437919875e-12 3.883570229988953e-12 1.5167761380303446e-13
6.399797922933955 2.1700245673905447e-20 3.686382067715117e-12 3.535586985592098e-12 1.5079508212301978e-13
6.42384311029221 1.9910434768599715e-20 3.395041615735835e-12 3.2449858727160137e-12 1.5005574301982137e-13
6.447978639727206 1.860799331248131e-20 3.1848762661155426e-12 3.035002498472475e-12 1.4987376764306737e-13
6.472204850670314 1.7517069581631562e-20 3.0094223550521385e-12 2.859620368050927e-12 1.4980198700121245e-13
6.496522083828205 1.6801650311608294e-20 2.8973588902661726e-12 2.7471782403222003e-12 1.5018064994397163e-13
6.520930681187647 1.6194267822167734e-20 2.8031112476872536e-12 2.6524848626530712e-12 1.506263850341825e-13
6.57002334288761 1.5540354650410956e-20 2.7101746039959385e-12 2.5580371836603292e-12 1.5213742033560855e-13
6.619489833774732 1.5400390251196882e-20 2.7059868309298143e-12 2.551840704979484e-12 1.5414612595033062e-13
6.6693287637831435 1.5527192974037944e-20 2.748808657604115e-12 2.592453831971555e-12 1.5635482563256052e-13
6.719538636694507 1.5699290200049154e-20 2.800199062786985e-12 2.641740388593934e-12 1.5845867419305028e-13
6.770126513364129 1.6259819831316133e-20 2.9220116727794944e-12 2.761240129349441e-12 1.60771543430054e-13
6.8210952395837445 1.714586508925842e-20 3.1044376987930865e-12 2.941034404018327e-12 1.6340329477475881e-13
6.872447682569556 1.8272137059454495e-20 3.3332678975562233e-12 3.1669257475239747e-12 1.6634215003224851e-13
6.924186731123532 1.969847004392747e-20 3.620517915010786e-12 3.4509449363181793e-12 1.6957297869260744e-13
6.976315295795916 2.082255883428614e-20 3.855934351510096e-12 3.683091673866264e-12 1.7284267764383199e-13
7.028836309048954 2.090695445662424e-20 3.90070974767114e-12 3.72484203341161e-12 1.7586771425953052e-13
7.081752725421856 2.030080834475296e-20 3.816133177674587e-12 3.6373589189993006e-12 1.787742586752857e-13
7.135067521697011 1.9875398214302768e-20 3.7642924716239234e-12 3.582262751140367e-12 1.8202972048355708e-13
7.1887836970674375 2.008232922121506e-20 3.832118514117441e-12 3.6462199916358225e-12 1.8589852248161727e-13
7.242904273305506 2.1009979703349168e-20 4.039315827206234e-12 3.848763083165367e-12 1.9055274404086745e-13
7.297432294932914 2.2506297915834676e-20 4.359569150175639e-12 4.163210191989187e-12 1.9635895818645078e-13
7.352370829391971 2.4210278641910505e-20 4.7249435497389945e-12 4.5206763461913846e-12 2.042672035476097e-13
7.379995003818881 2.5275253504230877e-20 4.9513202924247326e-12 4.742343859483999e-12 2.0897643294073364e-13
7.407722967218148 2.6443039044378396e-20 5.199547279647449e-12 4.985650236869537e-12 2.1389704277791262e-13
7.463496598684601 2.940364821805801e-20 5.8252288340652455e-12 5.600207831551075e-12 2.2502100251416878e-13
7.519690156487492 3.321500334823793e-20 6.629849651076441e-12 6.391741012220296e-12 2.3810863885614384e-13
7.533803324048627 3.4320889579660234e-20 6.8634464167107336e-12 6.621621215416295e-12 2.41825201294439e-13
7.547942979602549 3.5471310088825415e-20 7.106819292082898e-12 6.8612187951394385e-12 2.456004969434594e-13
7.57630195363571 3.788055169830436e-20 7.618035703033092e-12 7.364656457130407e-12 2.53379245902686e-13
7.590521371821866 3.9090568458557547e-20 7.876132732585552e-12 7.618675232421631e-12 2.57457500163919e-13
7.604767477414989 4.03460280438614e-20 8.144344931827885e-12 7.882743150192306e-12 2.616017816355775e-13
7.633339951266878 4.284533279909993e-20 8.681355837161293e-12 8.411468002494883e-12 2.698878346664107e-13
7.662019777021956 4.4723276814862027e-20 9.095913421458011e-12 8.81859516098294e-12 2.773182604750708e-13
7.690807358020558 4.5927473480237236e-20 9.375920608335809e-12 9.092401664612449e-12 2.835189437233598e-13
7.719703099118437 4.642483574138923e-20 9.513063736646575e-12 9.224667270349365e-12 2.883964662972117e-13
7.748707406692464 4.608798881454102e-20 9.479522287580212e-12 9.186447798350126e-12 2.9307448923008526e-13
7.777823177463063 4.514873863280885e-20 9.321227764888026e-12 9.018012088643785e-12 3.03215676244241e-13
7.807048350752435 4.383316079068105e-20 9.083622778178132e-12 8.768686637724262e-12 3.14936140453874e-13
7.836380830085272 4.2099753555023845e-20 8.757184912420945e-12 8.430667344879003e-12 3.26517567541942e-13
7.851088371676256 4.093660561061209e-20 8.53121972936186e-12 8.19968246998974e-12 3.3153725937212037e-13
7.86582351679805 3.971402020308558e-20 8.291965443118584e-12 7.955758269750231e-12 3.36207173368352e-13
7.89537682495964 3.7049018719290784e-20 7.76459852927306e-12 7.420416422539011e-12 3.4418210673405076e-13
7.9250411701946435 3.422030896098922e-20 7.198713447839935e-12 6.846081806424883e-12 3.526316414150503e-13
7.939915112024199 3.2740883594389594e-20 6.900422587270748e-12 6.543301533931171e-12 3.5712105333957703e-13
7.954816969689239 3.134492121510535e-20 6.618610244136747e-12 6.256760392400676e-12 3.6184985173607023e-13
7.9847046421970465 2.878359023714866e-20 6.100609862630038e-12 5.728451533002408e-12 3.7215832962763224e-13
8.044817289139356 2.453193380240046e-20 5.238626097700533e-12 4.841650360362112e-12 3.969757373384223e-13
8.07504310897143 2.297919051413744e-20 4.9254850852281366e-12 4.513538213445826e-12 4.1194687178230987e-13
8.105382492623747 2.161702700402162e-20 4.650920458482079e-12 4.223045706027703e-12 4.278747524543758e-13
8.135835866775926 2.054290854043282e-20 4.43642908836724e-12 3.9928915674902704e-12 4.4353752087696906e-13
8.166403659710703 1.9742330166747425e-20 4.279555734272063e-12 3.819070877966354e-12 4.604848563057094e-13
8.197086301319933 1.915601523840217e-20 4.1680614616778515e-12 3.689880900652005e-12 4.781805610258462e-13
8.227884223110665 1.8650239669071694e-20 4.0732589666151046e-12 3.576368625940469e-12 4.968903406746354e-13
8.258797858211198 1.8392345563221747e-20 4.032026590831536e-12 3.5103385478438064e-12 5.216880429877304e-13
8.289827641377162 1.8451758142024156e-20 4.0602491812297445e-12 3.4887377752655745e-12 5.715114059641704e-13
8.320974008997652 1.8721930769826354e-20 4.135178236719912e-12 3.5038305732549562e-12 6.313476634649565e-13
8.35223739910135 1.9082621446095733e-20 4.230681174827941e-12 3.534054551939919e-12 6.966266228880223e-13
8.383618251362687 1.9757638746176573e-20 4.396792476671383e-12 3.6346591634104816e-12 7.621333132609008e-13
8.415117007108037 2.0652690276692762e-20 4.613241859751967e-12 3.78007602307763e-12 8.33165836674338e-13
8.446734109321913 2.1766548454629966e-20 4.880314662881203e-12 3.974803092721282e-12 9.055115701599216e-13
8.478470002653195 2.311502150913976e-20 5.20213026329277e-12 4.222802898709272e-12 9.793273645834978e-13
8.542299949622933 2.5983837475028074e-20 5.891793827641287e-12 4.758523459739501e-12 1.1332703679017851e-12
8.558332380220154 2.6597839882246568e-20 6.042337082365985e-12 4.8698249131723415e-12 1.1725121691936455e-12
8.574394900937412 2.701653552615496e-20 6.148972784478747e-12 4.937509623480775e-12 1.2114631609979684e-12
8.606610438733982 2.7202250520445394e-20 6.214503184917713e-12 4.926697282146678e-12 1.2878059027710349e-12
8.622764948673899 2.7038989816626536e-20 6.188799926821315e-12 4.8628337322122515e-12 1.3259661946090645e-12
8.638949780445296 2.6574826342057285e-20 6.0939770968651965e-12 4.7309755235376646e-12 1.3630015733275301e-12
8.655163606183647 2.6108205626492255e-20 5.998211003641619e-12 4.59730526534117e-12 1.4009057383004484e-12
8.671407862489573 2.5540235440636063e-20 5.878735809037581e-12 4.4399011094114146e-12 1.4388346996261666e-12
8.703987895363145 2.4171746676085335e-20 5.5846472386348284e-12 4.0701216616605706e-12 1.5145255769742595e-12
8.736690337257128 2.3004032856868202e-20 5.3348271799991636e-12 3.741056033594626e-12 1.5937711464045385e-12
8.802464289484785 2.1172975329091214e-20 4.9471558984429974e-12 3.1865560913431933e-12 1.7605998070998034e-12
8.868733419248175 2.0283925244448552e-20 4.775106203584742e-12 2.817236017136919e-12 1.957870186447822e-12
8.935501454478851 2.0209878051083805e-20 4.793492540085301e-12 2.571097831987106e-12 2.222394708098196e-12
9.002772151174003 2.052994913839853e-20 4.906068021705626e-12 2.4045188568958127e-12 2.501549164809814e-12
9.07054929360775 2.1077245500966238e-20 5.074775972584083e-12 2.2879846384156025e-12 2.7867913341684813e-12
9.13883669454403 2.1770431790971588e-20 5.281136499985646e-12 2.2022859674734994e-12 3.0788505325121456e-12
9.207638195451068 2.2538127214724446e-20 5.5085272828009556e-12 2.142257192373699e-12 3.3662700904272557e-12
9.276957666717493 2.3415890611454346e-20 5.766146714737176e-12 2.08883436337041e-12 3.677312351366766e-12
9.346799007870057 2.4290605281034378e-20 6.026576498585227e-12 2.052150165978176e-12 3.974426332607052e-12
9.417166147792997 2.5212814511445147e-20 6.3024730111573364e-12 2.0186604491187474e-12 4.283812562038589e-12
9.488063044949055 2.5784570015794533e-20 6.493919314554638e-12 1.99514978270736e-12 4.498769531847278e-12
9.559493687602165 2.639989062763402e-20 6.69894560618798e-12 1.9732925591001167e-12 4.725653047087863e-12
9.631462094041797 2.6980000404112227e-20 6.897688927700497e-12 1.9582711997451704e-12 4.939417727955326e-12
9.703972312809022 2.7550158110135924e-20 7.0964815402729535e-12 1.9441439248804022e-12 5.152337615392551e-12
9.777099908821425 2.7715154717686727e-20 7.1927802722666775e-12 1.9354215151554444e-12 5.257358757111233e-12
9.924867353363874 2.7839600169854497e-20 7.334274120856769e-12 1.924082205332089e-12 5.4101919155246775e-12
10.074868099996943 2.733457004739271e-20 7.310061812308995e-12 1.924184139547247e-12 5.385877672761748e-12
10.150790707826552 2.6899815867728497e-20 7.248007160435e-12 1.927624650010416e-12 5.320382510424585e-12
10.22721067892732 2.6475921854774376e-20 7.1874978214374815e-12 1.9379362601034473e-12 5.249561561334033e-12
10.304205975847633 2.605489165926534e-20 7.126449896437879e-12 1.9494841634662353e-12 5.176965732971643e-12
10.381780929913377 2.5512449702768646e-20 7.030617243559173e-12 1.9710275309841716e-12 5.059589712575001e-12
10.459939905058707 2.498780014231461e-20 6.937877800341948e-12 1.9953504193071995e-12 4.942527381034751e-12
10.538687298071551 2.4458948768694222e-20 6.842168084224997e-12 2.036427885617712e-12 4.8057401986072845e-12
10.618027538840941 2.3952352441368163e-20 6.750896563259422e-12 2.083345750004766e-12 4.667550813254655e-12
10.697971937068667 2.3399250425312958e-20 6.644661060008971e-12 2.1560177020412913e-12 4.488643357967679e-12
10.778518246224262 2.296205507239877e-20 6.569604853254575e-12 2.2605671762375716e-12 4.309037677017003e-12
10.859664048220797 2.271968867786821e-20 6.549199188529106e-12 2.4190384682628236e-12 4.130160720266283e-12
10.941420754335242 2.2778407944524817e-20 6.615558571456166e-12 2.6626004067101826e-12 3.952958164745984e-12
10.961955922839442 2.287750261351397e-20 6.656809030564851e-12 2.7483692551891636e-12 3.908439775375689e-12
10.982529632329763 2.3013570828869483e-20 6.708969640677105e-12 2.8446199856316907e-12 3.864349655045415e-12
11.023792963743814 2.3431821725268553e-20 6.856564025579192e-12 3.0794325943611653e-12 3.777131431218024e-12
11.065211328886559 2.409946123595173e-20 7.078422467194849e-12 3.3881590340879472e-12 3.690263433106901e-12
11.08597883104876 2.4580243661537027e-20 7.233186477346532e-12 3.5862703104488478e-12 3.646916166897682e-12
11.106785310247485 2.5138032269049214e-20 7.411209492775145e-12 3.807597452297909e-12 3.603612040477237e-12
11.14851549250461 2.6527983884665147e-20 7.850380730063376e-12 4.333211366319958e-12 3.5171693637434185e-12
11.169441129330048 2.72863348348363e-20 8.089954529337845e-12 4.615244304215786e-12 3.4747102251220596e-12
11.190406043337886 2.793319943664439e-20 8.297284094642089e-12 4.865135077976029e-12 3.4321490166660595e-12
11.21140851448765 2.85497680963215e-20 8.496346104472096e-12 5.107148478662725e-12 3.3891976258093708e-12
11.22192452720434 2.887885355452972e-20 8.602342403593319e-12 5.2344204142128686e-12 3.3679219893804505e-12
11.232450403670388 2.896542204402152e-20 8.636222117121148e-12 5.287894779731411e-12 3.3483273373897364e-12
11.253533585369773 2.8931255747099613e-20 8.642226191600226e-12 5.3319743898838954e-12 3.3102518017163305e-12
11.274656339961506 2.8779207229340275e-20 8.612942990059493e-12 5.340167353132931e-12 3.2727756369265603e-12
11.285231677511122 2.870435436660195e-20 8.598598987266072e-12 5.34426210652157e-12 3.2543368807445006e-12
11.295816934455262 2.844240404471369e-20 8.52812151782148e-12 5.29231014130657e-12 3.2358113765149083e-12
11.317017243752359 2.7824260671474167e-20 8.35843643481287e-12 5.159539249449799e-12 3.1988971853630714e-12
11.338257342390673 2.721114475423141e-20 8.18959745950542e-12 5.027316468396055e-12 3.1622809911093637e-12
11.359537305047965 2.6568817688594154e-20 8.01128724979096e-12 4.8859866773182645e-12 3.1253005724726966e-12
11.402217121831576 2.5185503382823377e-20 7.622709605042623e-12 4.5729601097253826e-12 3.049749495317241e-12
11.423617126015266 2.447883601876624e-20 7.422732930602729e-12 4.4112100883545206e-12 3.0115228422482087e-12
11.445057294333186 2.3762553191286552e-20 7.219057586177293e-12 4.246861001036035e-12 2.972196585141256e-12
11.488058425037956 2.2318514786808907e-20 6.80583411180562e-12 3.915444034117682e-12 2.8903900776879386e-12
11.53122111869469 2.1017991798570544e-20 6.433331808984431e-12 3.622578940483194e-12 2.810752868501237e-12
11.574545982324347 1.98441771681389e-20 6.096863801678718e-12 3.3636334792259784e-12 2.73323032245274e-12
11.618033625228566 1.8783711377257545e-20 5.792732429261013e-12 3.1366158474865992e-12 2.656116581774414e-12
11.661684658998247 1.7839259676889662e-20 5.522141793959486e-12 2.9481493104600427e-12 2.5739924834994418e-12
11.705499697522141 1.7038424620528587e-20 5.294059626080236e-12 2.803234071965634e-12 2.4908255541146036e-12
11.749479356995494 1.6338841337781358e-20 5.095764056028569e-12 2.690071570523137e-12 2.4056924855054315e-12
11.793624255928705 1.5700060245860875e-20 4.914937946821641e-12 2.5932794242533416e-12 2.3216585225683e-12
11.83793501515603 1.516462276067386e-20 4.765154604115234e-12 2.531501092847377e-12 2.2336535112678566e-12
11.882412257844306 1.4665830617824185e-20 4.6257346244155195e-12 2.478470857333509e-12 2.14726376708201e-12
11.92705660950172 1.4238026571533603e-20 4.507674133409058e-12 2.4500171914839576e-12 2.0576569419251002e-12
11.971868697986617 1.3838738537836298e-20 4.397723113872962e-12 2.4282177625908956e-12 1.9695053512820656e-12
12.016849153516302 1.35042223546998e-20 4.307543013483508e-12 2.4311612717489833e-12 1.8763817417345245e-12
12.061998608675935 1.3193874522834502e-20 4.224361312342976e-12 2.438881308419844e-12 1.7854800039231316e-12
12.152807060118223 1.270423483719221e-20 4.098213212632717e-12 2.5000187059119165e-12 1.5981945067208001e-12
12.198467333490619 1.2523787730152814e-20 4.055182449058281e-12 2.5544935582689728e-12 1.500688890789308e-12
12.244299160690385 1.2374374448209863e-20 4.021856942649768e-12 2.6158024669273308e-12 1.4060544757224375e-12
12.290303186275983 1.2271646068331405e-20 4.003454072717447e-12 2.69777953535278e-12 1.3056745373646661e-12
12.3364800572276 1.2249433547104562e-20 4.011222013901591e-12 2.7872301711983907e-12 1.2239918427032003e-12
12.382830422956244 1.2422860277722921e-20 4.083296902061804e-12 2.890597309614442e-12 1.1926995924473623e-12
12.429354935312874 1.2612093675808046e-20 4.161071811120411e-12 2.9988072926792366e-12 1.1622645184411742e-12
12.476058240797144 1.278599868688843e-20 4.234298610551373e-12 3.1016389813117935e-12 1.1326596292395789e-12
12.522937033967983 1.2982676533792333e-20 4.315586905420429e-12 3.20554571041005e-12 1.1100411950103784e-12
12.569987951963114 1.3178267976572433e-20 4.397062401777406e-12 3.2840471581592565e-12 1.1130152436181494e-12
12.593579661530361 1.3232393394886176e-20 4.423408320926572e-12 3.309016008526463e-12 1.1143923124001096e-12
12.617215648686605 1.3259336831042765e-20 4.440734025848865e-12 3.325035410172279e-12 1.115698615676588e-12
12.664620788327802 1.3205044156776288e-20 4.439166978679196e-12 3.321126500782648e-12 1.1180404778965478e-12
12.71220403757155 1.3038923736538752e-20 4.399790859570305e-12 3.2796959602262703e-12 1.1200948993440336e-12
12.736062662318053 1.29100011338742e-20 4.36446384950395e-12 3.243464303139678e-12 1.1209995463642717e-12
12.759966065607527 1.275546003107908e-20 4.32031167474126e-12 3.1984776695489175e-12 1.1218340051923415e-12
12.807907544139693 1.236336156189533e-20 4.203239987896396e-12 3.0799909237404853e-12 1.123249064155912e-12
12.856029147395699 1.194105148766375e-20 4.0749177990301555e-12 2.9504223587737796e-12 1.1244954402563763e-12
12.904331552136407 1.1502791781400836e-20 3.940108709554345e-12 2.814419524637363e-12 1.125689184916983e-12
12.95281543766539 1.1061809632012081e-20 3.803293057397716e-12 2.676569974503609e-12 1.126723082894108e-12
13.00148148583848 1.0660779620336085e-20 3.67918173572908e-12 2.5514415130852403e-12 1.1277402226438396e-12
13.050330381073369 1.0295675017065783e-20 3.5665290439259078e-12 2.4377883431098994e-12 1.1287407008160083e-12
13.099362810359226 9.964559975008902e-21 3.464796478913326e-12 2.335083055129465e-12 1.1297134237838617e-12
13.197981031955921 9.401426894264449e-21 3.2935988793589254e-12 2.162091006350233e-12 1.1315078730086924e-12
13.247568211189632 9.167833568761535e-21 3.2238313778093937e-12 2.091501535002807e-12 1.1323298428065864e-12
13.297341698339563 8.955209426184272e-21 3.1608945567967287e-12 2.0277782569042224e-12 1.1331162998925055e-12
13.397450398986955 8.598638393384957e-21 3.0578859002778382e-12 1.9234394990874855e-12 1.1344464011903519e-12
13.447787020368724 8.4481970033766e-21 3.015673280006826e-12 1.880711798816235e-12 1.1349614811905915e-12
13.498312765455129 8.308348399856953e-21 2.976895706509645e-12 1.841484696437773e-12 1.1354110100718716e-12
13.59993447169816 8.064866820382935e-21 2.911410533235753e-12 1.775576308738353e-12 1.1358342244973998e-12
13.702321234386334 7.87173042248739e-21 2.8630820261921728e-12 1.7223910576679993e-12 1.1406909685241738e-12
13.805478813227746 7.824188527920336e-21 2.8672146916009976e-12 1.6790644830075192e-12 1.1881502085934783e-12
13.90941301129231 7.801230408007722e-21 2.8803239841288507e-12 1.6402247806159751e-12 1.2400992035128762e-12
13.96167316792965 7.836621655537342e-21 2.904261918557688e-12 1.6249242283696825e-12 1.2793376901880051e-12
14.014129675338197 7.878458635249873e-21 2.9307368430648926e-12 1.611145384477169e-12 1.3195914585877236e-12
14.119634696140762 7.989175315372163e-21 2.9942967939033954e-12 1.5928805917476414e-12 1.401416202155754e-12
14.225934008823913 8.105888045026059e-21 3.060911858985752e-12 1.5764312850647293e-12 1.4844805739210227e-12
14.333033593193976 8.23203504415745e-21 3.1319495833518055e-12 1.5601838074950856e-12 1.5717657758567195e-12
14.44093947407611 8.349223556875192e-21 3.2004494390813135e-12 1.543271797410208e-12 1.657177641671105e-12
14.54965772165321 8.47703126524317e-21 3.2739044084796447e-12 1.5267328011670063e-12 1.7471716073126387e-12
14.659194451807393 8.615770442240211e-21 3.3525376045363118e-12 1.5105474090481945e-12 1.8419901954881167e-12
14.769555826464039 8.763082037293479e-21 3.4355299994945603e-12 1.4945401841102372e-12 1.9409898153843227e-12
14.992777389284976 9.038532596919538e-21 3.5970746793956035e-12 1.4608430990310177e-12 2.136231580364587e-12
15.21937263962189 9.353441077399342e-21 3.778658104562976e-12 1.4286682678219038e-12 2.3499898367410728e-12
15.449392566130673 9.688130462845329e-21 3.9730206305146555e-12 1.3947267609660838e-12 2.5782938695485705e-12
15.682888928090767 1.0411996354219182e-20 4.334405183443661e-12 1.3627784946055286e-12 2.971626688838133e-12
15.919914267052077 1.121187156485933e-20 4.737925983327391e-12 1.3298803072726446e-12 3.4080456760547455e-12
16.03976693895051 1.1593539567099202e-20 4.9360952917488734e-12 1.3143233281458603e-12 3.621771963603013e-12
16.1605219186579 1.2003491412482525e-20 5.149112750958131e-12 1.3031218882679983e-12 3.845990862690133e-12
16.22123989475974 1.2180571995909391e-20 5.244706182134421e-12 1.2980178199070705e-12 3.94668836222735e-12
16.282185999175777 1.2362366524839085e-20 5.3429826046594484e-12 1.2929180008539438e-12 4.050064603805504e-12
16.312744867225646 1.2455064762348617e-20 5.393149595687712e-12 1.2903697059615522e-12 4.1027798897261595e-12
16.343361089024967 1.2548981696867085e-20 5.444014772447456e-12 1.2878224984156754e-12 4.15619227403178e-12
16.404766024646595 1.274052678302908e-20 5.547877445427407e-12 1.2827313802643033e-12 4.265146065163103e-12
16.466401669612416 1.2937113695525508e-20 5.654647447890709e-12 1.2776447169187694e-12 4.377002730971941e-12
16.497306278852424 1.3037333545625835e-20 5.7091472832480766e-12 1.2751030780188145e-12 4.4340442052292625e-12
16.528268890738765 1.3138857046737559e-20 5.764403723978351e-12 1.2725625798070253e-12 4.491841144171324e-12
16.590368558098763 1.3345874217325168e-20 5.877227398052763e-12 1.2674850426106248e-12 4.609742355442138e-12
16.65270154503456 1.354882318739773e-20 5.989019220484732e-12 1.2623850219803879e-12 4.7266341985043436e-12
16.715268728169598 1.3715562126704743e-20 6.08550197617797e-12 1.2571755955074536e-12 4.828326380670515e-12
16.778070987420957 1.3885751556033282e-20 6.184161905634892e-12 1.251974228473169e-12 4.932187677161724e-12
16.9043842704834 1.423671149619046e-20 6.388199549650361e-12 1.241595722278235e-12 5.146603827372125e-12
17.03164849990255 1.4602172686617268e-20 6.601514761263832e-12 1.2312496308012644e-12 5.370265130462569e-12
17.159870834853997 1.4973035400603418e-20 6.8201401453223895e-12 1.220907123192152e-12 5.599233022130239e-12
17.289058488411015 1.526371282727079e-20 7.004884247196989e-12 1.2103277905918463e-12 5.794556456605145e-12
17.35401657858945 1.5412382099248814e-20 7.099687094679756e-12 1.20505613426194e-12 5.894630960417816e-12
17.386587088641786 1.548755954653662e-20 7.147707344599168e-12 1.2024247839581e-12 5.945282560641065e-12
17.419218727950305 1.5563302792411558e-20 7.196144450899012e-12 1.199796410163251e-12 5.996348040735762e-12
17.48466585346766 1.571649856625164e-20 7.294282302167305e-12 1.1945485676854896e-12 6.099733734481815e-12
17.550358875560836 1.58719933809164e-20 7.39412704398358e-12 1.1893125597230008e-12 6.20481448426058e-12
17.682486308455736 1.6146238134835444e-20 7.578515042465936e-12 1.178845459845523e-12 6.399669582620412e-12
17.81560845938729 1.6003799143467938e-20 7.568210181515832e-12 1.1681424575338186e-12 6.400067723982012e-12
17.882544892141226 1.5932674541333035e-20 7.562884046127498e-12 1.1628151654680165e-12 6.400068880659481e-12
17.949732817065083 1.5858318008468814e-20 7.555871163230735e-12 1.157503814345281e-12 6.398367348885454e-12
18.084866926577256 1.5681810440802997e-20 7.52802322658092e-12 1.1469283800909826e-12 6.38109484648994e-12
18.221018389814958 1.5504694189625327e-20 7.499033336649412e-12 1.1364373410469642e-12 6.3625959956024515e-12
18.496404071615608 1.5119243799126372e-20 7.423125577450732e-12 1.1161132129905763e-12 6.307012364460156e-12
18.635790038622734 1.493013130382334e-20 7.385516436689791e-12 1.1067167430701998e-12 6.278799693619591e-12
18.776226396166493 1.4741361936553113e-20 7.347089926615103e-12 1.097323451585826e-12 6.249766475029277e-12
18.91772105982334 1.454319358611805e-20 7.3029450975973e-12 1.0878439795968683e-12 6.2151011180004315e-12
19.203636446149176 1.415291464714704e-20 7.214376380805138e-12 1.0689655879288945e-12 6.145410792876241e-12
19.4938730510763 1.3758505043337607e-20 7.119324915026594e-12 1.0500089039304016e-12 6.069316011096194e-12
19.78849618389234 1.3363072119853352e-20 7.019214865374253e-12 1.0310284032294973e-12 5.988186462144755e-12
20.08757214094514 1.2966255000384972e-20 6.913714490473421e-12 1.0120052255283363e-12 5.901709264945088e-12
20.391466406516905 1.2570374400041738e-20 6.804028190362297e-12 9.92975348841776e-13 5.8110528415205214e-12
20.699681925472166 1.2170400242436287e-20 6.687102283041653e-12 9.740518786436936e-13 5.713050404397959e-12
21.012556099387844 1.1748454339316911e-20 6.552832279875565e-12 9.552446034362784e-13 5.597587676439287e-12
21.652507708764745 1.0912856792219467e-20 6.272145016601001e-12 9.195582875233034e-13 5.352586729077696e-12
21.979755641372343 1.0511597373335527e-20 6.132831190125392e-12 9.02009213111176e-13 5.230821977014214e-12
22.311949477282987 1.0120507085313012e-20 5.993896288754652e-12 8.845153331367385e-13 5.109380955617914e-12
22.64916396703608 9.739251563562655e-21 5.855273592198665e-12 8.670661469458157e-13 4.988207445252849e-12
22.991811201917592 9.367860557758221e-21 5.717195394517248e-12 8.49681438598215e-13 4.867513955919033e-12
23.339642165776596 9.00635710010436e-21 5.579724923170221e-12 8.323639619080374e-13 4.7473609612621834e-12
23.69273528050995 8.65507005797116e-21 5.443211666018153e-12 8.151506466884044e-13 4.628061019329748e-12
24.414313559781952 7.98438016774627e-21 5.1743423353598266e-12 7.818946847185018e-13 4.3924476506413265e-12
24.78366481022829 7.66793889354915e-21 5.044447461016951e-12 7.656974486875059e-13 4.278750012329444e-12
25.15860378059443 7.364414815822518e-21 4.918064403278221e-12 7.49755778238607e-13 4.168308625039613e-12
25.924826076583233 6.79014762090748e-21 4.6726634363129126e-12 7.183129351648782e-13 3.954350501148034e-12
26.714384190886577 6.253084975777423e-21 4.434135201019075e-12 6.876076384825432e-13 3.746527562536531e-12
27.527988831636016 5.749346043861099e-21 4.2010936744191556e-12 6.57687677526685e-13 3.54340599689247e-12
28.366372352060132 5.279362098275733e-21 3.975160631087354e-12 6.287015735625697e-13 3.3464590575247838e-12
29.2302894097004 4.840451935874626e-21 3.755678953977182e-12 6.007677373803867e-13 3.154911216596795e-12
30.12051764570424 4.436342399095501e-21 3.546965156227115e-12 5.736845769027873e-13 2.973280579324327e-12
30.575747924857424 4.248875737794264e-21 3.448423152601526e-12 5.604000194662126e-13 2.8880231331353135e-12
31.037858384806153 4.070606674680203e-21 3.353669959499866e-12 5.472896074962723e-13 2.806380352003594e-12
31.983137356627505 3.735594179548133e-21 3.1713938986019554e-12 5.218083269637938e-13 2.649585571638161e-12
32.95720543894392 3.431747735033991e-21 3.0021692196431863e-12 4.974847338846419e-13 2.5046844857585444e-12
33.960939423588975 3.151613280700822e-21 2.841070757724421e-12 4.740539854145237e-13 2.3670167723098967e-12
34.99524280568484 2.8895507399102016e-21 2.684162280792018e-12 4.512285410359301e-13 2.2329337397560875e-12
36.06104659690874 2.646803623499236e-21 2.5335500061785822e-12 4.292275360910305e-13 2.104322470087552e-12
37.159310163528254 2.4208446861057633e-21 2.3878332943829273e-12 4.083595222932029e-13 1.979473772089724e-12
38.29102208995955 2.212406066790855e-21 2.248698513188421e-12 3.8837971438851205e-13 1.8603187987999088e-12
39.45720106862597 2.0183390118666085e-21 2.113926205833554e-12 3.6901425103383954e-13 1.744911954799714e-12
40.65889681691763 1.839720217265146e-21 1.9855316074365072e-12 3.503988116048146e-13 1.6351327958316922e-12
41.897191022077855 1.6763398307768785e-21 1.8643025952065747e-12 3.326891702860329e-13 1.531613424920542e-12
43.173198314866475 1.526884514168156e-21 1.7498057782591938e-12 3.1577338805139147e-13 1.4340323902078019e-12
44.48806727287728 1.3886469590581409e-21 1.639852624684636e-12 2.9953532186898545e-13 1.3403173028156505e-12
45.8429814544115 1.261831162156636e-21 1.5354777807444795e-12 2.8399050551467846e-13 1.2514872752298007e-12
47.23916046383907 1.144712901956847e-21 1.4353842663646911e-12 2.691661485913986e-13 1.1662181177732925e-12
48.67786104940597 1.0374419915487757e-21 1.3404935920176466e-12 2.5502743336682663e-13 1.0854661586508203e-12
50.16037823447602 9.386631183841461e-22 1.2497984730840994e-12 2.415469752801709e-13 1.0082514978039285e-12
51.68804648322576 8.483696370851811e-22 1.1639777227819507e-12 2.2869778521381613e-13 9.352799375681341e-13
53.26224090184056 7.654681932031431e-22 1.0822211500434436e-12 2.1643694692689573e-13 8.657842031165476e-13
54.884378476295105 6.898260552464744e-22 1.0049808296830656e-12 2.047494849177642e-13 8.002313447653013e-13
56.55591934783037 6.20640928628796e-22 9.317253496526674e-13 1.9365669064235594e-13 7.380686590103114e-13
58.27836812727644 5.576609701798286e-22 8.626747078491236e-13 1.8313103900388243e-13 6.79543668845241e-13
60.05327524940399 5.017240073098542e-22 7.997808733081991e-13 1.7309516164339e-13 6.266857116648092e-13
61.88223836852342 4.521462887220195e-22 7.427016997658864e-13 1.6352623114916104e-13 5.791754686167253e-13
62.81758386220369 4.293300254082385e-22 7.158827923301913e-13 1.5893310443500578e-13 5.569496878951855e-13
63.7670670344103 4.083714050510133e-22 6.912278048861285e-13 1.544677249044544e-13 5.367600799816742e-13
65.70913619443517 3.7061858495274928e-22 6.464313118599179e-13 1.4591234533285788e-13 5.005189665270598e-13
67.71035238438829 3.359811422818891e-22 6.038643752707877e-13 1.3777357433058967e-13 4.66090800940198e-13
69.77251696707448 3.0399577979244567e-22 5.630168304903297e-13 1.300117964837138e-13 4.3300503400661584e-13
71.89748616702131 2.7484111842904034e-22 5.245233739967095e-13 1.226690608025282e-13 4.018543131941812e-13
74.08717274132995 2.4834769537739053e-22 4.883965518533467e-13 1.1575557997679006e-13 3.726409718765565e-13
76.34354770141287 2.2436667829766713e-22 4.5467400936834066e-13 1.0920200554620585e-13 3.454720038221349e-13
78.66864208716851 2.0270644616682973e-22 4.2329062176406017e-13 1.0296399865896105e-13 3.203266231050992e-13
81.06454879518883 1.8322357881153992e-22 3.9425913483079533e-13 9.705891896815166e-14 2.9720021586264374e-13
83.5334244626476 1.6591686540525336e-22 3.6789192289978616e-13 9.149353392660223e-14 2.7639838897318387e-13
86.07749140856238 1.5025651394031305e-22 3.43314655752816e-13 8.623103048208651e-14 2.5708362527072956e-13
88.69903963417964 1.3585028153384407e-22 3.1985186950738095e-13 8.12422898905008e-14 2.3860957961688015e-13
91.4004288842828 1.227547348981552e-22 2.978214127280833e-13 7.652396637156241e-14 2.2129744635652092e-13
94.18409077127889 1.1088076825260098e-22 2.772063720046741e-13 7.207070286370143e-14 2.0513566914097266e-13
97.05253096397554 1.0014722482601595e-22 2.5799733366477395e-13 6.786480476036777e-14 1.9013252890440618e-13
100.00833144301866 9.062266944756389e-23 2.4057055242205175e-13 6.389450715087515e-14 1.7667604527117666e-13
103.05415282502196 8.20412749310178e-23 2.2442298330098955e-13 6.01458815259689e-14 1.6427710177502062e-13
106.19273675747671 7.444607968492638e-23 2.0984860150920023e-13 5.6601065686438396e-14 1.5324753582276183e-13
109.4269083866038 6.759620531007099e-23 1.9634320630526604e-13 5.3254173777184255e-14 1.430890325280818e-13
112.75957890036308 6.128315755975478e-23 1.8342731639044973e-13 5.0106575783453925e-14 1.333207406069958e-13
116.1937481489129 5.552376902562579e-23 1.7125021809790342e-13 4.7140619629205944e-14 1.2410959846869745e-13
119.73250734487735 5.0207362855105634e-23 1.5956914607100974e-13 4.433281039202842e-14 1.1523633567898132e-13
123.37904184585196 4.535820310136121e-23 1.485479516387095e-13 4.1681317903176874e-14 1.0686663373553263e-13
127.13663402165271 4.090087059843051e-23 1.380297478229692e-13 3.919395496908076e-14 9.883579285388841e-14
131.0086662088879 3.6844952512992413e-23 1.2812900668655051e-13 3.6855575983352847e-14 9.127343070319763e-14
134.99862375551584 3.313171866824765e-23 1.1872515332701634e-13 3.464278743237677e-14 8.408236589463956e-14
139.11009815812417 2.976028217392465e-23 1.098917614668733e-13 3.25524013857852e-14 7.73393600810881e-14
143.3467902947586 2.672122071927713e-23 1.0167488747238477e-13 3.059175677534644e-14 7.108313069703833e-14
147.71251375620898 2.3988315431195355e-23 9.405599301417228e-14 2.8751625445882335e-14 6.530436756828997e-14
152.21119827875228 2.164158796792874e-23 8.743899600178405e-14 2.701467669689442e-14 6.042431930488961e-14
156.84689328144228 1.9614087858262626e-23 8.166076992447633e-14 2.537502199635602e-14 5.6285747928120295e-14
159.21741877681018 1.8669785340517565e-23 7.890405748662914e-14 2.4592363203141623e-14 5.431169428348751e-14
161.62377151112827 1.7761640878599683e-23 7.620048837181825e-14 2.3833954702178464e-14 5.236653366963979e-14
166.54613279848823 1.6052319724082253e-23 7.096460457148979e-14 2.238671427745638e-14 4.857789029403341e-14
171.61840792845166 1.45147958634306e-23 6.612173399582867e-14 2.1024015857802405e-14 4.509771813802627e-14
176.84516262850022 1.3141128440399334e-23 6.168723124002752e-14 1.97401363709635e-14 4.1947094869063996e-14
179.5181642894721 1.2504017021575126e-23 5.958368896123524e-14 1.9126984223709328e-14 4.04567047375259e-14
182.2315681744764 1.1882418867613617e-23 5.747750437319e-14 1.8532471170263523e-14 3.894503320292646e-14
187.78155384880017 1.0697299366854762e-23 5.332078214347398e-14 1.739751333521346e-14 3.5923268808260514e-14
190.61961427604518 1.0151657217205808e-23 5.136578910321135e-14 1.6855785915993232e-14 3.451000318721813e-14
193.5005680909718 9.636581015198451e-24 4.949651871018859e-14 1.633049246316448e-14 3.31660262470241e-14
199.3937587803602 8.698853821924882e-24 4.6040817493453855e-14 1.5327506233644404e-14 3.071331125980946e-14
205.46643057848152 7.870951607437721e-24 4.292769321310004e-14 1.4383977162210828e-14 2.854371605088922e-14
211.72404970390772 7.158159344610751e-24 4.0229162101144567e-14 1.3495722385158296e-14 2.6733439715986275e-14
218.17224885259444 6.512267606874761e-24 3.771387696057933e-14 1.2660880978780213e-14 2.505299598179912e-14
224.8168322680627 5.905182604279651e-24 3.5239650211830884e-14 1.187779161635356e-14 2.336185859547733e-14
231.66378096599615 5.347170819632114e-24 3.288150077874537e-14 1.1141512949324023e-14 2.173998782942134e-14
238.71925811795668 4.831882526345431e-24 3.0617748845404475e-14 1.0447103302013881e-14 2.0170645543390598e-14
245.98961459906556 4.360829445802484e-24 2.847444753908994e-14 9.794226084114465e-15 1.868022145497547e-14
249.71106150874405 4.135720056121411e-24 2.7413112468367335e-14 9.483450295702253e-15 1.792966217266508e-14
253.4888082224776 3.917067426324449e-24 2.635659298297565e-14 9.182986689350121e-15 1.7173606293625535e-14
261.20898134247824 3.514572678001582e-24 2.436857126359327e-14 8.609599413335942e-15 1.575897185025733e-14
269.1642775569489 3.1673128448263306e-24 2.26296489348218e-14 8.068025032661108e-15 1.4561623902160694e-14
277.3618576987742 2.8574970286488584e-24 2.10378792444904e-14 7.558393059323538e-15 1.3479486185166863e-14
285.8091006888481 2.5561487146049818e-24 1.939240191836436e-14 7.081756988413646e-15 1.2310644929950717e-14
294.5136101780917 2.2803010237869583e-24 1.7826536989740946e-14 6.63442531804833e-15 1.1192111671692622e-14
303.4832213917586 2.0443823180697676e-24 1.6468962264888822e-14 6.212509751121536e-15 1.0256452513767284e-14
312.7260081821858 1.8360524387251033e-24 1.5241177294694525e-14 5.815536191397964e-15 9.425641103296561e-15
322.25029029634635 1.6521927944472189e-24 1.4132645784294605e-14 5.443561308710313e-15 8.68908447558429e-15
332.0646408647343 1.4877066742395122e-24 1.3113220912697882e-14 5.094497326219569e-15 8.01872358647831e-15
342.17789411833206 1.3373159545359435e-24 1.2146618967002556e-14 4.766207533474154e-15 7.380411433528405e-15
352.59915334060224 1.2007166251976434e-24 1.1238056782750416e-14 4.457619860527763e-15 6.780436922222655e-15
363.337799061663 1.0786709617295517e-24 1.0403249198217588e-14 4.167965455131948e-15 6.235283743085636e-15
374.40349750202313 9.693218957337048e-25 9.63335030391225e-15 3.8960637727433795e-15 5.737286531168866e-15
380.062092440151 9.188678083312549e-25 9.26994216900761e-15 3.766452673002444e-15 5.503489496005167e-15
385.80620927347337 8.710122192876512e-25 8.919959731043635e-15 3.640899894659612e-15 5.279059836384024e-15
397.5561983449763 7.824925757549189e-25 8.257492496203436e-15 3.4014257189192942e-15 4.856066777284142e-15
409.6640412816112 7.020968567976074e-25 7.634740965861025e-15 3.1764371612694804e-15 4.458303804591542e-15
415.8555509384264 6.647314547270257e-25 7.337669825172174e-15 3.069110361953806e-15 4.268559463218369e-15
422.1406367649012 6.291831717297807e-25 7.050236608653538e-15 2.965108138389688e-15 4.08512847026385e-15
434.9972154030873 5.637259827167254e-25 6.509145241826377e-15 2.767013985702129e-15 3.742131256124249e-15
448.24534984018095 5.050826243477063e-25 6.009628892576724e-15 2.581418706909917e-15 3.4282101856668077e-15
461.89696517289525 4.525126619907027e-25 5.5481127429110865e-15 2.4071461419776593e-15 3.1409666009334272e-15
475.9643496848308 4.0539143378174325e-25 5.1217505800023366e-15 2.2434360543771067e-15 2.878314525625229e-15
490.4601659075747 3.6287707516899045e-25 4.7242481990900116e-15 2.0902062654413203e-15 2.6340419336486917e-15
505.39746201868155 3.244212556617067e-25 4.352229522750594e-15 1.947053061674914e-15 2.4051764610756805e-15
520.7896835867783 2.89931167491454e-25 4.00799074521891e-15 1.8131313924633137e-15 2.194859352755597e-15
536.6506856743796 2.591347945809949e-25 3.691363827776821e-15 1.6878812732663266e-15 2.003482554510495e-15
552.9947453093008 2.3153782122147597e-25 3.3986964653650987e-15 1.5706560472327192e-15 1.828040418132379e-15
569.8365743358964 2.0678689542996448e-25 3.1278273050709437e-15 1.4609459985602905e-15 1.6668813065106522e-15
587.1913326576936 1.8459932774376428e-25 2.8772605068472902e-15 1.3583125637369691e-15 1.5189479431103217e-15
605.0746418833327 1.647193645975162e-25 2.645593067073594e-15 1.2623415914010624e-15 1.3832514756725312e-15
623.502599388115 1.4691617596444533e-25 2.431517038389025e-15 1.1726406883064445e-15 1.258876350082581e-15
642.4917928037942 1.309809306351504e-25 2.2338041283058804e-15 1.0888379545755837e-15 1.1449661737302969e-15
662.0593149496696 1.1672469721341493e-25 2.0512995719592675e-15 1.0105834585507482e-15 1.040716113408519e-15
682.2227792184137 1.0397683704579746e-25 1.882921660640997e-15 9.375445128901225e-16 9.453771477508746e-16
703.0003354304876 9.258340825068882e-26 1.7276594085953938e-15 8.694076654049588e-16 8.582517431904349e-16
724.4106861714122 8.240554876311923e-26 1.5845674741509923e-15 8.058779220602532e-16 7.786895520907391e-16
746.4731036265977 7.331790075634906e-26 1.452759148210476e-15 7.466715420323788e-16 7.060876061780971e-16
769.2074469289008 6.520748388502254e-26 1.3314055282399116e-15 6.915198651797435e-16 6.398856630601687e-16
792.6341800345017 5.797261771227668e-26 1.2197340289020047e-15 6.401721101987919e-16 5.795619187032126e-16
816.7743901432078 5.152181105176316e-26 1.1170244150036455e-15 5.923913849318692e-16 5.246330300717762e-16
841.6498066797607 4.57726482091751e-26 1.0226026188992158e-15 5.479517353712997e-16 4.74650883527916e-16
867.2828208532309 4.0650977099998003e-26 9.358390559485465e-16 5.066390950760674e-16 4.291999608724791e-16
893.6965058121084 3.6090320430153137e-26 8.561507293025471e-16 4.682531415398141e-16 3.8789758776273303e-16
920.9146374132232 3.2031011674713006e-26 7.829958580009619e-16 4.3260514765917406e-16 3.5039071034178777e-16
948.9617156232121 2.84194006716103e-26 7.158681490347201e-16 3.9951596044217095e-16 3.163521885925492e-16
977.8629865717667 2.5207369565826127e-26 6.542970609599837e-16 3.688166965620891e-16 2.8548036439789475e-16
1007.6444652765354 2.2351818455675323e-26 5.978463996901773e-16 3.403484655506847e-16 2.574979341394925e-16
1038.332959060126 1.9814129434737355e-26 5.461111811821037e-16 3.139614613665364e-16 2.321497198155673e-16
1069.95609168029 1.7559749879341153e-26 4.987164738387814e-16 2.8951510800223496e-16 2.0920136583654654e-16
1102.542328195006 1.555777833977317e-26 4.553153420189528e-16 2.668775510219609e-16 1.8843779099699193e-16
1136.1210005848498 1.3780565076702336e-26 4.155861321511749e-16 2.459245403943433e-16 1.6966159175683156e-16
1170.7223341557005 1.2203384895161075e-26 3.792308380438615e-16 2.2653901952046744e-16 1.526918185233939e-16
1206.3774747455793 1.0804170088741741e-26 3.459744799564854e-16 2.0861158459568208e-16 1.3736289536080328e-16
1243.1185167600695 9.56323916004641e-27 3.1556366066796696e-16 1.9204013287179346e-16 1.235235277961735e-16
1280.9785320615858 8.463019077498609e-27 2.8776409456106775e-16 1.767287250352189e-16 1.110353695258488e-16
1319.9915997384837 7.4878192568194e-27 2.6235899172909655e-16 1.6258712806215325e-16 9.977186366694324e-17
1360.1928367808064 6.623665990592198e-27 2.3914887418653137e-16 1.4953115257088551e-16 8.961772161564592e-17
1401.618429690285 5.858130789421226e-27 2.1795071393483972e-16 1.3748258617644806e-16 8.046812775839164e-17
1444.305667053031 5.1801388074787065e-27 1.9859574789757506e-16 1.2636822518484763e-16 7.222752271272748e-17
1488.2929731042755 4.579819885039168e-27 1.8092820007909185e-16 1.1611929642035434e-16 6.480890365873753e-17
1533.6199423153234 4.0483975290494266e-27 1.6480498019706926e-16 1.0667178621586232e-16 5.813319398120692e-17
1580.327375033885 3.578073107354614e-27 1.5009482060165712e-16 9.796634874239735e-17 5.2128471859259784e-17
1628.457314209858 3.161915016653741e-27 1.3667717865507728e-16 8.994768895227408e-17 4.6729489702803183e-17
1678.0530832396191 2.7937578972851244e-27 1.244411157224296e-16 8.256406368130482e-17 4.1877052041124754e-17
1729.1593249628888 2.4681266130159586e-27 1.132848617587737e-16 7.576736257330499e-17 3.751749918546869e-17
1781.8220418472597 2.180165204523769e-27 1.0311531293016307e-16 6.951308344830598e-17 3.3602229481857045e-17
1836.0886373966016 1.9255630440915376e-27 9.384709165980226e-17 6.375987174748475e-17 3.008721991231754e-17
1892.007958820556 1.7004937414085575e-27 8.54018797453638e-17 5.846920273257927e-17 2.6932677012784522e-17
1949.6303410035755 1.5015619431945171e-27 7.770786206311987e-17 5.3605264992902186e-17 2.4102597070217677e-17
2009.0076518130663 1.325761364306282e-27 7.069950652218302e-17 4.9135051952729083e-17 2.156445456945393e-17
2070.1933387874215 1.1704278582463515e-27 6.431688316790321e-17 4.50279890226619e-17 1.9288894145241288e-17
2133.242477245972 1.0331967913586877e-27 5.850496240739216e-17 4.125559531156091e-17 1.7249367095831266e-17
2198.211819864143 9.119739247565417e-28 5.3213447104546673e-17 3.779152248962892e-17 1.5421924614917744e-17
2265.1598477584885 8.04905762961367e-28 4.839642976260037e-17 3.46114314414387e-17 1.3784998321161658e-17
2334.1468231275226 7.103506877905143e-28 4.401192954123492e-17 3.1692804331728684e-17 1.2319125209506235e-17
2405.2348434957767 6.268561312574371e-28 4.002163231582769e-17 2.901482829326057e-17 1.1006804022567127e-17
2478.487897609897 5.531370934909801e-28 3.639058347439373e-17 2.655829051583657e-17 9.832292958557163e-18
2553.971923037092 4.880554533378055e-28 3.3086796580185025e-17 2.4305414036614485e-17 8.781382543570543e-18
2631.7548655177807 4.306043844334752e-28 3.008107241046545e-17 2.2239785653446214e-17 7.841286757019246e-18
2711.906740125872 3.798939132909145e-28 2.7346800275231092e-17 2.034627419211345e-17 7.000526083117647e-18
2794.4996942916955 3.351369392875344e-28 2.485969514316523e-17 1.8610914887942867e-17 6.248780255222364e-18
2879.6080727443887 2.9563783320982087e-28 2.2597626490336797e-17 1.702084606303054e-17 5.576780427306259e-18
2967.308484432098 2.607819535563165e-28 2.054043637380298e-17 1.556422609583846e-17 4.976210277964518e-18
3057.6798714803062 2.300257126727611e-28 1.8669721188597345e-17 1.4230128973358385e-17 4.439592215238957e-18
