Dust emission spectrum from A.P. Jones, M. Kohler, N. Ysard, M. Bocchio, and L. Verstraete (2017), A&A, 602A, 46J 
inside the DustPedia framework.

lambda    nu*dP/dnu     j_nu    j_nu(carb.) j_nu(sil)
 (um)   (erg s-1 H-1) (Jy cm2 sr-1 H-1)
0.9927057738263894 8.219221549743801e-22 2.1658115626039025e-14 2.1658114179565386e-14 1.4464736413734336e-21
1.0001793341362166 8.357523101125378e-22 2.218834426542602e-14 2.2188342524579845e-14 1.7408461737755694e-21
1.0077091589558085 8.496347888665034e-22 2.2726728588437382e-14 2.2726726496095044e-14 2.092342334044524e-21
1.0114953028030835 8.565949697082738e-22 2.2998993107375523e-14 2.299899081465027e-14 2.2927252584645244e-21
1.0152956718711033 8.635674262184543e-22 2.3273313531682056e-14 2.3273311020220305e-14 2.5114617436188905e-21
1.0229392996569957 8.77541353250479e-22 2.3827961415300067e-14 2.3827958404741868e-14 3.0105582051778322e-21
1.0267826658714554 8.845269277793858e-22 2.4107879947191162e-14 2.410787665256748e-14 3.2946236795143275e-21
1.0306404723013447 8.915234300373051e-22 2.4389864477805133e-14 2.4389860873513557e-14 3.604291567768873e-21
1.03451277320114 8.985306266966995e-22 2.4673921296341012e-14 2.467391735458851e-14 3.94175250808697e-21
1.0383996230291617 9.05548290948193e-22 2.4960056845829733e-14 2.496005253645591e-14 4.309373820508423e-21
1.0403485208654093 9.090609793676316e-22 2.510390620205683e-14 2.510390169677086e-14 4.5052859730517446e-21
1.0423010764483396 9.125762026722932e-22 2.5248277730721863e-14 2.5248273021009037e-14 4.70971282130867e-21
1.0462171883269815 9.196141486102948e-22 2.553859072459286e-14 2.55385855790618e-14 5.145531063977994e-21
1.0471985131304309 9.213751786164803e-22 2.5611496675601996e-14 2.561149141522846e-14 5.2603735440173236e-21
1.048180758391296 9.23136819684019e-22 2.5684533927305384e-14 2.5684528549637927e-14 5.377667458475364e-21
1.0501480137395462 9.266619225342894e-22 2.5831002777964762e-14 2.583099715815519e-14 5.619809565427295e-21
1.0521189612883777 9.30189432508915e-22 2.5977998174336383e-14 2.5977992301969415e-14 5.872366972750127e-21
1.0531058218030118 9.31951733881118e-22 2.6051627955582878e-14 2.6051621952890434e-14 6.0026924404179175e-21
1.0540936079674168 9.33706933275344e-22 2.6125174293421287e-14 2.6125168157609193e-14 6.135812089359541e-21
1.058054026499678 9.407332875865423e-22 2.6420667709136315e-14 2.6420661012050453e-14 6.697085858256982e-21
1.0590464539527713 9.42491251139888e-22 2.6494868656288728e-14 2.6494861811393147e-14 6.844895576755392e-21
1.06003981227728 9.442497591059716e-22 2.6569200874437555e-14 2.656919387861485e-14 6.99582270500674e-21
1.0620293250338977 9.477683973654086e-22 2.6718259597779508e-14 2.6718252290499307e-14 7.30728020419004e-21
1.0660195594769086 9.548120885460328e-22 2.7017957558606625e-14 2.7017949588174083e-14 7.9704325448551e-21
1.070024785945596 9.618641950090378e-22 2.7319769410531398e-14 2.7319760719637938e-14 8.690893455701054e-21
1.0740450607676866 9.689245587438566e-22 2.7623703200643896e-14 2.762369372729462e-14 9.473349282791572e-21
1.07808044048254 9.759930300096477e-22 2.7929767212838407e-14 2.7929756889992157e-14 1.032284625647252e-20
1.0861967418109137 9.901428642465912e-22 2.854800674756718e-14 2.8547994502461896e-14 1.2245105294721838e-20
1.0902777775684922 9.971992455842929e-22 2.885948219239723e-14 2.885946886239454e-14 1.3330002691761292e-20
1.0943741465085532 1.0042627931539769e-21 2.9173103354203696e-14 2.917308884793799e-14 1.4506265700689012e-20
1.1026131145906286 1.018410980467991e-21 2.980682103302677e-14 2.980680387053068e-14 1.7162496089114515e-20
1.1109141095355224 1.0325867067801273e-21 3.044923917430573e-14 3.0449218895652724e-14 2.0278653001161032e-20
1.1192775983109025 1.0467782384960448e-21 3.1100110367594926e-14 3.11000864380834e-14 2.3929511527667025e-20
1.1277040513999907 1.0609338354723835e-21 3.175798022557977e-14 3.1757952024417786e-14 2.8201161978866926e-20
1.1361939428280308 1.075114088209934e-21 3.242473650841918e-14 3.242470331583447e-14 3.319258472507515e-20
1.1447477501889525 1.089318933037008e-21 3.310047939529257e-14 3.31004403778657e-14 3.901742687246131e-20
1.1533659546722406 1.1035536256090171e-21 3.3785472935182747e-14 3.3785427129118756e-14 4.5806063995765817e-20
1.1707974979042381 1.132155996008561e-21 3.5184994676533074e-14 3.518493178267743e-14 6.289385565108752e-20
1.1884924949847024 1.160880760705468e-21 3.662296402411983e-14 3.662287810049344e-14 8.592362637705096e-20
1.2064549276569216 1.1899236053984526e-21 3.8106548530078194e-14 3.810643172345951e-14 1.168066186769746e-19
1.2246888378427687 1.2190933887162394e-21 3.963073880966575e-14 3.963058079809288e-14 1.5801157287576395e-19
1.2431983285522175 1.2483662358648753e-21 4.119569788762764e-14 4.1195485171540646e-14 2.1271608697799024e-19
1.2619875648066055 1.2777845788046676e-21 4.280378274143773e-14 4.2803497752106866e-14 2.8498933085953424e-19
1.3004222497298317 1.3368755649196656e-21 4.614714207005507e-14 4.614663772669499e-14 5.043433600721814e-19
1.3400274889804893 1.396550629374683e-21 4.9675222997551096e-14 4.967434682821148e-14 8.761693396070873e-19
1.3808389325824078 1.4570426031376362e-21 5.340534278635455e-14 5.340384786711875e-14 1.4949192358029747e-18
1.4228933163050095 1.5188878959145275e-21 5.73677072984644e-14 5.73652010135559e-14 2.506284908499444e-18
1.466228494730424 1.5832130331480569e-21 6.16184039213459e-14 6.161427303358988e-14 4.1308877560146526e-18
1.5108834753276823 1.649931209671035e-21 6.617077816787756e-14 6.616408166683715e-14 6.6965010404081434e-18
1.5568984535646726 1.719048464693244e-21 7.104243541461727e-14 7.10317472756381e-14 1.0688138979165586e-17
1.6043148490894465 1.791062829867128e-21 7.627282942017844e-14 7.625600202286713e-14 1.6827397311311714e-17
1.6531753430134553 1.8665208598482886e-21 8.190703408937622e-14 8.18809318378206e-14 2.6102251555627822e-17
1.7035239163302658 1.9460769208848937e-21 8.799898652387561e-14 8.795908526848062e-14 3.990125539498158e-17
1.755405889504358 2.031383976131045e-21 9.465400760502042e-14 9.459386819962e-14 6.013940540041021e-17
1.8088679632656115 2.122653256890332e-21 1.0191904756026386e-13 1.0182964532038053e-13 8.940223988329455e-17
1.8639582606462262 2.220104863923399e-21 1.098446993178003e-13 1.0971356214720039e-13 1.3113717059991931e-16
1.9207263702978936 2.3243197920614055e-21 1.1850340039256462e-13 1.1831353165031088e-13 1.8986874225375213e-16
1.979223391128241 2.436071080102166e-21 1.2798356521630208e-13 1.2771211044369307e-13 2.714547726090115e-16
2.039501978296691 2.556131205955219e-21 1.3838107699450096e-13 1.3799771342893553e-13 3.833635655654437e-16
2.1016163906111602 2.686099717141311e-21 1.4984595055510526e-13 1.493109294546677e-13 5.350211004375557e-16
2.1656225393682647 2.8270433207052845e-21 1.6251170973824864e-13 1.6177359303213461e-13 7.381167061140408e-16
2.231578038680979 2.979228350315486e-21 1.7647585875657057e-13 1.7546891265476634e-13 1.0069461018042752e-15
2.299542257339062 3.143382542435797e-21 1.9187043699488547e-13 1.9051166984550148e-13 1.3587671493839863e-15
2.369576372248914 3.3205795587654223e-21 2.0885940375545927e-13 2.0704522782955724e-13 1.8141759259019896e-15
2.4417434235010123 3.512019626734482e-21 2.2762837287994375e-13 2.25230990013439e-13 2.397382866504731e-15
2.5161083711144245 3.7195440180837915e-21 2.484210987597871e-13 2.4528451849286893e-13 3.1365802669181647e-15
2.5927381535095444 3.9457957684571955e-21 2.715580580927589e-13 2.6749390895387554e-13 4.064149138883452e-15
2.6717017477616296 4.193188702228255e-21 2.9737319201881493e-13 2.9215661393830553e-13 5.216578080509393e-15
2.753070231689431 4.464931943524058e-21 3.2628834954325213e-13 3.196538633639395e-13 6.634486179312624e-15
2.836916847834745 4.7685154797260575e-21 3.590866309453061e-13 3.5072384151911084e-13 8.362789426195178e-15
2.9233170693905177 5.119468521799843e-21 3.9725578699691233e-13 3.868074539500549e-13 1.0448333046857406e-14
2.967498994190263 5.326201888404797e-21 4.195441190133855e-13 4.0792608014018036e-13 1.16180388732052e-14
3.0123486681368425 5.547359588551966e-21 4.435687989824155e-13 4.3066699144678067e-13 1.2901807535634821e-14
3.0578761833420214 5.872396936270496e-21 4.766556363767214e-13 4.62342630092663e-13 1.431300628405843e-14
3.1040917844459814 6.245425062946354e-21 5.14595506003317e-13 4.98748403273572e-13 1.5847102729745e-14
3.127460860933648 6.5599769820472386e-21 5.445824380697274e-13 5.27914574701034e-13 1.6667863368693427e-14
3.1510058709225794 6.95007031595645e-21 5.813100668132413e-13 5.637871376969549e-13 1.7522929116286207e-14
3.162844764501044 7.286039898249845e-21 6.117005274772967e-13 5.937352770815088e-13 1.7965250395787888e-14
3.1747281389236908 7.664033902360778e-21 6.458525692798797e-13 6.274361285479575e-13 1.8416440731922436e-14
3.1986289994194426 8.673848667964709e-21 7.364531840027528e-13 7.171049707235471e-13 1.9348213279205716e-14
3.2227097969389145 1.0954275647963803e-20 9.370748832146924e-13 9.167397992644196e-13 2.033508395027308e-14
3.2348180950136065 1.3074603773986874e-20 1.1226589250168681e-12 1.101797308910401e-12 2.086161610646698e-14
3.240889293275058 1.4652765559951788e-20 1.2605301278718626e-12 1.2393907791859898e-12 2.113934868587336e-14
3.2469718861334385 1.647966570245667e-20 1.4203532159931746e-12 1.398926496124208e-12 2.1426719868966433e-14
3.2714166318528037 2.6057333687068697e-20 2.262743181516377e-12 2.2401292794175517e-12 2.2613902098825297e-14
3.2744851364798273 2.6659267793989943e-20 2.317184814216281e-12 2.2944311092321743e-12 2.2753704984106342e-14
3.2775565192852394 2.727720432102336e-20 2.373118797601561e-12 2.3502246005627206e-12 2.2894197038840326e-14
3.283707930232385 2.6703388000487446e-20 2.327556976647992e-12 2.3044117427420783e-12 2.3145233905914533e-14
3.2898708863219004 2.485037326851833e-20 2.170107278575199e-12 2.1467337786409722e-12 2.3373499934226545e-14
3.29141343181113 2.4412637310556717e-20 2.1328807233892472e-12 2.10944990960388e-12 2.3430813785367734e-14
3.292184975758714 2.4197437682975285e-20 2.1145747487037e-12 2.0911152408509553e-12 2.345950785274478e-14
3.295272960557952 2.2851369762383617e-20 1.998817143164023e-12 1.975246056989358e-12 2.3571086174664303e-14
3.3076538914384823 1.8157221609977557e-20 1.5941856168696024e-12 1.5701664751407927e-12 2.4019141728809744e-14
3.310756385682612 1.719332882011443e-20 1.5109727342955398e-12 1.486840676479492e-12 2.4132057816047563e-14
3.313861789986515 1.6300686913317594e-20 1.4338698422275488e-12 1.4096245069066249e-12 2.4245335320923903e-14
3.3200813396944477 1.5058077568745076e-20 1.3270512236795429e-12 1.3025621511501006e-12 2.4489072529442225e-14
3.345076488085796 1.2918844231990626e-20 1.1470943682916535e-12 1.1215188735225801e-12 2.5575494769073172e-14
3.3482140837626964 1.3015179465814845e-20 1.156732167096036e-12 1.1310094901407547e-12 2.5722676955281363e-14
3.3513546224236106 1.311235574026492e-20 1.1664618548265273e-12 1.1405913430860323e-12 2.5870511740494585e-14
3.3576445397418455 1.37584743489321e-20 1.2262370354106885e-12 1.2000574025706755e-12 2.61796328400127e-14
3.3702598118196083 1.6076893395798513e-20 1.4382518681036839e-12 1.4114238601885747e-12 2.682800791510899e-14
3.382922481734668 1.665276580153828e-20 1.495367210974457e-12 1.4679092547332104e-12 2.7457956241246157e-14
3.389271646505754 1.6949369541118775e-20 1.5248578508055616e-12 1.4970806480879947e-12 2.777720271756681e-14
3.395632727569191 1.7274333412795358e-20 1.5570101419349221e-12 1.5289039363538818e-12 2.810620558104069e-14
3.421196662673239 1.883900281073799e-20 1.7108241954819217e-12 1.6813563578188213e-12 2.9467837663100224e-14
3.4276182099114902 1.8581478298032544e-20 1.6906049528152609e-12 1.6608335295870472e-12 2.977142322821305e-14
3.4340518103208963 1.736188101228154e-20 1.5826068885442e-12 1.5525484650900194e-12 3.005842345418061e-14
3.4469541582030403 1.561990281590547e-20 1.4291679495410808e-12 1.398558947810675e-12 3.0609001730406134e-14
3.472904465399547 1.5188971448482166e-20 1.4002018123665752e-12 1.3683241023154869e-12 3.187771005108866e-14
3.4990501388274233 1.4506644564359546e-20 1.3473690558748536e-12 1.314193706478265e-12 3.3175349396588014e-14
3.5253949054701885 1.192983416807308e-20 1.1163788815602399e-12 1.0819439141980214e-12 3.44349673622185e-14
3.5519380250092896 9.480589295816529e-21 8.938613224370631e-13 8.58161164708123e-13 3.57001577289402e-14
3.578680990867387 8.566286004657669e-21 8.137387354233339e-13 7.766520165490808e-13 3.7086718874253085e-14
3.605625307711299 8.256423179335354e-21 7.902089983955233e-13 7.51662503219439e-13 3.854649517608425e-14
3.660119384959845 8.156067938451927e-21 7.924019198844394e-13 7.50791021075082e-13 4.161089880935732e-14
3.715437065384467 8.137311081287017e-21 8.025281248583558e-13 7.576904030978257e-13 4.4837721760530065e-14
3.8285932144167436 8.422859380136817e-21 8.559890488358759e-13 8.04229111083367e-13 5.1759937752508766e-14
3.94519561050918 8.798485498191307e-21 9.213950968698844e-13 8.62106592109824e-13 5.928850476006056e-14
4.06534921144712 9.211438464773372e-21 9.94019136791873e-13 9.266096632217597e-13 6.740947357011336e-14
4.189162171576248 9.644836551227279e-21 1.072485621349854e-12 9.9635323681758e-13 7.613238453227375e-14
4.316745939156006 1.0090088651705354e-20 1.1561678913686128e-12 1.0707497846849872e-12 8.541810668362531e-14
4.448215356677963 1.054143912442279e-20 1.2446726403263446e-12 1.1495425811322599e-12 9.513005919408488e-14
4.58368876423945 1.0996288464938628e-20 1.3379216400697165e-12 1.2326483508220221e-12 1.052732892476943e-13
4.723288106065518 1.1453774018366152e-20 1.4360265860581177e-12 1.3201220516433264e-12 1.159045344147908e-13
4.867139040275056 1.191174841607805e-20 1.5389294060540536e-12 1.4122002075029465e-12 1.267291985511072e-13
4.940699165968905 1.2144793119168899e-20 1.592751288935809e-12 1.4605059104725636e-12 1.322453784632458e-13
5.015371051989984 1.2373888474356894e-20 1.6473227621259547e-12 1.5095103922184993e-12 1.3781236990745506e-13
5.091171501069577 1.2613261307203709e-20 1.7045688708375086e-12 1.5610166716825867e-12 1.435521991549217e-13
5.129500256944802 1.2731124736526874e-20 1.7334497722556584e-12 1.58701516722414e-12 1.4643460503151893e-13
5.168117569889187 1.2849108712228506e-20 1.7626854574797308e-12 1.6133312471463695e-12 1.4935421033336113e-13
5.20702561229733 1.2977830135422663e-20 1.7937471844576502e-12 1.6411992324305064e-12 1.5254795202714384e-13
5.246226572918644 1.310558878576686e-20 1.825042628235747e-12 1.669284537004522e-12 1.557580912312253e-13
5.265937586045735 1.3169098674538913e-20 1.8407770547414866e-12 1.6834081973391722e-12 1.5736885740231468e-13
5.285722656980489 1.3232358046657156e-20 1.856568803550537e-12 1.6975856266975923e-12 1.5898317685294454e-13
5.305582063971359 1.3295363895774738e-20 1.8724175278385967e-12 1.7118166634347962e-12 1.6060086440380082e-13
5.3255160863122235 1.3360165863178685e-20 1.8886130390295116e-12 1.7263778662657843e-12 1.622351727637272e-13
5.365609099470188 1.3504889963516036e-20 1.923443850581948e-12 1.7578269426822963e-12 1.6561690789965203e-13
5.406003951863644 1.364941635594947e-20 1.958663694536568e-12 1.789648760103377e-12 1.6901493443319085e-13
5.446702915881641 1.3793777889604253e-20 1.994280990078999e-12 1.8218532197893726e-12 1.7242777028962642e-13
5.487708281020852 1.3941881357417505e-20 2.0308686358437726e-12 1.854999464253893e-12 1.758691715898792e-13
5.529022354014368 1.4124300994383977e-20 2.0729305060475583e-12 1.8934741184866417e-12 1.7945638756091706e-13
5.570647458961463 1.430919261333732e-20 2.1158761220675307e-12 1.932815968304539e-12 1.83060153762992e-13
5.612585937458331 1.4496830898959674e-20 2.1597600812515743e-12 1.9730811209734247e-12 1.866789602781504e-13
5.654840148729818 1.4693323832332388e-20 2.205513985903166e-12 2.015183960794287e-12 1.9033002510887913e-13
5.67608639626678 1.4818546783643232e-20 2.232667476056862e-12 2.040425747544545e-12 1.922417285123168e-13
5.686739436050992 1.488200195996072e-20 2.246436360680191e-12 2.0532370441062704e-12 1.9319931657392074e-13
5.6974124697621304 1.4946040409688693e-20 2.2603372747271682e-12 2.0661792443421896e-12 1.941580303849785e-13
5.718818669136295 1.5075932060735358e-20 2.2885475005003212e-12 2.0924687612743134e-12 1.960787392260075e-13
5.740305295436557 1.5215588591171557e-20 2.3184256918563392e-12 2.120407024929514e-12 1.9801866692682578e-13
5.7835210386641895 1.556313851483749e-20 2.389235371083072e-12 2.18720791599222e-12 2.0202745509085263e-13
5.827062130521658 1.5946382950428334e-20 2.4665008598695214e-12 2.2604078604128578e-12 2.060929994566641e-13
5.8489554468988025 1.6209087405658035e-20 2.5165543276676873e-12 2.3082608061644187e-12 2.082935215032687e-13
5.870931020387893 1.6484547113617974e-20 2.5689368640680493e-12 2.3584348784609952e-12 2.1050198560705422e-13
5.892989160043636 1.677378561083398e-20 2.6238328386486826e-12 2.4111146336455666e-12 2.1271820500311623e-13
5.915130176081913 1.7097679683021885e-20 2.6845464094645584e-12 2.4695292771219383e-12 2.1501713234261995e-13
5.95966208400165 1.799124371396374e-20 2.846113762943136e-12 2.62582714814716e-12 2.2028661479597598e-13
6.004529249263818 1.9248097136643156e-20 3.067864679845394e-12 2.841630941700344e-12 2.2623373814504992e-13
6.027089341400364 2.0112620323276605e-20 3.21770123736947e-12 2.9880157021891904e-12 2.296855351802792e-13
6.049734195844842 2.1118581331038787e-20 3.391333245050392e-12 3.157988016466464e-12 2.333452285839296e-13
6.095279466722835 2.3999233860953126e-20 3.882937797746165e-12 3.64054378136299e-12 2.4239401638317443e-13
6.141167624020661 2.835897963018199e-20 4.622862597777334e-12 4.3686585350832505e-12 2.542040626940849e-13
6.164241091010745 3.113215221749593e-20 5.093991247671756e-12 4.832343082396736e-12 2.616481652750217e-13
6.187401249150058 3.423662142714766e-20 5.623006872965837e-12 5.353720618979366e-12 2.69286253986471e-13
6.1990139391386085 3.574414758063223e-20 5.88162038405895e-12 5.608448758424901e-12 2.7317162563404814e-13
6.204828454712694 3.653363556451115e-20 6.017167544118685e-12 5.742034082161048e-12 2.751334619576353e-13
6.210648424152782 3.710559273434945e-20 6.117102415392108e-12 5.840304602447152e-12 2.7679781294495627e-13
6.233982942956859 3.9020135467983884e-20 6.456896359203167e-12 6.174326060748217e-12 2.825702984549494e-13
6.239830258556775 3.924895281921726e-20 6.500852059595979e-12 6.217503507669011e-12 2.833485519269677e-13
6.245683058788269 3.924635022463702e-20 6.506518216303838e-12 6.222390392043033e-12 2.841278242608064e-13
6.257405133728602 3.914163612789814e-20 6.501337059888622e-12 6.215858560908929e-12 2.854784989796929e-13
6.269149208991335 3.869990530232981e-20 6.440030760592358e-12 6.1541203164914964e-12 2.8591044410086326e-13
6.280915325867298 3.767109373058176e-20 6.280592283121509e-12 5.995385142832072e-12 2.852071402894392e-13
6.304513850009849 3.5166771549518665e-20 5.885095793242319e-12 5.602321255294704e-12 2.827745379476168e-13
6.32820103803542 3.2120822279210886e-20 5.395557873271072e-12 5.116307459095769e-12 2.79250414175303e-13
6.3519772230701035 2.934608367883478e-20 4.947986622084862e-12 4.671911909131318e-12 2.760747129535422e-13
6.375842739491607 2.7002063274594917e-20 4.5698714154068005e-12 4.296614433205855e-12 2.73256982200945e-13
6.399797922933955 2.5153212917195768e-20 4.272963285151734e-12 4.0012316400062454e-12 2.7173164514548755e-13
6.42384311029221 2.3607877830742794e-20 4.0255136879773955e-12 3.755049355613327e-12 2.7046433236406907e-13
6.447978639727206 2.2493009318019105e-20 3.849821435738801e-12 3.5796182094898274e-12 2.702032262489716e-13
6.472204850670314 2.1560461131313242e-20 3.7040746690784885e-12 3.433933449260956e-12 2.70141219817532e-13
6.496522083828205 2.0959383728086172e-20 3.614338809153428e-12 3.343445769936124e-12 2.7089303921730375e-13
6.520930681187647 2.045150983722335e-20 3.5400092110637624e-12 3.2682426041113006e-12 2.7176660695246215e-13
6.57002334288761 1.9928085756346982e-20 3.4753770514289105e-12 3.200741786439943e-12 2.7463526498896715e-13
6.619489833774732 1.9854194636849185e-20 3.488560247481771e-12 3.210152181883087e-12 2.784080655986845e-13
6.6693287637831435 2.001129155024528e-20 3.5426372014006954e-12 3.260089446151615e-12 2.8254775524908163e-13
6.719538636694507 2.0203921225163893e-20 3.6036661886248117e-12 3.31716311326919e-12 2.8650307535562304e-13
6.770126513364129 2.0734770581992346e-20 3.726193912450159e-12 3.4353511953537537e-12 2.908427170964052e-13
6.8210952395837445 2.1549303117530336e-20 3.9017260798751565e-12 3.605959687880658e-12 2.957663919944978e-13
6.872447682569556 2.2573046917616923e-20 4.117855092466631e-12 3.816601454912167e-12 3.012536375544642e-13
6.924186731123532 2.3857524637621165e-20 4.384939295574699e-12 4.0776623473872426e-12 3.072769481874566e-13
6.976315295795916 2.488403252337495e-20 4.608040566704223e-12 4.294663005122309e-12 3.133775615819133e-13
7.028836309048954 2.502162890317959e-20 4.668404093371807e-12 4.349362472321912e-12 3.1904162104989496e-13
7.081752725421856 2.4566976961236398e-20 4.618084869569871e-12 4.293586723992831e-12 3.244981455770401e-13
7.135067521697011 2.4266272669576642e-20 4.595900245094291e-12 4.265302970671712e-12 3.3059727442257994e-13
7.1887836970674375 2.452024359695912e-20 4.678963203098582e-12 4.341141883677594e-12 3.3782131942098885e-13
7.242904273305506 2.5414532255177724e-20 4.886121920575596e-12 4.539636727101906e-12 3.4648519347368984e-13
7.297432294932914 2.681750651290156e-20 5.194669266153452e-12 4.837415878427839e-12 3.5725338772561367e-13
7.352370829391971 2.8416962423577986e-20 5.545931349754373e-12 5.174089846767511e-12 3.718415029868616e-13
7.379995003818881 2.9411893031401484e-20 5.7616713035391245e-12 5.381156760426894e-12 3.805145431122308e-13
7.407722967218148 3.0499154946681057e-20 5.997109404422823e-12 5.607531802340626e-12 3.8957760208219674e-13
7.463496598684601 3.323935661157723e-20 6.585130427476092e-12 6.1750701359746615e-12 4.10060291501429e-13
7.519690156487492 3.675158520854858e-20 7.33576576274312e-12 6.901613933345748e-12 4.341518293973711e-13
7.533803324048627 3.7769871870555934e-20 7.55316936491123e-12 7.112178330837649e-12 4.409910340735782e-13
7.547942979602549 3.882750223742675e-20 7.779245854560813e-12 7.331306516194182e-12 4.479393383666336e-13
7.57630195363571 4.1039245375434703e-20 8.253270411306917e-12 7.791012156117934e-12 4.622582551889832e-13
7.590521371821866 4.215141743096814e-20 8.492845503254572e-12 8.023079976674143e-12 4.697655265804258e-13
7.604767477414989 4.3303836864419055e-20 8.741415237009754e-12 8.264019754572801e-12 4.773954824369521e-13
7.633339951266878 4.559592343910101e-20 9.238682727821277e-12 8.74602616140658e-12 4.926565664146989e-13
7.662019777021956 4.7324931641765476e-20 9.625043412446692e-12 9.118684020123704e-12 5.063593923229865e-13
7.690807358020558 4.8440945716005776e-20 9.889036491881262e-12 9.3712176734069e-12 5.178188184743593e-13
7.719703099118437 4.891467284119613e-20 1.002326433609024e-11 9.496402026857689e-12 5.268623092325494e-13
7.748707406692464 4.863647345598959e-20 1.0003702612640206e-11 9.46818684613529e-12 5.355157665049177e-13
7.777823177463063 4.7839784265863514e-20 9.876810269095173e-12 9.322770094985757e-12 5.540401741094139e-13
7.807048350752435 4.6709749743978734e-20 9.679743351467605e-12 9.104328502880384e-12 5.754148485872209e-13
7.836380830085272 4.520084525719298e-20 9.402244115220688e-12 8.805715601067344e-12 5.965285141533436e-13
7.851088371676256 4.4175520042105653e-20 9.206211959115996e-12 8.600531758084527e-12 6.056802010314684e-13
7.86582351679805 4.3094681760396426e-20 8.997820168093597e-12 8.383620076599589e-12 6.142000914940072e-13
7.89537682495964 4.072764243413391e-20 8.535551101659212e-12 7.906778919147386e-12 6.287721825118253e-13
7.9250411701946435 3.8214237975566903e-20 8.038891440964849e-12 7.394688262854805e-12 6.442031781100432e-13
7.939915112024199 3.690285415726444e-20 7.777593650685138e-12 7.125194026663037e-12 6.523996240221019e-13
7.954816969689239 3.566496096175615e-20 7.53080457144237e-12 6.869772633142004e-12 6.610319383003652e-13
7.9847046421970465 3.3396753100703274e-20 7.078358177953048e-12 6.3985105127284225e-12 6.798476652246257e-13
8.044817289139356 2.966786546449196e-20 6.335369055583711e-12 5.610223061827572e-12 7.251459937561394e-13
8.07504310897143 2.833451841559079e-20 6.073375290015218e-12 5.3208982964190954e-12 7.524769935961219e-13
8.105382492623747 2.717255925015289e-20 5.846197615534336e-12 5.064630023027388e-12 7.815675925069492e-13
8.135835866775926 2.6270910365917463e-20 5.673443499777616e-12 4.863202191924509e-12 8.102413078531078e-13
8.166403659710703 2.562234352267799e-20 5.554169453241929e-12 4.712893382761033e-12 8.412760704808976e-13
8.197086301319933 2.51702733805358e-20 5.4766737837517996e-12 4.602967284454151e-12 8.737064992976493e-13
8.227884223110665 2.4793546425545496e-20 5.414972519603434e-12 4.506970156914683e-12 9.080023626887518e-13
8.258797858211198 2.4667109162466638e-20 5.407599575602353e-12 4.4541853904439546e-12 9.53414185158398e-13
8.289827641377162 2.4932067689984396e-20 5.486220155578016e-12 4.44179660813387e-12 1.044423547444146e-12
8.320974008997652 2.5428800725799242e-20 5.616548028085025e-12 4.462817918420535e-12 1.1537301096644891e-12
8.35223739910135 2.6028669845936854e-20 5.770643401069347e-12 4.497636404548249e-12 1.2730069965210966e-12
8.383618251362687 2.6914754358073012e-20 5.989510740291988e-12 4.596695862695803e-12 1.3928148775961873e-12
8.415117007108037 2.802257390976813e-20 6.259470763691579e-12 4.7367103085657506e-12 1.5227604551258277e-12
8.446734109321913 2.933353770467992e-20 6.576922127673259e-12 4.92171575031538e-12 1.6552063773578792e-12
8.478470002653195 3.086225072319007e-20 6.945675928398094e-12 5.155240120558666e-12 1.7904358078394265e-12
8.542299949622933 3.409003941469188e-20 7.729862226876974e-12 5.657185537366725e-12 2.072676689510246e-12
8.558332380220154 3.48026048139611e-20 7.906246167407343e-12 5.7615807322204525e-12 2.1446654351868926e-12
8.574394900937412 3.533345594787958e-20 8.041906735034714e-12 5.825773988204061e-12 2.2161327468306536e-12
8.606610438733982 3.5787760496338047e-20 8.17590998283048e-12 5.819665696100709e-12 2.3562442867297718e-12
8.622764948673899 3.5779304153538097e-20 8.18932054891245e-12 5.763024493116095e-12 2.426296055796356e-12
8.638949780445296 3.548975340049653e-20 8.138293797756451e-12 5.64399708490364e-12 2.4942967128528096e-12
8.655163606183647 3.5200345529650024e-20 8.087078174138818e-12 5.523175524974037e-12 2.563902649164781e-12
8.671407862489573 3.4819111194184687e-20 8.014505437582492e-12 5.380932677507241e-12 2.6335727600752513e-12
8.703987895363145 3.38429314644994e-20 7.819080527495144e-12 5.046415182448482e-12 2.772665345046661e-12
8.736690337257128 3.305814460296604e-20 7.666459591914167e-12 4.748115636365865e-12 2.9183439555483016e-12
8.802464289484785 3.198372822565302e-20 7.473134374663654e-12 4.247841028717317e-12 3.225293345946336e-12
8.868733419248175 3.1887423843732415e-20 7.506724343416511e-12 3.9182492134410994e-12 3.588475129975413e-12
8.935501454478851 3.2788440408976557e-20 7.77694670419013e-12 3.7015022306390215e-12 4.0754444735511075e-12
9.002772151174003 3.409431503321456e-20 8.147561768360985e-12 3.557603161142012e-12 4.589958607218974e-12
9.07054929360775 3.5618325244723666e-20 8.575836967279357e-12 3.4594311216062494e-12 5.116405845673106e-12
9.13883669454403 3.7287967063376816e-20 9.04542664837395e-12 3.3892787226422008e-12 5.656147925731751e-12
9.207638195451068 3.8995053581230284e-20 9.530752688544461e-12 3.3425490208501504e-12 6.188203667694313e-12
9.276957666717493 4.087680125247638e-20 1.0065883769359302e-11 3.3014388783420745e-12 6.764444891017227e-12
9.346799007870057 4.269017637868318e-20 1.0591568662354653e-11 3.2755798366251773e-12 7.315988825729474e-12
9.417166147792997 4.457831626552895e-20 1.1143287276348926e-11 3.252335261727884e-12 7.890952014621044e-12
9.488063044949055 4.57848635747707e-20 1.1531051698761117e-11 3.2380785896207605e-12 8.292973109140357e-12
9.559493687602165 4.7064985871019174e-20 1.1942692670701397e-11 3.2250808055265664e-12 8.717611865174828e-12
9.631462094041797 4.825565390757904e-20 1.2337008327343191e-11 3.2181592877066426e-12 9.11884903963655e-12
9.703972312809022 4.942471360288169e-20 1.2731018323524134e-11 3.211830804303271e-12 9.51918751922086e-12
9.777099908821425 4.982626349557941e-20 1.2931169562732222e-11 3.2102590887709173e-12 9.720910473961303e-12
9.924867353363874 5.022404829258214e-20 1.3231401866030134e-11 3.2120773994792966e-12 1.0019324466550841e-11
10.074868099996943 4.941069245342943e-20 1.3213861253252495e-11 3.2235748175550434e-12 9.99028643569745e-12
10.150790707826552 4.8651958142234e-20 1.3109002036223718e-11 3.232140932624216e-12 9.876861103599505e-12
10.22721067892732 4.788765119209801e-20 1.3000204129054517e-11 3.246803875731436e-12 9.753400253323084e-12
10.304205975847633 4.7122866281588307e-20 1.2888894336003159e-11 3.262411340168655e-12 9.626482995834506e-12
10.381780929913377 4.6096323845830557e-20 1.2703037656944955e-11 3.287009155014374e-12 9.416028501930583e-12
10.459939905058707 4.5091998121343575e-20 1.2519820510704306e-11 3.3139611409302433e-12 9.205859369774063e-12
10.538687298071551 4.402199570503485e-20 1.2314752235075704e-11 3.3561514248498316e-12 8.95860081022587e-12
10.618027538840941 4.297303528604457e-20 1.2111817281226228e-11 3.403465984092131e-12 8.708351297134097e-12
10.697971937068667 4.1750785704872725e-20 1.1855927645350485e-11 3.4743115898383516e-12 8.381616055512135e-12
10.778518246224262 4.063995596176667e-20 1.1627376168233491e-11 3.574295053661307e-12 8.053081114572184e-12
10.859664048220797 3.9717939925175776e-20 1.1449131351055827e-11 3.723721259300842e-12 7.725410091754986e-12
10.941420754335242 3.908516017429038e-20 1.1351546913967522e-11 3.95117408494344e-12 7.40037282902408e-12
10.961955922839442 3.9005220409194e-20 1.1349591248903068e-11 4.030960179765309e-12 7.318631069137756e-12
10.982529632329763 3.8961077728583524e-20 1.1358023906538989e-11 4.120364777927384e-12 7.237659128611601e-12
11.023792963743814 3.901155200334557e-20 1.1415467699623995e-11 4.338043878739058e-12 7.077423820884939e-12
11.065211328886559 3.92940052292385e-20 1.1541318982923291e-11 4.623592373259147e-12 6.9177266096641424e-12
11.08597883104876 3.957168561311051e-20 1.1644692591491628e-11 4.806694131651235e-12 6.8379984598403914e-12
11.106785310247485 3.992071655491638e-20 1.1769449188529203e-11 5.011128167105802e-12 6.7583210214234015e-12
11.14851549250461 4.087291321598676e-20 1.2095451040959696e-11 5.496265328689225e-12 6.599185712270473e-12
11.169441129330048 4.141004289218667e-20 1.2277404278863449e-11 5.756405840666027e-12 6.520998438197423e-12
11.190406043337886 4.1845691037553994e-20 1.2429853854110224e-11 5.987268918904825e-12 6.442584935205395e-12
11.21140851448765 4.225292066007863e-20 1.2574373166242374e-11 6.210970112730194e-12 6.363403053512181e-12
11.22192452720434 4.2476243899334066e-20 1.2652690431448943e-11 6.328515221913297e-12 6.3241752095356455e-12
11.232450403670388 4.248233506868158e-20 1.2666374449835605e-11 6.3782954496179215e-12 6.288079000217687e-12
11.253533585369773 4.230808705453941e-20 1.2638098437738857e-11 6.420150761371475e-12 6.21794767636738e-12
11.274656339961506 4.202792756416143e-20 1.2577974828001208e-11 6.429063380371342e-12 6.148911447629865e-12
11.285231677511122 4.1890013409996914e-20 1.2548459452648607e-11 6.433516028837408e-12 6.114943423811197e-12
11.295816934455262 4.1579886721623054e-20 1.24672417318099e-11 6.386451089325316e-12 6.080790642484583e-12
11.317017243752359 4.0873394258809044e-20 1.2278409544141186e-11 6.265695845034494e-12 6.012713699106693e-12
11.338257342390673 4.017240424090759e-20 1.2090480671982817e-11 6.145311400211776e-12 5.945169271771041e-12
11.359537305047965 3.944354695205085e-20 1.1893400319395857e-11 6.01648638801035e-12 5.876913931385512e-12
11.402217121831576 3.789042778911427e-20 1.1468014891623607e-11 5.730681716006589e-12 5.737333175617019e-12
11.423617126015266 3.709876106982009e-20 1.12494807868481e-11 5.582827459998602e-12 5.6666533268495e-12
11.445057294333186 3.629542373337251e-20 1.1026540453658041e-11 5.4326608282331215e-12 5.5938796254249186e-12
11.488058425037956 3.466986002055687e-20 1.0572267833829675e-11 5.129950737454749e-12 5.442317096374926e-12
11.53122111869469 3.31817188372262e-20 1.0156489226854841e-11 4.861774778838522e-12 5.294714448016318e-12
11.574545982324347 3.1815783131867534e-20 9.774983102357363e-12 4.6240097295447925e-12 5.150973372812569e-12
11.618033625228566 3.055566937997041e-20 9.423101396747222e-12 4.4152130488212025e-12 5.007888347926019e-12
11.661684658998247 2.939038266281694e-20 9.097791241474934e-12 4.242533111086686e-12 4.8552581303882474e-12
11.705499697522141 2.835616923941158e-20 8.810629742129879e-12 4.1100876535026646e-12 4.700542088627214e-12
11.749479356995494 2.741064549692451e-20 8.548842551814393e-12 4.00684791666793e-12 4.5419946351464615e-12
11.793624255928705 2.652558648902358e-20 8.303892440856859e-12 3.918503854820588e-12 4.38538858603627e-12
11.83793501515603 2.5725806260473765e-20 8.083778019495273e-12 3.8626158854698476e-12 4.221162134025426e-12
11.882412257844306 2.4966132230926706e-20 7.874542213652502e-12 3.814696482777487e-12 4.0598457308750154e-12
11.92705660950172 2.4264048678150062e-20 7.681852822002028e-12 3.789534199326213e-12 3.8923186226758145e-12
11.971868697986617 2.359429567908517e-20 7.497878450392988e-12 3.7704813057209486e-12 3.727397144672041e-12
12.016849153516302 2.2971326988545847e-20 7.32733633088608e-12 3.774398290313679e-12 3.5529380405724e-12
12.061998608675935 2.2379120725464156e-20 7.165256243212607e-12 3.7827282293346835e-12 3.3825280138779215e-12
12.152807060118223 2.1305235161464142e-20 6.8727788297289385e-12 3.8418911375817234e-12 3.0308876921472155e-12
12.198467333490619 2.081946480977225e-20 6.7413094276666386e-12 3.893786299996372e-12 2.8475231276702676e-12
12.244299160690385 2.0372839494765645e-20 6.621477821480176e-12 3.9520452950132734e-12 2.669432526466902e-12
12.290303186275983 1.9954854945202127e-20 6.509994246576073e-12 4.0296961422152064e-12 2.4802981043608667e-12
12.3364800572276 1.9668710795625478e-20 6.440752172342336e-12 4.114292633781304e-12 2.326459538561033e-12
12.382830422956244 1.9715036217668313e-20 6.480178035649386e-12 4.212019462921005e-12 2.268158572728379e-12
12.429354935312874 1.9779093603219544e-20 6.52565949456412e-12 4.314227826188139e-12 2.211431668375982e-12
12.476058240797144 1.98323295029982e-20 6.567809626373305e-12 4.411579906705025e-12 2.1562297196682775e-12
12.522937033967983 1.9927559991153233e-20 6.624143852845417e-12 4.50988552949703e-12 2.114258323348386e-12
12.569987951963114 2.0096426887679042e-20 6.705376096082784e-12 4.5844512579517464e-12 2.120924838131037e-12
12.593579661530361 2.0139639092600912e-20 6.732406185648722e-12 4.608356231353461e-12 2.1240499542952613e-12
12.617215648686605 2.0157120672005395e-20 6.7508965774026825e-12 4.623855589321834e-12 2.1270409880808488e-12
12.664620788327802 2.008968368395643e-20 6.753590473695261e-12 4.6210828039102766e-12 2.1325076697849833e-12
12.71220403757155 1.99162251666832e-20 6.720433926610104e-12 4.583005531456904e-12 2.1374283951532002e-12
12.736062662318053 1.9785914746610486e-20 6.688993187952886e-12 4.54933791305316e-12 2.139655274899728e-12
12.759966065607527 1.963125968897851e-20 6.649165158882656e-12 4.5074164425017675e-12 2.141748716380889e-12
12.807907544139693 1.9242842143645264e-20 6.542094815720036e-12 4.396643280469987e-12 2.1454515352500497e-12
12.856029147395699 1.8825022081271755e-20 6.424092352784776e-12 4.27525577662704e-12 2.148836576157738e-12
12.904331552136407 1.839170754046201e-20 6.299803425192985e-12 4.1476755684077686e-12 2.152127856785215e-12
12.95281543766539 1.7955749985361392e-20 6.173581134687488e-12 4.018459981065677e-12 2.155121153621811e-12
13.00148148583848 1.7556137051726746e-20 6.0588644631069975e-12 3.900775855750772e-12 2.1580886073562264e-12
13.050330381073369 1.7189240965841117e-20 5.954532077410621e-12 3.793501689191854e-12 2.161030388218767e-12
13.099362810359226 1.6853754450713374e-20 5.860251654238183e-12 3.69632526888819e-12 2.163926385349994e-12
13.197981031955921 1.6276783562254945e-20 5.702240383629017e-12 3.532782687024361e-12 2.1694576966046552e-12
13.247568211189632 1.6033175580278547e-20 5.638000966526247e-12 3.46590964835445e-12 2.172091318171797e-12
13.297341698339563 1.580883082940931e-20 5.579997623717435e-12 3.405334252711232e-12 2.174663371006202e-12
13.397450398986955 1.5424241817728405e-20 5.4852372456076966e-12 3.3058729365622934e-12 2.179364309045402e-12
13.447787020368724 1.5257796821001385e-20 5.446431962521299e-12 3.2649944355676826e-12 2.1814375269536163e-12
13.498312765455129 1.510095454442168e-20 5.410698322215304e-12 3.2273075391863552e-12 2.1833907830289483e-12
13.59993447169816 1.482014458722124e-20 5.350060455587786e-12 3.163658030798233e-12 2.186402424789553e-12
13.702321234386334 1.4598765303619933e-20 5.309818845674411e-12 3.1118588237229864e-12 2.1979600219514247e-12
13.805478813227746 1.4628799788283534e-20 5.360799976097299e-12 3.0692344818112107e-12 2.2915654942860875e-12
13.90941301129231 1.469230043231523e-20 5.424603953984685e-12 3.030580027506139e-12 2.3940239264785467e-12
13.96167316792965 1.480314858489057e-20 5.48606562873564e-12 3.0151575683349127e-12 2.4709080604007268e-12
14.014129675338197 1.4922249554858454e-20 5.5509825686157616e-12 3.001150942498136e-12 2.549831626117624e-12
14.119634696140762 1.5188479479121928e-20 5.692554439391938e-12 2.982072600146305e-12 2.710481839245635e-12
14.225934008823913 1.546135712221422e-20 5.838453616496649e-12 2.9645734661284844e-12 2.873880150368166e-12
14.333033593193976 1.5751749090316574e-20 5.992890425739007e-12 2.947093567930834e-12 3.045796857808174e-12
14.44093947407611 1.6026207131333778e-20 6.1432138299665425e-12 2.9287397553495416e-12 3.2144740746170033e-12
14.54965772165321 1.632014899978958e-20 6.302985807841431e-12 2.9105799011795885e-12 3.392405906661841e-12
14.659194451807393 1.6634340322701664e-20 6.472694674535898e-12 2.8925993754541323e-12 3.5800952990817647e-12
14.769555826464039 1.6964727862504036e-20 6.6509512585705265e-12 2.8746235665203257e-12 3.776327692050202e-12
14.992777389284976 1.7592195292007366e-20 7.001185154925386e-12 2.836399165167299e-12 4.1647859897580865e-12
15.21937263962189 1.829319002300009e-20 7.390190430102033e-12 2.799023180639907e-12 4.591167249462126e-12
15.449392566130673 1.9037657808775877e-20 7.80718297725431e-12 2.7591517744288276e-12 5.048031202825483e-12
15.682888928090767 2.054253675179581e-20 8.551643195878064e-12 2.7206217257013595e-12 5.831021470176703e-12
15.919914267052077 2.2204362411678366e-20 9.383145802636465e-12 2.680470293323868e-12 6.702675509312595e-12
16.03976693895051 2.2999762592760515e-20 9.792438209953246e-12 2.6611001370844097e-12 7.131338072868835e-12
16.1605219186579 2.384334044257317e-20 1.0228028169422238e-11 2.6462732242336705e-12 7.581754945188566e-12
16.22123989475974 2.4209805157548485e-20 1.0424248945017183e-11 2.639329062974714e-12 7.784919882042469e-12
16.282185999175777 2.4585970695947244e-20 1.0625992481550614e-11 2.6323623487919226e-12 7.993630132758693e-12
16.312744867225646 2.4777763523473515e-20 1.072898358044898e-11 2.6288706417859518e-12 8.100112938663028e-12
16.343361089024967 2.4972068967994252e-20 1.0833413869292483e-11 2.62537342516724e-12 8.208040444125245e-12
16.404766024646595 2.536833762624946e-20 1.1046672601648545e-11 2.618362635699512e-12 8.428309965949035e-12
16.466401669612416 2.5775020214838723e-20 1.126593270395224e-11 2.6113303259856307e-12 8.654602377966608e-12
16.497306278852424 2.5982344486954716e-20 1.1377865797556576e-11 2.6078062091273627e-12 8.770059588429211e-12
16.528268890738765 2.6192366314542697e-20 1.1491362862559257e-11 2.6042768421225034e-12 8.887086020436756e-12
16.590368558098763 2.6620631697184743e-20 1.1723136560140862e-11 2.5972025316195453e-12 9.125934028521319e-12
16.65270154503456 2.7041397284559284e-20 1.195317451899633e-11 2.590070401910241e-12 9.363104117086093e-12
16.715268728169598 2.739114686421484e-20 1.2153266255665205e-11 2.5827604702829893e-12 9.570505785382211e-12
16.778070987420957 2.774814410157268e-20 1.2357920636312589e-11 2.575434026810337e-12 9.782486609502253e-12
16.9043842704834 2.8484406799745527e-20 1.2781327678016301e-11 2.56073277978628e-12 1.0220594898230023e-11
17.03164849990255 2.92512605965176e-20 1.322423948529676e-11 2.5459690297155714e-12 1.0678270455581192e-11
17.159870834853997 3.003079923972477e-20 1.3678873655952882e-11 2.531105511343459e-12 1.1147768144609425e-11
17.289058488411015 3.0653023203103997e-20 1.4067408224606905e-11 2.515812567947759e-12 1.1551595656659147e-11
17.35401657858945 3.0971352475125345e-20 1.4266899824858506e-11 2.5081509480552e-12 1.175874887680331e-11
17.386587088641786 3.113234740440013e-20 1.436797757118586e-11 2.5043164510461855e-12 1.1863661120139677e-11
17.419218727950305 3.1294572551985146e-20 1.4469953300852623e-11 2.5004795344971688e-12 1.1969473766355456e-11
17.48466585346766 3.162274386576987e-20 1.4676629145716147e-11 2.492798559531706e-12 1.2183830586184437e-11
17.550358875560836 3.195592763885002e-20 1.4886988867705845e-11 2.4851082576513095e-12 1.2401880610054539e-11
17.682486308455736 3.2550107447686207e-20 1.5277953716906857e-11 2.4696593764659965e-12 1.280829434044086e-11
17.81560845938729 3.2311378250531185e-20 1.5280078165332997e-11 2.4537891744146753e-12 1.2826288990918324e-11
17.882544892141226 3.219193540716234e-20 1.528079131179096e-11 2.445848591949947e-12 1.2834942719841015e-11
17.949732817065083 3.206582695372894e-20 1.5278118213762635e-11 2.4379045399976397e-12 1.2840213673764996e-11
18.084866926577256 3.175717957658022e-20 1.52449735549128e-11 2.422006610974139e-12 1.2822966943938656e-11
18.221018389814958 3.1446389734556854e-20 1.5209427677361386e-11 2.406128445063446e-12 1.2803299232297942e-11
18.496404071615608 3.0758639289731414e-20 1.5101631078425982e-11 2.37502854644427e-12 1.2726602531981716e-11
18.635790038622734 3.041979595344584e-20 1.504781829731068e-11 2.3604170720168108e-12 1.2687401225293867e-11
18.776226396166493 3.0080791335088254e-20 1.4992256479004432e-11 2.3457337962159295e-12 1.2646522682788506e-11
18.91772105982334 2.9721943421220314e-20 1.492503828088033e-11 2.3308319264860445e-12 1.2594206354394284e-11
19.203636446149176 2.901366969563115e-20 1.478957081217452e-11 2.3009308881434266e-12 1.2488639924031096e-11
19.4938730510763 2.8293366306642845e-20 1.464037459319727e-11 2.2705984502242443e-12 1.2369776142973025e-11
19.78849618389234 2.7567212608089105e-20 1.4480217333269543e-11 2.239927031951512e-12 1.224029030131803e-11
20.08757214094514 2.6834405585761568e-20 1.4308327172033284e-11 2.208894202284022e-12 1.2099432969749261e-11
20.391466406516905 2.6099661132707827e-20 1.4127091561032386e-11 2.1775614271524123e-12 1.194953013387997e-11
20.699681925472166 2.5352185377858328e-20 1.3929916300471182e-11 2.1461237001054706e-12 1.1783792600365713e-11
21.012556099387844 2.4554988190549983e-20 1.3695820284079571e-11 2.114604185959506e-12 1.1581216098120067e-11
21.652507708764745 2.2963259503314876e-20 1.3198092525260677e-11 2.0540556126693504e-12 1.1144036912591323e-11
21.979755641372343 2.2195022143411145e-20 1.2949347205014066e-11 2.0239138060720673e-12 1.0925433398941993e-11
22.311949477282987 2.14436799116384e-20 1.2700074448457027e-11 1.993626237842764e-12 1.0706448210614265e-11
22.64916396703608 2.070865025420284e-20 1.2450116127728053e-11 1.963178264326312e-12 1.048693786340174e-11
22.991811201917592 1.9990150277218443e-20 1.2199967580214558e-11 1.9326098277222e-12 1.026735775249236e-11
23.339642165776596 1.9288284993075692e-20 1.194970655780765e-11 1.9019277800016175e-12 1.004777877780603e-11
23.69273528050995 1.86038545328139e-20 1.1700046024775318e-11 1.871202901540505e-12 9.828843123234811e-12
24.414313559781952 1.7290081648648666e-20 1.1204977665997565e-11 1.8112837746914851e-12 9.393693891306079e-12
24.78366481022829 1.666746270455563e-20 1.0964894359333413e-11 1.781814467155263e-12 9.183079892178148e-12
25.15860378059443 1.6068605208809648e-20 1.073085061938508e-11 1.7526215393846e-12 8.97822908000048e-12
25.924826076583233 1.4930225990235417e-20 1.0274286359497156e-11 1.6944555350551e-12 8.579830824442053e-12
26.714384190886577 1.385810574906514e-20 9.82694378205453e-12 1.6369207628281333e-12 8.190023019226393e-12
27.527988831636016 1.2844863083251101e-20 9.385845387658498e-12 1.5801516188941752e-12 7.805693768764326e-12
28.366372352060132 1.1892449587211626e-20 8.954566200661775e-12 1.5244904520649194e-12 7.430075748596855e-12
29.2302894097004 1.0995970396476904e-20 8.531710498049268e-12 1.4702318464627723e-12 7.061478651586493e-12
30.12051764570424 1.0164915721299715e-20 8.127100804208944e-12 1.4170013395275874e-12 6.710099464681357e-12
30.575747924857424 9.777822193334615e-21 7.93576242618484e-12 1.3906485933578133e-12 6.545113832827026e-12
31.037858384806153 9.408754838292313e-21 7.751635316118795e-12 1.3644806564039806e-12 6.387154659714815e-12
31.983137356627505 8.71156564699241e-21 7.395826423384153e-12 1.3131946727108391e-12 6.082631750673317e-12
32.95720543894392 8.075642660386288e-21 7.06475175210074e-12 1.2637368788523142e-12 5.8010148732484246e-12
33.960939423588975 7.485008389392891e-21 6.74747710534375e-12 1.2155627640051683e-12 5.531914341338584e-12
34.99524280568484 6.92738790937853e-21 6.4349911126137115e-12 1.1680424550377914e-12 5.266948657575919e-12
36.06104659690874 6.406438549563738e-21 6.1323145709508685e-12 1.1217093104335577e-12 5.0106052605173085e-12
37.159310163528254 5.9169335301965446e-21 5.8362483827005646e-12 1.0773394469303229e-12 4.758908935770241e-12
38.29102208995955 5.461379331325558e-21 5.550968136750599e-12 1.0344013254514086e-12 4.516566811299188e-12
39.45720106862597 5.032887723211863e-21 5.271241940310205e-12 9.92263432783087e-13 4.278978507527118e-12
40.65889681691763 4.6347839008469924e-21 5.0021246939655066e-12 9.512842095537519e-13 4.050840484411755e-12
41.897191022077855 4.267254959957031e-21 4.745728968671684e-12 9.118925130097714e-13 3.8338364556619125e-12
43.173198314866475 3.927871980299139e-21 4.501331321140696e-12 8.738490848079688e-13 3.6274822363327273e-12
44.48806727287728 3.610510023309981e-21 4.263649806420788e-12 8.3689210168271e-13 3.4267577047380765e-12
45.8429814544115 3.3163166270931128e-21 4.035508590635713e-12 8.010936064490114e-13 3.2344149841867032e-12
47.23916046383907 3.041463969297517e-21 3.813768081745037e-12 7.665616413435795e-13 3.047206440401457e-12
48.67786104940597 2.7869133975112967e-21 3.6010105444978807e-12 7.332397161421841e-13 2.8677708283556973e-12
50.16037823447602 2.5496612429754392e-21 3.394788466641678e-12 7.010886829424502e-13 2.6936997836992275e-12
51.68804648322576 2.330226886037072e-21 3.1971113366264575e-12 6.700702486900489e-13 2.52704108793641e-12
53.26224090184056 2.1261950346436198e-21 3.006020702153492e-12 6.401016897135218e-13 2.3659190124399704e-12
54.884378476295105 1.9377046180413574e-21 2.8229667173474934e-12 6.111730774561814e-13 2.211793639891312e-12
56.55591934783037 1.7630381342610625e-21 2.6467273528424528e-12 5.833767316460863e-13 2.0633506211963655e-12
58.27836812727644 1.6019610289576694e-21 2.478156687558922e-12 5.56670055574485e-13 1.921486631984438e-12
60.05327524940399 1.4573651707553716e-21 2.323135373260802e-12 5.308653928678645e-13 1.792269980392937e-12
61.88223836852342 1.327857568903045e-21 2.181157068122278e-12 5.05926175973798e-13 1.6752308921484796e-12
62.81758386220369 1.267725942309034e-21 2.1138591148537904e-12 4.938379489530431e-13 1.6200211659007472e-12
63.7670670344103 1.2123503299418791e-21 2.0520786885507217e-12 4.82010137812497e-13 1.5700685507382245e-12
65.70913619443517 1.1120113585741751e-21 1.939565338899233e-12 4.591298769178914e-13 1.4804354619813413e-12
67.71035238438829 1.0186441451153292e-21 1.830825700917535e-12 4.370611015725985e-13 1.3937645993449371e-12
69.77251696707448 9.311162763006735e-22 1.724478330122498e-12 4.1571322291679303e-13 1.308765107205705e-12
71.89748616702131 8.5021764241654e-22 1.6226066499106867e-12 3.952422955127649e-13 1.2273643543979218e-12
74.08717274132995 7.7568676100322e-22 1.52545300980777e-12 3.7571184470197626e-13 1.1497411651057942e-12
76.34354770141287 7.073147921091299e-22 1.4333574613389296e-12 3.5693932524790453e-13 1.0764181360910254e-12
78.66864208716851 6.4474086224820345e-22 1.346344754291277e-12 3.3881465674834376e-13 1.0075300975429332e-12
81.06454879518883 5.877307441690062e-22 1.264674646203001e-12 3.2141907784450245e-13 9.432555683584982e-13
83.5334244626476 5.364895332206141e-22 1.1895726544137754e-12 3.0480250199642146e-13 8.847701524173542e-13
86.07749140856238 4.895150019788442e-22 1.1184718052021635e-12 2.8887559797148456e-13 8.295962072306791e-13
88.69903963417964 4.456929284884116e-22 1.049359006059353e-12 2.7357113119067944e-13 7.757878748686731e-13
91.4004288842828 4.053387480769961e-22 9.83412645433833e-13 2.589031902203741e-13 7.245094552134591e-13
94.18409077127889 3.682887456642518e-22 9.207366493273245e-13 2.448792861446364e-13 6.758573631826882e-13
97.05253096397554 3.343940251558654e-22 8.614593867531007e-13 2.314652244933931e-13 6.299941622597077e-13
100.00833144301866 3.0399154308107774e-22 8.069880736956456e-13 2.186449994200247e-13 5.883430742756208e-13
103.05415282502196 2.762960203001635e-22 7.558046507942563e-13 2.063943288707278e-13 5.494103219235286e-13
106.19273675747671 2.5153516384370782e-22 7.090272931279313e-13 1.9467479995700432e-13 5.143524931709271e-13
109.4269083866038 2.289753327033514e-22 6.650928226157825e-13 1.8348572489116972e-13 4.816070977246127e-13
112.75957890036308 2.0797455338020496e-22 6.224910027985508e-13 1.7284962918099362e-13 4.4964137361755726e-13
116.1937481489129 1.8864038266039044e-22 5.818176114405036e-13 1.6272476002855196e-13 4.1909285141195173e-13
119.73250734487735 1.706443370844809e-22 5.423421905071272e-13 1.5304852397758802e-13 3.8929366652953916e-13
123.37904184585196 1.5410757557485467e-22 5.047017544432944e-13 1.4382896731283007e-13 3.608727871304644e-13
127.13663402165271 1.388091531693601e-22 4.684446107663512e-13 1.3510527472029897e-13 3.333393360460523e-13
131.0086662088879 1.2481048072838338e-22 4.340307648424709e-13 1.2683884907609667e-13 3.0719191576637435e-13
134.99862375551584 1.1193793412043997e-22 4.0112161172898167e-13 1.1896247421703364e-13 2.8215913751194806e-13
139.11009815812417 1.002078852120432e-22 3.7002407955896935e-13 1.1147524285659709e-13 2.585488367023723e-13
143.3467902947586 8.960315482118222e-23 3.4094215901753276e-13 1.0441014077183361e-13 2.365320182456991e-13
147.71251375620898 8.004639684697017e-23 3.138546082672184e-13 9.774384454456188e-14 2.161107637226565e-13
152.21119827875228 7.180654657190361e-23 2.901216097407992e-13 9.14253801257304e-14 1.986962296150689e-13
156.84689328144228 6.46598683729612e-23 2.692031703287688e-13 8.544098736853193e-14 1.8376218296023685e-13
159.21741877681018 6.133130319390736e-23 2.592043017462884e-13 8.257782878619849e-14 1.766264729600899e-13
161.62377151112827 5.813333788710436e-23 2.494019988332587e-13 7.979962714877684e-14 1.6960237168448185e-13
166.54613279848823 5.212571302887673e-23 2.304390067406706e-13 7.448938351222414e-14 1.5594962322844645e-13
171.61840792845166 4.6729037117924384e-23 2.128727810755665e-13 6.948292507288046e-14 1.433898560026861e-13
176.84516262850022 4.1914050502422916e-23 1.9675340190728577e-13 6.476405392698087e-14 1.319893479803049e-13
179.5181642894721 3.968626982303107e-23 1.8911157535110782e-13 6.251051827263801e-14 1.2660105707846976e-13
182.2315681744764 3.752288731678108e-23 1.8150529314559846e-13 6.032602944713368e-14 1.2117926369846475e-13
187.78155384880017 3.3425729370029766e-23 1.6661084004514565e-13 5.615870227976341e-14 1.1045213776538231e-13
190.61961427604518 3.1546302276389476e-23 1.596193286519563e-13 5.4171855860460254e-14 1.0544747279149601e-13
193.5005680909718 2.9776310445392255e-23 1.5294051954280077e-13 5.224724995341803e-14 1.0069326958938273e-13
199.3937587803602 2.656277277694209e-23 1.4058999019627806e-13 4.857928704703079e-14 9.201070314924724e-14
205.46643057848152 2.37371609111586e-23 1.2946103751690094e-13 4.5140000837122043e-14 8.432103667977888e-14
211.72404970390772 2.1305869559145123e-23 1.1973989945418007e-13 4.191559040890061e-14 7.78243090452795e-14
218.17224885259444 1.9119846335018548e-23 1.1072695038251371e-13 3.8899166954390507e-14 7.18277834281232e-14
224.8168322680627 1.709437578937289e-23 1.0201205682793198e-13 3.60840700203772e-14 6.592798680755476e-14
231.66378096599615 1.525524740277895e-23 9.380950156160159e-14 3.34535655896213e-14 6.035593597198031e-14
238.71925811795668 1.3580503073283064e-23 8.605433390089389e-14 3.099102421967998e-14 5.506330968121392e-14
245.98961459906556 1.2070110010276552e-23 7.881292275933482e-14 2.869346328869377e-14 5.011945947064106e-14
249.71106150874405 1.1358632860574276e-23 7.528930291907422e-14 2.7605907916858478e-14 4.768339500221575e-14
253.4888082224776 1.067464325905496e-23 7.182598536001619e-14 2.6558486853022646e-14 4.5267498506993553e-14
261.20898134247824 9.427630329436855e-24 6.53672302660494e-14 2.4573279554759928e-14 4.079395071128948e-14
269.1642775569489 8.35871641783893e-24 5.972091402035085e-14 2.2717798559959158e-14 3.700311546039169e-14
277.3618576987742 7.416642193199528e-24 5.460387930268528e-14 2.0990103425168892e-14 3.361377587751639e-14
285.8091006888481 6.526028888957548e-24 4.951017694018597e-14 1.9390482949271673e-14 3.011969399091429e-14
294.5136101780917 5.726390398196698e-24 4.4766769468717303e-14 1.7906081841087295e-14 2.6860687627629996e-14
303.4832213917586 5.0477982830960844e-24 4.066362671516855e-14 1.6523824581016142e-14 2.4139802134152407e-14
312.7260081821858 4.4563311471340084e-24 3.69922621297789e-14 1.524005484138581e-14 2.175220728839309e-14
322.25029029634635 3.941163170366766e-24 3.371220553200422e-14 1.4052438888784935e-14 1.9659766643219287e-14
332.0646408647343 3.487422491745411e-24 3.073948806040404e-14 1.2953002524085056e-14 1.7786485536318987e-14
342.17789411833206 3.0807626916436746e-24 2.7982056458855423e-14 1.1933861889497289e-14 1.6048194569358126e-14
352.59915334060224 2.7184333455579926e-24 2.5443062631430005e-14 1.0990026587122463e-14 1.445303604430754e-14
363.337799061663 2.3999909430639987e-24 2.3146728464931097e-14 1.0117350282690727e-14 1.3029378182240366e-14
374.40349750202313 2.1195077837524808e-24 2.106416974858641e-14 9.310758235048755e-15 1.175341151353766e-14
380.062092440151 1.9918243844578874e-24 2.0094399528781217e-14 8.930820431950662e-15 1.1163579096830556e-14
385.80620927347337 1.871805948138374e-24 1.9169000516866754e-14 8.565713502124373e-15 1.0603287014742383e-14
397.5561983449763 1.6528134395790828e-24 1.744181989430546e-14 7.87772313739177e-15 9.56409675691369e-15
409.6640412816112 1.4578800023466942e-24 1.5853277321300497e-14 7.242063286098506e-15 8.611214035201995e-15
415.8555509384264 1.3686528901721735e-24 1.5107940119179588e-14 6.942686379227516e-15 8.165253739952073e-15
422.1406367649012 1.2846006933001173e-24 1.4394439079651448e-14 6.6550495539413794e-15 7.73938952571006e-15
434.9972154030873 1.1318600007155975e-24 1.3069188513479786e-14 6.114021724881921e-15 6.9551667885978624e-15
448.24534984018095 9.97445781744722e-25 1.186791764316428e-14 5.615699718286544e-15 6.252217924877732e-15
461.89696517289525 8.79083942530452e-25 1.0778166520657323e-14 5.155952051345166e-15 5.6222144693121585e-15
475.9643496848308 7.7485458807707025e-25 9.789580156836385e-15 4.731720093022088e-15 5.057860063814299e-15
490.4601659075747 6.825988885775184e-25 8.886663806363141e-15 4.341505029943919e-15 4.54515877641922e-15
505.39746201868155 6.00781357277679e-25 8.059701126946597e-15 3.983173237425029e-15 4.0765278895215665e-15
520.7896835867783 5.287074787443593e-25 7.308819883249965e-15 3.653787340587977e-15 3.655032542661988e-15
536.6506856743796 4.65434341436287e-25 6.6300918599568194e-15 3.3511102790272948e-15 3.2789815809295255e-15
552.9947453093008 4.0971442073167488e-25 6.014114437994431e-15 3.0727977217650015e-15 2.9413167162294307e-15
569.8365743358964 3.6060429734567783e-25 5.454446062544314e-15 2.816893585543962e-15 2.6375524770003532e-15
587.1913326576936 3.173300861897562e-25 4.946070691522735e-15 2.581673171392122e-15 2.3643975201306136e-15
605.0746418833327 2.792068157228595e-25 4.4844005910354856e-15 2.365536717868201e-15 2.1188638731672856e-15
623.502599388115 2.456291007388888e-25 4.065252445144782e-15 2.166998847555669e-15 1.8982535975891134e-15
642.4917928037942 2.1606129960230526e-25 3.684800685705626e-15 1.984681462998546e-15 1.70011922270708e-15
662.0593149496696 1.9002957093861868e-25 3.3395467011859764e-15 1.817311449031073e-15 1.5222352521549042e-15
682.2227792184137 1.671151643453379e-25 3.026296737886151e-15 1.6637072663760908e-15 1.36258947151006e-15
703.0003354304876 1.4694836085981952e-25 2.742140552113985e-15 1.5227781337249395e-15 1.2193624183890456e-15
724.4106861714122 1.2920274582600114e-25 2.4844257659807833e-15 1.3935177727842524e-15 1.090907993196532e-15
746.4731036265977 1.1358994764923334e-25 2.250730502235264e-15 1.2749887172537905e-15 9.757417849814738e-16
769.2074469289008 9.98555086306158e-26 2.0388484311161544e-15 1.166324771573219e-15 8.725236595429354e-16
792.6341800345017 8.777510056964793e-26 1.846773205696093e-15 1.0667311687766776e-15 7.800420369194148e-16
816.7743901432078 7.715095564284939e-26 1.6726799647501299e-15 9.75474931056881e-16 6.972050336932489e-16
841.6498066797607 6.780855858770997e-26 1.514904911743204e-15 8.91876700109105e-16 6.23028211634099e-16
867.2828208532309 5.95940294069516e-26 1.371933080063019e-15 8.153093703076767e-16 5.566237097553423e-16
893.6965058121084 5.237198384416469e-26 1.2423916337894525e-15 7.451976930792207e-16 4.971939407102317e-16
920.9146374132232 4.602319787094601e-26 1.1250338787568843e-15 6.810123468200391e-16 4.44021531936845e-16
948.9617156232121 4.0442521095189876e-26 1.0187235492137757e-15 6.222641262795821e-16 3.964594229341936e-16
977.8629865717667 3.553736668028424e-26 9.2242843952628e-16 5.685027830655454e-16 3.5392565646073434e-16
1007.6444652765354 3.122626347653236e-26 8.352120983911112e-16 5.19314399915586e-16 3.1589769847552496e-16
1038.332959060126 2.7437488346832087e-26 7.562239471136926e-16 4.743179534867747e-16 2.819059936269178e-16
1069.95609168029 2.4107951606230528e-26 6.846927034353853e-16 4.331637182382445e-16 2.5152898519714103e-16
1102.542328195006 2.11821628942569e-26 6.199190869202453e-16 3.955307725204667e-16 2.2438831439977846e-16
1136.1210005848498 1.8611278515091256e-26 5.612679312803558e-16 3.61123654943815e-16 2.0014427633654053e-16
1170.7223341557005 1.635231383248753e-26 5.08162426402648e-16 3.296703791365151e-16 1.7849204726613276e-16
1206.3774747455793 1.4367488373952566e-26 4.600801614220041e-16 3.009218265942771e-16 1.5915833482772691e-16
1243.1185167600695 1.2623604681058012e-26 4.165482884316592e-16 2.7464999662642937e-16 1.4189829180522977e-16
1280.9785320615858 1.1091456110951601e-26 3.7713761435536997e-16 2.5064523798837857e-16 1.2649237636699133e-16
1319.9915997384837 9.745340067154485e-27 3.4145824122921726e-16 2.2871462540187565e-16 1.127436158273416e-16
1360.1928367808064 8.56267755271885e-27 3.0915730045317606e-16 2.086815331793836e-16 1.0047576727379253e-16
1401.618429690285 7.523648731392005e-27 2.799160126917971e-16 1.9038469619841214e-16 8.953131649338491e-17
1444.305667053031 6.610823436973518e-27 2.534452209637956e-16 1.736760815113058e-16 7.976913945248985e-17
1488.2929731042755 5.808865515312297e-27 2.294822959348699e-16 1.5841940594692511e-16 7.106288998794482e-17
1533.6199423153234 5.104304502304635e-27 2.077895751061892e-16 1.444900088909517e-16 6.32995662152375e-17
1580.327375033885 4.485311549588367e-27 1.881521176842979e-16 1.3177410415837216e-16 5.637801352592574e-17
1628.457314209858 3.941493711652513e-27 1.7037530653354309e-16 1.2016747569923206e-16 5.020783083431103e-17
1678.0530832396191 3.4637118410379274e-27 1.542825763315455e-16 1.095743783128782e-16 4.4708198018667295e-17
1729.1593249628888 3.0439378621005782e-27 1.3971409655073937e-16 9.990720908345198e-17 3.980688746728743e-17
1781.8220418472597 2.675124494783117e-27 1.2652541139283103e-16 9.108603921247267e-17 3.5439372180358367e-17
1836.0886373966016 2.351079758332814e-27 1.14585704299213e-16 8.303772025908601e-17 3.1547984040127007e-17
1892.007958820556 2.066362427128229e-27 1.0377646868948073e-16 7.569521293194485e-17 2.808125575753587e-17
1949.6303410035755 1.8161905729682908e-27 9.399031932329404e-17 6.899711529790652e-17 2.4993204025387536e-17
2009.0076518130663 1.596368586293558e-27 8.513030649186696e-17 6.288752067599988e-17 2.2242785815867056e-17
2070.1933387874215 1.4032117065287782e-27 7.710872802008243e-17 5.731534261481753e-17 1.9793385405264894e-17
2133.242477245972 1.2334785114925098e-27 6.984595243496306e-17 5.2233680245542026e-17 1.761227218942102e-17
2198.211819864143 1.0843223212524399e-27 6.326993230826152e-17 4.759968950197651e-17 1.567024280628498e-17
2265.1598477584885 9.532442510274449e-28 5.731555240916643e-17 4.337428298197308e-17 1.3941269427193346e-17
2334.1468231275226 8.380487617091132e-28 5.1923850692938246e-17 3.952174049955885e-17 1.2402110193379394e-17
2405.2348434957767 7.36807712252462e-28 4.704149146325247e-17 3.6009424244374104e-17 1.1032067218878361e-17
2478.487897609897 6.478279001938301e-28 4.262023927966642e-17 3.2807539720740506e-17 9.812699558925912e-18
2553.971923037092 5.696208710022341e-28 3.8616369836224156e-17 2.988884699686623e-17 8.72752283935793e-18
2631.7548655177807 5.008789358967097e-28 3.4990297554467966e-17 2.7228460769026176e-17 7.761836785441796e-18
2711.906740125872 4.404539856278144e-28 3.1706238910360065e-17 2.4803683140262357e-17 6.902555770097713e-18
2794.4996942916955 3.8733728870486173e-28 2.873179821733008e-17 2.2593782099248082e-17 6.138016118081985e-18
2879.6080727443887 3.4064288209144745e-28 2.603767093175494e-17 2.057984459378297e-17 5.457826337971961e-18
2967.308484432098 2.995927013779787e-28 2.3597356859976152e-17 1.874462108716816e-17 4.852735772807995e-18
3057.6798714803062 2.635027900100194e-28 2.138684221317111e-17 1.7072350399233015e-17 4.314491813938092e-18
