Dust emission spectrum from A.P. Jones, M. Kohler, N. Ysard, M. Bocchio, and L. Verstraete (2017), A&A, 602A, 46J 
inside the DustPedia framework.

lambda    nu*dP/dnu     j_nu    j_nu(carb.) j_nu(sil)
 (um)   (erg s-1 H-1) (Jy cm2 sr-1 H-1)
0.9927057738263894 1.3102116049436558e-25 3.4524819975600223e-18 3.452481956656315e-18 4.0903706182542154e-26
1.0001793341362166 1.3320511900746798e-25 3.536455721021888e-18 3.5364556717715915e-18 4.9250298557143595e-26
1.0077091589558085 1.353901060956607e-25 3.6215256662227875e-18 3.621525607000395e-18 5.922239255766862e-26
1.0114953028030835 1.3648277304518039e-25 3.6644697523855675e-18 3.664469687475719e-18 6.490984969546641e-26
1.0152956718711033 1.375754434499813e-25 3.707685506032101e-18 3.707685434911982e-18 7.112011912117842e-26
1.0229392996569957 1.3975939422315996e-25 3.794899739641813e-18 3.794899654344939e-18 8.529687476900967e-26
1.0267826658714554 1.4084808878917496e-25 3.838830349512718e-18 3.838830256143332e-18 9.336938647409403e-26
1.0306404723013447 1.4193640091165511e-25 3.883027036718292e-18 3.883026934546044e-18 1.0217224855987685e-25
1.03451277320114 1.4302424975652366e-25 3.927488921478794e-18 3.927488809710549e-18 1.1176824637614992e-25
1.0383996230291617 1.4411155519595338e-25 3.972215116286619e-18 3.9722149940613626e-18 1.2222525796631857e-25
1.0403485208654093 1.4465497929730886e-25 3.9946770506707065e-18 3.9946769228713626e-18 1.2779934289855495e-25
1.0423010764483396 1.451982378307373e-25 4.017204726604433e-18 4.0172045929877925e-18 1.3361664050046333e-25
1.0462171883269815 1.462842190123683e-25 4.06245685157106e-18 4.0624567055494164e-18 1.4602164383374078e-25
1.0471985131304309 1.4655559556234265e-25 4.073810794612468e-18 4.073810645321312e-18 1.4929115658074437e-25
1.048180758391296 1.4682692219122964e-25 4.0851810739748256e-18 4.085180921344086e-18 1.526307384160329e-25
1.0501480137395462 1.4736942086482284e-25 4.107970584714984e-18 4.1079704251891316e-18 1.5952585292405577e-25
1.0521189612883777 1.479117054228708e-25 4.130825269724286e-18 4.130825103005534e-18 1.667187529510696e-25
1.0531058218030118 1.481823685776477e-25 4.14226595156952e-18 4.1422657811386e-18 1.704309183680268e-25
1.0540936079674168 1.4845167772690812e-25 4.153686576109624e-18 4.1536864018866445e-18 1.7422297943864409e-25
1.058054026499678 1.4952826601424796e-25 4.199528901141758e-18 4.199528710926854e-18 1.9021490183558388e-25
1.0590464539527713 1.4979724515682827e-25 4.211029365741003e-18 4.211029171313792e-18 1.9442720998719385e-25
1.06003981227728 1.5006615479883425e-25 4.222545754292534e-18 4.222545555563809e-18 1.987287253258468e-25
1.0620293250338977 1.5060376095077585e-25 4.245626244418203e-18 4.245626036811607e-18 2.076065964376727e-25
1.0660195594769086 1.5167808850830278e-25 4.291977664556278e-18 4.291977438042099e-18 2.2651417910090505e-25
1.070024785945596 1.5275117555217883e-25 4.338582218702833e-18 4.338581971640006e-18 2.4706282770595604e-25
1.0740450607676866 1.5382294986100464e-25 4.3854389632941696e-18 4.385438693906729e-18 2.693874414360042e-25
1.07808044048254 1.5489334014602566e-25 4.432546954822752e-18 4.432546661189409e-18 2.9363334422021995e-25
1.0861967418109137 1.570278888680336e-25 4.5274610289413974e-18 4.5274606804143664e-18 3.485270307777188e-25
1.0902777775684922 1.5808781761081262e-25 4.575146418708893e-18 4.575146039184194e-18 3.7952470071564257e-25
1.0943741465085532 1.591460151470094e-25 4.623075931860721e-18 4.623075518715726e-18 4.13144994723267e-25
1.1026131145906286 1.6125695406941789e-25 4.719663537081461e-18 4.719663047973301e-18 4.89108160464104e-25
1.1109141095355224 1.6336019123461948e-25 4.8172163187865095e-18 4.817215740496591e-18 5.782899182271824e-25
1.1192775983109025 1.6545339042935088e-25 4.915672215768009e-18 4.915671532915822e-18 6.828521862858875e-25
1.1277040513999907 1.6752762121297305e-25 5.014769728171711e-18 5.0147689228852845e-18 8.05286425233731e-25
1.1361939428280308 1.6959244581121192e-25 5.114797052285615e-18 5.114796103825844e-18 9.484597705897339e-25
1.1447477501889525 1.7164742658218486e-25 5.21574713752412e-18 5.215746021856703e-18 1.1156674182240885e-24
1.1533659546722406 1.7369312008336599e-25 5.3176429957044204e-18 5.317641685011143e-18 1.3106932768774665e-24
1.1707974979042381 1.7776306993810802e-25 5.524497234928049e-18 5.524495432736707e-18 1.8021913425722567e-24
1.1884924949847024 1.81790587137302e-25 5.7350507976436236e-18 5.735048331983757e-18 2.4656598627932372e-24
1.2064549276569216 1.8580545805841374e-25 5.9503019122689295e-18 5.95029855544534e-18 3.3568235903001944e-24
1.2246888378427687 1.8977080050110211e-25 6.1691393768282695e-18 6.1691348290185916e-18 4.547809679497247e-24
1.2431983285522175 1.9367973688115228e-25 6.3913711363584116e-18 6.3913650047078655e-18 6.1316505447179356e-24
1.2619875648066055 1.9753369172196875e-25 6.6170693909069435e-18 6.6170611631766345e-18 8.227730306458017e-24
1.3004222497298317 2.0502939924626804e-25 7.077338432858653e-18 7.07732382598631e-18 1.4606872340440073e-23
1.3400274889804893 2.122512176145984e-25 7.549763212829538e-18 7.54973775408329e-18 2.5458746248156484e-23
1.3808389325824078 2.1919733954106446e-25 8.034294282705807e-18 8.034250699282796e-18 4.3583423011527607e-23
1.4228933163050095 2.259150840428016e-25 8.532710314260572e-18 8.532636994006498e-18 7.332025407670119e-23
1.466228494730424 2.3254666593152496e-25 9.050679909726955e-18 9.050558637528844e-18 1.2127219810857003e-22
1.5108834753276823 2.3902854969086406e-25 9.586281564149098e-18 9.586084265539502e-18 1.9729860959426495e-22
1.5568984535646726 2.4531403308684703e-25 1.0137995937759383e-17 1.0137679879804896e-17 3.1605795448977127e-22
1.6043148490894465 2.5143689770880337e-25 1.0707499083270652e-17 1.0706999632931408e-17 4.9945033923809e-22
1.6531753430134553 2.5743600168946347e-25 1.1296857066963324e-17 1.1296079397909259e-17 7.776690540668769e-22
1.7035239163302658 2.633715920856874e-25 1.1909309921923125e-17 1.1908116546380382e-17 1.1933755427407208e-21
1.755405889504358 2.6946258398945554e-25 1.2555830790190797e-17 1.2554025046042871e-17 1.8057441479277938e-21
1.8088679632656115 2.7569280885246025e-25 1.3237370920684643e-17 1.3234675754445507e-17 2.6951662391347176e-21
1.8639582606462262 2.8205622612381656e-25 1.3955368439007715e-17 1.3951398925677843e-17 3.9695133298682774e-21
1.9207263702978936 2.886023788113344e-25 1.4714138462072105e-17 1.470836714961434e-17 5.771312457763377e-21
1.979223391128241 2.9541087730829745e-25 1.551996474585868e-17 1.551167837018323e-17 8.286375675448568e-21
2.039501978296691 3.025674712738437e-25 1.6380071743121127e-17 1.636831839098813e-17 1.1753352132997266e-20
2.1016163906111602 3.1027929951414737e-25 1.7309147637583274e-17 1.729267190383358e-17 1.6475733749699167e-20
2.1656225393682647 3.1867303396585383e-25 1.831882066255211e-17 1.8295987681924998e-17 2.2832980627110138e-20
2.231578038680979 3.2776536391812617e-25 1.941532076988524e-17 1.938402757446685e-17 3.1293195418389185e-20
2.299542257339062 3.3763329884830602e-25 2.060896111736053e-17 2.0566534443110274e-17 4.2426674250255566e-20
2.369576372248914 3.484215984678459e-25 2.1915188605983687e-17 2.1858267970735202e-17 5.692063524848683e-20
2.4417434235010123 3.6029730615892945e-25 2.3352343742521035e-17 2.3276752350794323e-17 7.559139172671045e-20
2.5161083711144245 3.73539315264375e-25 2.4947963158064754e-17 2.4848563153784988e-17 9.940000427976304e-20
2.5927381535095444 3.885888221813915e-25 2.6743509330030815e-17 2.661404573855861e-17 1.2946359147221955e-19
2.6717017477616296 4.0593074748608845e-25 2.878785828416808e-17 2.8620800389985746e-17 1.6705789418232916e-19
2.753070231689431 4.262761997346814e-25 3.1151417181785635e-17 3.0937793306765484e-17 2.1362387502014485e-19
2.836916847834745 4.512618515458263e-25 3.398166549624804e-17 3.371088625388507e-17 2.707792423629573e-19
2.9233170693905177 4.844539381543789e-25 3.759220896578758e-17 3.725195487780592e-17 3.4025408798166355e-19
2.967498994190263 5.075950507365303e-25 3.9983185549242037e-17 3.9603665426014315e-17 3.7952012322772063e-19
3.0123486681368425 5.334660726176594e-25 4.265613240886892e-17 4.2233377575471944e-17 4.2275483339697303e-19
3.0578761833420214 5.818813263646669e-25 4.7230631192691107e-17 4.676020703841154e-17 4.70424154279587e-19
3.1040917844459814 6.416726811796958e-25 5.2871001530261555e-17 5.2348546501151624e-17 5.2245502910993935e-19
3.127460860933648 7.005265490640845e-25 5.815484674198275e-17 5.760447119683037e-17 5.503755451523918e-19
3.1510058709225794 7.773001448137067e-25 6.501407591203847e-17 6.443455181239814e-17 5.795240996403496e-19
3.162844764501044 8.473422871968433e-25 7.11387435795722e-17 7.054411757503595e-17 5.946260045362632e-19
3.1747281389236908 9.280194739641278e-25 7.820473777091074e-17 7.759469054958702e-17 6.100472213237109e-19
3.1986289994194426 1.150442884862889e-24 9.767836147519404e-17 9.703641670840909e-17 6.419447667849549e-19
3.2227097969389145 1.6693747618996736e-24 1.42805349282905e-16 1.4212955735099639e-16 6.757919319086233e-19
3.2348180950136065 2.159116930576805e-24 1.8539390823374327e-16 1.847000413741489e-16 6.938668595943723e-19
3.240889293275058 2.5249348705804582e-24 2.1721199743889037e-16 2.1650859628633999e-16 7.034011525504468e-19
3.2469718861334385 2.9483029253545523e-24 2.541090103014141e-16 2.5339574367443868e-16 7.132666269754353e-19
3.2714166318528037 5.1959900304944965e-24 4.512046840219556e-16 4.504506092511518e-16 7.540747708040277e-19
3.2744851364798273 5.3367720146310135e-24 4.638644678765433e-16 4.631055729102571e-16 7.588949662860872e-19
3.2775565192852394 5.48151714082686e-24 4.768923975191072e-16 4.761286572302205e-16 7.6374028888668235e-19
3.283707930232385 5.343782163353202e-24 4.657819994890837e-16 4.6500957183966e-16 7.724276494236996e-19
3.2898708863219004 4.904551548983516e-24 4.282995228920757e-16 4.275191686303711e-16 7.803542617045878e-19
3.29141343181113 4.800909974089136e-24 4.194453965870341e-16 4.1866305136621265e-16 7.823452208213624e-19
3.292184975758714 4.7499752089641074e-24 4.150926129220251e-16 4.143092708234834e-16 7.833420985415085e-19
3.295272960557952 4.42930688683537e-24 3.8743299109862693e-16 3.8664576744647806e-16 7.872236521488802e-19
3.3076538914384823 3.3160619486347854e-24 2.9114687129539833e-16 2.903440468351123e-16 8.02824460286108e-19
3.310756385682612 3.088846426436391e-24 2.714519555579893e-16 2.7064519658841916e-16 8.067589695701227e-19
3.313861789986515 2.8789552020026305e-24 2.532437475320806e-16 2.5243304029249107e-16 8.107072395895082e-19
3.3200813396944477 2.5851642794036774e-24 2.2782758321792864e-16 2.270083931519213e-16 8.191900660073481e-19
3.345076488085796 2.0658241757445964e-24 1.8342935601076092e-16 1.8257238729589463e-16 8.569687148662426e-19
3.3482140837626964 2.08626725624418e-24 1.8541829951675934e-16 1.8455621402947814e-16 8.620854872811327e-19
3.3513546224236106 2.1069232262188055e-24 1.8742975122963108e-16 1.8656252475068513e-16 8.6722647894599025e-19
3.3576445397418455 2.25408628748196e-24 2.0089757167998078e-16 2.000196002336182e-16 8.779714463624843e-19
3.3702598118196083 2.792872938912635e-24 2.498526688506298e-16 2.4895215699713696e-16 9.005118534929066e-19
3.382922481734668 2.9186667771491893e-24 2.620873103197203e-16 2.6116484767326566e-16 9.224626464546268e-19
3.389271646505754 2.983735626240453e-24 2.6843315223987305e-16 2.6749955522572347e-16 9.33597014149507e-19
3.395632727569191 3.0542394373945528e-24 2.7529176763477724e-16 2.743466956796395e-16 9.450719551377464e-19
3.421196662673239 3.393347679157525e-24 3.081596925011393e-16 3.071670726263166e-16 9.926198748227568e-19
3.4276182099114902 3.328834687509553e-24 3.028684973037248e-16 3.0186522052262014e-16 1.0032767811046307e-18
3.4340518103208963 3.0399908593610765e-24 2.771076746657193e-16 2.760942960719798e-16 1.013378593739403e-18
3.4469541582030403 2.6281263571126992e-24 2.4046461755862683e-16 2.3943180448795975e-16 1.0328130706670171e-18
3.472904465399547 2.516102224080067e-24 2.3194795685843104e-16 2.3087044002084546e-16 1.0775168375855224e-18
3.4990501388274233 2.3433995663779917e-24 2.1765364466470284e-16 2.1653027738530373e-16 1.123367279399138e-18
3.5253949054701885 1.7198850720023512e-24 1.609446825533087e-16 1.597766057815223e-16 1.168076771786389e-18
3.5519380250092896 1.1314405303493668e-24 1.0667595622597565e-16 1.0546280736250657e-16 1.2131488634690575e-18
3.578680990867387 9.012250384926116e-25 8.561023093976537e-17 8.434765934468322e-17 1.2625715950821633e-18
3.605625307711299 8.115177813543064e-25 7.76690631348872e-17 7.635435663116937e-17 1.3147065037178353e-18
3.660119384959845 7.532438182701835e-25 7.318132367735884e-17 7.175671551755275e-17 1.4246081598060866e-18
3.715437065384467 7.1482489849269375e-25 7.049835991997905e-17 6.895735248926136e-17 1.5410074307177045e-18
3.8285932144167436 7.122313342080474e-25 7.238185927187474e-17 7.058877984537322e-17 1.7930794265014983e-18
3.94519561050918 7.303004319781092e-25 7.647853001575268e-17 7.440768757254659e-17 2.0708424432060984e-18
4.06534921144712 7.57115476860963e-25 8.170138416916813e-17 7.932667989990907e-17 2.374704269259063e-18
4.189162171576248 7.8916064265921195e-25 8.77530104001107e-17 8.504704707402247e-17 2.7059633260882308e-18
4.316745939156006 8.2505110515588825e-25 9.453807884613638e-17 9.147383039070952e-17 3.0642484554268818e-18
4.448215356677963 8.642377130857137e-25 1.0204422977919515e-16 9.85986261157383e-17 3.4456036634568316e-18
4.58368876423945 9.066946289692899e-25 1.1031780122001061e-16 1.0646650101259651e-16 3.8513002074140735e-18
4.723288106065518 9.527682281197842e-25 1.1945412086335762e-16 1.1516946909612123e-16 4.28465176723638e-18
4.867139040275056 1.0031028552431558e-24 1.2959512132969824e-16 1.2485922551117128e-16 4.735895818526927e-18
4.940699165968905 1.0309231152373484e-24 1.3520231299752048e-16 1.3023253835570517e-16 4.969774641815255e-18
5.015371051989984 1.0591741909044162e-24 1.4100674637152554e-16 1.3579812559106799e-16 5.208620780457564e-18
5.091171501069577 1.0910330503765388e-24 1.47443308231837e-16 1.4198598651807374e-16 5.457321713763257e-18
5.129500256944802 1.1071468580307275e-24 1.5074736196721115e-16 1.4516395233272942e-16 5.5834096344817745e-18
5.168117569889187 1.1236604761684906e-24 1.5414765528459984e-16 1.4843591932939292e-16 5.711735955206911e-18
5.20702561229733 1.1427122172194206e-24 1.5794141246216414e-16 1.5209037287197699e-16 5.851039590187156e-18
5.246226572918644 1.1620208043281356e-24 1.6181932284483354e-16 1.5582741008282002e-16 5.991912762013577e-18
5.265937586045735 1.1717735523039358e-24 1.6379054647105758e-16 1.5772761891392082e-16 6.062927557136726e-18
5.285722656980489 1.1815931277534789e-24 1.6578367451529182e-16 1.5964935236329017e-16 6.134322152001674e-18
5.305582063971359 1.191480457283418e-24 1.6779900947303992e-16 1.6159291726933177e-16 6.206092203708148e-18
5.3255160863122235 1.2018938324510274e-24 1.6990151071044397e-16 1.636227735803695e-16 6.278737130074456e-18
5.365609099470188 1.2265305932494429e-24 1.746895186491438e-16 1.682604701597916e-16 6.429048489352189e-18
5.406003951863644 1.2517540768796023e-24 1.7962418325700378e-16 1.73043145787349e-16 6.5810374696547844e-18
5.446702915881641 1.277591786694498e-24 1.8471205159872267e-16 1.7797738062036585e-16 6.734670978356858e-18
5.487708281020852 1.304964195883456e-24 1.9008990166946206e-16 1.8319939994708029e-16 6.890501722381722e-18
5.529022354014368 1.3410722459318269e-24 1.9682032905636505e-16 1.8976724809676933e-16 7.053080959595697e-18
5.570647458961463 1.3787267195688748e-24 2.0386998928738997e-16 1.9665251136727647e-16 7.217477920113499e-18
5.612585937458331 1.4180381856747994e-24 2.1126150180386115e-16 2.038778414852649e-16 7.383660318596204e-18
5.654840148729818 1.4605096881970653e-24 2.1922708439717115e-16 2.1167475443160797e-16 7.552329965563163e-18
5.67608639626678 1.4886500322792821e-24 2.2429058387625565e-16 2.1665006693095885e-16 7.64051694529676e-18
5.686739436050992 1.5030700147325231e-24 2.2688823337261293e-16 2.1920343242833762e-16 7.68480094427521e-18
5.6974124697621304 1.5177305825070258e-24 2.295312279772876e-16 2.2180201665490515e-16 7.729211322382492e-18
5.718818669136295 1.547796464201153e-24 2.3495766067136323e-16 2.271392513619132e-16 7.818409309450016e-18
5.740305295436557 1.5806386732918115e-24 2.408446632046649e-16 2.3293594405081395e-16 7.908719153850972e-18
5.7835210386641895 1.6644808735797025e-24 2.5552921564351977e-16 2.474335944677503e-16 8.0956211757694e-18
5.827062130521658 1.7596078080148766e-24 2.721666841310392e-16 2.6388045027449463e-16 8.2862338565446e-18
5.8489554468988025 1.8257068789341182e-24 2.8345152520002724e-16 2.7506262475702665e-16 8.388900443000576e-18
5.870931020387893 1.896074581765302e-24 2.9548254231961394e-16 2.869902622400928e-16 8.492280079521206e-18
5.892989160043636 1.9710492017529164e-24 3.0832059870916884e-16 2.997242282086054e-16 8.596370500563387e-18
5.915130176081913 2.0558377116778316e-24 3.227918553654361e-16 3.140876526336545e-16 8.704202731781626e-18
5.95966208400165 2.291556364696658e-24 3.625113534013818e-16 3.5356298771315833e-16 8.948365688223445e-18
6.004529249263818 2.6283274619288104e-24 4.1891688982432707e-16 4.09694555777501e-16 9.222334046826248e-18
6.027089341400364 2.8615177334724557e-24 4.577975919474314e-16 4.484177369211185e-16 9.379855026313068e-18
6.049734195844842 3.135640416092644e-24 5.035376865958996e-16 4.93991114384938e-16 9.546572210961722e-18
6.095279466722835 3.925145055491644e-24 6.350658602649105e-16 6.251121905725882e-16 9.953669692322412e-18
6.141167624020661 5.1338348606120424e-24 8.368782470237461e-16 8.263995372869813e-16 1.0478709736764665e-17
6.164241091010745 5.9052972473732414e-24 9.662529041636226e-16 9.554462784503731e-16 1.0806625713249428e-17
6.187401249150058 6.779506385999815e-24 1.1134629941482724e-15 1.1023191741791615e-15 1.1143819969110988e-17
6.1990139391386085 7.20603664369047e-24 1.1857373830554205e-15 1.1744218896075682e-15 1.131549344785203e-17
6.204828454712694 7.430316268789228e-24 1.2237889058740826e-15 1.2123866517991403e-15 1.1402254074942702e-17
6.210648424152782 7.594007770662657e-24 1.2519224152811908e-15 1.2404458605027969e-15 1.1476554778393977e-17
6.233982942956859 8.148631073397583e-24 1.3484029637334624e-15 1.3366657330336264e-15 1.1737230699836083e-17
6.239830258556775 8.218778296551573e-24 1.3612863013848317e-15 1.3495116780462757e-15 1.1774623338555996e-17
6.245683058788269 8.223876341930845e-24 1.363408340422262e-15 1.3515962461142055e-15 1.1812094308056469e-17
6.257405133728602 8.206367325600367e-24 1.3630590158942779e-15 1.3511806157834506e-15 1.187840011082753e-17
6.269149208991335 8.094577041735954e-24 1.347014281702285e-15 1.3351080541217744e-15 1.1906227580510942e-17
6.280915325867298 7.817662859337503e-24 1.303374767336295e-15 1.2914883533625866e-15 1.1886413973708453e-17
6.304513850009849 7.13621384832709e-24 1.1942325168897165e-15 1.1824289086725202e-15 1.1803608217196121e-17
6.32820103803542 6.2948143404775304e-24 1.0573837363287324e-15 1.045708877795866e-15 1.1674858532866272e-17
6.3519772230701035 5.524352156171955e-24 9.314503721714273e-16 9.198896954326633e-16 1.156067673876401e-17
6.375842739491607 4.875237864724727e-24 8.250928803013347e-16 8.13631505677286e-16 1.1461374624048897e-17
6.399797922933955 4.357633091007173e-24 7.402635309188083e-16 7.288467041386516e-16 1.1416826780156895e-17
6.42384311029221 3.926569876034441e-24 6.695417900796132e-16 6.581586251464794e-16 1.1383164933133897e-17
6.447978639727206 3.6137912216874e-24 6.185233248621658e-16 6.07130960491345e-16 1.1392364370821003e-17
6.472204850670314 3.3530046702231105e-24 5.760442501036065e-16 5.646341079902443e-16 1.141014211336216e-17
6.496522083828205 3.1845365669832584e-24 5.491570865126198e-16 5.376942881442961e-16 1.1462798368323734e-17
6.520930681187647 3.042676043176977e-24 5.266653320394611e-16 5.151444345943356e-16 1.1520897445125562e-17
6.57002334288761 2.8989115515571944e-24 5.055583764333852e-16 4.938724478886387e-16 1.1685928544746549e-17
6.619489833774732 2.885550339869027e-24 5.070171010155926e-16 4.951256711226089e-16 1.1891429892983685e-17
6.6693287637831435 2.9418725615820547e-24 5.20805323947859e-16 5.086907185831014e-16 1.2114605364757378e-17
6.719538636694507 3.0119485165851806e-24 5.372252697945584e-16 5.248935325219454e-16 1.2331737272613076e-17
6.770126513364129 3.1862786496267942e-24 5.725981901106937e-16 5.600305095558263e-16 1.2567680554867275e-17
6.8210952395837445 3.449714558699293e-24 6.246067999689735e-16 6.117754130367058e-16 1.2831386932267828e-17
6.872447682569556 3.781192772624152e-24 6.897785651699775e-16 6.766562986518671e-16 1.3122266518110415e-17
6.924186731123532 4.1989759749366685e-24 7.717588070574353e-16 7.583196789148642e-16 1.3439128142571281e-17
6.976315295795916 4.538659685759114e-24 8.404718138347171e-16 8.26709909532376e-16 1.376190430234134e-17
7.028836309048954 4.592780193154738e-24 8.568968046263351e-16 8.428286830263101e-16 1.4068121600024944e-17
7.081752725421856 4.45417354878227e-24 8.372927407603393e-16 8.229247975666306e-16 1.436794319370855e-17
7.135067521697011 4.365355325514976e-24 8.267745888972561e-16 8.120750084154137e-16 1.4699580481842292e-17
7.1887836970674375 4.453555728873699e-24 8.498293785683742e-16 8.347441975245901e-16 1.508518104378413e-17
7.242904273305506 4.746301780496119e-24 9.125097774177742e-16 8.969702061308593e-16 1.5539571286914964e-17
7.297432294932914 5.2047463132396484e-24 1.0081823117486468e-15 9.920903247346917e-16 1.6091987013954535e-17
7.352370829391971 5.7284299559199e-24 1.1179759048084821e-15 1.1011602225387925e-15 1.6815682269689426e-17
7.379995003818881 6.053756197976023e-24 1.1859064402029935e-15 1.168664902966596e-15 1.7241537236397773e-17
7.407722967218148 6.411514811978541e-24 1.2607088898932576e-15 1.243022009572781e-15 1.7686880320476766e-17
7.463496598684601 7.316346180946859e-24 1.4494592785625978e-15 1.4307676603074877e-15 1.869161825511045e-17
7.519690156487492 8.483930011976156e-24 1.6934269083143415e-15 1.6735554300167922e-15 1.987147829754887e-17
7.533803324048627 8.823271254916623e-24 1.7644661959494528e-15 1.7442604526130122e-15 2.0205743336441142e-17
7.547942979602549 9.177322307278087e-24 1.8387133449455955e-15 1.818167626366451e-15 2.0545718579144055e-17
7.57630195363571 9.922279566349965e-24 1.995437674560408e-15 1.9741904354756486e-15 2.1247239084759554e-17
7.590521371821866 1.0298542043128318e-23 2.074993720538606e-15 2.053378599083366e-15 2.161512145524098e-17
7.604767477414989 1.0690053421773677e-23 2.157919543206147e-15 2.135930103808274e-15 2.198943939787342e-17
7.633339951266878 1.1475369678027051e-23 2.3251486458290886e-15 2.3024084318847904e-15 2.274021394429784e-17
7.662019777021956 1.208327627568326e-23 2.457521959004775e-15 2.4341014745431505e-15 2.342048446162444e-17
7.690807358020558 1.2496244630432275e-23 2.5510612424106393e-15 2.5270633464924545e-15 2.399789591818444e-17
7.719703099118437 1.2701553014462978e-23 2.6027164437171572e-15 2.578252648406216e-15 2.4463795310941508e-17
7.748707406692464 1.2656528104950895e-23 2.60323445089046e-15 2.578331147422842e-15 2.4903303467618082e-17
7.777823177463063 1.2422008550257715e-23 2.56459813719352e-15 2.5388332052772595e-15 2.576493191626011e-17
7.807048350752435 1.2068836390993129e-23 2.501046129683567e-15 2.4742987810062148e-15 2.6747348677352718e-17
7.836380830085272 1.158457677723415e-23 2.409711991253947e-15 2.381996780358926e-15 2.7715210895021433e-17
7.851088371676256 1.1250482141595344e-23 2.3446090309532227e-15 2.3164740930862384e-15 2.813493786698414e-17
7.86582351679805 1.089694205362918e-23 2.2751931555229087e-15 2.246665498124141e-15 2.8527657398767256e-17
7.89537682495964 1.0118464722282857e-23 2.1205910174411977e-15 2.0913841473607094e-15 2.9206870080488446e-17
7.9250411701946435 9.281209034943332e-24 1.9524301889917443e-15 1.9225069958670326e-15 2.992319312471159e-17
7.939915112024199 8.838567251277452e-24 1.8628040053957963e-15 1.832501179504652e-15 3.030282589114444e-17
7.954816969689239 8.420023274609993e-24 1.7779228704632185e-15 1.7472206778443312e-15 3.0702192618887247e-17
7.9847046421970465 7.64890379220747e-24 1.6211660021766516e-15 1.589594214854515e-15 3.1571787322137214e-17
8.044817289139356 6.354889339435642e-24 1.3570430040174384e-15 1.3233783908921434e-15 3.366461312529501e-17
8.07504310897143 5.877612590040616e-24 1.2598395548869863e-15 1.2249109267186187e-15 3.4928628168367864e-17
8.105382492623747 5.456207878073888e-24 1.1739074407014402e-15 1.1376292322484932e-15 3.6278208452946984e-17
8.135835866775926 5.1234779583551696e-24 1.1064619502792361e-15 1.0688309151742658e-15 3.763103510497063e-17
8.166403659710703 4.8743303562397285e-24 1.0566112637462198e-15 1.0175128638153989e-15 3.909839993082099e-17
8.197086301319933 4.6914995344329116e-24 1.0207998982872216e-15 9.801595845904416e-16 4.064031369678012e-17
8.227884223110665 4.532213364973535e-24 9.898467287852367e-16 9.475734601546427e-16 4.2273268630594264e-17
8.258797858211198 4.445714724464211e-24 9.746032621383107e-16 9.301829083268538e-16 4.4420353811457146e-17
8.289827641377162 4.43478857444244e-24 9.758607575338426e-16 9.272179979922903e-16 4.86427595415526e-17
8.320974008997652 4.4824452314883444e-24 9.90053333516919e-16 9.363372445720077e-16 5.3716088944911206e-17
8.35223739910135 4.5548633650680106e-24 1.0098284843589621e-15 9.505669530603515e-16 5.926153129861097e-17
8.383618251362687 4.733011529048329e-24 1.0532670300465789e-15 9.883960675816029e-16 6.487096246497568e-17
8.415117007108037 4.9808422545244874e-24 1.1125828973150755e-15 1.0416171993137366e-15 7.096569800133922e-17
8.446734109321913 5.30391563091966e-24 1.189199899020098e-15 1.1119883354538787e-15 7.721156356621947e-17
8.478470002653195 5.708689407719651e-24 1.2847639324019163e-15 1.2011432156941176e-15 8.36207167077986e-17
8.542299949622933 6.5848444076799766e-24 1.4931029981400094e-15 1.3960290894582666e-15 9.707390868174269e-17
8.558332380220154 6.771099939703278e-24 1.5382177062199645e-15 1.4376976764679726e-15 1.0052002975199253e-16
8.574394900937412 6.891865712550432e-24 1.5685910082633798e-15 1.4646457458823151e-15 1.0394526238106425e-16
8.606610438733982 6.912932718815041e-24 1.5792973587206902e-15 1.468624196277032e-15 1.106731624436584e-16
8.622764948673899 6.835115309383947e-24 1.5644504995715203e-15 1.450408053961828e-15 1.1404244560969218e-16
8.638949780445296 6.653920374422042e-24 1.5258364379947077e-15 1.4085187628335589e-15 1.1731767516114922e-16
8.655163606183647 6.47006770601574e-24 1.486461071424617e-15 1.365787290680995e-15 1.2067378074362225e-16
8.671407862489573 6.249810475212315e-24 1.4385530910913878e-15 1.314513626262991e-15 1.2403946482839659e-16
8.703987895363145 5.724440448128248e-24 1.3225763520431856e-15 1.1917968359389237e-15 1.307795161042619e-16
8.736690337257128 5.260870876442252e-24 1.220039856347652e-15 1.0821818909438859e-15 1.3785796540376628e-16
8.802464289484785 4.4891231802313106e-24 1.0489027581024312e-15 8.960350375541507e-16 1.5286772054828032e-16
8.868733419248175 4.0058660124995506e-24 9.430342212610493e-16 7.723240343874055e-16 1.7071018687364373e-16
8.935501454478851 3.732568081036073e-24 8.853114900833074e-16 6.906818330014195e-16 1.9462965708188802e-16
9.002772151174003 3.5846075534280015e-24 8.56618220029814e-16 6.364921274588489e-16 2.2012609257096507e-16
9.07054929360775 3.514510855915613e-24 8.46190041586262e-16 5.997137565049599e-16 2.464762850813021e-16
9.13883669454403 3.493533288215273e-24 8.474717607557913e-16 5.737143723673082e-16 2.7375738838848345e-16
9.207638195451068 3.510032920239927e-24 8.578845935362045e-16 5.569024996998327e-16 3.009820938363723e-16
9.276957666717493 3.5447236895903316e-24 8.728857337326304e-16 5.422402477040269e-16 3.3064548602860346e-16
9.346799007870057 3.600192110415179e-24 8.93219123689788e-16 5.337619725660782e-16 3.594571511237099e-16
9.417166147792997 3.664752986571568e-24 9.160820494649994e-16 5.263391814249974e-16 3.8974286804000194e-16
9.488063044949055 3.710861767856134e-24 9.345913813246403e-16 5.227067041777753e-16 4.118846771468649e-16
9.559493687602165 3.763789667347419e-24 9.5505782998588e-16 5.196497275745731e-16 4.354081024113068e-16
9.631462094041797 3.822940316434911e-24 9.77370374238903e-16 5.192813376108326e-16 4.580890366280707e-16
9.703972312809022 3.8832650623128325e-24 1.0002671752562933e-15 5.192651930818964e-16 4.810019821743969e-16
9.777099908821425 3.913532834690653e-24 1.0156602788245347e-15 5.214679131005025e-16 4.941923657240319e-16
9.924867353363874 3.96341624063568e-24 1.0441522502666608e-15 5.285421045934695e-16 5.156101456731912e-16
10.074868099996943 3.968541479484809e-24 1.0613038167217586e-15 5.407675245738769e-16 5.205362921478815e-16
10.150790707826552 3.957857726494471e-24 1.066422955557476e-15 5.485196787456823e-16 5.179032768117938e-16
10.22721067892732 3.95663708913318e-24 1.0741201237242368e-15 5.594062804891978e-16 5.147138432350388e-16
10.304205975847633 3.957117496084676e-24 1.0823380092673282e-15 5.710308340240348e-16 5.113071752432931e-16
10.381780929913377 3.9579328451082186e-24 1.090711054166126e-15 5.873293619508176e-16 5.033816922153085e-16
10.459939905058707 3.963681659522931e-24 1.1005186065442655e-15 6.051412656788412e-16 4.953773408654242e-16
10.538687298071551 3.99007234801479e-24 1.1161863877109295e-15 6.309263665462969e-16 4.852600211646328e-16
10.618027538840941 4.025558248952414e-24 1.1345911602869335e-15 6.597405147359766e-16 4.748506455509569e-16
10.697971937068667 4.088786339730498e-24 1.161088448581809e-15 7.010103374646234e-16 4.600781111171854e-16
10.778518246224262 4.204325823102186e-24 1.2028870780523825e-15 7.578653367364892e-16 4.450217413158939e-16
10.859664048220797 4.408921535175862e-24 1.2709199386429087e-15 8.410949043292807e-16 4.2982503431362813e-16
10.941420754335242 4.7538178472589836e-24 1.3806566500682424e-15 9.660721566468694e-16 4.145844934213728e-16
10.961955922839442 4.8810743807551825e-24 1.4202765295490018e-15 1.0095577415402414e-15 4.1071878800876e-16
10.982529632329763 5.025664077872103e-24 1.4650932692456815e-15 1.0582095150303857e-15 4.068837542152959e-16
11.023792963743814 5.384724000919621e-24 1.575665149097799e-15 1.1763916806021455e-15 3.992734684956536e-16
11.065211328886559 5.86538586556231e-24 1.7227637864213752e-15 1.3311158750463126e-15 3.916479113750625e-16
11.08597883104876 6.178173903196582e-24 1.8180407219161945e-15 1.430214900103356e-15 3.878258218128386e-16
11.106785310247485 6.529333203166004e-24 1.9249818640886835e-15 1.5409870314727449e-15 3.8399483261593935e-16
11.14851549250461 7.369420005476004e-24 2.1808198110439488e-15 1.8045101437669932e-15 3.763096672769562e-16
11.169441129330048 7.82228314738408e-24 2.3191797418373426e-15 1.9466539442924555e-15 3.725257975448872e-16
11.190406043337886 8.224425154732867e-24 2.442985171774401e-15 2.0742702685100023e-15 3.6871490326439915e-16
11.21140851448765 8.614746717668564e-24 2.5637290456698235e-15 2.1988837555321017e-15 3.6484529013772246e-16
11.22192452720434 8.820382299118382e-24 2.6273878401834503e-15 2.264461641461188e-15 3.6292619872226213e-16
11.232450403670388 8.906066708419214e-24 2.6553996060168443e-15 2.294224364289266e-15 3.6117524172757723e-16
11.253533585369773 8.975230221872437e-24 2.6810440022771542e-15 2.323265426719706e-15 3.577785755574478e-16
11.274656339961506 8.986033571295437e-24 2.6893094809582952e-15 2.334877215128487e-15 3.5443226582980847e-16
11.285231677511122 8.991574106158118e-24 2.693491691737765e-15 2.34070600870464e-15 3.5278568303312457e-16
11.295816934455262 8.904671106204616e-24 2.66996127157757e-15 2.318842914243794e-15 3.511183573337763e-16
11.317017243752359 8.68289921022069e-24 2.60835182560383e-15 2.2605672126038185e-15 3.4778461300001195e-16
11.338257342390673 8.461544328315138e-24 2.5466272205944704e-15 2.2021568895291018e-15 3.4447033106536843e-16
11.359537305047965 8.224425727648366e-24 2.479908505565438e-15 2.138804335476258e-15 3.4110417008918117e-16
11.402217121831576 7.697365563106046e-24 2.329704573283583e-15 1.995543681724995e-15 3.341608915585879e-16
11.423617126015266 7.424005969308574e-24 2.2511860262935577e-15 1.9205654471000132e-15 3.3062057919354506e-16
11.445057294333186 7.145639362128484e-24 2.170843411901387e-15 1.8438953886468167e-15 3.269480232545703e-16
11.488058425037956 6.5818614193526044e-24 2.0070805515017014e-15 1.6878617885084932e-15 3.192187629932078e-16
11.53122111869469 6.079080232646894e-24 1.8607267813624113e-15 1.5490580942504773e-15 3.116686871119341e-16
11.574545982324347 5.630246815636638e-24 1.7298196702197284e-15 1.4255258630162776e-15 3.042938072034503e-16
11.618033625228566 5.232556381079688e-24 1.6136746582102975e-15 1.316765694953972e-15 2.969089632563253e-16
11.661684658998247 4.897456964907652e-24 1.5160075182419128e-15 1.227090261192473e-15 2.8891725704943994e-16
11.705499697522141 4.6343472822378484e-24 1.4399518374820808e-15 1.159201659730765e-15 2.807501777513152e-16
11.749479356995494 4.4231009797197666e-24 1.379478417268314e-15 1.1071766637451416e-15 2.72301753523173e-16
11.793624255928705 4.238805930742748e-24 1.3269673996131724e-15 1.063056975034958e-15 2.639104245782146e-16
11.83793501515603 4.112279135096968e-24 1.292194745841707e-15 1.0371865542281194e-15 2.550081916135877e-16
11.882412257844306 4.000690217987845e-24 1.2618536068741536e-15 1.0156361971338464e-15 2.462174097403073e-16
11.92705660950172 3.929718032037106e-24 1.2441252469650938e-15 1.0071326204307894e-15 2.3699262653430454e-16
11.971868697986617 3.8705163731183174e-24 1.2299863365543058e-15 1.0021273004360195e-15 2.278590361182867e-16
12.016849153516302 3.85201696466424e-24 1.2287067206194747e-15 1.0106221029619937e-15 2.180846176574811e-16
12.061998608675935 3.842674141598574e-24 1.2303318446462224e-15 1.0218469150452986e-15 2.0848492960092413e-16
12.152807060118223 3.901690260624087e-24 1.2586321634167772e-15 1.0702162102829926e-15 1.8841595313378498e-16
12.198467333490619 3.971990797104253e-24 1.2861242712903793e-15 1.1083144928813638e-15 1.7780977840901509e-16
12.244299160690385 4.055621656582449e-24 1.3181377518963415e-15 1.1506887811826786e-15 1.674489707136628e-16
12.290303186275983 4.1742150633513324e-24 1.361779683240544e-15 1.205448405879734e-15 1.5633127736080984e-16
12.3364800572276 4.313100320410231e-24 1.4123757549168443e-15 1.2650487244483568e-15 1.473270304684876e-16
12.382830422956244 4.49594993816227e-24 1.477783541302775e-15 1.333535655523724e-15 1.4424788577905136e-16
12.429354935312874 4.6882712876069e-24 1.5467878687870903e-15 1.4055446832629607e-15 1.4124318552412946e-16
12.476058240797144 4.873267840211491e-24 1.6138646460062993e-15 1.475553888726029e-15 1.3831075728027003e-16
12.522937033967983 5.063391132388978e-24 1.6831278520328973e-15 1.5469346037779127e-15 1.3619324825498434e-16
12.569987951963114 5.21920958627544e-24 1.7414420680779674e-15 1.6042892699509514e-15 1.3715279812701567e-16
12.593579661530361 5.2721632156662465e-24 1.7624121307090021e-15 1.624791287951731e-15 1.376208427572709e-16
12.617215648686605 5.30933156358174e-24 1.778168065970807e-15 1.6400867773706209e-15 1.3808128860018642e-16
12.664620788327802 5.319878650475496e-24 1.788394597957675e-15 1.6494234938484665e-15 1.3897110410920795e-16
12.71220403757155 5.26332165322704e-24 1.776029599433341e-15 1.636200373430044e-15 1.3982922600329639e-16
12.736062662318053 5.2070540229858125e-24 1.7603405925430598e-15 1.6200963753068792e-15 1.4024421723618075e-16
12.759966065607527 5.134891104111269e-24 1.7392026576512438e-15 1.5985512403545613e-15 1.4065141729668293e-16
12.807907544139693 4.938428251823535e-24 1.6789445978347521e-15 1.5375082534032538e-15 1.4143634443149835e-16
12.856029147395699 4.7206035367571336e-24 1.6109193896340751e-15 1.4687139030113633e-15 1.4220548662271237e-16
12.904331552136407 4.4898690736880724e-24 1.5379372745494206e-15 1.39496227191574e-15 1.4297500263368093e-16
12.95281543766539 4.255090410592875e-24 1.4629935205514667e-15 1.319261680720291e-15 1.4373183983117626e-16
13.00148148583848 4.0411206559601286e-24 1.3946463428363513e-15 1.2501530310644304e-15 1.4449331177192078e-16
13.050330381073369 3.8460170037497594e-24 1.3323003420921569e-15 1.1870408619185408e-15 1.452594801736159e-16
13.099362810359226 3.6695565781510765e-24 1.2759486362707879e-15 1.129918919224868e-15 1.460297170459198e-16
13.197981031955921 3.374954374023766e-24 1.182346687283564e-15 1.0347685161191267e-15 1.4757817116443715e-16
13.247568211189632 3.255872855655732e-24 1.144914444126276e-15 9.96559267686149e-16 1.4835517644012742e-16
13.297341698339563 3.1484443480614453e-24 1.1112973609602402e-15 9.621624021791778e-16 1.4913495878106247e-16
13.397450398986955 2.9751978178800867e-24 1.0580530360285846e-15 9.07365742997652e-16 1.5068729303093273e-16
13.447787020368724 2.905612256734881e-24 1.0371890287588634e-15 8.857333401827621e-16 1.5145568857610142e-16
13.498312765455129 2.8419432610434014e-24 1.0182732216778226e-15 8.660504958950098e-16 1.5222272578281326e-16
13.59993447169816 2.7372642973069016e-24 9.881502428890793e-16 8.344333078739473e-16 1.5371693501513193e-16
13.702321234386334 2.657414715325793e-24 9.665468580901542e-16 8.107139716840765e-16 1.5583288640607735e-16
13.805478813227746 2.6114690687565737e-24 9.56986459858558e-16 7.932346998719036e-16 1.6375175998665428e-16
13.90941301129231 2.5747036664493213e-24 9.506168046115127e-16 7.781845124065562e-16 1.724322922049566e-16
13.96167316792965 2.5692173028202234e-24 9.521551889401044e-16 7.735012710728669e-16 1.7865391786723737e-16
14.014129675338197 2.5669522727151623e-24 9.548900296786143e-16 7.698159556880613e-16 1.8507407399055295e-16
14.119634696140762 2.581195401085802e-24 9.674171374156871e-16 7.6913054409521395e-16 1.9828659332047282e-16
14.225934008823913 2.59954888265011e-24 9.816308785314966e-16 7.696985430447333e-16 2.1193233548676337e-16
14.333033593193976 2.6199127873847125e-24 9.967686870686109e-16 7.703289161857831e-16 2.264397708828278e-16
14.44093947407611 2.638379375858788e-24 1.0113515030505713e-15 7.703796692533562e-16 2.409718337972147e-16
14.54965772165321 2.6593252974388123e-24 1.0270549373297166e-15 7.70603322814073e-16 2.564516145156437e-16
14.659194451807393 2.6828349200150167e-24 1.0439350742235972e-15 7.709930931772373e-16 2.7294198104635994e-16
14.769555826464039 2.7083579655550344e-24 1.0618005172650606e-15 7.714218806356384e-16 2.9037863662942247e-16
14.992777389284976 2.7553608500871026e-24 1.096553963839679e-15 7.706315491730819e-16 3.2592241466659764e-16
15.21937263962189 2.812787933392899e-24 1.1363266024750774e-15 7.705447236282811e-16 3.657818788467965e-16
15.449392566130673 2.872831268767256e-24 1.178123884951044e-15 7.684923984712699e-16 4.0963148647977397e-16
15.682888928090767 3.0020043092359707e-24 1.2497029960445457e-15 7.674743496697968e-16 4.822286463747491e-16
15.919914267052077 3.148169760287045e-24 1.330357311079017e-15 7.650360109312794e-16 5.653213001477383e-16
16.03976693895051 3.2224231827217445e-24 1.3719872009920677e-15 7.64421175081957e-16 6.075660259101105e-16
16.1605219186579 3.311456970116312e-24 1.4205088105735258e-15 7.67959976930262e-16 6.525488336432641e-16
16.22123989475974 3.352991983412066e-24 1.4437300473207782e-15 7.702174434042538e-16 6.735126039165243e-16
16.282185999175777 3.395800769871292e-24 1.4676562457403473e-15 7.724813585846409e-16 6.951748871557066e-16
16.312744867225646 3.417695064291606e-24 1.4798912013599576e-15 7.736157125755631e-16 7.062754887843946e-16
16.343361089024967 3.439922644464914e-24 1.4923114994437193e-15 7.747516526371201e-16 7.175598468065984e-16
16.404766024646595 3.485398205099855e-24 1.517720767728676e-15 7.770282561810885e-16 7.406925115475882e-16
16.466401669612416 3.532269376694915e-24 1.5439099080576701e-15 7.793111008537431e-16 7.645988072039267e-16
16.497306278852424 3.5562417916287995e-24 1.5573052643163172e-15 7.804548424316488e-16 7.768504218846684e-16
16.528268890738765 3.580579454700751e-24 1.5709057088647117e-15 7.816001189962351e-16 7.893055898684768e-16
16.590368558098763 3.6303731504568275e-24 1.5987359237450041e-15 7.838952434695889e-16 8.14840680275415e-16
16.65270154503456 3.679982016040528e-24 1.6266713883759752e-15 7.861675241003579e-16 8.405038642756182e-16
16.715268728169598 3.723551977725724e-24 1.6521147809707327e-15 7.883228354235373e-16 8.637919455471952e-16
16.778070987420957 3.768252540448112e-24 1.6782299263683635e-15 7.904849560190268e-16 8.877449703493362e-16
16.9043842704834 3.861162586557244e-24 1.7325543966506618e-15 7.948293020706573e-16 9.37725094580005e-16
17.03164849990255 3.958954557186815e-24 1.789808784578613e-15 7.99199926521586e-16 9.906088580570267e-16
17.159870834853997 4.0600564172105024e-24 1.849334688821694e-15 8.035635038274735e-16 1.0457711849942208e-15
17.289058488411015 4.148086226041776e-24 1.9036563508257726e-15 8.076415495790351e-16 1.0960148012467378e-15
17.35401657858945 4.193539755643269e-24 1.931746818398572e-15 8.096918161768871e-16 1.1220550022216852e-15
17.386587088641786 4.21663501195849e-24 1.946031132529821e-15 8.107197172538135e-16 1.1353114152760077e-15
17.419218727950305 4.2399793735659804e-24 1.960477441580721e-15 8.117494473112981e-16 1.1487279942694229e-15
17.48466585346766 4.287425926757766e-24 1.9898640226746858e-15 8.138143465513319e-16 1.1760496761233542e-15
17.550358875560836 4.335900749476459e-24 2.0199227798494394e-15 8.158864188553643e-16 1.2040363609940754e-15
17.682486308455736 4.4273830848810356e-24 2.0780685276243838e-15 8.200151566168453e-16 1.2580533710075387e-15
17.81560845938729 4.437747853693688e-24 2.0986147219320035e-15 8.238240581246103e-16 1.2747906638073936e-15
17.882544892141226 4.443003053544716e-24 2.108994119184319e-15 8.257416357772147e-16 1.2832524834071035e-15
17.949732817065083 4.4476388602430696e-24 2.1191267693477035e-15 8.276677905186345e-16 1.2914589788290688e-15
18.084866926577256 4.451279126413238e-24 2.1368280644717338e-15 8.315453243700578e-16 1.3052827401016756e-15
18.221018389814958 4.454786651188418e-24 2.154611577394164e-15 8.354850059446586e-16 1.319126571449505e-15
18.496404071615608 4.4560930076603104e-24 2.1878169583173158e-15 8.441103064358184e-16 1.3437066518814975e-15
18.635790038622734 4.458915708047911e-24 2.205700310429888e-15 8.49434103722408e-16 1.3562662067074805e-15
18.776226396166493 4.461543689686851e-24 2.223631903261989e-15 8.547541860369372e-16 1.3688777172250515e-15
18.91772105982334 4.46157747757533e-24 2.2404058073262857e-15 8.599392706198862e-16 1.3804665367064004e-15
19.203636446149176 4.461955093258404e-24 2.2744589534782195e-15 8.703328833081728e-16 1.4041260701700462e-15
19.4938730510763 4.4595747815954304e-24 2.307602588582892e-15 8.805128666592243e-16 1.4270897219236678e-15
19.78849618389234 4.455057764020246e-24 2.3401061823839846e-15 8.90523668196248e-16 1.4495825141877359e-15
20.08757214094514 4.448033280043426e-24 2.3717281621741365e-15 9.002949528183197e-16 1.471433209355817e-15
20.391466406516905 4.43909049086252e-24 2.4027682770767356e-15 9.098867891693704e-16 1.4928814879073647e-15
20.699681925472166 4.426528145005412e-24 2.4321834840896188e-15 9.193770584505233e-16 1.5128064256390957e-15
21.012556099387844 4.405409798376627e-24 2.4571667641652458e-15 9.287987746121952e-16 1.5283679895530503e-15
21.652507708764745 4.360520449900405e-24 2.5062013669169704e-15 9.503265076854875e-16 1.5558748592314835e-15
21.979755641372343 4.338297030590181e-24 2.531113245330594e-15 9.612800277770749e-16 1.569833217553519e-15
22.311949477282987 4.315588476386017e-24 2.555918348196331e-15 9.720712959554715e-16 1.5838470522408604e-15
22.64916396703608 4.292228027199694e-24 2.5805031583108522e-15 9.82641511785688e-16 1.597861646525164e-15
22.991811201917592 4.26840201447665e-24 2.6050012367982862e-15 9.930430728088364e-16 1.61195816398945e-15
23.339642165776596 4.243957124873526e-24 2.6292665368829598e-15 1.003199523219522e-15 1.6260670136634379e-15
23.69273528050995 4.219111041388584e-24 2.653417509839973e-15 1.013159880570712e-15 1.6402576292692602e-15
24.414313559781952 4.171107761498033e-24 2.703120220008179e-15 1.0343220050874058e-15 1.6687982149207735e-15
24.78366481022829 4.14892673069198e-24 2.7294222349882847e-15 1.045303455415899e-15 1.6841187795723862e-15
25.15860378059443 4.128085070339709e-24 2.756795854916068e-15 1.0564542899037618e-15 1.7003415650123057e-15
25.924826076583233 4.0874704281876614e-24 2.812806831768144e-15 1.078299422717487e-15 1.7345074090506575e-15
26.714384190886577 4.047148977289215e-24 2.8698803572128565e-15 1.0999369172092936e-15 1.7699434400035624e-15
27.527988831636016 4.0060229937142066e-24 2.927233415779598e-15 1.1213865993221577e-15 1.8058468164574396e-15
28.366372352060132 3.965368120610429e-24 2.9857727027224938e-15 1.1430489656060827e-15 1.8427237371164103e-15
29.2302894097004 3.9248472115406055e-24 3.045266488591961e-15 1.1653179288213408e-15 1.8799485597706197e-15
30.12051764570424 3.886868752244052e-24 3.107647424564992e-15 1.1875446794037027e-15 1.9201027451612898e-15
30.575747924857424 3.870105984170007e-24 3.1410104466274193e-15 1.19839746044606e-15 1.94261298618136e-15
31.037858384806153 3.854903488566954e-24 3.1759575561040646e-15 1.2090647192281823e-15 1.9668928368758826e-15
31.983137356627505 3.826849358655044e-24 3.2488664784180248e-15 1.2306683731046676e-15 2.018198105313357e-15
32.95720543894392 3.806055941472881e-24 3.3296223609561955e-15 1.2534118489990553e-15 2.0762105119571404e-15
33.960939423588975 3.7876125860229285e-24 3.414402212871062e-15 1.2763390775343152e-15 2.138063135336748e-15
34.99524280568484 3.76647341655148e-24 3.4987535386305434e-15 1.2981317326368947e-15 2.200621805993649e-15
36.06104659690874 3.74548464160144e-24 3.5852197543562315e-15 1.319748918995822e-15 2.2654708353604096e-15
37.159310163528254 3.724298388960883e-24 3.673512696794696e-15 1.3428497468549447e-15 2.330662949939751e-15
38.29102208995955 3.7038348219820434e-24 3.76459275822166e-15 1.3664172238551833e-15 2.3981755343664755e-15
39.45720106862597 3.6800982485826755e-24 3.854385255391983e-15 1.388981688563425e-15 2.465403566828558e-15
40.65889681691763 3.656209944035181e-24 3.945991536744226e-15 1.4113226573352876e-15 2.5346688794089373e-15
41.897191022077855 3.633726358854726e-24 4.041164778590215e-15 1.4345350805963547e-15 2.60662969799386e-15
43.173198314866475 3.6123517310979394e-24 4.139745916293741e-15 1.458131728944054e-15 2.6816141873496863e-15
44.48806727287728 3.5884013211265264e-24 4.237541649075671e-15 1.4814523021126764e-15 2.7560893469629935e-15
45.8429814544115 3.563834310680599e-24 4.336704118918879e-15 1.5047227336050115e-15 2.831981385313868e-15
47.23916046383907 3.536561608760589e-24 4.434583450196593e-15 1.5283100180958237e-15 2.9062734321007697e-15
48.67786104940597 3.508313253205698e-24 4.533141585769055e-15 1.552150766031333e-15 2.9809908197377213e-15
50.16037823447602 3.477045548198795e-24 4.629569578128761e-15 1.5762286189674744e-15 3.0533409591612865e-15
51.68804648322576 3.444289551246772e-24 4.725624460389957e-15 1.6005151769356506e-15 3.125109283454306e-15
53.26224090184056 3.408135882089849e-24 4.8184323876155765e-15 1.6247930354637516e-15 3.193639352151825e-15
54.884378476295105 3.3698758274589536e-24 4.9094414153413694e-15 1.6491162507466246e-15 3.2603251645947447e-15
56.55591934783037 3.3284822122844604e-24 4.996820399687598e-15 1.6739785903646226e-15 3.3228418093229765e-15
58.27836812727644 3.284782259549228e-24 5.081400219188432e-15 1.6993744463600731e-15 3.3820257728283553e-15
60.05327524940399 3.2458586616385384e-24 5.174110939915685e-15 1.7246189083556977e-15 3.4494920315599862e-15
61.88223836852342 3.212525243692055e-24 5.276938058641886e-15 1.7496173860107668e-15 3.5273206726311175e-15
62.81758386220369 3.1968982158316274e-24 5.330641432238006e-15 1.7623326642203604e-15 3.5683087680176454e-15
63.7670670344103 3.1865057576590232e-24 5.393622944408927e-15 1.7752511002323418e-15 3.6183718441765855e-15
65.70913619443517 3.1752600866521338e-24 5.538274729457138e-15 1.8017693260054496e-15 3.736505403451689e-15
67.71035238438829 3.1612306106946826e-24 5.6817312270830266e-15 1.8281829074004362e-15 3.853548319682591e-15
69.77251696707448 3.141814910569756e-24 5.8188132550523e-15 1.8540496458529897e-15 3.9647636091993104e-15
71.89748616702131 3.1204344956484234e-24 5.955225474807592e-15 1.8803508189728204e-15 4.074874655834772e-15
74.08717274132995 3.0976938344402105e-24 6.091874479201244e-15 1.907678599209615e-15 4.184195879991629e-15
76.34354770141287 3.0743108873888725e-24 6.230021622726738e-15 1.935066470720948e-15 4.29495515200579e-15
78.66864208716851 3.0506465263907083e-24 6.370345341043225e-15 1.96183523313896e-15 4.408510107904268e-15
81.06454879518883 3.027833459712485e-24 6.515269530161545e-15 1.9886003113240624e-15 4.526669218837479e-15
83.5334244626476 3.0095093137148054e-24 6.673065849593249e-15 2.0158706074553576e-15 4.657195242137893e-15
86.07749140856238 2.990481432930807e-24 6.8328225962280655e-15 2.0430912258601065e-15 4.789731370367959e-15
88.69903963417964 2.965612226090493e-24 6.982367677410208e-15 2.0697674354686147e-15 4.912600241941594e-15
91.4004288842828 2.9377262793310637e-24 7.127364915452575e-15 2.0960533888253703e-15 5.031311526627206e-15
94.18409077127889 2.9071404137025913e-24 7.267967743105521e-15 2.122087993075597e-15 5.145879750029926e-15
97.05253096397554 2.8744695566368136e-24 7.405152590111623e-15 2.147608453079912e-15 5.25754413703171e-15
100.00833144301866 2.8449061079961e-24 7.552201211480524e-15 2.1725059369494566e-15 5.379695274531068e-15
103.05415282502196 2.814261044068234e-24 7.698379380727588e-15 2.196554695429649e-15 5.5018246852979416e-15
106.19273675747671 2.787332060281552e-24 7.856931315488382e-15 2.2193204079647336e-15 5.637610907523651e-15
109.4269083866038 2.759262250276645e-24 8.014686545957398e-15 2.2407899252494906e-15 5.7738966207079064e-15
112.75957890036308 2.7240942262888667e-24 8.153517433165444e-15 2.2613258803377133e-15 5.892191552827737e-15
116.1937481489129 2.6840681654916046e-24 8.278387198785742e-15 2.2804272180451194e-15 5.99795998074062e-15
119.73250734487735 2.6356152492597443e-24 8.37651792048547e-15 2.2971653698340768e-15 6.079352550651395e-15
123.37904184585196 2.5816084546708783e-24 8.454758382239008e-15 2.3116349692276744e-15 6.1431234130113366e-15
127.13663402165271 2.519763062287673e-24 8.503541733279056e-15 2.3245955339743053e-15 6.1789461993047515e-15
131.0086662088879 2.45260572246487e-24 8.528981952205293e-15 2.335529490301758e-15 6.193452461903538e-15
134.99862375551584 2.3785462634585104e-24 8.523351071888396e-15 2.343238697230329e-15 6.180112374658066e-15
139.11009815812417 2.2997661010940454e-24 8.49203466331582e-15 2.347726356243428e-15 6.144308307072392e-15
143.3467902947586 2.2182798664964984e-24 8.440608240834502e-15 2.349865839558032e-15 6.090742401276469e-15
147.71251375620898 2.134926286178556e-24 8.370850901745746e-15 2.3494104954946544e-15 6.0214404062510926e-15
152.21119827875228 2.0609742550679155e-24 8.327000768877067e-15 2.345363249900706e-15 5.981637518976362e-15
156.84689328144228 1.9949367505654003e-24 8.305666426041676e-15 2.3375593664334405e-15 5.968107059608236e-15
159.21741877681018 1.960816852380149e-24 8.286994350448455e-15 2.332435781547817e-15 5.954558568900638e-15
161.62377151112827 1.925177383172461e-24 8.259341454024845e-15 2.3265296987323976e-15 5.932811755292448e-15
166.54613279848823 1.849956078126549e-24 8.178344551779744e-15 2.312321495013232e-15 5.866023056766511e-15
171.61840792845166 1.7748866758008192e-24 8.085445069587388e-15 2.294505661654558e-15 5.790939407932833e-15
176.84516262850022 1.7015953992206206e-24 7.987648042917966e-15 2.2729681016978565e-15 5.7146799412201075e-15
179.5181642894721 1.6647917432232464e-24 7.933005308797236e-15 2.2608860348338934e-15 5.672119273963345e-15
182.2315681744764 1.6256355183912181e-24 7.863506046922375e-15 2.2479553930113195e-15 5.615550653911058e-15
187.78155384880017 1.5424116351682528e-24 7.688164269683981e-15 2.2196174065971065e-15 5.468546863086875e-15
190.61961427604518 1.501484640209604e-24 7.597276160979944e-15 2.2042087350783952e-15 5.393067425901551e-15
193.5005680909718 1.4613019014207503e-24 7.505707344838506e-15 2.1879832638607885e-15 5.317724080977715e-15
199.3937587803602 1.3845360518343634e-24 7.327996651115993e-15 2.1531756783190956e-15 5.174820972796898e-15
205.46643057848152 1.3123354442766188e-24 7.157398006531927e-15 2.1152184548415194e-15 5.0421795516904085e-15
211.72404970390772 1.2480543992318115e-24 7.014119177934196e-15 2.0741686234599414e-15 4.9399505544742534e-15
218.17224885259444 1.1849363115196256e-24 6.862209134587438e-15 2.0304114189621588e-15 4.831797715625279e-15
224.8168322680627 1.1187777711504523e-24 6.676395966407724e-15 1.9843952527207254e-15 4.692000713686999e-15
231.66378096599615 1.052650825940237e-24 6.473093925823417e-15 1.9360354704953047e-15 4.537058455328114e-15
238.71925811795668 9.863700418989187e-25 6.250240987198446e-15 1.885186961783575e-15 4.365054025414869e-15
245.98961459906556 9.21311014053897e-25 6.015787240226696e-15 1.832457477915529e-15 4.1833297623111685e-15
249.71106150874405 8.881764615803479e-25 5.8871685952294655e-15 1.8056521387993826e-15 4.0815164564300825e-15
253.4888082224776 8.54637884743571e-25 5.750562965711836e-15 1.778630961726956e-15 3.971932003984881e-15
261.20898134247824 7.904267510425496e-25 5.480487210292424e-15 1.7236130817834124e-15 3.756874128509012e-15
269.1642775569489 7.332970382960063e-25 5.239221811855182e-15 1.6669749224973552e-15 3.572246889357825e-15
277.3618576987742 6.799856502791867e-25 5.00628901977337e-15 1.609365665060679e-15 3.3969233547126903e-15
285.8091006888481 6.238339008993632e-25 4.732759744149338e-15 1.5516618777932457e-15 3.181097866356092e-15
294.5136101780917 5.697719205148327e-25 4.4542628849524855e-15 1.4937372098903004e-15 2.960525675062185e-15
303.4832213917586 5.224234479162988e-25 4.208494650917354e-15 1.4353512061123691e-15 2.773143444804986e-15
312.7260081821858 4.792312933095673e-25 3.978126633228716e-15 1.3769562969949135e-15 2.6011703362338017e-15
322.25029029634635 4.399232736648302e-25 3.763047399714926e-15 1.3191196199522288e-15 2.4439277797626975e-15
332.0646408647343 4.0359464634990117e-25 3.557439008918756e-15 1.2618974656505757e-15 2.2955415432681813e-15
342.17789411833206 3.691539422651668e-25 3.3529640184527716e-15 1.2052839777969397e-15 2.1476800406558316e-15
352.59915334060224 3.3684710715447435e-25 3.1527063404190695e-15 1.1494859312027165e-15 2.0032204092163532e-15
363.337799061663 3.0721121838388883e-25 2.9629006200474243e-15 1.0947560513288082e-15 1.8681445687186154e-15
374.40349750202313 2.799805014444776e-25 2.7825124559247882e-15 1.041213300964223e-15 1.7412991549605657e-15
380.062092440151 2.6718176327917237e-25 2.6954470183359916e-15 1.0149279067582371e-15 1.6805191115777548e-15
385.80620927347337 2.5489867842465816e-25 2.6103950055990074e-15 9.889846144689926e-16 1.6214103911300144e-15
397.5561983449763 2.3179250927848354e-25 2.4460614264571968e-15 9.381564270024647e-16 1.5079049994547328e-15
409.6640412816112 2.10324324128706e-25 2.2871085634347987e-15 8.887415549656783e-16 1.3983670084691206e-15
415.8555509384264 2.0018504790609731e-25 2.2097521864290622e-15 8.645885559496164e-16 1.3451636304794459e-15
422.1406367649012 1.9044272913464347e-25 2.133983172349683e-15 8.408203167834755e-16 1.2931628555662076e-15
434.9972154030873 1.7227067560829002e-25 1.989148775860828e-15 7.945562659182412e-16 1.1945925099425866e-15
448.24534984018095 1.5572095455965752e-25 1.8528159603786118e-15 7.500041710636829e-16 1.1028117893149289e-15
461.89696517289525 1.4065806481147945e-25 1.7245634593752347e-15 7.070692474040517e-16 1.017494211971183e-15
475.9643496848308 1.2696549850058824e-25 1.6040931341824498e-15 6.657457487822074e-16 9.383473854002416e-16
490.4601659075747 1.144392717031897e-25 1.4898696011512786e-15 6.262017142424766e-16 8.636678869088023e-16
505.39746201868155 1.0295924150395196e-25 1.3812357935657914e-15 5.884967138684869e-16 7.927390796973047e-16
520.7896835867783 9.254672943909962e-26 1.2793603333560994e-15 5.525392708880496e-16 7.2682106246805e-16
536.6506856743796 8.315618419022601e-26 1.1845562108789066e-15 5.183037694043168e-16 6.6625244147459e-16
552.9947453093008 7.466130126717701e-26 1.0959380172865551e-15 4.857248885683416e-16 6.102131287182132e-16
569.8365743358964 6.697549803049634e-26 1.0130612535911975e-15 4.547613697730997e-16 5.58299883818098e-16
587.1913326576936 6.003025394355143e-26 9.356625562989293e-16 4.253793773483995e-16 5.102831789505299e-16
605.0746418833327 5.376159057092936e-26 8.634764445384734e-16 3.9754042185108245e-16 4.659360226873909e-16
623.502599388115 4.811012447663842e-26 7.962403500910157e-16 3.712017612615165e-16 4.250385888294992e-16
642.4917928037942 4.3020693590325445e-26 7.3369308401342e-16 3.4631710805550486e-16 3.873759759579152e-16
662.0593149496696 3.844217243001887e-26 6.755760668772955e-16 3.2283815540014143e-16 3.52737911477154e-16
682.2227792184137 3.4327376556883506e-26 6.2163615193898e-16 3.007140344900089e-16 3.2092211744897096e-16
703.0003354304876 3.063289536564857e-26 5.716273670513447e-16 2.7989282090521846e-16 2.917345461461262e-16
724.4106861714122 2.7318864464467585e-26 5.253115198051882e-16 2.6032213431329473e-16 2.649893854918934e-16
746.4731036265977 2.4348700880699978e-26 4.824578661768928e-16 2.419474826409375e-16 2.4051038353595533e-16
769.2074469289008 2.168894256967962e-26 4.428445374439925e-16 2.2471418408218414e-16 2.1813035336180834e-16
792.6341800345017 1.9309071037369307e-26 4.062595746090994e-16 2.0856894232235377e-16 1.9769063228674582e-16
816.7743901432078 1.718129153401085e-26 3.725009220949887e-16 1.9345904698359619e-16 1.790418751113926e-16
841.6498066797607 1.528028572975891e-26 3.413754898640018e-16 1.7933187617081395e-16 1.620436136931879e-16
867.2828208532309 1.358304478681036e-26 3.126995884730176e-16 1.6613566520714488e-16 1.4656392326587265e-16
893.6965058121084 1.2068757840039489e-26 2.8630047346137675e-16 1.5382050139514238e-16 1.324799720662344e-16
920.9146374132232 1.0718594299113825e-26 2.620152939603973e-16 1.423379694744191e-16 1.1967732448597818e-16
948.9617156232121 9.515495038429459e-27 2.396897773820503e-16 1.3164077967068554e-16 1.0804899771136474e-16
977.8629865717667 8.444058392825783e-27 2.1917886253750903e-16 1.21683274118861e-16 9.749558841864799e-17
1007.6444652765354 7.490406659105725e-27 2.003466815123785e-16 1.124215688073773e-16 8.792511270500124e-17
1038.332959060126 6.642038190457865e-27 1.8306589414361872e-16 1.0381346419270754e-16 7.925242995091115e-17
1069.95609168029 5.887713491544922e-27 1.6721762733823593e-16 9.581867695528141e-17 7.139895038295455e-17
1102.542328195006 5.217337302187275e-27 1.5269106335707534e-16 8.839883456015503e-17 6.429222879692032e-17
1136.1210005848498 4.621841419684622e-27 1.3938276031003403e-16 8.151724118360801e-17 5.786551912642601e-17
1170.7223341557005 4.093088589789392e-27 1.2719630081561155e-16 7.513886400475425e-17 5.205743681085727e-17
1206.3774747455793 3.623793786868593e-27 1.1604224670507896e-16 6.92305912872934e-17 4.68116554177856e-17
1243.1185167600695 3.2074418227084345e-27 1.0583778843281573e-16 6.376120547670595e-17 4.2076582956109746e-17
1280.9785320615858 2.8382013484912242e-27 9.650603806413466e-17 5.870108911148877e-17 3.78049489526459e-17
1319.9915997384837 2.5108542676033714e-27 8.797557358601825e-17 5.4022135740737775e-17 3.395343784528048e-17
1360.1928367808064 2.2207445783371475e-27 8.018045694325379e-17 4.969792032047631e-17 3.048253662277751e-17
1401.618429690285 1.963724396583547e-27 7.306001685376022e-17 4.5703738465369304e-17 2.7356278388390935e-17
1444.305667053031 1.736092120330851e-27 6.655816105900933e-17 4.2016313444704144e-17 2.4541847614305175e-17
1488.2929731042755 1.5345446957514586e-27 6.062299756595223e-17 3.861365155047376e-17 2.200934601547846e-17
1533.6199423153234 1.3561416572241647e-27 5.52067570833952e-17 3.547517371579635e-17 1.9731583367598857e-17
1580.327375033885 1.1982678565139134e-27 5.026554616408044e-17 3.2581724733458495e-17 1.768382143062194e-17
1628.457314209858 1.0585970125595111e-27 4.5758994864589633e-17 2.991537771741295e-17 1.5843617147176676e-17
1678.0530832396191 9.350587695620581e-28 4.1649906981352613e-17 2.7459296472595113e-17 1.419061050875749e-17
1729.1593249628888 8.258134611684355e-28 3.790411857059609e-17 2.5197773336167044e-17 1.2706345234429038e-17
1781.8220418472597 7.292287418465357e-28 3.4490344932186e-17 2.3116237536775053e-17 1.1374107395410948e-17
1836.0886373966016 6.438551241011004e-28 3.137987667168632e-17 2.120111547599532e-17 1.0178761195691007e-17
1892.007958820556 5.684055523710821e-28 2.854635771254475e-17 1.943972861033993e-17 9.106629102204819e-18
1949.6303410035755 5.017377228660936e-28 2.5965605972534637e-17 1.782026602179841e-17 8.145339950736217e-18
2009.0076518130663 4.428401558257084e-28 2.3615547509537467e-17 1.6331824826904738e-17 7.28372268263273e-18
2070.1933387874215 3.908164593090091e-28 2.147598963607417e-17 1.4964289255747745e-17 6.511700380326417e-18
2133.242477245972 3.4487098746557835e-28 1.9528384452821327e-17 1.3708220060443569e-17 5.82016439237776e-18
2198.211819864143 3.04299134313775e-28 1.775577727410156e-17 1.2554874480583084e-17 5.2009027935184775e-18
2265.1598477584885 2.6847735219744313e-28 1.6142691376277444e-17 1.149616718889933e-17 4.6465241873781136e-18
2334.1468231275226 2.3685342992093147e-28 1.4674972022204975e-17 1.0524608877534241e-17 4.150363144670733e-18
2405.2348434957767 2.0893887801967855e-28 1.3339703539010312e-17 9.633273937210183e-18 3.706429601800133e-18
2478.487897609897 1.843016367435484e-28 1.2125102755367568e-17 8.815763449276152e-18 3.3093393060914184e-18
2553.971923037092 1.6255914483964043e-28 1.1020389836388671e-17 8.066154121118055e-18 2.9542357152706123e-18
2631.7548655177807 1.4337303540084318e-28 1.0015723981248234e-17 7.378972563865403e-18 2.6367514173828303e-18
2711.906740125872 1.2644432708372402e-28 9.102140460056938e-18 6.749172553914939e-18 2.3529679061419985e-18
2794.4996942916955 1.1150867310345112e-28 8.271459496717353e-18 6.172094344779672e-18 2.0993651519376817e-18
2879.6080727443887 9.833252470856184e-29 7.51622903296965e-18 5.6434453866202704e-18 1.8727836463493786e-18
2967.308484432098 8.670960441242384e-29 6.82966397077164e-18 5.159273276350927e-18 1.6703906944207135e-18
3057.6798714803062 7.645753977313195e-29 6.205571254380462e-18 4.715930188026054e-18 1.4896410663544106e-18
