Dust emission spectrum from A.P. Jones, M. Kohler, N. Ysard, M. Bocchio, and L. Verstraete (2017), A&A, 602A, 46J 
inside the DustPedia framework.

lambda    nu*dP/dnu     j_nu    j_nu(carb.) j_nu(sil)
 (um)   (erg s-1 H-1) (Jy cm2 sr-1 H-1)
0.9927057738263894 4.886234832721414e-26 1.2875506316818836e-18 1.2875506316818836e-18 5.526572139416391e-41
1.0001793341362166 4.9666226642026155e-26 1.318586047281831e-18 1.318586047281831e-18 7.750048650066256e-41
1.0077091589558085 5.046886614377402e-26 1.3499826490696418e-18 1.3499826490696418e-18 1.0848363147156179e-40
1.0114953028030835 5.086962241035057e-26 1.3658148092894968e-18 1.3658148092894968e-18 1.2826083681698227e-40
1.0152956718711033 5.126995058110847e-26 1.3817353438782162e-18 1.3817353438782162e-18 1.5157296862512294e-40
1.0229392996569957 5.206877178963372e-26 1.4138281695214e-18 1.4138281695214e-18 2.1138008255691977e-40
1.0267826658714554 5.246629241682613e-26 1.4299746442253508e-18 1.4299746442253508e-18 2.4944492284668483e-40
1.0306404723013447 5.286320909912642e-26 1.4462059687378237e-18 1.4462059687378237e-18 2.942235009014156e-40
1.03451277320114 5.325948352130347e-26 1.4625214384951584e-18 1.4625214384951584e-18 3.4687328245080903e-40
1.0383996230291617 5.365507758543672e-26 1.4789203402919615e-18 1.4789203402919615e-18 4.087463818090238e-40
1.0403485208654093 5.385260763884958e-26 1.4871508530068867e-18 1.4871508530068867e-18 4.436251758820739e-40
1.0423010764483396 5.40499534181854e-26 1.4954019524493102e-18 1.4954019524493102e-18 4.814214231680333e-40
1.0462171883269815 5.444407337789634e-26 1.5119655449831678e-18 1.5119655449831678e-18 5.667404669057079e-40
1.0471985131304309 5.454248087415464e-26 1.5161191662283294e-18 1.5161191662283294e-18 5.902901985837081e-40
1.048180758391296 5.464083820741068e-26 1.5202778535418216e-18 1.5202778535418216e-18 6.147995587351314e-40
1.0501480137395462 5.483740006154839e-26 1.5286103797728949e-18 1.5286103797728949e-18 6.668517810775251e-40
1.0521189612883777 5.503375430333056e-26 1.5369630301676173e-18 1.5369630301676173e-18 7.232216324473344e-40
1.0531058218030118 5.51317006373924e-26 1.5411426379159805e-18 1.5411426379159805e-18 7.531337313942526e-40
1.0540936079674168 5.522909702199648e-26 1.5453133465620734e-18 1.5453133465620734e-18 7.842575491442982e-40
1.058054026499678 5.561811430923878e-26 1.562044987844628e-18 1.562044987844628e-18 9.218711834231694e-40
1.0590464539527713 5.571522372380314e-26 1.566240039822722e-18 1.566240039822722e-18 9.598189706740994e-40
1.06003981227728 5.581227404137986e-26 1.5704399243570852e-18 1.5704399243570852e-18 9.992976721053891e-40
1.0620293250338977 5.600619512591598e-26 1.5788541426552652e-18 1.5788541426552652e-18 1.0830918477485085e-39
1.0660195594769086 5.639330333540008e-26 1.5957400355347643e-18 1.5957400355347643e-18 1.2718709313278208e-39
1.070024785945596 5.677940307893048e-26 1.6127018839384305e-18 1.6127018839384305e-18 1.4928038643051844e-39
1.0740450607676866 5.716445878146951e-26 1.6297388984049915e-18 1.6297388984049915e-18 1.7512321238867238e-39
1.07808044048254 5.754843515739532e-26 1.646850282725163e-18 1.646850282725163e-18 2.0533609055441683e-39
1.0861967418109137 5.831232843039464e-26 1.681273284501168e-18 1.681273284501168e-18 2.8186887199648495e-39
1.0902777775684922 5.869062583408085e-26 1.6985382596502686e-18 1.6985382596502686e-18 3.299928193562992e-39
1.0943741465085532 5.906767879937318e-26 1.7158730864609613e-18 1.7158730864609613e-18 3.861360855234697e-39
1.1026131145906286 5.981791749969171e-26 1.750748956636677e-18 1.750748956636677e-18 5.2789336955212556e-39
1.1109141095355224 6.056277998476166e-26 1.785894163374634e-18 1.785894163374634e-18 7.20214525884652e-39
1.1192775983109025 6.130131194141657e-26 1.8212812388950174e-18 1.8212812388950174e-18 9.805828869605599e-39
1.1277040513999907 6.203006694788048e-26 1.856807251929195e-18 1.856807251929195e-18 1.3323162604908568e-38
1.1361939428280308 6.275258613851136e-26 1.892576883771421e-18 1.892576883771421e-18 1.8064914869758963e-38
1.1447477501889525 6.346862896566891e-26 1.9285830637942467e-18 1.9285830637942467e-18 2.4443858731923685e-38
1.1533659546722406 6.417835323863435e-26 1.964830676145767e-18 1.964830676145767e-18 3.300729268497528e-38
1.1707974979042381 6.558116029320551e-26 2.038122647349253e-18 2.038122647349253e-18 5.98162130523909e-38
1.1884924949847024 6.695567296305917e-26 2.112288604599404e-18 2.112288604599404e-18 1.0751369148023604e-37
1.2064549276569216 6.831271853205131e-26 2.1876714708012715e-18 2.1876714708012715e-18 1.9168202478151285e-37
1.2246888378427687 6.963739486054341e-26 2.263798190235393e-18 2.263798190235393e-18 3.3897371746879585e-37
1.2431983285522175 7.092660078311821e-26 2.3405557873274445e-18 2.3405557873274445e-18 5.946188438430876e-37
1.2619875648066055 7.217986299112319e-26 2.4179123969933866e-18 2.4179123969933866e-18 1.0347236185914176e-36
1.3004222497298317 7.455765111025101e-26 2.573629594614591e-18 2.573629594614591e-18 3.0592998253065e-36
1.3400274889804893 7.676151255609399e-26 2.7304024456031746e-18 2.7304024456031746e-18 8.765708064606692e-36
1.3808389325824078 7.878333458730055e-26 2.8876650417952137e-18 2.8876650417952137e-18 2.4354877308909796e-35
1.4228933163050095 8.063315806604762e-26 3.0454778281702345e-18 3.0454778281702345e-18 6.566114124193601e-35
1.466228494730424 8.235600292945573e-26 3.205282768399359e-18 3.205282768399359e-18 1.719096530673155e-34
1.5108834753276823 8.391811816142203e-26 3.3655507263435188e-18 3.3655507263435188e-18 4.373368687596846e-34
1.5568984535646726 8.529223015354722e-26 3.524838232605219e-18 3.524838232605218e-18 1.0817465972768901e-33
1.6043148490894465 8.648096373723662e-26 3.682812062886833e-18 3.68281206288683e-18 2.6034322913199913e-33
1.6531753430134553 8.748805384863688e-26 3.839167920992818e-18 3.839167920992812e-18 6.100690951705044e-33
1.7035239163302658 8.832572294845702e-26 3.993970649381424e-18 3.993970649381409e-18 1.3929793989748487e-32
1.755405889504358 8.906428836564039e-26 4.150023790358587e-18 4.150023790358556e-18 3.101997718989193e-32
1.8088679632656115 8.968639895846076e-26 4.3062861686356075e-18 4.30628616863554e-18 6.741231829867635e-32
1.8639582606462262 9.018031689477448e-26 4.461874731531705e-18 4.4618747315315634e-18 1.43058872028436e-31
1.9207263702978936 9.055455632478204e-26 4.616844412794636e-18 4.6168444127943395e-18 2.966544080096334e-31
1.979223391128241 9.082893131846174e-26 4.7718683374525534e-18 4.7718683374519526e-18 6.015274706611644e-31
2.039501978296691 9.102714041272643e-26 4.927929245844598e-18 4.927929245843403e-18 1.1935077708694896e-30
2.1016163906111602 9.121556936126665e-26 5.088524305013755e-18 5.088524305011437e-18 2.3189727833716677e-30
2.1656225393682647 9.143266678934298e-26 5.255978533132895e-18 5.255978533128482e-18 4.415387691610492e-30
2.231578038680979 9.168111835986792e-26 5.430770049099174e-18 5.43077004909093e-18 8.242725185401116e-30
2.299542257339062 9.19838985904865e-26 5.614649372383969e-18 5.614649372368874e-18 1.5095494323622046e-29
2.369576372248914 9.239190746755439e-26 5.8113104546958934e-18 5.811310454668755e-18 2.713727673018952e-29
2.4417434235010123 9.296525495250173e-26 6.025458843714761e-18 6.025458843666845e-18 4.7916260051446186e-29
2.5161083711144245 9.380693632319801e-26 6.2651825275893976e-18 6.2651825275062436e-18 8.315351332637981e-29
2.5927381535095444 9.50855743488777e-26 6.5439914881636116e-18 6.543991488021686e-18 1.4192492202735027e-28
2.6717017477616296 9.700258020177355e-26 6.879243687109476e-18 6.879243686871112e-18 2.3836496791532016e-28
2.753070231689431 9.986124736992641e-26 7.29766142010808e-18 7.29766141971398e-18 3.941002097858285e-28
2.836916847834745 1.0434887165362887e-25 7.857851132989998e-18 7.857851132348121e-18 6.418777079465279e-28
2.9233170693905177 1.1197936979751307e-25 8.689271647418982e-18 8.689271646388454e-18 1.0305286012153086e-27
2.967498994190263 1.1846788258534764e-25 9.331697234168646e-18 9.331697232869458e-18 1.2991864557321137e-27
3.0123486681368425 1.2604773742614759e-25 1.0078820853789583e-17 1.0078820852157226e-17 1.632359923884692e-27
3.0578761833420214 1.4302412760959905e-25 1.1609102263151008e-17 1.160910226110405e-17 2.046957246952321e-27
3.1040917844459814 1.6490648251638178e-25 1.3587567532787083e-17 1.3587567530228196e-17 2.558889158001408e-27
3.127460860933648 1.8806157477251582e-25 1.5612102173091363e-17 1.5612102170228756e-17 2.862606075312893e-27
3.1510058709225794 2.189168928107599e-25 1.8310403751484495e-17 1.8310403748282256e-17 3.2022359104765118e-27
3.162844764501044 2.47638791193924e-25 2.0790550328107604e-17 2.0790550324713687e-17 3.3939181095769144e-27
3.1747281389236908 2.810432006370329e-25 2.368367305292797e-17 2.3683673049331656e-17 3.596314916200379e-27
3.1986289994194426 3.7422696034186566e-25 3.177374277941002e-17 3.1773742775365477e-17 4.0445502717277796e-27
3.2227097969389145 5.938883094626589e-25 5.0803707713502596e-17 5.0803707708886164e-17 4.616427131415842e-27
3.2348180950136065 8.022003646937113e-25 6.888142957471513e-17 6.888142956972949e-17 4.985631877867348e-27
3.240889293275058 9.579393860633182e-25 8.240843353886713e-17 8.240843353365441e-17 5.212720221343155e-27
3.2469718861334385 1.1381030232106177e-24 9.809108499742067e-17 9.809108499195026e-17 5.470434447730409e-27
3.2714166318528037 2.0991424346624433e-24 1.8228343268372435e-16 1.8228343267706722e-16 6.657143369934775e-27
3.2744851364798273 2.1592128164425188e-24 1.8767564014078854e-16 1.876756401340062e-16 6.78232558069797e-27
3.2775565192852394 2.2210086146213002e-24 1.9322791408394103e-16 1.932279140770313e-16 6.909763424882908e-27
3.283707930232385 2.161552038908128e-24 1.884081348949604e-16 1.8840813488790501e-16 7.055416605087222e-27
3.2898708863219004 1.9730428037460652e-24 1.7229980825978331e-16 1.7229980825266924e-16 7.114088904426679e-27
3.29141343181113 1.928588141355225e-24 1.6849668545540075e-16 1.6849668544827192e-16 7.128807537260415e-27
3.292184975758714 1.9067447712837683e-24 1.6662732634770878e-16 1.6662732634057257e-16 7.136174461157701e-27
3.295272960557952 1.7688680595777144e-24 1.5472349527595295e-16 1.5472349526880634e-16 7.1466294905873e-27
3.3076538914384823 1.2912387895087999e-24 1.1336945433589326e-16 1.1336945432871517e-16 7.178109056102061e-27
3.310756385682612 1.1940332089175053e-24 1.0493323552371593e-16 1.0493323551652993e-16 7.185977105938654e-27
3.313861789986515 1.1043474615948774e-24 9.714256392641561e-17 9.714256391922176e-17 7.193845310113043e-27
3.3200813396944477 9.785705772109273e-25 8.624031029299467e-17 8.624031028573234e-17 7.262312452283654e-27
3.345076488085796 7.541765026158896e-25 6.69650940373077e-17 6.696509402944793e-17 7.859767023026715e-27
3.3482140837626964 7.625847668190993e-25 6.777519528132425e-17 6.777519527335134e-17 7.972902961219802e-27
3.3513546224236106 7.710859955293505e-25 6.859502734615048e-17 6.859502733806293e-17 8.08756546463743e-27
3.3576445397418455 8.332378852402195e-25 7.426311437417068e-17 7.426311436579964e-17 8.371050213943914e-27
3.3702598118196083 1.0624980846762354e-24 9.505193680898205e-17 9.505193679992543e-17 9.056625120319862e-27
3.382922481734668 1.1146888069505011e-24 1.0009563049280618e-16 1.0009563048318765e-16 9.618510553206746e-27
3.389271646505754 1.1417271047681061e-24 1.0271600574638452e-16 1.0271600573647285e-16 9.911631186383413e-27
3.395632727569191 1.170860107891595e-24 1.0553466922340842e-16 1.0553466921318018e-16 1.0228273385765083e-26
3.421196662673239 1.3107397669344805e-24 1.1903205969976707e-16 1.1903205968814727e-16 1.1619774996898878e-26
3.4276182099114902 1.2825189706101488e-24 1.1668785922283834e-16 1.1668785921097114e-16 1.1867194105352548e-26
3.4340518103208963 1.158914248083046e-24 1.0563980198636492e-16 1.0563980197431152e-16 1.2053414161730066e-26
3.4469541582030403 9.82881174678042e-25 8.993028251281837e-17 8.993028250048117e-17 1.2337235093659953e-26
3.472904465399547 9.335187912197921e-25 8.605682799376305e-17 8.605682798026197e-17 1.3501062074845753e-26
3.4990501388274233 8.58039712545654e-25 7.969424991883427e-17 7.969424990411234e-17 1.4721960429196083e-26
3.5253949054701885 5.895172860828018e-25 5.516628640646455e-17 5.516628639080992e-17 1.5654633906800148e-26
3.5519380250092896 3.371685254618125e-25 3.1789363999391915e-17 3.178936398285721e-17 1.6534706988546527e-26
3.578680990867387 2.371052739431542e-25 2.2523383608228702e-17 2.2523383590340276e-17 1.788842077183882e-26
3.605625307711299 1.9662101504892758e-25 1.8818281474985113e-17 1.8818281455440388e-17 1.954472877611235e-26
3.660119384959845 1.6706173826952611e-25 1.623086555224683e-17 1.6230865528764527e-17 2.348230676454844e-26
3.715437065384467 1.4612199622959895e-25 1.441102723777798e-17 1.441102720963549e-17 2.814248778145916e-26
3.8285932144167436 1.3542868726117586e-25 1.3763197028691479e-17 1.3763196988361857e-17 4.032962180213637e-26
3.94519561050918 1.3329927433385258e-25 1.3959368099518227e-17 1.3959368042250084e-17 5.726813933184226e-26
4.06534921144712 1.3468234278865038e-25 1.4533758938069953e-17 1.4533758857511086e-17 8.055886777566151e-26
4.189162171576248 1.38095776397872e-25 1.5355961064681414e-17 1.5355960952402055e-17 1.1227936386342795e-25
4.316745939156006 1.4298631811861093e-25 1.6384017585991726e-17 1.6384017430883192e-17 1.551085341514358e-25
4.448215356677963 1.4916690363197865e-25 1.7612771994553116e-17 1.7612771782089387e-17 2.1246373044383696e-25
4.58368876423945 1.566576288513442e-25 1.906057961197666e-17 1.9060579323290648e-17 2.886860138901538e-25
4.723288106065518 1.6563151962750012e-25 2.0766191588283658e-17 2.0766191199007992e-17 3.8927566229739914e-25
4.867139040275056 1.7643712299702494e-25 2.2794661825899878e-17 2.279466130469349e-17 5.212063882809714e-25
4.940699165968905 1.8296674887633007e-25 2.3995511676950815e-17 2.3995511075253553e-17 6.01697264020357e-25
5.015371051989984 1.8972670919290836e-25 2.5258117307621286e-17 2.5258116614261632e-17 6.933596528999104e-25
5.091171501069577 1.9799163532609107e-25 2.6756789544217143e-17 2.6756788746046508e-17 7.981706341931483e-25
5.129500256944802 2.0223265320989506e-25 2.753567763290842e-17 2.7535676777111725e-17 8.55796692065506e-25
5.168117569889187 2.0665482689240802e-25 2.8349628463689874e-17 2.834962754644476e-17 9.172451126135335e-25
5.20702561229733 2.120935275749211e-25 2.93147748089874e-17 2.9314773825681287e-17 9.833061096655331e-25
5.246226572918644 2.1767084330118372e-25 3.031214960598496e-17 3.0312148552325467e-17 1.0536594916928797e-24
5.265937586045735 2.2051286753441336e-25 3.082329602536821e-17 3.0823294934845426e-17 1.0905227845109192e-24
5.285722656980489 2.2339123269309088e-25 3.1342954305069304e-17 3.134295317651624e-17 1.1285530624243943e-24
5.305582063971359 2.26306526970225e-25 3.1871283184508546e-17 3.1871282016725294e-17 1.1677832546863486e-24
5.3255160863122235 2.294404982756835e-25 3.2434052178884124e-17 3.2434050970476526e-17 1.2084076066280853e-24
5.365609099470188 2.372609763320684e-25 3.379206843905095e-17 3.3792067144234844e-17 1.2948161100803376e-24
5.406003951863644 2.453799555728571e-25 3.521152830377697e-17 3.521152691697662e-17 1.3868003525534404e-24
5.446702915881641 2.5381192048397094e-25 3.669569657621536e-17 3.669569509153536e-17 1.484679986730807e-24
5.487708281020852 2.6292681821571475e-25 3.8299696787507363e-17 3.8299695198285434e-17 1.5892219414468836e-24
5.529022354014368 2.756225579659468e-25 4.0451305079780445e-17 4.0451303375440124e-17 1.7043403221384643e-24
5.570647458961463 2.8906980308449134e-25 4.274426311007543e-17 4.274426128308128e-17 1.8269941539784082e-24
5.612585937458331 3.033228208965255e-25 4.518949864773192e-17 4.518949669010998e-17 1.9576219388089678e-24
5.654840148729818 3.189967246899172e-25 4.788240875851122e-17 4.788240666096766e-17 2.0975435600583655e-24
5.67608639626678 3.2968553907235028e-25 4.9672764216366743e-17 4.967276204169233e-17 2.1746744091395337e-24
5.686739436050992 3.351957504400653e-25 5.059775719422317e-17 5.059775498002098e-17 2.2142022045444103e-24
5.6974124697621304 3.408200322238941e-25 5.154329853878859e-17 5.1543296284404276e-17 2.254384310859562e-24
5.718818669136295 3.5242181798074037e-25 5.349812319479652e-17 5.3498120858046127e-17 2.336750394864224e-24
5.740305295436557 3.6521475414805462e-25 5.564840715745533e-17 5.564840473430268e-17 2.423152655307958e-24
5.7835210386641895 3.984275987620186e-25 6.116615301408238e-17 6.116615039869595e-17 2.6153864249088158e-24
5.827062130521658 4.367039917150835e-25 6.754702771293808e-17 6.754702488856224e-17 2.8243758255323828e-24
5.8489554468988025 4.63572098108558e-25 7.197224251341012e-17 7.19722395660498e-17 2.9473603126586525e-24
5.870931020387893 4.924101639874545e-25 7.673675314162356e-17 7.673675006632571e-17 3.0752978573479037e-24
5.892989160043636 5.233769142329348e-25 8.186902863883163e-17 8.186902543046083e-17 3.208370788122717e-24
5.915130176081913 5.5860263244564545e-25 8.770749710199073e-17 8.770749375049685e-17 3.351493879755517e-24
5.95966208400165 6.571298335260606e-25 1.0395425091081739e-16 1.0395424721028784e-16 3.7005295436649846e-24
6.004529249263818 7.991914008207747e-25 1.2737940034324923e-16 1.273793962000688e-16 4.143180391648438e-24
6.027089341400364 8.979612283247693e-25 1.4365959825465962e-16 1.4365959382893194e-16 4.4257276731639384e-24
6.049734195844842 1.0146979139789824e-24 1.6294554617182423e-16 1.6294554142936745e-16 4.7424568090458274e-24
6.095279466722835 1.3519444851788114e-24 2.1873683019924544e-16 2.1873682459639737e-16 5.602848048123842e-24
6.141167624020661 1.871026863230019e-24 3.050003991066443e-16 3.0500039225132186e-16 6.855322458209083e-24
6.164241091010745 2.2025039660350928e-24 3.603842049712142e-16 3.6038419729124377e-16 7.679970442848933e-24
6.187401249150058 2.580141772574359e-24 4.237612917292052e-16 4.237612831378183e-16 8.591386928763841e-24
6.1990139391386085 2.7645249440922466e-24 4.548964617699462e-16 4.548964527090833e-16 9.060862837512018e-24
6.204828454712694 2.861654658005419e-24 4.713206135814439e-16 4.713206042763213e-16 9.305122584473975e-24
6.210648424152782 2.9325473914019282e-24 4.834498362450447e-16 4.834498267368956e-16 9.508148902266173e-24
6.233982942956859 3.1733822421849502e-24 5.251186342686136e-16 5.251186240390019e-16 1.0229611633126088e-23
6.239830258556775 3.2041553706926234e-24 5.307081729486018e-16 5.307081626192309e-16 1.0329370797711017e-23
6.245683058788269 3.206798572883769e-24 5.316441710135703e-16 5.316441605835454e-16 1.0430024847335718e-23
6.257405133728602 3.200123938490127e-24 5.315333342111832e-16 5.315333236051181e-16 1.0606065156500567e-23
6.269149208991335 3.1526808305122193e-24 5.246359485434259e-16 5.246359378808422e-16 1.066258366511516e-23
6.280915325867298 3.0337934078802697e-24 5.057994759161849e-16 5.057994653457293e-16 1.0570455567735712e-23
6.304513850009849 2.7406496635453692e-24 4.586427782536266e-16 4.586427680059373e-16 1.0247689282141524e-23
6.32820103803542 2.3773249765855318e-24 3.9933580726050943e-16 3.993357975090108e-16 9.751498593491912e-24
6.3519772230701035 2.0441363580364188e-24 3.446578924797463e-16 3.446578831980165e-16 9.281729704862511e-24
6.375842739491607 1.7638482474288138e-24 2.9851643576526807e-16 2.9851642689638436e-16 8.868883699507321e-24
6.399797922933955 1.5391788772787216e-24 2.6147175923584845e-16 2.614717506462611e-16 8.589587320570406e-24
6.42384311029221 1.3523984851892185e-24 2.30605167171767e-16 2.306051588186516e-16 8.353115440012537e-24
6.447978639727206 1.2162630839272187e-24 2.081711533480639e-16 2.081711451064118e-16 8.24165214404413e-24
6.472204850670314 1.1028582897905572e-24 1.8947041206198937e-16 1.8947040390053515e-16 8.161454228445724e-24
6.496522083828205 1.0291261030920482e-24 1.7746754685988387e-16 1.7746753866953816e-16 8.19034575033879e-24
6.520930681187647 9.670103993729113e-25 1.6738254281569058e-16 1.6738253457630563e-16 8.239384921447146e-24
6.57002334288761 9.034132503402777e-25 1.5755159409575626e-16 1.57551585587242e-16 8.508514326083504e-24
6.619489833774732 8.967112198457917e-25 1.5756021194730058e-16 1.5756020299588938e-16 8.951411200307243e-24
6.6693287637831435 9.20889783284023e-25 1.630268789228558e-16 1.6302686942517895e-16 9.497676813992583e-24
6.719538636694507 9.518398820663206e-25 1.697746274973018e-16 1.6977461743641873e-16 1.00608830406685e-23
6.770126513364129 1.029547510283805e-24 1.8501741556424358e-16 1.8501740479422092e-16 1.077002266147051e-23
6.8210952395837445 1.1470620137263786e-24 2.0768754097432943e-16 2.0768752931443748e-16 1.1659891926868306e-23
6.872447682569556 1.295093511272346e-24 2.3625554095894886e-16 2.3625552822305347e-16 1.2735895428308883e-23
6.924186731123532 1.4824687214900587e-24 2.724731693694402e-16 2.724731553579995e-16 1.401144063468717e-23
6.976315295795916 1.634698087354351e-24 3.0271440506142716e-16 3.027143897489331e-16 1.531249408824621e-23
7.028836309048954 1.6566044528429608e-24 3.090805574119634e-16 3.090805410046887e-16 1.6407274685991673e-23
7.081752725421856 1.5901115738699231e-24 2.989081730244378e-16 2.989081556558083e-16 1.73686294468193e-23
7.135067521697011 1.5455969344089789e-24 2.927276647052998e-16 2.927276461752016e-16 1.8530098225024804e-23
7.1887836970674375 1.5808382352706956e-24 3.016562173876684e-16 3.0165619726781477e-16 2.0119853604527268e-23
7.242904273305506 1.7083177922140713e-24 3.284360667368148e-16 3.2843604446723484e-16 2.2269579863140555e-23
7.297432294932914 1.910592064438591e-24 3.7009010783762043e-16 3.7009008281466483e-16 2.5022955625918076e-23
7.352370829391971 2.1418999970587464e-24 4.180190044475286e-16 4.180189761466337e-16 2.830089488976071e-23
7.379995003818881 2.285996750529286e-24 4.478175499770157e-16 4.478175197088419e-16 3.026817385588676e-23
7.407722967218148 2.4450006031747485e-24 4.807653240475894e-16 4.807652916347634e-16 3.2412825952472594e-23
7.463496598684601 2.8488850654288714e-24 5.643996046001591e-16 5.643995669904329e-16 3.760972619541313e-23
7.519690156487492 3.372280443894879e-24 6.731208812440013e-16 6.73120837014387e-16 4.422961442403999e-23
7.533803324048627 3.52460701018517e-24 7.048462802288595e-16 7.048462340563973e-16 4.617246202708053e-23
7.547942979602549 3.6838274121235146e-24 7.380696020424354e-16 7.380695538426285e-16 4.8199806818153827e-23
7.57630195363571 4.019604140438914e-24 8.083696377445844e-16 8.083695852382318e-16 5.250635265079118e-23
7.590521371821866 4.1893561798515185e-24 8.440891662030762e-16 8.440891114363758e-16 5.476670047040296e-23
7.604767477414989 4.366278443407449e-24 8.81387324493403e-16 8.813872673702272e-16 5.712317589428897e-23
7.633339951266878 4.722106173111417e-24 9.56796955735103e-16 9.567968937700803e-16 6.196502267026634e-23
7.662019777021956 4.9990693812169956e-24 1.0167211688813675e-15 1.0167211026119503e-15 6.626941697483056e-23
7.690807358020558 5.189264997955527e-24 1.0593688907660675e-15 1.0593688209033174e-15 6.986275008705995e-23
7.719703099118437 5.286539836189375e-24 1.0832820322324686e-15 1.0832819595969664e-15 7.263550226024509e-23
7.748707406692464 5.271063260908811e-24 1.0841688462931014e-15 1.0841687719770843e-15 7.431601731126633e-23
7.777823177463063 5.1689523441998335e-24 1.067161200183037e-15 1.0671611250771849e-15 7.510585217687702e-23
7.807048350752435 5.012691928362746e-24 1.038788938764962e-15 1.0387888634819016e-15 7.528306044127894e-23
7.836380830085272 4.796767389022785e-24 9.97777313652005e-16 9.977772389182176e-16 7.473378712244267e-23
7.851088371676256 4.6470408693683544e-24 9.68446849868494e-16 9.684467759177753e-16 7.395071868055056e-23
7.86582351679805 4.4883797837410415e-24 9.371373099991815e-16 9.371372370285473e-16 7.29706346005707e-23
7.89537682495964 4.13831522562004e-24 8.672930464899712e-16 8.672929760858419e-16 7.040412934220828e-23
7.9250411701946435 3.760547115953445e-24 7.910828954148401e-16 7.910828277793508e-16 6.763548904381743e-23
7.939915112024199 3.560023304438465e-24 7.50305505663474e-16 7.503054394808536e-16 6.61826205039715e-23
7.954816969689239 3.3704449388765296e-24 7.11683441367108e-16 7.116833766000175e-16 6.476709041581912e-23
7.9847046421970465 3.02084754398955e-24 6.402610712745466e-16 6.402610092067138e-16 6.206783280792748e-23
8.044817289139356 2.431170548461581e-24 5.191597851892757e-16 5.191597278629451e-16 5.732633067008613e-23
8.07504310897143 2.2120229212899498e-24 4.741370632831185e-16 4.741370078011324e-16 5.548198614468535e-23
8.105382492623747 2.0181768566525658e-24 4.3421234703986984e-16 4.3421229315468936e-16 5.388518064836586e-23
8.135835866775926 1.8643274750273564e-24 4.0261857877498745e-16 4.0261852572225357e-16 5.305273387540215e-23
8.166403659710703 1.7481210582862012e-24 3.789411602380771e-16 3.7894110767039957e-16 5.256767744200023e-23
8.197086301319933 1.661944435896726e-24 3.61614170196749e-16 3.616141176076689e-16 5.258908013214653e-23
8.227884223110665 1.5863183462691872e-24 3.4645589239061124e-16 3.464558396699993e-16 5.272061184654518e-23
8.258797858211198 1.5428706186745745e-24 3.3823284470840965e-16 3.3823279132776085e-16 5.338064894363843e-23
8.289827641377162 1.5298010688745638e-24 3.3662773430765063e-16 3.3662767970504425e-16 5.460260636896692e-23
8.320974008997652 1.5419925961678522e-24 3.4058529022728995e-16 3.4058523392237296e-16 5.630491705945429e-23
8.35223739910135 1.5647394502302734e-24 3.4690798401570035e-16 3.469079257191022e-16 5.829659809374968e-23
8.383618251362687 1.6363377428617498e-24 3.6414460095846476e-16 3.641445396021284e-16 6.135633638095298e-23
8.415117007108037 1.739446883825285e-24 3.885444980663764e-16 3.8854443333548765e-16 6.47308887273342e-23
8.446734109321913 1.8775296319172964e-24 4.2096409597227066e-16 4.209640268663393e-16 6.910593130956887e-23
8.478470002653195 2.0537258472553912e-24 4.621994134112946e-16 4.62199339024163e-16 7.438713160900169e-23
8.542299949622933 2.4382705179059838e-24 5.528739625670968e-16 5.528738764549297e-16 8.611216727928456e-23
8.558332380220154 2.51955247447707e-24 5.723767574697458e-16 5.723766686097401e-16 8.886000583556717e-23
8.574394900937412 2.5706461453795047e-24 5.850799474699866e-16 5.850798564596055e-16 9.101038112678975e-23
8.606610438733982 2.570805762140552e-24 5.8731466297685145e-16 5.873145697364478e-16 9.324040349747166e-23
8.622764948673899 2.5297001081144262e-24 5.790086075756992e-16 5.790085140823808e-16 9.349331833086025e-23
8.638949780445296 2.4405150491591594e-24 5.596440263691826e-16 5.596439336799191e-16 9.268926346515005e-23
8.655163606183647 2.3498679238115398e-24 5.398687232418807e-16 5.398686314369095e-16 9.180497102615581e-23
8.671407862489573 2.2419106732306905e-24 5.160328527909836e-16 5.160327622400822e-16 9.055090143137963e-23
8.703987895363145 1.98569009266836e-24 4.587744047382529e-16 4.58774317720829e-16 8.701742404508387e-23
8.736690337257128 1.7575993791314733e-24 4.076019625637401e-16 4.076018788297133e-16 8.373402674823129e-23
8.802464289484785 1.370418298577964e-24 3.202040744754973e-16 3.2020399610114335e-16 7.837435384299294e-23
8.868733419248175 1.1112524068184923e-24 2.6160361949666216e-16 2.6160354367851747e-16 7.581814468863121e-23
8.935501454478851 9.38211929026716e-25 2.2253038199641316e-16 2.225303066311145e-16 7.536529864686778e-23
9.002772151174003 8.211184417932832e-25 1.9622371697843503e-16 1.9622364063614904e-16 7.634228601728828e-23
9.07054929360775 7.394083718865389e-25 1.7802761937774592e-16 1.7802754104630387e-16 7.833144203431304e-23
9.13883669454403 6.7960895490474e-25 1.6486157426390407e-16 1.6486149323496993e-16 8.102893415349582e-23
9.207638195451068 6.382508476748721e-25 1.5599442554352685e-16 1.5599434105981237e-16 8.448371455963145e-23
9.276957666717493 6.015136984877657e-25 1.4812232829222368e-16 1.481222401441459e-16 8.814807774350341e-23
9.346799007870057 5.77019637177492e-25 1.431604089071907e-16 1.4316031639796643e-16 9.250922427625828e-23
9.417166147792997 5.547876120827691e-25 1.386808263904395e-16 1.386807292802041e-16 9.711023535949663e-23
9.488063044949055 5.399939460324793e-25 1.3599905345463782e-16 1.3599895124013005e-16 1.0221450773828362e-22
9.559493687602165 5.264137368187567e-25 1.3357695450479397e-16 1.3357684690990812e-16 1.075948858394556e-22
9.631462094041797 5.180458070634047e-25 1.3244324588217121e-16 1.3244313243231033e-16 1.1344986089733537e-22
9.703972312809022 5.103888300115118e-25 1.3146802628350993e-16 1.3146790666764875e-16 1.196158611966576e-22
9.777099908821425 5.069609567042149e-25 1.3156912906802182e-16 1.3156900285734587e-16 1.2621067594475703e-22
9.924867353363874 5.051158176826811e-25 1.3307151852263316e-16 1.3307137868879177e-16 1.3983384137027052e-22
10.074868099996943 5.127615867497097e-25 1.3712741366040068e-16 1.3712725982838558e-16 1.5383201513645534e-22
10.150790707826552 5.195134748782144e-25 1.3998004314881327e-16 1.3997988200700523e-16 1.6114180803225495e-22
10.22721067892732 5.319862307285897e-25 1.4441989575924673e-16 1.4441972679766744e-16 1.6896157928860699e-22
10.304205975847633 5.456659682270714e-25 1.4924879495243068e-16 1.4924861783691812e-16 1.7711551255309494e-22
10.381780929913377 5.677785192630454e-25 1.5646609771150524e-16 1.564659122651224e-16 1.8544638280601897e-22
10.459939905058707 5.924227867456651e-25 1.6448654452055097e-16 1.6448635034021315e-16 1.9418033784622185e-22
10.538687298071551 6.313402573335932e-25 1.766116851490884e-16 1.7661148143819924e-16 2.0371088915150592e-22
10.618027538840941 6.75379269027999e-25 1.9035356119356366e-16 1.9035334751003378e-16 2.136835298666723e-22
10.697971937068667 7.414922253730475e-25 2.1056078407134648e-16 2.1056055965799282e-16 2.244133536651707e-22
10.778518246224262 8.350260902568603e-25 2.3890681552017454e-16 2.3890657862832096e-16 2.368918535654192e-22
10.859664048220797 9.749486364215494e-25 2.81039626424524e-16 2.810393741740022e-16 2.522505219292009e-22
10.941420754335242 1.1881092501234535e-24 3.4506390229831057e-16 3.4506363029441183e-16 2.72003898723656e-22
10.961955922839442 1.2628972211611689e-24 3.6747304845830973e-16 3.6747276995814504e-16 2.785001647020911e-22
10.982529632329763 1.346720350543475e-24 3.92599045731055e-16 3.925987603852792e-16 2.853457758489438e-22
11.023792963743814 1.5509138701501116e-24 4.538247334553403e-16 4.538244327693337e-16 3.006860067058919e-22
11.065211328886559 1.819035201801079e-24 5.342816387047991e-16 5.342813187079819e-16 3.1999681731249347e-22
11.08597883104876 1.9911261207120978e-24 5.859252955072464e-16 5.85924963474553e-16 3.320326934195601e-22
11.106785310247485 2.18351281032012e-24 6.437445339492627e-16 6.437441887402901e-16 3.452089726210668e-22
11.14851549250461 2.6412480435035126e-24 7.816199992500597e-16 7.816196237941077e-16 3.7545595205243197e-22
11.169441129330048 2.887816213951026e-24 8.561905437780475e-16 8.561901520913826e-16 3.916866646928714e-22
11.190406043337886 3.1082459444902873e-24 9.232741024152868e-16 9.232736946304181e-16 4.077848684647964e-22
11.21140851448765 3.322964942281184e-24 9.889068151935631e-16 9.889063920471696e-16 4.231463935197219e-22
11.22192452720434 3.435955804565032e-24 1.023491748336604e-15 1.0234913172759564e-15 4.310606473835482e-22
11.232450403670388 3.485856079699205e-24 1.0393298370328116e-15 1.0393294019327563e-15 4.351000553275581e-22
11.253533585369773 3.5319426549896804e-24 1.0550474402840914e-15 1.055046999124697e-15 4.411593945362996e-22
11.274656339961506 3.547339283878879e-24 1.061635602918852e-15 1.0616351561670246e-15 4.467518275644342e-22
11.285231677511122 3.555066179816876e-24 1.0649460379086023e-15 1.0649455887521927e-15 4.491564100055375e-22
11.295816934455262 3.514215360439434e-24 1.0536962904579957e-15 1.0536958416741446e-15 4.487838509629709e-22
11.317017243752359 3.4071656733670856e-24 1.0235160617551223e-15 1.0235156152687378e-15 4.46486384558966e-22
11.338257342390673 3.300127783210143e-24 9.932223856630768e-16 9.932219416219748e-16 4.440411018449918e-22
11.359537305047965 3.1846569165064447e-24 9.602685994235771e-16 9.602681584085655e-16 4.410150116637869e-22
11.402217121831576 2.9255032155617937e-24 8.854403710689714e-16 8.854399381108291e-16 4.329581422097589e-22
11.423617126015266 2.790486577085357e-24 8.4616100995395e-16 8.461605815429469e-16 4.2841100311062035e-22
11.445057294333186 2.652726267845395e-24 8.058975621762403e-16 8.058971383978458e-16 4.237783942972082e-22
11.488058425037956 2.3731799267305577e-24 7.236802741166863e-16 7.236798598127509e-16 4.143039355814645e-22
11.53122111869469 2.1249228149840285e-24 6.50411022531811e-16 6.504106171647778e-16 4.0536703334652038e-22
11.574545982324347 1.904339296404805e-24 5.850833332110223e-16 5.85082936269969e-16 3.96941053289509e-22
11.618033625228566 1.710247553894898e-24 5.274253989819202e-16 5.274250094005022e-16 3.8958141806643053e-22
11.661684658998247 1.5494659819592436e-24 4.796371044690935e-16 4.796367192820563e-16 3.8518703723330287e-22
11.705499697522141 1.4266960339785657e-24 4.432929710575792e-16 4.4329258854693564e-16 3.825106434506094e-22
11.749479356995494 1.3316180896549042e-24 4.153055567000385e-16 4.15305174716686e-16 3.8198335268237078e-22
11.793624255928705 1.2504855760929773e-24 3.914672245613086e-16 3.914668424294488e-16 3.8213185971610617e-22
11.83793501515603 1.2007782893431266e-24 3.773185976523924e-16 3.7731821304078186e-16 3.8461161047638398e-22
11.882412257844306 1.1586386321700066e-24 3.654450250843942e-16 3.654446375223046e-16 3.8756208965546684e-22
11.92705660950172 1.138825059928642e-24 3.605452089394034e-16 3.6054481672890233e-16 3.9221050111957576e-22
11.971868697986617 1.1250163921763276e-24 3.5751167476955244e-16 3.575112774076912e-16 3.9736186122079723e-22
12.016849153516302 1.1340895185936684e-24 3.617490333149678e-16 3.617486289486377e-16 4.043663301174235e-22
12.061998608675935 1.1477215926819957e-24 3.67472851517227e-16 3.6747243966118236e-16 4.1185604456178723e-22
12.152807060118223 1.2183598213743482e-24 3.930262925461417e-16 3.930258617420515e-16 4.308040902913347e-22
12.198467333490619 1.2767790929628182e-24 4.134190295034804e-16 4.134185869321323e-16 4.425713481319902e-22
12.244299160690385 1.3421092387261941e-24 4.3620559424288374e-16 4.362051391633679e-16 4.550795158578038e-22
12.290303186275983 1.4278374209821456e-24 4.658121254785013e-16 4.658116556638759e-16 4.6981462534404795e-22
12.3364800572276 1.5212931727727638e-24 4.981654572644883e-16 4.981649716588727e-16 4.856056156659364e-22
12.382830422956244 1.6291324758653198e-24 5.354830886795158e-16 5.354825842238189e-16 5.0445569696153995e-22
12.429354935312874 1.7424040911922774e-24 5.74866373007378e-16 5.748658489800055e-16 5.240273725888002e-22
12.476058240797144 1.8518845620661806e-24 6.132827337218065e-16 6.132821893713661e-16 5.443504405558964e-22
12.522937033967983 1.9632216513679184e-24 6.525968377189779e-16 6.525962725588801e-16 5.651600977270338e-22
12.569987951963114 2.050981436818744e-24 6.843307010155891e-16 6.843301161758156e-16 5.848397734629633e-22
12.593579661530361 2.081260401248443e-24 6.957369163809183e-16 6.95736322829885e-16 5.935510332316491e-22
12.617215648686605 2.102911561834401e-24 7.042939662054421e-16 7.042933647215187e-16 6.0148392341783875e-22
12.664620788327802 2.111171966332387e-24 7.097170420628025e-16 7.097164279923107e-16 6.140704918285416e-22
12.71220403757155 2.082405456247032e-24 7.026767452163316e-16 7.026761221216741e-16 6.230946574666988e-22
12.736062662318053 2.052518538461588e-24 6.938917253885637e-16 6.938910993675441e-16 6.260210194799092e-22
12.759966065607527 2.0137792464814908e-24 6.820729293751415e-16 6.820723013315825e-16 6.28043559013992e-22
12.807907544139693 1.9071950132631193e-24 6.483995719393338e-16 6.483989431356589e-16 6.288036748282748e-22
12.856029147395699 1.7883846327096044e-24 6.102913448509187e-16 6.102907171251611e-16 6.277257576458675e-22
12.904331552136407 1.661943560069749e-24 5.692738267597429e-16 5.692732000313049e-16 6.267284380573959e-22
12.95281543766539 1.5327054030905425e-24 5.269777742097977e-16 5.269771489405941e-16 6.252692036124274e-22
13.00148148583848 1.41473395390186e-24 4.882441537561226e-16 4.882435296195685e-16 6.241365541176628e-22
13.050330381073369 1.3069945054337129e-24 4.527565075776257e-16 4.527558842529785e-16 6.23324647140065e-22
13.099362810359226 1.2093644866746663e-24 4.2051047167784874e-16 4.2050984839537e-16 6.23282478777304e-22
13.197981031955921 1.0456750660303216e-24 3.6633101170548345e-16 3.663303836125567e-16 6.28092926678381e-22
13.247568211189632 9.793034220132823e-25 3.4436806434183793e-16 3.4436743195148153e-16 6.323903563584574e-22
13.297341698339563 9.193050504874849e-25 3.244844639395304e-16 3.2448382673530274e-16 6.372042275858364e-22
13.397450398986955 8.222729147066047e-25 2.9242033878248215e-16 2.924196886466842e-16 6.501357979163472e-22
13.447787020368724 7.8319513848779635e-25 2.7956978882297586e-16 2.795691307948099e-16 6.5802816594792e-22
13.498312765455129 7.473628363113491e-25 2.677814063091567e-16 2.6778073993332227e-16 6.663758344203953e-22
13.59993447169816 6.883403572268476e-25 2.484903236612095e-16 2.4848963789407057e-16 6.857671388896715e-22
13.702321234386334 6.421833872045297e-25 2.335730029793768e-16 2.335722965444681e-16 7.06434908686626e-22
13.805478813227746 6.061396544911974e-25 2.2212303759263514e-16 2.2212230578515817e-16 7.318074770067483e-22
13.90941301129231 5.741311890455694e-25 2.1197730964937449e-16 2.1197655109903842e-16 7.585503360463192e-22
13.96167316792965 5.626297254468431e-25 2.0851128939078427e-16 2.0851051570200586e-16 7.736887784535189e-22
14.014129675338197 5.527076213505045e-25 2.056037436164452e-16 2.0560295423666016e-16 7.893797850069682e-22
14.119634696140762 5.432445989889015e-25 2.0360494004030122e-16 2.0360411626352464e-16 8.23776776557778e-22
14.225934008823913 5.35749530554469e-25 2.0230751799323083e-16 2.023066579208559e-16 8.600723748831902e-22
14.333033593193976 5.283700200380018e-25 2.0102298583970338e-16 2.0102208789795023e-16 8.979417531478264e-22
14.44093947407611 5.201608924841591e-25 1.9938963488552414e-16 1.9938869754721886e-16 9.373383052818409e-22
14.54965772165321 5.122368440967116e-25 1.9783039717570496e-16 1.9782941871915666e-16 9.7845654832309e-22
14.659194451807393 5.045844354442425e-25 1.963420805871308e-16 1.9634105921373458e-16 1.0213733962428854e-21
14.769555826464039 4.97015020680276e-25 1.9485267928335757e-16 1.9485161313713895e-16 1.0661462186258353e-21
14.992777389284976 4.795766692769681e-25 1.908576503306512e-16 1.9085648913162542e-16 1.1611990258317985e-21
15.21937263962189 4.633000962766157e-25 1.8716669610187972e-16 1.8716543135860132e-16 1.2647432783724331e-21
15.449392566130673 4.443616726091089e-25 1.8222897590578968e-16 1.8222759812605988e-16 1.3777797297575404e-21
15.682888928090767 4.270760765424017e-25 1.7778730388625723e-16 1.7778579018340236e-16 1.5137028548795806e-21
15.919914267052077 4.0796397974049825e-25 1.7239790241018575e-16 1.7239623524189474e-16 1.6671682909876884e-21
16.03976693895051 3.993296664136688e-25 1.700196281585945e-16 1.7001787670147593e-16 1.751457118592399e-21
16.1605219186579 3.9651390277649634e-25 1.7009174435660073e-16 1.700899041323961e-16 1.840224204653247e-21
16.22123989475974 3.957919257930764e-25 1.7041994093076717e-16 1.7041805342290846e-16 1.887507858754875e-21
16.282185999175777 3.9507203655153826e-25 1.707491049259055e-16 1.7074716893937888e-16 1.9359865266433013e-21
16.312744867225646 3.947128444397477e-25 1.7091403842701184e-16 1.7091207774324696e-16 1.9606837649243204e-21
16.343361089024967 3.943541382997504e-25 1.7107920039564686e-16 1.710772147040435e-16 1.9856916033068346e-21
16.404766024646595 3.9363813604807893e-25 1.714101915746695e-16 1.714081549192336e-16 2.036655435884077e-21
16.466401669612416 3.9292393771576887e-25 1.7174204338855733e-16 1.7173995447719653e-16 2.0889113607888648e-21
16.497306278852424 3.9256748684550908e-25 1.7190828118127868e-16 1.7190616564672315e-16 2.1155345555503158e-21
16.528268890738765 3.9221145358897913e-25 1.7207472123434485e-16 1.7207257874060218e-16 2.142493742685724e-21
16.590368558098763 3.9150059554745644e-25 1.7240819065404377e-16 1.7240599321602832e-16 2.19743801542281e-21
16.65270154503456 3.9075711551780883e-25 1.727273168310356e-16 1.7272506299045243e-16 2.2538405831634514e-21
16.715268728169598 3.8987041310773335e-25 1.7298286045461958e-16 1.7298054851118738e-16 2.3119434322369244e-21
16.778070987420957 3.8898737370415574e-25 1.732395173950092e-16 1.7323714585962134e-16 2.3715353878778616e-21
16.9043842704834 3.8723183918555315e-25 1.737560153099514e-16 1.7375351996021912e-16 2.495349732310472e-21
17.03164849990255 3.8548964909672386e-25 1.7427650415055922e-16 1.7427387852742727e-16 2.6256231319955067e-21
17.159870834853997 3.8372154061987402e-25 1.747831761421663e-16 1.7478041338995886e-16 2.7627522074549464e-21
17.289058488411015 3.8160319679952438e-25 1.751268680294583e-16 1.7512396059751283e-16 2.9074319454738166e-21
17.35401657858945 3.8055267433309654e-25 1.7530092969471839e-16 1.7529794708458452e-16 2.9826101339110267e-21
17.386587088641786 3.8002951481022615e-25 1.7538849461798827e-16 1.753854736858381e-16 3.0209321501617993e-21
17.419218727950305 3.795077338680736e-25 1.7547640816187096e-16 1.7547334840989744e-16 3.0597519735565505e-21
17.48466585346766 3.784682417729272e-25 1.7565325929686713e-16 1.7565012038354366e-16 3.138913323471893e-21
17.550358875560836 3.774340675141462e-25 1.7583143962765065e-16 1.7582821947568926e-16 3.2201519614001657e-21
17.682486308455736 3.7533869466509415e-25 1.7617168282696922e-16 1.7616829566560028e-16 3.387161368887952e-21
17.81560845938729 3.7286295732808087e-25 1.763272085998571e-16 1.7632366519943102e-16 3.5434004261163095e-21
17.882544892141226 3.716380911883075e-25 1.7640828496746336e-16 1.7640466070162205e-16 3.624265841283518e-21
17.949732817065083 3.704216408506301e-25 1.764914912694533e-16 1.7648778440307377e-16 3.706866379510522e-21
18.084866926577256 3.6801325815765843e-25 1.766640634739564e-16 1.7666018698257737e-16 3.8764913790147005e-21
18.221018389814958 3.656697243288021e-25 1.768605958561865e-16 1.7685654160232807e-16 4.05425385845476e-21
18.496404071615608 3.618014459709394e-25 1.7763438457819727e-16 1.7762994640933578e-16 4.438168861502445e-21
18.635790038622734 3.609886821693833e-25 1.7857095770740007e-16 1.7856631346451292e-16 4.6442428871601384e-21
18.776226396166493 3.6014734299641263e-25 1.7949731695176363e-16 1.7949245661016747e-16 4.860341596185616e-21
18.91772105982334 3.591485605446826e-25 1.8034843612633363e-16 1.8034334850568196e-16 5.0876206516335144e-21
19.203636446149176 3.571202880498129e-25 1.8204025357647809e-16 1.8203467796905242e-16 5.575607425640981e-21
19.4938730510763 3.548023491330477e-25 1.8359212691614588e-16 1.8358601511077593e-16 6.11180537000063e-21
19.78849618389234 3.522497755595296e-25 1.8502608073624074e-16 1.8501937896471626e-16 6.701771524435916e-21
20.08757214094514 3.4940041939764954e-25 1.8630319567950026e-16 1.8629584453722882e-16 7.351142271435589e-21
20.391466406516905 3.463134013080931e-25 1.8745075287436884e-16 1.874426851468188e-16 8.067727550043689e-21
20.699681925472166 3.4309291839739263e-25 1.885145428422946e-16 1.8850570585680258e-16 8.836985492050081e-21
21.012556099387844 3.3976696003976116e-25 1.8950883572257126e-16 1.8949917650058913e-16 9.659221982167764e-21
21.652507708764745 3.3543970592452953e-25 1.9279337390230193e-16 1.9278181536369766e-16 1.155853860420878e-20
21.979755641372343 3.333619255411947e-25 1.944949318307607e-16 1.944822742560515e-16 1.2657574709165695e-20
22.311949477282987 3.3108848593844906e-25 1.9608800531307455e-16 1.9607413434446854e-16 1.387096860601256e-20
22.64916396703608 3.2857682309316045e-25 1.975415854811478e-16 1.975263735690126e-16 1.5211912135197234e-20
22.991811201917592 3.2587017656397676e-25 1.9887822424076853e-16 1.988615263305595e-16 1.6697910209014947e-20
23.339642165776596 3.2292575810271114e-25 2.0006278685068532e-16 2.000444421464064e-16 1.8344704278878215e-20
23.69273528050995 3.1979512227898733e-25 2.0112056039587126e-16 2.0110038724772167e-16 2.0173148149563696e-20
24.414313559781952 3.1442019326105377e-25 2.0376255675484893e-16 2.0373806768307306e-16 2.4489071775843893e-20
24.78366481022829 3.119787605766605e-25 2.0523904644129552e-16 2.0521202493968662e-16 2.7021501608876086e-20
25.15860378059443 3.0963031105838173e-25 2.0677567044709088e-16 2.0674582931901786e-16 2.9841128073011114e-20
25.924826076583233 3.045253539933551e-25 2.095601695983195e-16 2.0952366157476613e-16 3.6508023553351605e-20
26.714384190886577 2.991643980429967e-25 2.1214095016983363e-16 2.1209602653021714e-16 4.49236396165025e-20
27.527988831636016 2.935919059410751e-25 2.1452998123616036e-16 2.1447433550189137e-16 5.564573426901787e-20
28.366372352060132 2.881071073759016e-25 2.1693379038183288e-16 2.1686433047927076e-16 6.94599025620815e-20
29.2302894097004 2.829650230028735e-25 2.1955094187120283e-16 2.1946349292012568e-16 8.74489510771772e-20
30.12051764570424 2.777593095734657e-25 2.220754180461026e-16 2.219642689910546e-16 1.1114905504803057e-19
30.575747924857424 2.749968914091637e-25 2.2318978142700527e-16 2.2306399427983714e-16 1.2578714716815724e-19
31.037858384806153 2.7213191048090312e-25 2.242026032330454e-16 2.240598625131197e-16 1.4274071992563858e-19
31.983137356627505 2.665799240078242e-25 2.263173952665415e-16 2.261319421806366e-16 1.8545308590489978e-19
32.95720543894392 2.6167017827298037e-25 2.2891488989411575e-16 2.2867090465041206e-16 2.4398524370370475e-19
33.960939423588975 2.568809923840483e-25 2.3156936168109444e-16 2.312443540383045e-16 3.250076427899224e-19
34.99524280568484 2.5158671981520783e-25 2.3370400607575305e-16 2.332662266452758e-16 4.377794304772016e-19
36.06104659690874 2.463238564820027e-25 2.3578394806897173e-16 2.351878155847153e-16 5.961324842563893e-19
37.159310163528254 2.418636048798527e-25 2.385654774741537e-16 2.377463307110921e-16 8.191467630616364e-19
38.29102208995955 2.37738193603096e-25 2.4163806568241544e-16 2.405039409824408e-16 1.1341246999745344e-18
39.45720106862597 2.3336425910649788e-25 2.444162352953422e-16 2.428391472798057e-16 1.5770880155364348e-18
40.65889681691763 2.2915374822607965e-25 2.473158721611493e-16 2.4511616062955654e-16 2.199711531592662e-18
41.897191022077855 2.255850392506464e-25 2.508791871394325e-16 2.4781014040907467e-16 3.0690467303579184e-18
43.173198314866475 2.225315683292204e-25 2.5502061255738637e-16 2.5074325265907786e-16 4.277359898308504e-18
44.48806727287728 2.198428936081336e-25 2.596123829386277e-16 2.5367425118424254e-16 5.938131754385197e-18
45.8429814544115 2.1772571919988073e-25 2.649427388975269e-16 2.567378429826523e-16 8.204895914874575e-18
47.23916046383907 2.1642100582599566e-25 2.7137573634613055e-16 2.601170594952184e-16 1.1258676850912135e-17
48.67786104940597 2.1606437715667537e-25 2.7917986297182787e-16 2.6384347105071976e-16 1.533639192110808e-17
50.16037823447602 2.16815298102688e-25 2.886823006069331e-16 2.679787972312476e-16 2.0703503375685507e-17
51.68804648322576 2.188612353228781e-25 3.0028137637225453e-16 2.725847424142936e-16 2.769663395796092e-17
53.26224090184056 2.223235889439687e-25 3.143217343909616e-16 2.776503916147518e-16 3.66713427762098e-17
54.884378476295105 2.274486706618557e-25 3.31361148239595e-16 2.8329908846101403e-16 4.8062059778580916e-17
56.55591934783037 2.345659481490366e-25 3.521376531493389e-16 2.8983803190391294e-16 6.229962124542587e-17
58.27836812727644 2.438796145429068e-25 3.772700376687919e-16 2.973877804163246e-16 7.988225725246735e-17
60.05327524940399 2.556130328277424e-25 4.074638878057011e-16 3.058185609217374e-16 1.0164532688396363e-16
61.88223836852342 2.700966806269908e-25 4.436645147962718e-16 3.152476697343582e-16 1.2841684506191367e-16
62.81758386220369 2.7850179254578466e-25 4.643855055957474e-16 3.2050439680732464e-16 1.4388110878842266e-16
63.7670670344103 2.8794648223372254e-25 4.873911649475928e-16 3.2617258819538726e-16 1.6121857675220554e-16
65.70913619443517 3.100102548289119e-25 5.407185280377406e-16 3.3885499060487326e-16 2.0186353743286734e-16
67.71035238438829 3.3560925361827415e-25 6.031959737230135e-16 3.5310112660132705e-16 2.5009484712168647e-16
69.77251696707448 3.6457701568301157e-25 6.752165966896532e-16 3.6892646244737446e-16 3.0629013424227886e-16
71.89748616702131 3.9730722656996083e-25 7.582450842323864e-16 3.868761459638775e-16 3.7136893826850904e-16
74.08717274132995 4.338851991807089e-25 8.532715991507154e-16 4.073442195778922e-16 4.4592737957282325e-16
76.34354770141287 4.741578571003102e-25 9.608701951511684e-16 4.3014024412855904e-16 5.307299510226095e-16
78.66864208716851 5.1795980147036115e-25 1.0816011555583935e-15 4.551566839768723e-16 6.264444715815212e-16
81.06454879518883 5.653548913006266e-25 1.216526452339467e-15 4.827509258074149e-16 7.337755265320522e-16
83.5334244626476 6.168499519426709e-25 1.3677579696707828e-15 5.132196592604503e-16 8.545383104103323e-16
86.07749140856238 6.712958996384642e-25 1.533815171462084e-15 5.464307152455517e-16 9.873844562165328e-16
88.69903963417964 7.270557755336099e-25 1.7118120508467926e-15 5.822271903532592e-16 1.1295848604935333e-15
91.4004288842828 7.840126880495182e-25 1.9021324639360913e-15 6.206646632995289e-16 1.281467800636562e-15
94.18409077127889 8.415406135765426e-25 2.103885318080564e-15 6.617538316129066e-16 1.4421314864676577e-15
97.05253096397554 8.991117344054768e-25 2.3162741708151987e-15 7.053074805397483e-16 1.6109666902754497e-15
100.00833144301866 9.577698320408798e-25 2.5425339927839004e-15 7.51153621257314e-16 1.7913803715265865e-15
103.05415282502196 1.0157420206442728e-24 2.778550854174725e-15 7.990230569188475e-16 1.979527797255877e-15
106.19273675747671 1.074269076063196e-24 3.0281495575123948e-15 8.485010792414657e-16 2.1796484782709294e-15
109.4269083866038 1.131198607354254e-24 3.2857341697980692e-15 8.993248947983444e-16 2.386409274999726e-15
112.75957890036308 1.1834137596314585e-24 3.542089193055604e-15 9.513871128791275e-16 2.590702080176477e-15
116.1937481489129 1.2309932671920263e-24 3.7967138971850305e-15 1.004140641394084e-15 2.7925732557909464e-15
119.73250734487735 1.2714671733808762e-24 4.0409796407595055e-15 1.056772036011743e-15 2.984207604747762e-15
123.37904184585196 1.3054305992537114e-24 4.275280506423154e-15 1.108954720146047e-15 3.1663257862771077e-15
127.13663402165271 1.3310709705770684e-24 4.492016617618838e-15 1.160730994782017e-15 3.3312856228368213e-15
131.0086662088879 1.3491382126334361e-24 4.691653192024998e-15 1.2114709478402783e-15 3.4801822441847186e-15
134.99862375551584 1.3583189783711575e-24 4.867439283452098e-15 1.260131643765079e-15 3.607307639687019e-15
139.11009815812417 1.3595223115635115e-24 5.020123824703889e-15 1.3063299348703149e-15 3.713793889833575e-15
143.3467902947586 1.3538162902853716e-24 5.1513035433199425e-15 1.3502355680367412e-15 3.801067975283201e-15
147.71251375620898 1.3417342806629447e-24 5.260817521383614e-15 1.3913989580223617e-15 3.86941856336125e-15
152.21119827875228 1.3308050486152337e-24 5.3768816547780504e-15 1.4289096868620342e-15 3.947971967916016e-15
156.84689328144228 1.3207138459064688e-24 5.498624778577474e-15 1.462376290377243e-15 4.03624848820023e-15
159.21741877681018 1.3133769962761701e-24 5.5507212389255235e-15 1.4776350169990773e-15 4.073086221926446e-15
161.62377151112827 1.3039811829259897e-24 5.594303119051436e-15 1.4918965553210162e-15 4.102406563730419e-15
166.54613279848823 1.2794320311647628e-24 5.656153735306707e-15 1.5173051717800519e-15 4.1388485635266556e-15
171.61840792845166 1.2511485835313713e-24 5.6995712931760244e-15 1.5381471894110243e-15 4.161424103765e-15
176.84516262850022 1.220582606331896e-24 5.729672442198814e-15 1.5542026179894255e-15 4.175469824209387e-15
179.5181642894721 1.2039301479876226e-24 5.736924329595323e-15 1.5604587467446603e-15 4.176465582850663e-15
182.2315681744764 1.1847283055214282e-24 5.73075458122826e-15 1.5655382823027727e-15 4.165216298925487e-15
187.78155384880017 1.1402802758441831e-24 5.6837369961970894e-15 1.5721870562121039e-15 4.1115499399849836e-15
190.61961427604518 1.1174363998615933e-24 5.654052458967959e-15 1.5737476366759287e-15 4.0803048222920294e-15
193.5005680909718 1.0944509596742138e-24 5.62144523223136e-15 1.574136129706486e-15 4.047309102524875e-15
199.3937587803602 1.0492740141779212e-24 5.553540084284285e-15 1.5714659191741536e-15 3.98207416511013e-15
205.46643057848152 1.0052658008892422e-24 5.4826587750096455e-15 1.5642099922170624e-15 3.9184487827925824e-15
211.72404970390772 9.653777134251962e-25 5.425464096640108e-15 1.5524472935001203e-15 3.8730168031399864e-15
218.17224885259444 9.246196395483873e-25 5.354661912918178e-15 1.536524108786063e-15 3.818137804132115e-15
224.8168322680627 8.798414826656491e-25 5.250524525444094e-15 1.5168596905790645e-15 3.7336648348650306e-15
231.66378096599615 8.33630018614565e-25 5.12626340748662e-15 1.4934804286338512e-15 3.632782978852769e-15
238.71925811795668 7.859994764783222e-25 4.980571119479288e-15 1.4663705017597555e-15 3.5142006177195326e-15
245.98961459906556 7.382085794105803e-25 4.8202026079156915e-15 1.4361057704065116e-15 3.3840968375091805e-15
249.71106150874405 7.1343911538623745e-25 4.728943556145108e-15 1.4200380385153368e-15 3.3089055176297708e-15
253.4888082224776 6.881039265374368e-25 4.630013514664578e-15 1.4034246276713548e-15 3.226588886993223e-15
261.20898134247824 6.391176773039289e-25 4.431373624078457e-15 1.3683544010033489e-15 3.063019223075107e-15
269.1642775569489 5.9517488025313705e-25 4.2523739380381915e-15 1.3306795870635393e-15 2.921694350974651e-15
277.3618576987742 5.537435442998631e-25 4.076851069519763e-15 1.2910277982587601e-15 2.7858232712610026e-15
285.8091006888481 5.0945429515324545e-25 3.8650108243704084e-15 1.250215261244363e-15 2.614795563126044e-15
294.5136101780917 4.6643386707021625e-25 3.646404793866354e-15 1.2082511868984585e-15 2.4381536069678957e-15
303.4832213917586 4.285778380703656e-25 3.4525011199532448e-15 1.1650442202601526e-15 2.2874568996930918e-15
312.7260081821858 3.938555615144578e-25 3.2694177545993657e-15 1.1210561956953294e-15 2.148361558904036e-15
322.25029029634635 3.6210220197225366e-25 3.0973759087837786e-15 1.0768390913868557e-15 2.0205368173969228e-15
332.0646408647343 3.3262022279925633e-25 2.931843042128629e-15 1.0325250247687767e-15 1.8993180173598524e-15
342.17789411833206 3.045466918940077e-25 2.7661470810622958e-15 9.881876454399884e-16 1.777959435622307e-15
352.59915334060224 2.781175056761979e-25 2.603029104016572e-15 9.440671544709535e-16 1.6589619495456172e-15
363.337799061663 2.538046471336814e-25 2.447820591706424e-15 9.004353067142371e-16 1.5473852849921875e-15
374.40349750202313 2.3141051727469015e-25 2.2998124634636916e-15 8.574482211433944e-16 1.442364242320297e-15
380.062092440151 2.2086809618596707e-25 2.2282143960849464e-15 8.362465402920669e-16 1.3919678557928788e-15
385.80620927347337 2.1074089098540675e-25 2.1581789780302523e-15 8.152624077464402e-16 1.342916570283812e-15
397.5561983449763 1.916667092573752e-25 2.0226216356594386e-15 7.739953025682914e-16 1.2486263330911473e-15
409.6640412816112 1.7391985665528043e-25 1.8912391381998728e-15 7.336982692225611e-16 1.1575408689773116e-15
415.8555509384264 1.6553101667946987e-25 1.8272220121098414e-15 7.139449613117901e-16 1.1132770507980513e-15
422.1406367649012 1.574668616384767e-25 1.7644760420422776e-15 6.944730300203005e-16 1.070003012021977e-15
434.9972154030873 1.4241636944502154e-25 1.644431624499159e-15 6.564853304956209e-16 9.879462940035382e-16
448.24534984018095 1.287013087608316e-25 1.5313278785632488e-15 6.198070825183979e-16 9.115207960448507e-16
461.89696517289525 1.1621332023746423e-25 1.4248542793676111e-15 5.843830007533677e-16 8.404712786142431e-16
475.9643496848308 1.0485866009372544e-25 1.3247934179153155e-15 5.502276819556461e-16 7.745657359596695e-16
490.4601659075747 9.447061442304933e-26 1.2299003177513384e-15 5.174960534603493e-16 7.124042642909891e-16
505.39746201868155 8.495121371320809e-26 1.1396515298049887e-15 4.86250800449866e-16 6.534007293551227e-16
520.7896835867783 7.631856675713147e-26 1.0550232039470911e-15 4.564273340143489e-16 5.98595869932742e-16
536.6506856743796 6.853512070981585e-26 9.76279800362582e-16 4.2801344070216085e-16 5.482663596604212e-16
552.9947453093008 6.149658754644245e-26 9.026958689664088e-16 4.009625892784741e-16 5.017332796879344e-16
569.8365743358964 5.513125863697406e-26 8.33907079890654e-16 3.7524641638613815e-16 4.586606635045161e-16
587.1913326576936 4.938218250223899e-26 7.696962128315072e-16 3.5084130590824466e-16 4.1885490692326265e-16
605.0746418833327 4.4196083322005616e-26 7.098427796525634e-16 3.2771868640862363e-16 3.821240932439398e-16
623.502599388115 3.9523441459156524e-26 6.541275709964542e-16 3.058455507685287e-16 3.4828202022792557e-16
642.4917928037942 3.531821245020629e-26 6.023317164802827e-16 2.8518519272398146e-16 3.1714652375630124e-16
662.0593149496696 3.1537695973863154e-26 5.542379958671843e-16 2.656986149359025e-16 2.8853938093128177e-16
682.2227792184137 2.8142469568962244e-26 5.096333668237013e-16 2.4734420233856925e-16 2.6228916448513195e-16
703.0003354304876 2.509625955203281e-26 4.68310572648409e-16 2.300790642063949e-16 2.382315084420141e-16
724.4106861714122 2.2365758413923908e-26 4.300687738795083e-16 2.1385961773553935e-16 2.1620915614396893e-16
746.4731036265977 1.992040943142643e-26 3.947133883957654e-16 1.9864031984106405e-16 1.9607306855470147e-16
769.2074469289008 1.7732274071782355e-26 3.620573333126104e-16 1.8437529980486072e-16 1.7768203350774956e-16
792.6341800345017 1.577588442543584e-26 3.319219284737308e-16 1.7101970517002824e-16 1.6090222330370256e-16
816.7743901432078 1.4028060083821958e-26 3.0413693324996134e-16 1.5852909844351435e-16 1.4560783480644697e-16
841.6498066797607 1.2467701182364378e-26 2.7853979132854784e-16 1.4685907786863682e-16 1.3168071345991094e-16
867.2828208532309 1.1075647986018568e-26 2.5497601028769736e-16 1.359659467017682e-16 1.1901006358592906e-16
893.6965058121084 9.834583916552837e-27 2.3330040000168776e-16 1.2580753920876804e-16 1.0749286079291968e-16
920.9146374132232 8.728854028069213e-27 2.1337623108760092e-16 1.1634296296511773e-16 9.703326812248324e-17
948.9617156232121 7.744288963260527e-27 1.9507412805004794e-16 1.0753229111303827e-16 8.754183693700971e-17
977.8629865717667 6.868108220878623e-27 1.78272588559508e-16 9.933700215800526e-17 7.893558640150272e-17
1007.6444652765354 6.0888061335798224e-27 1.6285792731319784e-16 9.172008930189107e-17 7.113783801130674e-17
1038.332959060126 5.396028360133924e-27 1.4872373934726596e-16 8.464600874735416e-17 6.407773059991183e-17
1069.95609168029 4.780474084056753e-27 1.3577079371063992e-16 7.808084882456452e-17 5.768994488607544e-17
1102.542328195006 4.233797362371702e-27 1.239066949012283e-16 7.199233492891346e-17 5.191435997231482e-17
1136.1210005848498 3.748508178894406e-27 1.130452928985809e-16 6.634962669834417e-17 4.669566620023672e-17
1170.7223341557005 3.317892175293425e-27 1.0310639556035145e-16 6.112332395637224e-17 4.198307160397921e-17
1206.3774747455793 2.9359441021007015e-27 9.401571111547511e-17 5.628567486903721e-17 3.773003624643791e-17
1243.1185167600695 2.5972977236630446e-27 8.570451536419702e-17 5.1810544857676123e-17 3.38939705065209e-17
1280.9785320615858 2.2971536843334362e-27 7.810904642734344e-17 4.7673164011990904e-17 3.0435882415352516e-17
1319.9915997384837 2.031222129644248e-27 7.117017273433187e-17 4.385005441321144e-17 2.7320118321120426e-17
1360.1928367808064 1.795678629228882e-27 6.483336013483176e-17 4.031917683023477e-17 2.4514183304596975e-17
1401.618429690285 1.5871197567887002e-27 5.904850822327955e-17 3.705994886100458e-17 2.1988559362274966e-17
1444.305667053031 1.4025099726753418e-27 5.3769315323199866e-17 3.40529628706199e-17 1.9716352452579966e-17
1488.2929731042755 1.2391439529023061e-27 4.895303541737162e-17 3.1279969530397604e-17 1.767306588697401e-17
1533.6199423153234 1.0946142254609187e-27 4.456031663295546e-17 2.872385844389218e-17 1.583645818906327e-17
1580.327375033885 9.667820775396928e-28 4.0555063615371847e-17 2.6368748703007455e-17 1.4186314912364388e-17
1628.457314209858 8.537462459353487e-28 3.6904100068223163e-17 2.419979123413415e-17 1.2704308834089004e-17
1678.0530832396191 7.538158152912628e-28 3.357688266231469e-17 2.220305355221242e-17 1.1373829110102272e-17
1729.1593249628888 6.654894195772423e-28 3.054538470642347e-17 2.036555025530298e-17 1.0179834451120499e-17
1781.8220418472597 5.874358146217533e-28 2.778396230038858e-17 1.8675244734571976e-17 9.1087175658166e-18
1836.0886373966016 5.184736675360672e-28 2.5269100354700238e-17 1.7120933511629854e-17 8.148166843070383e-18
1892.007958820556 4.5755477413524335e-28 2.2979230588198217e-17 1.569216332919573e-17 7.287067259002487e-18
1949.6303410035755 4.037495207250158e-28 2.0894583940907667e-17 1.437920882554901e-17 6.515375115358656e-18
2009.0076518130663 3.5623525296726976e-28 1.8997126684084398e-17 1.3173097949840875e-17 5.8240287342435205e-18
2070.1933387874215 3.1428337778021668e-28 1.727037437453885e-17 1.2065513974771774e-17 5.204860399767077e-18
2133.242477245972 2.772476155448475e-28 1.5699198314059912e-17 1.1048704726243475e-17 4.650493587816443e-18
2198.211819864143 2.4455598939022916e-28 1.4269779927086328e-17 1.0115496827416641e-17 4.1542830996696905e-18
2265.1598477584885 2.1570260793373786e-28 1.2969513444738396e-17 9.259261348474704e-18 3.710252096263691e-18
2334.1468231275226 1.9023972703329e-28 1.178687879950657e-17 8.473864037223035e-18 3.313014762283534e-18
2405.2348434957767 1.6777148278875423e-28 1.0711371018711838e-17 7.753636689562371e-18 2.957734329149469e-18
2478.487897609897 1.4794792732923807e-28 9.733412318018715e-18 7.09334621864831e-18 2.640066099370405e-18
2553.971923037092 1.304593718107038e-28 8.8442464223258e-18 6.488152516268212e-18 2.356093906057585e-18
2631.7548655177807 1.1503204188251664e-28 8.035884692498443e-18 5.933586420972925e-18 2.1022982715255178e-18
2711.906740125872 1.01424148327872e-28 7.301053874173938e-18 5.4255305022424464e-18 1.8755233719314918e-18
2794.4996942916955 8.942201743381754e-29 6.6331216642885774e-18 4.960185658087024e-18 1.6729360062015544e-18
2879.6080727443887 7.883695565786852e-29 6.0260490284657385e-18 4.534054415256949e-18 1.4919946132087899e-18
2967.308484432098 6.95023768659555e-29 5.474340269235461e-18 4.1439184900444546e-18 1.3304217791910069e-18
3057.6798714803062 6.127106711568795e-29 4.972982049207179e-18 3.786809700713245e-18 1.1861723484939338e-18
