Dust emission spectrum from A.P. Jones, M. Kohler, N. Ysard, M. Bocchio, and L. Verstraete (2017), A&A, 602A, 46J 
inside the DustPedia framework.

lambda    nu*dP/dnu     j_nu    j_nu(carb.) j_nu(sil)
 (um)   (erg s-1 H-1) (Jy cm2 sr-1 H-1)
0.9927057738263894 1.2208489304690213e-22 3.21700627462078e-15 3.2170062746207193e-15 6.166155319384879e-29
1.0001793341362166 1.241022284031051e-22 3.294783555601349e-15 3.2947835556012745e-15 7.430076999320113e-29
1.0077091589558085 1.261166974754381e-22 3.373472922193038e-15 3.373472922192948e-15 8.941738617646464e-29
1.0114953028030835 1.2712260907365562e-22 3.4131557075011837e-15 3.4131557075010867e-15 9.804585058758466e-29
1.0152956718711033 1.2812750718686117e-22 3.45306174857773e-15 3.453061748577622e-15 1.074726783108225e-28
1.0229392996569957 1.3013288459532692e-22 3.5335102346043816e-15 3.533510234604253e-15 1.2901056073177017e-28
1.0267826658714554 1.3113093224189577e-22 3.573988165388396e-15 3.573988165388255e-15 1.4128487274480963e-28
1.0306404723013447 1.3212752515189278e-22 3.6146805834453576e-15 3.614680583445203e-15 1.5467748658933924e-28
1.03451277320114 1.3312256715471723e-22 3.655585738705271e-15 3.655585738705103e-15 1.6928538762643573e-28
1.0383996230291617 1.3411596261258018e-22 3.696701859199568e-15 3.6967018591993834e-15 1.8521351362323399e-28
1.0403485208654093 1.3461201315055425e-22 3.717338471784678e-15 3.717338471784485e-15 1.9370777812782154e-28
1.0423010764483396 1.3510761643884427e-22 3.7380271514802575e-15 3.7380271514800555e-15 2.0257536627107943e-28
1.0462171883269815 1.360974341159606e-22 3.7795598010396345e-15 3.779559801039413e-15 2.2149366634839963e-28
1.0471985131304309 1.3634459061626844e-22 3.789975148395444e-15 3.789975148395217e-15 2.264817517077832e-28
1.048180758391296 1.365916250217869e-22 3.800403312110025e-15 3.800403312109794e-15 2.3157752693253047e-28
1.0501480137395462 1.3708532171299822e-22 3.821297972730308e-15 3.821297972730066e-15 2.4210105537866357e-28
1.0521189612883777 1.3757851254269727e-22 3.842243550351074e-15 3.842243550350821e-15 2.53082505222947e-28
1.0531058218030118 1.3782453604927314e-22 3.852724777230259e-15 3.852724777229999e-15 2.5875121211260057e-28
1.0540936079674168 1.3806918838804265e-22 3.863183920607269e-15 3.863183920607005e-15 2.6454279793659577e-28
1.058054026499678 1.3904640944633027e-22 3.905144028181361e-15 3.905144028181072e-15 2.88976902209279e-28
1.0590464539527713 1.392903604897578e-22 3.915664789248516e-15 3.915664789248221e-15 2.954154320010542e-28
1.06003981227728 1.3953416699505129e-22 3.926197783994104e-15 3.9261977839938026e-15 3.0199136618838697e-28
1.0620293250338977 1.4002134071291399e-22 3.947300353964421e-15 3.9473003539641065e-15 3.155666726239466e-28
1.0660195594769086 1.4099389137864069e-22 3.9896509679634746e-15 3.98965096796313e-15 3.4449267414215017e-28
1.070024785945596 1.4196397132004194e-22 4.032193922168396e-15 4.032193922168021e-15 3.759497314822131e-28
1.0740450607676866 1.4293149111415664e-22 4.074927250973623e-15 4.074927250973212e-15 4.101479817482642e-28
1.07808044048254 1.4389636205294677e-22 4.1178489715991006e-15 4.117848971598653e-15 4.473139988760491e-28
1.0861967418109137 1.4581610141088634e-22 4.204200421268911e-15 4.204200421268379e-15 5.315451734058393e-28
1.0902777775684922 1.467669194043542e-22 4.247513539283884e-15 4.247513539283306e-15 5.7915707209551275e-28
1.0943741465085532 1.4771467333430567e-22 4.29100377061706e-15 4.291003770616429e-15 6.308327030946145e-28
1.1026131145906286 1.496006520524256e-22 4.3785072506795405e-15 4.3785072506787934e-15 7.477139980205883e-28
1.1109141095355224 1.5147337179879795e-22 4.46669407629924e-15 4.4666940762983555e-15 8.851270401758686e-28
1.1192775983109025 1.5333044170685975e-22 4.555495600144191e-15 4.555495600143143e-15 1.0464685530830685e-27
1.1277040513999907 1.551632376490094e-22 4.644654424467589e-15 4.644654424466354e-15 1.2356604185890198e-27
1.1361939428280308 1.5698061022260382e-22 4.734432353940903e-15 4.734432353939446e-15 1.4572241021614214e-27
1.1447477501889525 1.587819532145632e-22 4.824811734493557e-15 4.824811734491841e-15 1.7163661250500456e-27
1.1533659546722406 1.6056765591076662e-22 4.915804784787989e-15 4.915804784785971e-15 2.019076692338757e-27
1.1707974979042381 1.6409790464922762e-22 5.099813030950592e-15 5.09981303094781e-15 2.783756661398907e-27
1.1884924949847024 1.6755798592634931e-22 5.28604685187954e-15 5.28604685187572e-15 3.8192168736033225e-27
1.2064549276569216 1.7097494573800008e-22 5.475364164248941e-15 5.4753641642437284e-15 5.214481905700696e-27
1.2246888378427687 1.743114732197178e-22 5.6665818473293646e-15 5.666581847322279e-15 7.085255115571256e-27
1.2431983285522175 1.7755976060919493e-22 5.85941692822877e-15 5.859416928219187e-15 9.581407374735976e-27
1.2619875648066055 1.8071858928583181e-22 6.05378978698127e-15 6.0537897869683746e-15 1.2896073933847562e-26
1.3004222497298317 1.867153615310092e-22 6.4451625426716095e-15 6.445162542648569e-15 2.3039004904125794e-26
1.3400274889804893 1.9227829171969852e-22 6.839327424198688e-15 6.839327424158271e-15 4.041775031999088e-26
1.3808389325824078 1.973867177939869e-22 7.234864171137431e-15 7.234864171067772e-15 6.965973029531566e-26
1.4228933163050095 2.020654429597577e-22 7.631920181884345e-15 7.63192018176634e-15 1.180062431521399e-25
1.466228494730424 2.0642695821478303e-22 8.034104965799501e-15 8.034104965602912e-15 1.965884223241865e-25
1.5108834753276823 2.1038648174305278e-22 8.437586446840674e-15 8.43758644651847e-15 3.222049886398222e-25
1.5568984535646726 2.1387539943971006e-22 8.838743970015066e-15 8.83874396949498e-15 5.200883889646673e-25
1.6043148490894465 2.169000315582735e-22 9.23673856237797e-15 9.236738561549683e-15 8.282875944755817e-25
1.6531753430134553 2.194695187512688e-22 9.630804423691397e-15 9.63080442239135e-15 1.3000452417904649e-24
1.7035239163302658 2.216143152068337e-22 1.002110190408942e-14 1.0021101902077926e-14 2.0114909855835872e-24
1.755405889504358 2.235106110575586e-22 1.041466080634286e-14 1.0414660803273262e-14 3.0695984404209308e-24
1.8088679632656115 2.2511485385202335e-22 1.0808873951404681e-14 1.0808873946782916e-14 4.621766598125965e-24
1.8639582606462262 2.2639752948904666e-22 1.1201528791333347e-14 1.1201528784464632e-14 6.868714632032641e-24
1.9207263702978936 2.2737997454532464e-22 1.1592768024789894e-14 1.1592768014710026e-14 1.0079869155713274e-23
1.979223391128241 2.2811190522166395e-22 1.1984286968066366e-14 1.1984286953453964e-14 1.4612402367734738e-23
2.039501978296691 2.286528313767172e-22 1.2378560611456525e-14 1.2378560590523105e-14 2.0933419914392882e-23
2.1016163906111602 2.2916950443860604e-22 1.2784381015978032e-14 1.2784380986329667e-14 2.9648365356862494e-23
2.1656225393682647 2.297586069333281e-22 1.3207602361925698e-14 1.3207602320395352e-14 4.1530342359742986e-23
2.231578038680979 2.3042704051908983e-22 1.3649443773598376e-14 1.3649443716043253e-14 5.755512205997055e-23
2.299542257339062 2.312326906118404e-22 1.4114323279538648e-14 1.4114323200597119e-14 7.894153380805101e-23
2.369576372248914 2.3230358246091483e-22 1.461154201078167e-14 1.461154190358287e-14 1.0719879711796477e-22
2.4417434235010123 2.3379089842159767e-22 1.5152945443909917e-14 1.5152945299735e-14 1.441749182769002e-22
2.5161083711144245 2.359535671384695e-22 1.5758879077609916e-14 1.5758878885490927e-14 1.9211898734171743e-22
2.5927381535095444 2.3921532178018064e-22 1.6463307292272758e-14 1.6463307038528e-14 2.537447541822738e-22
2.6717017477616296 2.440820658476671e-22 1.7309848945528397e-14 1.730984861324123e-14 3.322871690945414e-22
2.753070231689431 2.5131549831225543e-22 1.8365636967407894e-14 1.8365636535827085e-14 4.315808092506377e-22
2.836916847834745 2.6264129469854934e-22 1.977784869555113e-14 1.977784813938579e-14 5.561653390652477e-22
2.9233170693905177 2.8186007968416e-22 2.1871517971279206e-14 2.1871517259998073e-14 7.112811319594923e-22
2.967498994190263 2.9818157107474205e-22 2.3487717357264414e-14 2.3487716556231148e-14 8.010332624967218e-22
3.0123486681368425 3.1724325346937297e-22 2.5366880707910972e-14 2.53668798068344e-14 9.010765742865765e-22
3.0578761833420214 3.5989465936542547e-22 2.921223135119974e-14 2.921223033844985e-14 1.012749893209367e-21
3.1040917844459814 4.148554544383701e-22 3.418226147032432e-14 3.4182260333851315e-14 1.1364730102360297e-21
3.127460860933648 4.729969131373779e-22 3.926626768062544e-14 3.9266266476981045e-14 1.2036443990473752e-21
3.1510058709225794 5.504621255687427e-22 4.6041142095767204e-14 4.604114082140889e-14 1.274358292798643e-21
3.162844764501044 6.225707204421102e-22 5.22680143678374e-14 5.226801305655194e-14 1.3112854484947212e-21
3.1747281389236908 7.064267762401405e-22 5.953099298037525e-14 5.953099163121666e-14 1.349158589345361e-21
3.1986289994194426 9.403246263940123e-22 7.983826921741347e-14 7.98382677893269e-14 1.4280865503821605e-21
3.2227097969389145 1.491679601537215e-21 1.276045567343426e-13 1.2760455522122899e-13 1.5131136293517809e-21
3.2348180950136065 2.014536575927099e-21 1.729794268211183e-13 1.729794252619186e-13 1.5591996494372385e-21
3.240889293275058 2.4054402954190535e-21 2.0693226481832056e-13 2.069322632345183e-13 1.5838022481867223e-21
3.2469718861334385 2.8576558327470955e-21 2.462962978453454e-13 2.4629629623587944e-13 1.6094659947495094e-21
3.2714166318528037 5.269852030320504e-21 4.576186455763721e-13 4.576186438593334e-13 1.717038731545039e-21
3.2744851364798273 5.420646753252771e-21 4.711547382670342e-13 4.711547365373306e-13 1.7297036470834423e-21
3.2775565192852394 5.575772726878905e-21 4.850926404914657e-13 4.850926387490079e-13 1.7424578952822598e-21
3.283707930232385 5.426592840102919e-21 4.730000561793517e-13 4.730000544145799e-13 1.7647718099586675e-21
3.2898708863219004 4.953492964107158e-21 4.325734273536291e-13 4.325734255689876e-13 1.784641350186594e-21
3.29141343181113 4.841924176106678e-21 4.2302872106589244e-13 4.2302871927625563e-13 1.7896367901803544e-21
3.292184975758714 4.787103221090036e-21 4.183371695539982e-13 4.1833716776185924e-13 1.79213873092125e-21
3.295272960557952 4.441067659106034e-21 3.884617098789843e-13 3.884617080772339e-13 1.80175034809633e-21
3.3076538914384823 3.2422929984255337e-21 2.846700323868213e-13 2.846700305464393e-13 1.8403819532622487e-21
3.310756385682612 2.9983114756991935e-21 2.6349562298877465e-13 2.634956211386305e-13 1.8501441062587363e-21
3.313861789986515 2.7732004403307835e-21 2.4394116020925227e-13 2.439411583493041e-13 1.859948214583845e-21
3.3200813396944477 2.457507393650172e-21 2.1657732728871666e-13 2.165773254073207e-13 1.8813959198598337e-21
3.345076488085796 1.894341053203564e-21 1.6820296883621907e-13 1.682029668568657e-13 1.9793533753603802e-21
3.3482140837626964 1.915459160846607e-21 1.702376238398902e-13 1.7023762184698683e-13 1.9929033831364175e-21
3.3513546224236106 1.936810753104107e-21 1.7229671832165644e-13 1.7229671631511958e-13 2.006536845136825e-21
3.3576445397418455 2.092852965830824e-21 1.865274994367416e-13 1.8652749740134838e-13 2.0353933427490454e-21
3.3702598118196083 2.6684028420966738e-21 2.387174734580058e-13 2.3871747136124134e-13 2.096764476633269e-21
3.382922481734668 2.799491031558394e-21 2.513856944786179e-13 2.513856923226898e-13 2.1559281589776435e-21
3.389271646505754 2.867403843122361e-21 2.579673096989166e-13 2.5796730751283607e-13 2.1860804779484375e-21
3.395632727569191 2.940583316369871e-21 2.650474514635187e-13 2.650474492462278e-13 2.2172909150065096e-21
3.421196662673239 3.29196397071637e-21 2.9895274544712907e-13 2.9895274309940016e-13 2.3477288936991997e-21
3.4276182099114902 3.2211540468143304e-21 2.930713529881975e-13 2.9307135061144107e-13 2.376756426826632e-21
3.4340518103208963 2.9108638687035253e-21 2.6533721818309145e-13 2.653372157790718e-13 2.40401964010333e-21
3.4469541582030403 2.468953342530702e-21 2.2590082842667513e-13 2.259008259705012e-13 2.4561739337857717e-21
3.472904465399547 2.345104890977082e-21 2.1618449476142524e-13 2.1618449218118847e-13 2.5802368081236084e-21
3.4990501388274233 2.155683447380366e-21 2.0021867623322193e-13 2.0021867352458602e-13 2.708635943414608e-21
3.5253949054701885 1.481569495294114e-21 1.3864341052926532e-13 1.3864340769630435e-13 2.8329609695478637e-21
3.5519380250092896 8.479776098700433e-22 7.995013433288648e-14 7.995013137394878e-14 2.9589376852074823e-21
3.578680990867387 5.967497989530118e-22 5.668716016487456e-14 5.668715706405862e-14 3.1008159164415164e-21
3.605625307711299 4.95128333147327e-22 4.738793733257874e-14 4.738793407927202e-14 3.2533067246017433e-21
3.660119384959845 4.209831123775641e-22 4.090056985844892e-14 4.090056627627601e-14 3.582172923901552e-21
3.715437065384467 3.684693528926927e-22 3.6339647813731437e-14 3.633964387371131e-14 3.940020135436449e-21
3.8285932144167436 3.4178687560341063e-22 3.473473904150552e-14 3.4734734289230253e-14 4.752275263377136e-21
3.94519561050918 3.3663627817554996e-22 3.525322809286219e-14 3.5253222384793136e-14 5.708069054478045e-21
4.06534921144712 3.403393200082806e-22 3.6726489395192126e-14 3.672648256310561e-14 6.8320865104667e-21
4.189162171576248 3.4918198918947856e-22 3.882830576246549e-14 3.882829760544753e-14 8.157017970533623e-21
4.316745939156006 3.617842529526486e-22 4.1454872331169976e-14 4.1454862612955246e-14 9.718214730709146e-21
4.448215356677963 3.7768762930389407e-22 4.459518792791173e-14 4.4595176379213286e-14 1.1548698440398226e-20
4.58368876423945 3.9695615307880826e-22 4.829777147592578e-14 4.8297757769569066e-14 1.3706356698070837e-20
4.723288106065518 4.2004075147663163e-22 5.26629637865264e-14 5.26629475180817e-14 1.6268444686626913e-20
4.867139040275056 4.478364829551151e-22 5.785789866021763e-14 5.785787937186107e-14 1.9288356576390757e-20
4.940699165968905 4.646149751105385e-22 6.093278767327661e-14 6.093276666680448e-14 2.1006472123614115e-20
5.015371051989984 4.820059964646511e-22 6.416895150646568e-14 6.416892862775768e-14 2.2878707968528038e-20
5.091171501069577 5.0322229565661755e-22 6.800596922524425e-14 6.800594428267732e-14 2.4942566919408846e-20
5.129500256944802 5.141179530021171e-22 7.000148588499253e-14 7.000145984135737e-14 2.604363515872325e-20
5.168117569889187 5.254798285137305e-22 7.208715193129135e-14 7.208712473372098e-14 2.7197570386527235e-20
5.20702561229733 5.39412620828129e-22 7.455559671954872e-14 7.455556828194802e-14 2.8437600705760925e-20
5.246226572918644 5.537052083830871e-22 7.710722694677935e-14 7.71071972125348e-14 2.9734244549033435e-20
5.265937586045735 5.609900442028861e-22 7.841520720803934e-14 7.841517680342073e-14 3.040461859740335e-20
5.285722656980489 5.683692338964961e-22 7.974516596584451e-14 7.974513487569689e-14 3.1090147602679326e-20
5.305582063971359 5.758443121565366e-22 8.109751578373252e-14 8.109748399255108e-14 3.17911814426094e-20
5.3255160863122235 5.838732862920951e-22 8.253720147826832e-14 8.253716896719611e-14 3.2511072206499075e-20
5.365609099470188 6.038519532554989e-22 8.600405699631442e-14 8.600402297230445e-14 3.40240099731678e-20
5.406003951863644 6.245947299841357e-22 8.96280829535658e-14 8.962804734569156e-14 3.560787424922435e-20
5.446702915881641 6.461385326311878e-22 9.341761212169894e-14 9.34175748556562e-14 3.7266042803870434e-20
5.487708281020852 6.694161990771168e-22 9.751168642015259e-14 9.751164741230261e-14 3.9007849997496437e-20
5.529022354014368 7.01731604290344e-22 1.029885195854672e-13 1.0298847870125324e-13 4.08842139667382e-20
5.570647458961463 7.359535642819772e-22 1.0882420942208184e-13 1.0882416656960779e-13 4.285247405738834e-20
5.612585937458331 7.722191372879346e-22 1.150463903674765e-13 1.1504634545029467e-13 4.491718184070916e-20
5.654840148729818 8.120791592474639e-22 1.218956285057564e-13 1.2189558141241433e-13 4.709334204798386e-20
5.67608639626678 8.392026645978208e-22 1.2644023212424334e-13 1.2644018385762245e-13 4.8266620914042644e-20
5.686739436050992 8.531833662323008e-22 1.2878792392235536e-13 1.2878787505783316e-13 4.886452222075239e-20
5.6974124697621304 8.674522709588732e-22 1.3118756863684352e-13 1.3118751916678268e-13 4.947006084806638e-20
5.718818669136295 8.968824276415889e-22 1.3614800264108522e-13 1.3614795193663977e-13 5.070444545809034e-20
5.740305295436557 9.29318193064534e-22 1.416018290584204e-13 1.416017770738895e-13 5.1984530853780675e-20
5.7835210386641895 1.0134242091935398e-21 1.5557973503921993e-13 1.5557968028012086e-13 5.475909907755371e-20
5.827062130521658 1.1103008493184264e-21 1.7173537146768437e-13 1.717353137468093e-13 5.772087510973612e-20
5.8489554468988025 1.1782306859024266e-21 1.8292711103301296e-13 1.8292705162894624e-13 5.94040666734517e-20
5.870931020387893 1.2511245879030312e-21 1.9497412050531203e-13 1.9497405936463166e-13 6.114068037761336e-20
5.892989160043636 1.329381988710811e-21 2.079480564503348e-13 2.0794799351786228e-13 6.293247253122598e-20
5.915130176081913 1.4183745832906544e-21 2.2270228858187e-13 2.2270222374691338e-13 6.483495670525755e-20
5.95966208400165 1.6671325579900248e-21 2.6373101234037167e-13 2.637309430094955e-13 6.933087621451566e-20
6.004529249263818 2.0256106240654957e-21 3.228526562690594e-13 3.2285258145811015e-13 7.481094928838973e-20
6.027089341400364 2.2747656178721927e-21 3.6392653098919725e-13 3.6392645279752197e-13 7.819167534247124e-20
6.049734195844842 2.5691879357961063e-21 4.1257375781402216e-13 4.125736758907597e-13 8.192326257750774e-20
6.095279466722835 3.41957685797697e-21 5.532678380929577e-13 5.532677463556338e-13 9.173732391056285e-20
6.141167624020661 4.728213931615702e-21 7.707570449923016e-13 7.707569394202751e-13 1.0557202659772923e-19
6.164241091010745 5.563901128861655e-21 9.10392042777053e-13 9.103919282311157e-13 1.1454593702799095e-19
6.187401249150058 6.515863163638974e-21 1.0701623532103103e-12 1.0701622288666267e-12 1.2434368355387856e-19
6.1990139391386085 6.980699742079656e-21 1.1486586945566917e-12 1.1486585651737517e-12 1.293829401499672e-19
6.204828454712694 7.225557147853668e-21 1.1900646427993024e-12 1.1900645108068448e-12 1.3199245742589185e-19
6.210648424152782 7.40431857897113e-21 1.2206508972386871e-12 1.2206507630551512e-12 1.3418353593068651e-19
6.233982942956859 8.011694219273472e-21 1.325743199377693e-12 1.3257430573818076e-12 1.4199588542117232e-19
6.239830258556775 8.089366822457277e-21 1.339851720651525e-12 1.339851577535001e-12 1.4311652391202665e-19
6.245683058788269 8.096157440433696e-21 1.3422342604275354e-12 1.3422341161814479e-12 1.4424608715336588e-19
6.257405133728602 8.079599550940225e-21 1.3420031757984633e-12 1.3420030295527678e-12 1.462456958178576e-19
6.269149208991335 7.960310703539121e-21 1.324671091419397e-12 1.3246709443976267e-12 1.470217701474882e-19
6.280915325867298 7.660979944573668e-21 1.2772523108873104e-12 1.2772521646117924e-12 1.4627551800426223e-19
6.304513850009849 6.922750961653963e-21 1.1585098877992286e-12 1.1585097444297033e-12 1.43369525287524e-19
6.32820103803542 6.00764461856906e-21 1.0091458412792293e-12 1.0091457025477186e-12 1.3873151087533063e-19
6.3519772230701035 5.1684378664143476e-21 8.714403495870646e-13 8.714402151928735e-13 1.3439419080350404e-19
6.375842739491607 4.4624483503005506e-21 7.552317373448439e-13 7.552316067196052e-13 1.3062523830967024e-19
6.399797922933955 3.896678695736763e-21 6.619577807307973e-13 6.61957652440039e-13 1.282907582149399e-19
6.42384311029221 3.426325824322479e-21 5.842423280977561e-13 5.84242201711758e-13 1.2638599819690758e-19
6.447978639727206 3.083641074870763e-21 5.277847593586283e-13 5.277846335703363e-13 1.257882919659013e-19
6.472204850670314 2.7982095189618884e-21 4.807307661387535e-13 4.807306406275546e-13 1.2551119891039132e-19
6.496522083828205 2.612797674628163e-21 4.5056363099167804e-13 4.5056350462497724e-13 1.26366700824012e-19
6.520930681187647 2.456651835674645e-21 4.2522875796859307e-13 4.2522863053561545e-13 1.2743297755718076e-19
6.57002334288761 2.2972197515062322e-21 4.006257753046461e-13 4.0062564397361876e-13 1.3133102734350814e-19
6.619489833774732 2.2812263928113154e-21 4.008319579328319e-13 4.0083182093564595e-13 1.3699718603597765e-19
6.6693287637831435 2.3430806960398026e-21 4.148000552004699e-13 4.147999114941755e-13 1.4370629435500814e-19
6.719538636694507 2.421972437485256e-21 4.319943680970296e-13 4.319942175143143e-13 1.5058271542299324e-19
6.770126513364129 2.618703763765016e-21 4.706007228035565e-13 4.70600563912633e-13 1.5889092351484895e-19
6.8210952395837445 2.9158409955957015e-21 5.279434232854547e-13 5.279432542963479e-13 1.689891069866047e-19
6.872447682569556 3.2900072482576254e-21 6.00174763776199e-13 6.001745828473053e-13 1.8092889363271958e-19
6.924186731123532 3.7634011656018926e-21 6.917015032664683e-13 6.917013084423475e-13 1.9482412073332445e-19
6.976315295795916 4.148380285750947e-21 7.681996326318813e-13 7.68199423588172e-13 2.090437089684732e-19
7.028836309048954 4.205213003693378e-21 7.845865541330867e-13 7.8458633269582e-13 2.2143726658427885e-19
7.081752725421856 4.039480293575511e-21 7.593389636063665e-13 7.593387309034123e-13 2.3270295451154317e-19
7.135067521697011 3.9293043094060644e-21 7.441888947901797e-13 7.441886487987214e-13 2.4599145819388963e-19
7.1887836970674375 4.020311149491405e-21 7.671574655893745e-13 7.671572021441754e-13 2.6344519910940283e-19
7.242904273305506 4.344042594781952e-21 8.35172630098431e-13 8.351723437758277e-13 2.8632260345276844e-19
7.297432294932914 4.856639012152684e-21 9.407523925124895e-13 9.407520773402539e-13 3.151722356298756e-19
7.352370829391971 5.44285022454079e-21 1.0622413909817778e-12 1.0622410413171692e-12 3.4966460873765145e-19
7.379995003818881 5.8078816850526974e-21 1.1377406140907637e-12 1.1377402438690818e-12 3.70221682046357e-19
7.407722967218148 6.210593099133973e-21 1.2212012544928864e-12 1.2212008619944012e-12 3.924984849216951e-19
7.463496598684601 7.233040525642311e-21 1.4329553909591978e-12 1.4329549450802008e-12 4.458789972736622e-19
7.519690156487492 8.557638384658727e-21 1.7081393990459397e-12 1.7081388859641364e-12 5.130818036111377e-19
7.533803324048627 8.943124727026338e-21 1.7884343358711315e-12 1.7884338031706367e-12 5.32700494734295e-19
7.547942979602549 9.346027401154544e-21 1.8725140873718407e-12 1.8725135342574634e-12 5.53114377181167e-19
7.57630195363571 1.0195661810278408e-20 2.0504166968146007e-12 2.050416100471238e-12 5.963433628575088e-19
7.590521371821866 1.062525878552818e-20 2.1408219888542074e-12 2.1408213698198094e-12 6.190343974766694e-19
7.604767477414989 1.1072974492583478e-20 2.235216898944599e-12 2.2352162563146387e-12 6.426299605098831e-19
7.633339951266878 1.1973444201525203e-20 2.426068906903659e-12 2.426068215882715e-12 6.910209441286736e-19
7.662019777021956 1.2674764806242905e-20 2.5778201313866353e-12 2.5778193970966805e-12 7.342899549538524e-19
7.690807358020558 1.3156873577373962e-20 2.6859261519894132e-12 2.6859253812983347e-12 7.706910785635143e-19
7.719703099118437 1.3404203889422976e-20 2.746698914551095e-12 2.746698115358315e-12 7.991927804059461e-19
7.748707406692464 1.3366596209666444e-20 2.7492834887739952e-12 2.749282670986055e-12 8.1778794057302e-19
7.777823177463063 1.3110015976271565e-20 2.706641395012226e-12 2.7066405643914775e-12 8.306207488481676e-19
7.807048350752435 1.2716531867459405e-20 2.6352691990955e-12 2.635268360450188e-12 8.386453129887505e-19
7.836380830085272 1.21721722464162e-20 2.5319379366054476e-12 2.5319370964528473e-12 8.401525996865422e-19
7.851088371676256 1.1794390991670358e-20 2.4579600487897283e-12 2.457959212746701e-12 8.360430263314568e-19
7.86582351679805 1.1394000863005072e-20 2.3789750050930592e-12 2.3789741750188304e-12 8.300742289757034e-19
7.89537682495964 1.0510364634886142e-20 2.2027239750797563e-12 2.2027231627937327e-12 8.122860242980621e-19
7.9250411701946435 9.556588567308963e-21 2.010360067566489e-12 2.0103592746520525e-12 7.929144364680163e-19
7.939915112024199 9.050295956727632e-21 1.9074276496309926e-12 1.9074268668781505e-12 7.827528416956918e-19
7.954816969689239 8.571593659544682e-21 1.8099275864920798e-12 1.8099268134537367e-12 7.730383430560849e-19
7.9847046421970465 7.688779980184112e-21 1.6296176603488986e-12 1.6296169051389865e-12 7.552099120723329e-19
8.044817289139356 6.199956237517872e-21 1.3239581034286104e-12 1.3239573758135784e-12 7.2761503218233875e-19
8.07504310897143 5.646968335807011e-21 1.2104020068792673e-12 1.2104012869923162e-12 7.198869510003201e-19
8.105382492623747 5.157818018013145e-21 1.109708626289915e-12 1.1097079113093496e-12 7.1498056553654605e-19
8.135835866775926 4.7698478298684995e-21 1.0300922879476596e-12 1.0300915706535637e-12 7.172940963540173e-19
8.166403659710703 4.477107887444243e-21 9.705051314022942e-13 9.705044078697528e-13 7.235325412459685e-19
8.197086301319933 4.2603308190333944e-21 9.269840559122824e-13 9.269833209760142e-13 7.349362680312923e-19
8.227884223110665 4.070209892597582e-21 8.88944015476763e-13 8.889432674560768e-13 7.480206864813337e-19
8.258797858211198 3.961537686956706e-21 8.684604820785427e-13 8.684597129661859e-13 7.691123565657128e-19
8.289827641377162 3.9297621343773e-21 8.647313370205889e-13 8.647305290994741e-13 8.079211149093465e-19
8.320974008997652 3.9619486231074125e-21 8.750894297548005e-13 8.750885731430037e-13 8.566117968288118e-19
8.35223739910135 4.020883157576355e-21 8.914432814691427e-13 8.914423702797836e-13 9.11189358766663e-19
8.383618251362687 4.2035412868247044e-21 9.354406638731054e-13 9.354396873900796e-13 9.764830261649805e-19
8.415117007108037 4.4660402738084546e-21 9.975903217665726e-13 9.975892736542737e-13 1.048112299298765e-18
8.446734109321913 4.817153117645244e-21 1.080062052207792e-12 1.0800609218353559e-12 1.1303724360792972e-18
8.478470002653195 5.2648604231061636e-21 1.1848784016153066e-12 1.1848771791072937e-12 1.2225080128489645e-18
8.542299949622933 6.241836301132871e-21 1.4153264554362071e-12 1.4153250320245647e-12 1.4234116423207997e-18
8.558332380220154 6.448480783160713e-21 1.4649270291691583e-12 1.464925556167671e-12 1.4730014873716564e-18
8.574394900937412 6.578642761830235e-21 1.4973013568723628e-12 1.4972998395741271e-12 1.5172982356127684e-18
8.606610438733982 6.580495194197842e-21 1.5033501846452595e-12 1.5033485975081928e-12 1.587137066305204e-18
8.622764948673899 6.477082246300737e-21 1.4825023569213655e-12 1.4825007422469302e-12 1.6146744354740843e-18
8.638949780445296 6.2518402529217024e-21 1.4336338768193571e-12 1.4336322444716673e-12 1.6323476898955174e-18
8.655163606183647 6.0228630694900435e-21 1.3837183624823333e-12 1.383716712462292e-12 1.6500200411390965e-18
8.671407862489573 5.750058900517093e-21 1.323522535299825e-12 1.323520870611738e-12 1.6646880873551138e-18
8.703987895363145 5.1022883096150664e-21 1.1788341447083745e-12 1.1788324590794912e-12 1.6856288833539845e-18
8.736690337257128 4.525537967206684e-21 1.0495100186037224e-12 1.049508306722649e-12 1.7118810732504543e-18
8.802464289484785 3.5468453378931255e-21 8.287355254277418e-13 8.28733741266311e-13 1.784161430606035e-18
8.868733419248175 2.892564970779568e-21 6.809483258188245e-13 6.809464198578171e-13 1.905961007535707e-18
8.935501454478851 2.456506468887108e-21 5.826480201175763e-13 5.826459244698118e-13 2.0956477644639912e-18
9.002772151174003 2.1622569794910306e-21 5.167172967783715e-13 5.167149797505922e-13 2.3170277791926248e-18
9.07054929360775 1.9577222708481687e-21 4.713614945860734e-13 4.713589325554029e-13 2.562030670697102e-18
9.13883669454403 1.8087495530451364e-21 4.3877187993491276e-13 4.3876905070611065e-13 2.829228802072099e-18
9.207638195451068 1.706593304357638e-21 4.1710722848160213e-13 4.1710411585934194e-13 3.1126222601751476e-18
9.276957666717493 1.6161326351896757e-21 3.979715330759182e-13 3.979681065306006e-13 3.4265453175585256e-18
9.346799007870057 1.556794066721652e-21 3.8624556395747857e-13 3.86241812286021e-13 3.751671457583636e-18
9.417166147792997 1.5032056611106287e-21 3.7575785539801814e-13 3.7575375313449585e-13 4.1022635221736346e-18
9.488063044949055 1.4685428562407848e-21 3.698568101989505e-13 3.6985240627580296e-13 4.403923147557334e-18
9.559493687602165 1.4369892823248197e-21 3.6463458029984236e-13 3.6462985030893196e-13 4.729990910340624e-18
9.631462094041797 1.4187123799677826e-21 3.62707061835472e-13 3.627019960024983e-13 5.065832973670116e-18
9.703972312809022 1.4022806084656537e-21 3.612051303835563e-13 3.611997121462159e-13 5.418237340288846e-18
9.777099908821425 1.3966323750905332e-21 3.6246125621479537e-13 3.6245555620367436e-13 5.700011120959059e-18
9.924867353363874 1.3981919290364754e-21 3.6835022121571723e-13 3.683439770200774e-13 6.244195639737505e-18
10.074868099996943 1.4240452811858048e-21 3.8083127010765307e-13 3.8082461179371743e-13 6.6583139357220884e-18
10.150790707826552 1.4444914667577732e-21 3.8921026618654286e-13 3.8920344221861946e-13 6.823967923488017e-18
10.22721067892732 1.4795112555464263e-21 4.0164735280462225e-13 4.016403617505161e-13 6.99105410612457e-18
10.304205975847633 1.5176547460883232e-21 4.1510402919842923e-13 4.150968677872455e-13 7.161411183713416e-18
10.381780929913377 1.5772712409774395e-21 4.346580008497792e-13 4.3465071637027154e-13 7.28447950754407e-18
10.459939905058707 1.6433765194513381e-21 4.562844831065044e-13 4.562770726125818e-13 7.410493922486241e-18
10.538687298071551 1.7458104941865012e-21 4.883745805018773e-13 4.883670620854138e-13 7.51841646344622e-18
10.618027538840941 1.8613008214958822e-21 5.246018882607402e-13 5.245942628375766e-13 7.62542316347449e-18
10.697971937068667 2.0329586848057868e-21 5.772971853373116e-13 5.772895035404166e-13 7.681796895196359e-18
10.778518246224262 2.2743763257825836e-21 6.507150035516247e-13 6.507072577542531e-13 7.745797371466645e-18
10.859664048220797 2.6337805321194927e-21 7.592160952682222e-13 7.592082665148554e-13 7.828753366976923e-18
10.941420754335242 3.179398842765327e-21 9.233963724576168e-13 9.233884276201607e-13 7.944837456201945e-18
10.961955922839442 3.3704977774320242e-21 9.807346728945251e-13 9.80726686848403e-13 7.986046121936935e-18
10.982529632329763 3.584566308290053e-21 1.0449810990280534e-12 1.0449730686470405e-12 8.03038101292676e-18
11.023792963743814 4.105623976136026e-21 1.2013779375494565e-12 1.201369804237622e-12 8.13331183458236e-18
11.065211328886559 4.7891914395953846e-21 1.406667143046214e-12 1.4066588734522733e-12 8.269593940581404e-18
11.08597883104876 5.227728184992254e-21 1.5383546776673738e-12 1.5383463196309985e-12 8.35803637529218e-18
11.106785310247485 5.717871687266964e-21 1.6857463016036593e-12 1.6857378455943325e-12 8.456009326784111e-18
11.14851549250461 6.8836807815873e-21 2.037075836393236e-12 2.0370671516928133e-12 8.684700422788335e-18
11.169441129330048 7.511551204889872e-21 2.2270527742249094e-12 2.2270439652738844e-12 8.80895102512486e-18
11.190406043337886 8.073163713646235e-21 2.39805443793178e-12 2.3980455067431542e-12 8.931188625731376e-18
11.21140851448765 8.620318819512664e-21 2.5653872905157045e-12 2.5653782448926774e-12 9.045623026863424e-18
11.22192452720434 8.908174628265888e-21 2.653539144088564e-12 2.6535300391436587e-12 9.104944906747971e-18
11.232450403670388 9.03570905506431e-21 2.694053284175245e-12 2.6940441519281246e-12 9.132247120298034e-18
11.253533585369773 9.154304532062629e-21 2.7345363465879806e-12 2.7345271763787603e-12 9.170209219740927e-18
11.274656339961506 9.194930583187524e-21 2.751827466248246e-12 2.7518182618378885e-12 9.204410357559744e-18
11.285231677511122 9.215319566345799e-21 2.7605162784190698e-12 2.760507060120798e-12 9.218298271386857e-18
11.295816934455262 9.11222902040907e-21 2.7321950796459197e-12 2.7321858725874344e-12 9.207058484870397e-18
11.317017243752359 8.841572882025509e-21 2.6560175593071758e-12 2.656008388798847e-12 9.170508328524612e-18
11.338257342390673 8.570884348728735e-21 2.5795347208664766e-12 2.5795255882812683e-12 9.132585208398827e-18
11.359537305047965 8.278730495627874e-21 2.4962830051918884e-12 2.496273916738486e-12 9.088453401962374e-18
11.402217121831576 7.62259725607814e-21 2.307075004063891e-12 2.307066025709244e-12 8.978354647876348e-18
11.423617126015266 7.280638003745294e-21 2.2077124674052084e-12 2.207703550270997e-12 8.917134211423384e-18
11.445057294333186 6.931756370976833e-21 2.105865813854651e-12 2.1058569610685885e-12 8.852786062296623e-18
11.488058425037956 6.2238539039783835e-21 1.8979093192897476e-12 1.897900604161309e-12 8.715128438324466e-18
11.53122111869469 5.5949896390997594e-21 1.7125529956009791e-12 1.712544412632761e-12 8.582968218294029e-18
11.574545982324347 5.036038383295345e-21 1.5472569037669808e-12 1.547248447707322e-12 8.456059658893288e-18
11.618033625228566 4.5442160303095525e-21 1.4013965097554196e-12 1.4013881733208836e-12 8.336434536020787e-18
11.661684658998247 4.137491183114605e-21 1.2807601547509754e-12 1.280751923499304e-12 8.231251671425131e-18
11.705499697522141 3.827535902049047e-21 1.1892650721943231e-12 1.1892569361447875e-12 8.136049535529594e-18
11.749479356995494 3.588016042834326e-21 1.119031809266088e-12 1.1190237566339008e-12 8.052632187183741e-18
11.793624255928705 3.3838874682668443e-21 1.0593333187968902e-12 1.0593253453836514e-12 7.973413238649367e-18
11.83793501515603 3.259841221503046e-21 1.024334574653119e-12 1.024326671316628e-12 7.90333649098349e-18
11.882412257844306 3.15502729142972e-21 9.951239287603044e-13 9.951160925379208e-13 7.836222383813969e-18
11.92705660950172 3.1071093187018357e-21 9.83692243810577e-13 9.836844704058119e-13 7.773404765304505e-18
11.971868697986617 3.0744940094407223e-21 9.770235438594684e-13 9.770158306742872e-13 7.713185181025096e-18
12.016849153516302 3.100227584647729e-21 9.889028277004436e-13 9.888951732994562e-13 7.65440098753232e-18
12.061998608675935 3.1376122123598833e-21 1.0045879714930348e-12 1.0045803723826862e-12 7.599110349044967e-18
12.152807060118223 3.3231085002081162e-21 1.0719895638811185e-12 1.0719820684544164e-12 7.495426702222685e-18
12.198467333490619 3.474881710141901e-21 1.1251611435088674e-12 1.1251536969636843e-12 7.44654518330694e-18
12.244299160690385 3.644336726538311e-21 1.1844639926103082e-12 1.1844565886517992e-12 7.403958508849453e-18
12.290303186275983 3.865969331075586e-21 1.2612187947170612e-12 1.261211433079007e-12 7.361638053719863e-18
12.3364800572276 4.107364478455263e-21 1.3450051181339366e-12 1.344997752980222e-12 7.365153714516317e-18
12.382830422956244 4.3856301234763396e-21 1.4415222820216991e-12 1.4415147697530659e-12 7.512268633286694e-18
12.429354935312874 4.677799991569116e-21 1.543333104186642e-12 1.5433254380403227e-12 7.666146318825953e-18
12.476058240797144 4.960489494363238e-21 1.6427495644259656e-12 1.6427417373879717e-12 7.827037994542854e-18
12.522937033967983 5.247945334880569e-21 1.74447573338386e-12 1.7444677249652306e-12 8.008418629368078e-18
12.569987951963114 5.475282142254348e-21 1.8268832664223607e-12 1.8268750208479887e-12 8.245574371791732e-18
12.593579661530361 5.5542303252608816e-21 1.856703311631934e-12 1.856694957188643e-12 8.354443291321225e-18
12.617215648686605 5.611136644175764e-21 1.8792467328487895e-12 1.8792382762340398e-12 8.456614749860663e-18
12.664620788327802 5.635403107403926e-21 1.8944651065855166e-12 1.8944564742296044e-12 8.632355912049368e-18
12.71220403757155 5.565015547373549e-21 1.877831716285536e-12 1.8778229389606485e-12 8.777324887107514e-18
12.736062662318053 5.490162827723587e-21 1.8560507424447653e-12 1.856041906429379e-12 8.836015386458272e-18
12.759966065607527 5.392667077639075e-21 1.826512134940692e-12 1.8265032480390922e-12 8.886901600221895e-18
12.807907544139693 5.123183588298191e-21 1.7417568851208382e-12 1.741747925058978e-12 8.960061860081696e-18
12.856029147395699 4.822319930471087e-21 1.6456303984280953e-12 1.6456213803867324e-12 9.018041362784468e-18
12.904331552136407 4.501860601467907e-21 1.5420447924410847e-12 1.5420357142911592e-12 9.078149925778894e-18
12.95281543766539 4.174349586820635e-21 1.435233052353491e-12 1.435223916960279e-12 9.135393211864936e-18
13.00148148583848 3.875363589839465e-21 1.3374412985564884e-12 1.3374321014875243e-12 9.19706896383204e-18
13.050330381073369 3.6022859492009876e-21 1.2478693666083733e-12 1.2478601034432414e-12 9.26316513193199e-18
13.099362810359226 3.354935625188274e-21 1.1665511743907013e-12 1.1665418367030963e-12 9.337687605185081e-18
13.197981031955921 2.9413155799661914e-21 1.0304301471436936e-12 1.0304206121228544e-12 9.53502083925836e-18
13.247568211189632 2.774077263590774e-21 9.75492984220881e-13 9.754833312861987e-13 9.652934682048751e-18
13.297341698339563 2.623052457248888e-21 9.25851293892419e-13 9.258415167231057e-13 9.777169313193255e-18
13.397450398986955 2.379811747707473e-21 8.463192026110408e-13 8.463091427430891e-13 1.0059867951666506e-17
13.447787020368724 2.282361512769274e-21 8.147130833506013e-13 8.147028670477248e-13 1.0216302876416374e-17
13.498312765455129 2.193171743783357e-21 7.858172567509755e-13 7.85806878182839e-13 1.0378568136540044e-17
13.59993447169816 2.0471751711366403e-21 7.390286150246582e-13 7.390178835446111e-13 1.0731480047238668e-17
13.702321234386334 1.9341362020987064e-21 7.03478180682739e-13 7.034670585585342e-13 1.112212420491253e-17
13.805478813227746 1.8470264759537607e-21 6.768524849232212e-13 6.7684074219559e-13 1.1742727631208327e-17
13.90941301129231 1.7701876386473858e-21 6.5357817233174e-13 6.535657520269814e-13 1.2420304758350446e-17
13.96167316792965 1.7433585333517037e-21 6.460908821887948e-13 6.460780381805724e-13 1.2844008222471272e-17
14.014129675338197 1.7205887000581824e-21 6.400481272390044e-13 6.400348403997946e-13 1.3286839209718641e-17
14.119634696140762 1.7018305043553858e-21 6.37836249900964e-13 6.378220130200017e-13 1.4236880962201927e-17
14.225934008823913 1.6881504662840532e-21 6.374723846786829e-13 6.37457130024521e-13 1.525465416182076e-17
14.333033593193976 1.6747744189720652e-21 6.371825454546131e-13 6.371661902004792e-13 1.635525413373975e-17
14.44093947407611 1.6592328513601788e-21 6.360221177774305e-13 6.36004604142695e-13 1.751363473556643e-17
14.54965772165321 1.6444294847777922e-21 6.350932031738222e-13 6.350744354021128e-13 1.8767771709540155e-17
14.659194451807393 1.6303295382820304e-21 6.34387965826033e-13 6.343678392537527e-13 2.0126572280229657e-17
14.769555826464039 1.6164406417250562e-21 6.337188552400958e-13 6.336972607688554e-13 2.1594471240274367e-17
14.992777389284976 1.5826155307840068e-21 6.298352295528115e-13 6.298104360173435e-13 2.4793535468133887e-17
15.21937263962189 1.5517570680358587e-21 6.26887941339007e-13 6.268594051547404e-13 2.853618426665349e-17
15.449392566130673 1.5138465273541832e-21 6.208156989294622e-13 6.20782808129297e-13 3.289080016514062e-17
15.682888928090767 1.4801432928797576e-21 6.161681720429788e-13 6.16128745251834e-13 3.942679114495769e-17
15.919914267052077 1.44152749338908e-21 6.091623978297519e-13 6.091149862865807e-13 4.741154317121557e-17
16.03976693895051 1.4246015885848901e-21 6.065420446735319e-13 6.064902186962811e-13 5.18259772507698e-17
16.1605219186579 1.4230216399219778e-21 6.104306338230802e-13 6.103739599139866e-13 5.667390909334779e-17
16.22123989475974 1.4240303690297062e-21 6.131584692825142e-13 6.130993447860803e-13 5.912449643398792e-17
16.282185999175777 1.42504641274495e-21 6.159013469492426e-13 6.158396556562402e-13 6.169129300241784e-17
16.312744867225646 1.4255570562338233e-21 6.172784010484309e-13 6.172153809395064e-13 6.302010892455691e-17
16.343361089024967 1.426069383452245e-21 6.186591850705516e-13 6.185948048473507e-13 6.438022320087437e-17
16.404766024646595 1.4270988992899209e-21 6.214319023536059e-13 6.21364704824751e-13 6.719752885509262e-17
16.466401669612416 1.4281345848921349e-21 6.242194183156816e-13 6.241492685288992e-13 7.014978678231436e-17
16.497306278852424 1.4286546258001144e-21 6.256187008671785e-13 6.255470221929291e-13 7.167867424948909e-17
16.528268890738765 1.4291760711133106e-21 6.270216531956206e-13 6.269484092682679e-13 7.324392735266938e-17
16.590368558098763 1.4302229946215738e-21 6.29838527805314e-13 6.29762040551213e-13 7.648725410093187e-17
16.65270154503456 1.4311775394354243e-21 6.326268837560251e-13 6.325470462283853e-13 7.983752763994004e-17
16.715268728169598 1.4317232543229987e-21 6.352459062949e-13 6.351627828910591e-13 8.31234038409528e-17
16.778070987420957 1.4322785080055584e-21 6.378799268966501e-13 6.377933723243248e-13 8.655457232527818e-17
16.9043842704834 1.4334159482716179e-21 6.43192574188264e-13 6.430986938198656e-13 9.388036839836761e-17
17.03164849990255 1.4345865691670036e-21 6.485640606994306e-13 6.484621871858632e-13 1.0187351356757454e-16
17.159870834853997 1.4356777301657717e-21 6.539437770149332e-13 6.538332423909989e-13 1.1053462393433353e-16
17.289058488411015 1.43576172360259e-21 6.589055228046026e-13 6.587862070563127e-13 1.1931574829016414e-16
17.35401657858945 1.4358233538653893e-21 6.614095387743304e-13 6.61285559198166e-13 1.2397957616442757e-16
17.386587088641786 1.4358588657791522e-21 6.626672801417924e-13 6.625408968978481e-13 1.2638324394412425e-16
17.419218727950305 1.4358974297086553e-21 6.639288240216133e-13 6.637999879062155e-13 1.2883611539766742e-16
17.48466585346766 1.435983480527591e-21 6.664632611432329e-13 6.663293674334345e-13 1.3389370979850497e-16
17.550358875560836 1.4360810454872454e-21 6.690127346295787e-13 6.688735735523467e-13 1.3916107723203613e-16
17.682486308455736 1.4361869779430827e-21 6.740991013041486e-13 6.739491404967006e-13 1.499608074481845e-16
17.81560845938729 1.4351802125792754e-21 6.786979391443954e-13 6.785404115034912e-13 1.5752764090431928e-16
17.882544892141226 1.4347047774869459e-21 6.810222504959983e-13 6.808607909461926e-13 1.6145954980591218e-16
17.949732817065083 1.4342470817864968e-21 6.833628989172213e-13 6.831974398608264e-13 1.6545905639492512e-16
18.084866926577256 1.4333820826212289e-21 6.880923380161078e-13 6.879188826144352e-13 1.7345540167244325e-16
18.221018389814958 1.432676510022211e-21 6.929313650365343e-13 6.927495248908253e-13 1.8184014570881969e-16
18.496404071615608 1.4335360374391207e-21 7.038260753706866e-13 7.036265753437864e-13 1.9950002690023542e-16
18.635790038622734 1.4371463305826086e-21 7.109159076001027e-13 7.107069011413792e-13 2.0900645872342354e-16
18.776226396166493 1.4406620775028807e-21 7.180255042128594e-13 7.178065306171722e-13 2.1897359568724364e-16
18.91772105982334 1.4436822213381523e-21 7.249530124438143e-13 7.247237298729963e-13 2.2928257081796833e-16
19.203636446149176 1.449580315673821e-21 7.389162057573326e-13 7.386647680942477e-13 2.5143766308486323e-16
19.4938730510763 1.4545210300033356e-21 7.526404777056269e-13 7.523648604984825e-13 2.756172071442224e-16
19.78849618389234 1.4586539683166018e-21 7.66186512054639e-13 7.658844724107776e-13 3.0203964386124244e-16
20.08757214094514 1.4617725205478794e-21 7.794292073376372e-13 7.790983370290914e-13 3.3087030854570355e-16
20.391466406516905 1.4640498718143862e-21 7.924534530879458e-13 7.920910537491786e-13 3.623993387672731e-16
20.699681925472166 1.465772432091882e-21 8.053778003852246e-13 8.049814444815045e-13 3.963559037201878e-16
21.012556099387844 1.4670226801153589e-21 8.182483666296842e-13 8.178160890235313e-13 4.322776061529522e-16
21.652507708764745 1.4763919818024415e-21 8.485536635845946e-13 8.480403161417168e-13 5.133474428778405e-16
21.979755641372343 1.481134298788034e-21 8.64145219965686e-13 8.635856591061986e-13 5.595608594875676e-16
22.311949477282987 1.485099326580193e-21 8.795538866761974e-13 8.789438870155383e-13 6.09999660658845e-16
22.64916396703608 1.4881346988315552e-21 8.946720132276274e-13 8.940069871047113e-13 6.650261229161443e-16
22.991811201917592 1.490376388656806e-21 9.095751343426278e-13 9.088499892127852e-13 7.251451298424971e-16
23.339642165776596 1.4916550192541433e-21 9.241277683302005e-13 9.233370325817035e-13 7.907357484968733e-16
23.69273528050995 1.4921240638230512e-21 9.38403393265186e-13 9.375410656247619e-13 8.623276404241044e-16
24.414313559781952 1.4954889568552444e-21 9.691637495892721e-13 9.681380152510814e-13 1.0257343381909416e-15
24.78366481022829 1.4977290655681856e-21 9.852993988322917e-13 9.841801957965675e-13 1.1192030357239002e-15
25.15860378059443 1.5000911064898903e-21 1.0017828784781978e-12 1.00056135674751e-12 1.2215217306875095e-15
25.924826076583233 1.502787542215321e-21 1.0341484151883003e-12 1.0326928215292991e-12 1.455593659001288e-15
26.714384190886577 1.5037711182450889e-21 1.0663415698836506e-12 1.0646063932975708e-12 1.735176586079545e-15
27.527988831636016 1.5031400479500618e-21 1.0983565955212962e-12 1.0962881919660967e-12 2.0684035551993988e-15
28.366372352060132 1.5019225334529225e-21 1.1308910460744862e-12 1.1284249867035703e-12 2.466059370915784e-15
29.2302894097004 1.501031770703731e-21 1.1646419601240149e-12 1.1617022966021596e-12 2.9396635218550173e-15
30.12051764570424 1.498980504638636e-21 1.1984718810029167e-12 1.1949647695869241e-12 3.507111415992408e-15
30.575747924857424 1.4969943063971495e-21 1.214973123260249e-12 1.2111394258604927e-12 3.833697399756383e-15
31.037858384806153 1.494368858778382e-21 1.2311727343420828e-12 1.2269797454829704e-12 4.192988859112317e-15
31.983137356627505 1.4890588519204733e-21 1.2641609154158856e-12 1.2591420763631264e-12 5.018839052758866e-15
32.95720543894392 1.4852922944375692e-21 1.2993667229708275e-12 1.2933480755727782e-12 6.0186473980489196e-15
33.960939423588975 1.4810428870523506e-21 1.3351091211306584e-12 1.3278875678117152e-12 7.221553318942981e-15
34.99524280568484 1.4737225265331952e-21 1.3689707411737114e-12 1.3603136017500447e-12 8.657139423666818e-15
36.06104659690874 1.4654455010020003e-21 1.4027408097656571e-12 1.3923650205036833e-12 1.0375789261974481e-14
37.159310163528254 1.4594063398083683e-21 1.4395054206611333e-12 1.4270815228100822e-12 1.2423897851051054e-14
38.29102208995955 1.4536563261374177e-21 1.4775021947095236e-12 1.4626300327246395e-12 1.4872161984884058e-14
39.45720106862597 1.4455732525593426e-21 1.514034640895699e-12 1.496256490554272e-12 1.77781503414268e-14
40.65889681691763 1.4367827356043193e-21 1.5506583597816246e-12 1.529416684358064e-12 2.124167542356075e-14
41.897191022077855 1.429249662102762e-21 1.5895069754570264e-12 1.5641453075337068e-12 2.5361667923319673e-14
43.173198314866475 1.422206169570526e-21 1.6298446610064397e-12 1.5995752839232828e-12 3.0269377083156976e-14
44.48806727287728 1.4146334730813211e-21 1.6705400884416009e-12 1.6344694150712446e-12 3.607067337035592e-14
45.8429814544115 1.4070872041598461e-21 1.7122347286657973e-12 1.6692859015307366e-12 4.294882713506049e-14
47.23916046383907 1.4002202631832648e-21 1.7557713657131925e-12 1.7047218335195652e-12 5.1049532193627364e-14
48.67786104940597 1.3940969476206098e-21 1.8013325469378085e-12 1.7407172860423956e-12 6.06152608954131e-14
50.16037823447602 1.3887997845799129e-21 1.8491403531177852e-12 1.7773017267771463e-12 7.183862634063903e-14
51.68804648322576 1.3844707276816485e-21 1.899517632905751e-12 1.814484685967798e-12 8.503294693795339e-14
53.26224090184056 1.3809083046156494e-21 1.9523321632373653e-12 1.8518839343138108e-12 1.0044822892355478e-13
54.884378476295105 1.3784232185433624e-21 2.0081713343389833e-12 1.8896937259298285e-12 1.1847760840915498e-13
56.55591934783037 1.377823618133162e-21 2.068431412026057e-12 1.928982822513861e-12 1.3944858951219577e-13
58.27836812727644 1.3792945404361682e-21 2.133702335892293e-12 1.9698651360505093e-12 1.6383719984178387e-13
60.05327524940399 1.3825428476975486e-21 2.2038636979846043e-12 2.011124047063541e-12 1.9273965092106349e-13
61.88223836852342 1.3879508192928485e-21 2.2798670660194487e-12 2.0527313189340465e-12 2.271357470854026e-13
62.81758386220369 1.3919173220220488e-21 2.320941001585922e-12 2.0743288328336607e-12 2.466121687522605e-13
63.7670670344103 1.397196004837509e-21 2.3649567904952996e-12 2.096607955201634e-12 2.683488352936647e-13
65.70913619443517 1.4117739573824417e-21 2.462409950209998e-12 2.1434694564340895e-12 3.1894049377590865e-13
67.71035238438829 1.4299378560965373e-21 2.5700505816582872e-12 2.191633122617336e-12 3.784174590409519e-13
69.77251696707448 1.4514969129845086e-21 2.6882517644586847e-12 2.2405205513249092e-12 4.477312131337756e-13
71.89748616702131 1.4783346358690034e-21 2.821343020048902e-12 2.2924037242371294e-12 5.289392958117727e-13
74.08717274132995 1.5116765427542215e-21 2.9728385837316863e-12 2.348842736208234e-12 6.239958475234513e-13
76.34354770141287 1.5514246877290941e-21 3.1439271123271227e-12 2.408417151337171e-12 7.355099609899517e-13
78.66864208716851 1.5979221491931561e-21 3.336773313591919e-12 2.470311362931205e-12 8.664619506607149e-13
81.06454879518883 1.6529874976648051e-21 3.55688620942056e-12 2.536340621924092e-12 1.0205455874964673e-12
83.5334244626476 1.7191559466295816e-21 3.811930664344225e-12 2.6081914230847982e-12 1.2037392412594263e-12
86.07749140856238 1.7961743102503147e-21 4.104001542592649e-12 2.685563939413157e-12 1.4184376031794924e-12
88.69903963417964 1.8832996756530596e-21 4.4341234725391895e-12 2.768340420110905e-12 1.6657830524282837e-12
91.4004288842828 1.982471860770409e-21 4.8097743093833895e-12 2.857811699004566e-12 1.951962610378823e-12
94.18409077127889 2.0949661239228725e-21 5.237499413445228e-12 2.955338737719045e-12 2.2821606757261842e-12
97.05253096397554 2.2221195148074666e-21 5.724581094491369e-12 3.0616166982215796e-12 2.6629643962697898e-12
100.00833144301866 2.368132148683341e-21 6.2865380449514745e-12 3.1777504017840106e-12 3.1087876431674623e-12
103.05415282502196 2.5326858399635942e-21 6.928133582111202e-12 3.304726974486891e-12 3.623406607624312e-12
106.19273675747671 2.7207531155815363e-21 7.669258593239105e-12 3.443169772781293e-12 4.226088820457811e-12
109.4269083866038 2.9314704924061765e-21 8.514890932532161e-12 3.5947155325481593e-12 4.920175399984e-12
112.75957890036308 3.161240309754245e-21 9.461944350992992e-12 3.761959666414937e-12 5.6999846845780515e-12
116.1937481489129 3.411809804329674e-21 1.052293789404612e-11 3.945691072276722e-12 6.577246821769398e-12
119.73250734487735 3.6783677185470644e-21 1.1690596008350904e-11 4.145667139771704e-12 7.544928868579203e-12
123.37904184585196 3.9627900402548866e-21 1.2978123095808366e-11 4.364007476871318e-12 8.614115618937049e-12
127.13663402165271 4.26015952474364e-21 1.4376924898722067e-11 4.604590101715803e-12 9.772334797006263e-12
131.0086662088879 4.5709557303476055e-21 1.5895583448807887e-11 4.86821662036914e-12 1.102736682843875e-11
134.99862375551584 4.88848773761241e-21 1.751754751984828e-11 5.1536549039295025e-12 1.2363892615918775e-11
139.11009815812417 5.2122829385025986e-21 1.9246690942925437e-11 5.4625280959385095e-12 1.3784162846986934e-11
143.3467902947586 5.542594854840399e-21 2.108970672003646e-11 5.798928233085648e-12 1.5290778486950806e-11
147.71251375620898 5.87730373820284e-21 2.30443709533558e-11 6.163762192180688e-12 1.688060876117511e-11
152.21119827875228 6.246753506468033e-21 2.5238899090290043e-11 6.555157534515963e-12 1.868374155577408e-11
156.84689328144228 6.6523566427935846e-21 2.769624410721118e-11 6.973203356166214e-12 2.072304075104497e-11
159.21741877681018 6.85569329331692e-21 2.8974195892472963e-11 7.1929730819834355e-12 2.1781222810489525e-11
161.62377151112827 7.055356507218752e-21 3.026869055409821e-11 7.42006611123357e-12 2.284862444286464e-11
166.54613279848823 7.440938464677375e-21 3.289513695608922e-11 7.896039676189212e-12 2.4999097279900006e-11
171.61840792845166 7.82514659419757e-21 3.5647229657806914e-11 8.399040827950315e-12 2.7248188829856594e-11
176.84516262850022 8.212292601470377e-21 3.8550235241614906e-11 8.927435365359008e-12 2.9622799876255885e-11
179.5181642894721 8.401704130127775e-21 4.0035496174556366e-11 9.201007033748582e-12 3.0834489140807794e-11
182.2315681744764 8.574266691283991e-21 4.147534746384081e-11 9.480593305642445e-12 3.1994754158198365e-11
187.78155384880017 8.871721002669165e-21 4.422117083931728e-11 1.0056861153475947e-11 3.4164309685841335e-11
190.61961427604518 9.012908302816008e-21 4.56038986722658e-11 1.0352858354723992e-11 3.5251040317541803e-11
193.5005680909718 9.150349410845262e-21 4.699907987120664e-11 1.0653602286238326e-11 3.6345477584968315e-11
199.3937587803602 9.4232537613221e-21 4.987488185236914e-11 1.1267969954523922e-11 3.860691189784524e-11
205.46643057848152 9.692931043471923e-21 5.2864658674397606e-11 1.1895924359179047e-11 4.096873431521856e-11
211.72404970390772 9.990870140582019e-21 5.6149118099691455e-11 1.2532906584650951e-11 4.3616211515040497e-11
218.17224885259444 1.0262178475444577e-20 5.943037966711512e-11 1.3175871283628475e-11 4.6254508383486645e-11
224.8168322680627 1.0458499846854524e-20 6.241193558968676e-11 1.3822166610579368e-11 4.858976897910741e-11
231.66378096599615 1.0599804723381852e-20 6.518166316788972e-11 1.4464969816356819e-11 5.07166933515329e-11
238.71925811795668 1.0676342950449023e-20 6.765180760540779e-11 1.5096094607333172e-11 5.2555712998074606e-11
245.98961459906556 1.0697221785376358e-20 6.984851949091918e-11 1.571301384356355e-11 5.413550564735565e-11
249.71106150874405 1.0671114435425174e-20 7.073217147474664e-11 1.601677786639851e-11 5.4715393608348136e-11
253.4888082224776 1.061818372843497e-20 7.144608869074765e-11 1.6316684237717992e-11 5.512940445302967e-11
261.20898134247824 1.04860721577301e-20 7.2706021488827e-11 1.689718754209934e-11 5.580883394672766e-11
269.1642775569489 1.0376266906397787e-20 7.413580181362425e-11 1.744354475011665e-11 5.6692257063507636e-11
277.3618576987742 1.0246353039893281e-20 7.543718708663657e-11 1.7954453918895005e-11 5.748273316774154e-11
285.8091006888481 9.979482630605651e-21 7.571004652596971e-11 1.8432932785262787e-11 5.727711374070693e-11
294.5136101780917 9.654930583865626e-21 7.547862119573464e-11 1.8871042064557035e-11 5.6607579131177614e-11
303.4832213917586 9.368428180591786e-21 7.546939181765212e-11 1.92588713460912e-11 5.6210520471560916e-11
312.7260081821858 9.081773794567962e-21 7.53883285868639e-11 1.9595682801388514e-11 5.579264578547538e-11
322.25029029634635 8.797488303368291e-21 7.525258940774961e-11 1.9883914903386472e-11 5.5368674504363125e-11
332.0646408647343 8.503711927853194e-21 7.49549995430956e-11 2.011972463385235e-11 5.4835274909243243e-11
342.17789411833206 8.18022412940014e-21 7.429961874565605e-11 2.0298580715292788e-11 5.4001038030363253e-11
352.59915334060224 7.83689437380838e-21 7.334908347652711e-11 2.0419958183985742e-11 5.2929125292541365e-11
363.337799061663 7.493374875745283e-21 7.226990336612604e-11 2.0485220050027872e-11 5.178468331609816e-11
374.40349750202313 7.149490028436104e-21 7.105332319571753e-11 2.0494336406537403e-11 5.0558986789180136e-11
380.062092440151 6.977045863082232e-21 7.038750413810327e-11 2.0478124684892806e-11 4.990937945321045e-11
385.80620927347337 6.804460642823814e-21 6.968388454423629e-11 2.0448256090331502e-11 4.9235628453904775e-11
397.5561983449763 6.459256471408569e-21 6.816328166724392e-11 2.034795527615106e-11 4.781532639109284e-11
409.6640412816112 6.1089511364276625e-21 6.642995058041181e-11 2.0193544075737197e-11 4.623640650467462e-11
415.8555509384264 5.932821951392051e-21 6.54897376997536e-11 2.009667519841497e-11 4.539306250133864e-11
422.1406367649012 5.756905448907375e-21 6.450831390937964e-11 1.9987174162332806e-11 4.452113974704682e-11
434.9972154030873 5.412652148037219e-21 6.249798670848542e-11 1.973383823195455e-11 4.276414847653087e-11
448.24534984018095 5.078957474689708e-21 6.043100299378254e-11 1.9436814862615378e-11 4.099418813116717e-11
461.89696517289525 4.756614643164051e-21 5.831932790291324e-11 1.9096024605506822e-11 3.922330329740643e-11
475.9643496848308 4.4465361947785656e-21 5.617792443751958e-11 1.8713900618113836e-11 3.7464023819405724e-11
490.4601659075747 4.145378405071689e-21 5.3968128065368815e-11 1.829830585046509e-11 3.566982221490373e-11
505.39746201868155 3.852477492833728e-21 5.168239129660157e-11 1.7854931107069727e-11 3.382746018953183e-11
520.7896835867783 3.572977575893712e-21 4.939262370775919e-11 1.7385214383653927e-11 3.2007409324105266e-11
536.6506856743796 3.309120033673912e-21 4.713827031150593e-11 1.689268308927333e-11 3.0245587222232596e-11
552.9947453093008 3.059203503806506e-21 4.490542443722066e-11 1.6379880481307975e-11 2.8525543955912695e-11
569.8365743358964 2.822776416373305e-21 4.269688914708346e-11 1.585008975528158e-11 2.6846799391801884e-11
587.1913326576936 2.5998338817276085e-21 4.052235424519862e-11 1.5306869225479666e-11 2.5215485019718957e-11
605.0746418833327 2.3902513155171147e-21 3.8390339377201375e-11 1.4753646781496822e-11 2.3636692595704553e-11
623.502599388115 2.193810174930492e-21 3.6308369614967585e-11 1.419368172087227e-11 2.211468789409532e-11
642.4917928037942 2.0102024540299034e-21 3.428284192796501e-11 1.3630040865663723e-11 2.0652801062301285e-11
662.0593149496696 1.839043517604858e-21 3.2319031623444245e-11 1.3065615772876858e-11 1.9253415850567385e-11
682.2227792184137 1.6798913710374159e-21 3.042123553592073e-11 1.2503064709098294e-11 1.791817082682243e-11
703.0003354304876 1.5322601966873842e-21 2.8592852598980588e-11 1.1944844355885491e-11 1.6648008243095088e-11
724.4106861714122 1.3956309527188849e-21 2.6836438162116275e-11 1.139321276599799e-11 1.544322539611829e-11
746.4731036265977 1.2694595967861505e-21 2.515373494725924e-11 1.0850128454705827e-11 1.430360649255342e-11
769.2074469289008 1.1531876904196988e-21 2.3545770740521688e-11 1.0317317327775727e-11 1.3228453412745958e-11
792.6341800345017 1.0462518976427507e-21 2.201296220039265e-11 9.796343105507734e-12 1.2216619094884913e-11
816.7743901432078 9.480903648125522e-22 2.055517970945029e-11 9.288560754502157e-12 1.126661895494814e-11
841.6498066797607 8.581454767467317e-22 1.9171750952828222e-11 8.795082440826148e-12 1.0376668512002069e-11
867.2828208532309 7.758698725865022e-22 1.786154677940834e-11 8.316816032178633e-12 9.544730747229703e-12
893.6965058121084 7.00734529670201e-22 1.6623138045717657e-11 7.85451889339729e-12 8.76861915232037e-12
920.9146374132232 6.322293295479687e-22 1.5454802095232915e-11 7.408784233588894e-12 8.046017861644022e-12
948.9617156232121 5.698625588046147e-22 1.4354505919724378e-11 6.980027180575562e-12 7.374478739148819e-12
977.8629865717667 5.131650399496369e-22 1.332000852170059e-11 6.5685193767106535e-12 6.751489144989935e-12
1007.6444652765354 4.616919247706124e-22 1.2348921656531021e-11 6.174403876183547e-12 6.1745177803474805e-12
1038.332959060126 4.150226376886706e-22 1.1438731317063115e-11 5.797702513605118e-12 5.641028803457999e-12
1069.95609168029 3.7276169551205176e-22 1.0586847742441253e-11 5.438337552155161e-12 5.14851019028609e-12
1102.542328195006 3.3453856331057e-22 9.790635722253266e-12 5.096143027797447e-12 4.694492694455817e-12
1136.1210005848498 3.0000675856691044e-22 9.047426409445106e-12 4.770866028398688e-12 4.276560381046419e-12
1170.7223341557005 2.688433430746354e-22 8.354541561426481e-12 4.4621757600929766e-12 3.892365801333504e-12
1206.3774747455793 2.4074884667020464e-22 7.709334112912697e-12 4.1696894907652566e-12 3.5396446221474373e-12
1243.1185167600695 2.1544645202501013e-22 7.109209540944683e-12 3.892983897360225e-12 3.216225643584457e-12
1280.9785320615858 1.9268028663307646e-22 6.551618011845769e-12 3.631588146767338e-12 2.920029865078431e-12
1319.9915997384837 1.7221424633620302e-22 6.03406071654358e-12 3.384990067394815e-12 2.649070649148764e-12
1360.1928367808064 1.5383163966027387e-22 5.554124180065052e-12 3.1526566493058845e-12 2.4014675307591675e-12
1401.618429690285 1.3733422744547075e-22 5.109495502128804e-12 2.9340457095461335e-12 2.17544979258267e-12
1444.305667053031 1.2254043758628044e-22 4.697945509685751e-12 2.728599755510517e-12 1.969345754175232e-12
1488.2929731042755 1.0928414760392353e-22 4.3173278905020914e-12 2.5357443227196997e-12 1.7815835677823914e-12
1533.6199423153234 9.741400566099551e-23 3.965597043936331e-12 2.3549057309115465e-12 1.6106913130247857e-12
1580.327375033885 8.679238078250134e-23 3.64081069119675e-12 2.1855195010265496e-12 1.4552911901701992e-12
1628.457314209858 7.729423001209849e-23 3.3411262569449113e-12 2.0270261860685356e-12 1.314100070876376e-12
1678.0530832396191 6.8805927008256e-23 3.064791810895267e-12 1.878867403139323e-12 1.1859244077559437e-12
1729.1593249628888 6.122453582580298e-23 2.810152866832011e-12 1.7404963346834003e-12 1.06965653214861e-12
1781.8220418472597 5.445705953594524e-23 2.5756565253192e-12 1.611385812944161e-12 9.642707123750393e-13
1836.0886373966016 4.841943157739528e-23 2.3598411110466477e-12 1.4910231407107739e-12 8.68817970335874e-13
1892.007958820556 4.303571549656091e-23 2.161331682731525e-12 1.3789081383224616e-12 7.824235444090643e-13
1949.6303410035755 3.823740631263559e-23 1.9788375090755993e-12 1.2745567418608119e-12 7.042807672147874e-13
2009.0076518130663 3.396290963575831e-23 1.8111562276232407e-12 1.1775083467086503e-12 6.336478809145898e-13
2070.1933387874215 3.0156820326637226e-23 1.6571655194279643e-12 1.087321396812303e-12 5.69844122615661e-13
2133.242477245972 2.676923956705416e-23 1.515813219363043e-12 1.003569709481518e-12 5.122435098815253e-13
2198.211819864143 2.3755367895440618e-23 1.3861196889927942e-12 9.258470135892089e-13 4.602726754035853e-13
2265.1598477584885 2.10750373261345e-23 1.267175128608694e-12 8.537673027132442e-13 4.1340782589545013e-13
2334.1468231275226 1.869221853218667e-23 1.1581330449145386e-12 7.869634766938509e-13 3.711695682206885e-13
2405.2348434957767 1.6574654403635377e-23 1.0582088795615325e-12 7.250876108983829e-13 3.3312126866314985e-13
2478.487897609897 1.4693483403584078e-23 9.666761470526196e-13 6.678108652517949e-13 2.988652818008247e-13
2553.971923037092 1.3022849957625246e-23 8.828594875754477e-13 6.148214070769192e-13 2.6803808049852867e-13
2631.7548655177807 1.1539644778291387e-23 8.061341284843809e-13 5.658251992620134e-13 2.4030892922236747e-13
2711.906740125872 1.0223233096311113e-23 7.359231192468769e-13 5.205453289728706e-13 2.1537779027400627e-13
2794.4996942916955 9.055185329840446e-24 6.716930316403013e-13 4.787211207098566e-13 1.9297191093044494e-13
2879.6080727443887 8.019065632577427e-24 6.129521651509023e-13 4.4010814606870627e-13 1.72844019082196e-13
2967.308484432098 7.100221306142542e-24 5.592474555462149e-13 4.0447736486140966e-13 1.547700906848051e-13
3057.6798714803062 6.2855807432140024e-24 5.101605321452315e-13 3.71613712644093e-13 1.3854681950113857e-13
