Dust emission spectrum from A.P. Jones, M. Kohler, N. Ysard, M. Bocchio, and L. Verstraete (2017), A&A, 602A, 46J 
inside the DustPedia framework.

lambda    nu*dP/dnu     j_nu    j_nu(carb.) j_nu(sil)
 (um)   (erg s-1 H-1) (Jy cm2 sr-1 H-1)
0.9927057738263894 6.656601728095708e-26 1.7540523640962314e-18 1.7540523524598212e-18 1.1636410734466557e-26
1.0001793341362166 6.766511118271429e-26 1.7964374893300936e-18 1.7964374753165736e-18 1.4013519906525678e-26
1.0077091589558085 6.876304289104985e-26 1.839330301887524e-18 1.8393302850332406e-18 1.6854283224409745e-26
1.0114953028030835 6.93114443063157e-26 1.8609652008651067e-18 1.8609651823903225e-18 1.8474783582896128e-26
1.0152956718711033 6.985940129687591e-26 1.882724730178162e-18 1.8827247099336844e-18 2.0244477426162093e-26
1.0229392996569957 7.09532404319169e-26 1.926599890751419e-18 1.926599866466283e-18 2.428513555461291e-26
1.0267826658714554 7.149780023286378e-26 1.9486805097380173e-18 1.9486804831516033e-18 2.658641476739763e-26
1.0306404723013447 7.204168595925014e-26 1.9708814127579163e-18 1.9708813836616736e-18 2.9096242855428205e-26
1.03451277320114 7.258484795443706e-26 1.993201759097298e-18 1.993201727264713e-18 3.1832584627392814e-26
1.0383996230291617 7.312723687173406e-26 2.0156406980634045e-18 2.0156406632485387e-18 3.4814865705040175e-26
1.0403485208654093 7.339812609262995e-26 2.0269043712753705e-18 2.0269043348706403e-18 3.6404730634675267e-26
1.0423010764483396 7.366880368472599e-26 2.038197369244702e-18 2.0381973311806183e-18 3.806408370763588e-26
1.0462171883269815 7.420949969740206e-26 2.060870902772376e-18 2.0608708611694484e-18 4.160292727049633e-26
1.0471985131304309 7.434453196372299e-26 2.0665574430789423e-18 2.066557400543219e-18 4.2535722208191984e-26
1.048180758391296 7.447950602891123e-26 2.0722512185607637e-18 2.0722511750722206e-18 4.3488542384775936e-26
1.0501480137395462 7.474927655408636e-26 2.0836604195830798e-18 2.083660374127176e-18 4.5455903400818194e-26
1.0521189612883777 7.501880528324203e-26 2.095098394563067e-18 2.0950983470546867e-18 4.750838016288097e-26
1.0531058218030118 7.515327188780969e-26 2.10082240065421e-18 2.1008223520865155e-18 4.856769508431216e-26
1.0540936079674168 7.528700344463372e-26 2.106534734748985e-18 2.1065346850991367e-18 4.9649847341953784e-26
1.058054026499678 7.582126029488814e-26 2.1294540652202473e-18 2.1294540110063112e-18 5.421393652215306e-26
1.0590464539527713 7.595465349392811e-26 2.1352013249159144e-18 2.1352012694996765e-18 5.541623784047031e-26
1.06003981227728 7.608797682511383e-26 2.1409555267560493e-18 2.1409554701120026e-18 5.664404681045578e-26
1.0620293250338977 7.635441097118556e-26 2.152484699252051e-18 2.152484640073795e-18 5.917825636470927e-26
1.0660195594769086 7.688640889516962e-26 2.1756257145075058e-18 2.1756256499314245e-18 6.457608185516347e-26
1.070024785945596 7.741720788473819e-26 2.198876181058333e-18 2.198876110615041e-18 7.04432919124224e-26
1.0740450607676866 7.79467621626402e-26 2.222235161655309e-18 2.2222350848367486e-18 7.681855945805169e-26
1.07808044048254 7.847502636487209e-26 2.2457017119994884e-18 2.245701628255934e-18 8.374355427131999e-26
1.0861967418109137 7.952657941007323e-26 2.292927018503759e-18 2.2929269190780442e-18 9.94257146768935e-26
1.0902777775684922 8.004767445689955e-26 2.3166227268634932e-18 2.316622618580237e-18 1.0828325734511927e-25
1.0943741465085532 8.056726553890913e-26 2.3404204363188027e-18 2.3404203184270703e-18 1.1789173131520071e-25
1.1026131145906286 8.160176460028939e-26 2.3883179188644386e-18 2.388317779257628e-18 1.3960681058229585e-25
1.1109141095355224 8.262973888760675e-26 2.4366115366183127e-18 2.436611371509473e-18 1.6510883965312166e-25
1.1192775983109025 8.36499139832677e-26 2.485265227577882e-18 2.4852650325590755e-18 1.9501880701414725e-25
1.1277040513999907 8.465762957515439e-26 2.5341404299685894e-18 2.5341401999159247e-18 2.3005266476510353e-25
1.1361939428280308 8.565771929246573e-26 2.5833806927363013e-18 2.583380421701643e-18 2.7103465815548845e-25
1.1447477501889525 8.664987976772127e-26 2.632977792701777e-18 2.6329774737892733e-18 3.189125033436745e-25
1.1533659546722406 8.763434203426643e-26 2.6829395711126403e-18 2.6829391963376952e-18 3.747749446809426e-25
1.1707974979042381 8.958335374295409e-26 2.7840596487270513e-18 2.7840591330937755e-18 5.156332759862602e-25
1.1884924949847024 9.149779150342093e-26 2.8865327430181925e-18 2.886532037106638e-18 7.059115551148361e-25
1.2064549276569216 9.339250792504419e-26 2.9908358145392897e-18 2.990834852862925e-18 9.61676363652853e-25
1.2246888378427687 9.524756079346594e-26 3.0963429373024258e-18 3.096341633559834e-18 1.3037425915591167e-24
1.2431983285522175 9.70589040908733e-26 3.2029136765796312e-18 3.2029119175961646e-18 1.758983466243866e-24
1.2619875648066055 9.882622277963567e-26 3.3105237292608628e-18 3.3105213673442948e-18 2.3619165687896987e-24
1.3004222497298317 1.0220140710355708e-25 3.527854781047474e-18 3.527850581935408e-18 4.199112065115384e-24
1.3400274889804893 1.0536285812429835e-25 3.747750609891881e-18 3.7477432804224714e-18 7.329469410199101e-24
1.3808389325824078 1.0830220512333842e-25 3.969627502088632e-18 3.969614935686915e-18 1.2566401717318907e-23
1.4228933163050095 1.110360433238784e-25 4.193781022363432e-18 4.193759849190642e-18 2.1173172789735463e-23
1.466228494730424 1.1362900742158732e-25 4.42242321777944e-18 4.422388141488329e-18 3.5076291113443e-23
1.5108834753276823 1.1603925141320924e-25 4.6537743628481145e-18 4.653717203816447e-18 5.715903166869505e-23
1.5568984535646726 1.1823402385726806e-25 4.886210700981696e-18 4.886118983414201e-18 9.171756749561145e-23
1.6043148490894465 1.202217954884533e-25 5.1196732727453445e-18 5.119528089628151e-18 1.4518311719273485e-22
1.6531753430134553 1.2201329141423667e-25 5.3542111605627445e-18 5.353984709826397e-18 2.264507363475377e-22
1.7035239163302658 1.2363126089800923e-25 5.590439691739791e-18 5.590091571577947e-18 3.481201618431873e-22
1.755405889504358 1.2517876119677633e-25 5.832807363615012e-18 5.832279648093741e-18 5.277155212702961e-22
1.8088679632656115 1.2664008976600259e-25 6.080615046286927e-18 6.079825932003546e-18 7.89114283381533e-22
1.8639582606462262 1.2800754461387292e-25 6.33346220577711e-18 6.332297752804132e-18 1.1644529729770562e-21
1.9207263702978936 1.2930225303134527e-25 6.592361651339156e-18 6.5906653224302e-18 1.696328908954836e-21
1.979223391128241 1.305619290153584e-25 6.859315926119258e-18 6.8568754639807826e-18 2.4404621384773885e-21
2.039501978296691 1.3183037708227256e-25 7.136890907139e-18 7.133422234419914e-18 3.468672719086215e-21
2.1016163906111602 1.3321197990008556e-25 7.431323426331969e-18 7.426450794702977e-18 4.8726316289906e-21
2.1656225393682647 1.347739086080783e-25 7.747436396036945e-18 7.740668980182907e-18 6.767415854038802e-21
2.231578038680979 1.36534325877927e-25 8.087668877917695e-18 8.078373288622912e-18 9.295589294785917e-21
2.299542257339062 1.3854146321535407e-25 8.456498924385613e-18 8.443867297764276e-18 1.2631626621337887e-20
2.369576372248914 1.4088259315555667e-25 8.861300831753742e-18 8.844314048445308e-18 1.6986783308434352e-20
2.4417434235010123 1.436589446063807e-25 9.311124448585742e-18 9.288511139522514e-18 2.2613309063226697e-20
2.5161083711144245 1.4703190811892792e-25 9.81997470390719e-18 9.790164887360393e-18 2.9809816546796706e-20
2.5927381535095444 1.5125263210231156e-25 1.0409527878626646e-17 1.0370602387503953e-17 3.8925491122695e-20
2.6717017477616296 1.5661316428237123e-25 1.1106716125145334e-17 1.1056354350537354e-17 5.036177460798e-20
2.753070231689431 1.6354027304288375e-25 1.195119801375934e-17 1.188662259681868e-17 6.457541694066342e-20
2.836916847834745 1.7297483995281915e-25 1.3025637178078246e-17 1.2943554058899154e-17 8.208311917909549e-20
2.9233170693905177 1.8695328427795693e-25 1.4507028173187577e-17 1.4403584073028938e-17 1.0344410015864716e-19
2.967498994190263 1.976214444180234e-25 1.5566611355271826e-17 1.5451048362188044e-17 1.1556299308378522e-19
3.0123486681368425 2.098391618249169e-25 1.6778812244700982e-17 1.6649882573508056e-17 1.2892967119292746e-19
3.0578761833420214 2.346763368609939e-25 1.9048405600469514e-17 1.890471431998155e-17 1.436912804879576e-19
3.1040917844459814 2.660901725808883e-25 2.1924657748943403e-17 2.176482037473742e-17 1.5983737420598385e-19
3.127460860933648 2.9807617188107653e-25 2.474506371862737e-17 2.4576548670237493e-17 1.6851504838987347e-19
3.1510058709225794 3.402829897982953e-25 2.846157211976846e-17 2.828398782762927e-17 1.7758429213920992e-19
3.162844764501044 3.7909837424053566e-25 3.1827258528247136e-17 3.1644971627600943e-17 1.822869006461936e-19
3.1747281389236908 4.240851730629494e-25 3.5737902794485176e-17 3.55508111710557e-17 1.870916234294694e-19
3.1986289994194426 5.489649550951924e-25 4.660987349006257e-17 4.6412835438628234e-17 1.97038051434347e-19
3.2227097969389145 8.416690985930464e-25 7.199992017875689e-17 7.17923173016814e-17 2.076028770754921e-19
3.2348180950136065 1.118609628076528e-24 9.60501063189752e-17 9.583685890685554e-17 2.132474121196019e-19
3.240889293275058 1.325524189672896e-24 1.1403056777707156e-16 1.138143428527908e-16 2.162249242807783e-19
3.2469718861334385 1.5648892582722355e-24 1.3487503513671392e-16 1.3465572918857958e-16 2.193059481343797e-19
3.2714166318528037 2.840016044376009e-24 2.4661874530155888e-16 2.4638668624124325e-16 2.3205906031562177e-19
3.2744851364798273 2.9198196297962562e-24 2.537864790097408e-16 2.535529112346038e-16 2.335677751370445e-19
3.2775565192852394 3.0019021157058856e-24 2.611657065548668e-16 2.6093062197562243e-16 2.350845792443168e-19
3.283707930232385 2.923478160014365e-24 2.5482017440241137e-16 2.545823656290763e-16 2.378087733351654e-19
3.2898708863219004 2.673976200831759e-24 2.335101832660657e-16 2.332698845546858e-16 2.402987113799415e-19
3.29141343181113 2.6151317084033363e-24 2.2847855145766993e-16 2.2823762722018657e-16 2.40924237483313e-19
3.292184975758714 2.5862167642117947e-24 2.2600527939882356e-16 2.2576404194119e-16 2.412374576334838e-19
3.295272960557952 2.403760140950581e-24 2.1025772318014488e-16 2.10015265327668e-16 2.4245785247701694e-19
3.3076538914384823 1.7713994865157047e-24 1.555270758815741e-16 1.5527971070954844e-16 2.473651720255812e-19
3.310756385682612 1.6426266088828595e-24 1.4435622354565225e-16 1.4410762027346344e-16 2.486032721888513e-19
3.313861789986515 1.5237861967899063e-24 1.3403797552817213e-16 1.337881296324203e-16 2.4984589575186034e-19
3.3200813396944477 1.3572683060931355e-24 1.1961450976988578e-16 1.1936199603979868e-16 2.5251373008703924e-19
3.345076488085796 1.0613781953545142e-24 9.42422502087186e-17 9.397785971939462e-17 2.643904893239837e-19
3.3482140837626964 1.0727562411585604e-24 9.534187790959142e-17 9.507587896393725e-17 2.6599894565417405e-19
3.3513546224236106 1.0842575737433289e-24 9.645445300836544e-17 9.618683773916576e-17 2.676152691997324e-19
3.3576445397418455 1.1671784348132396e-24 1.0402588160596187e-16 1.0375488884747261e-16 2.709927584893557e-19
3.3702598118196083 1.4720873131537682e-24 1.3169412000383426e-16 1.3141604143437242e-16 2.7807856946183578e-19
3.382922481734668 1.542333050591257e-24 1.3849676983047024e-16 1.3821178253980004e-16 2.8498729067019056e-19
3.389271646505754 1.5787062205170484e-24 1.4202903350658192e-16 1.417405401416455e-16 2.8849336493645714e-19
3.395632727569191 1.61794164972144e-24 1.4583205600334353e-16 1.4553994921742817e-16 2.921067859154082e-19
3.421196662673239 1.80625634655259e-24 1.6403134985274183e-16 1.637242607575572e-16 3.0708909518471055e-19
3.4276182099114902 1.769283163894337e-24 1.6097529119247376e-16 1.6066483513289819e-16 3.1045605957553603e-19
3.4340518103208963 1.6055931870916602e-24 1.4635642510701554e-16 1.460427731218325e-16 3.1365198518306193e-19
3.4469541582030403 1.3725264500385286e-24 1.2558149915600177e-16 1.2526168977015806e-16 3.198093858437206e-19
3.472904465399547 1.3085398260114481e-24 1.2062830206440127e-16 1.2029434096656562e-16 3.3396109783566257e-19
3.4990501388274233 1.2099772496857846e-24 1.1238201207083637e-16 1.1203351495893876e-16 3.484971118976408e-19
3.5253949054701885 8.553756158889337e-25 8.004497463473373e-17 7.968226995585709e-17 3.627046788766602e-19
3.5519380250092896 5.218055319918617e-25 4.9197551790059864e-17 4.8820496955555795e-17 3.770548345040828e-19
3.578680990867387 3.9063649131916003e-25 3.7107801943972625e-17 3.6715006151936955e-17 3.927957920356771e-19
3.605625307711299 3.3872499075853215e-25 3.241882469744963e-17 3.200940634337543e-17 4.094183540742038e-19
3.660119384959845 3.0333636397221355e-25 2.9470612431898127e-17 2.9026075410317413e-17 4.445370215807085e-19
3.715437065384467 2.7945117228779944e-25 2.756038487963598e-17 2.7078537701248e-17 4.818471783879916e-19
3.8285932144167436 2.736253121913451e-25 2.7807690969225753e-17 2.7244636916337322e-17 5.630540528884424e-19
3.94519561050918 2.797674293159706e-25 2.9297807865753507e-17 2.864464082931138e-17 6.531670364421318e-19
4.06534921144712 2.9118624469233497e-25 3.142231267153811e-17 3.066981893206713e-17 7.5249373947097885e-19
4.189162171576248 3.05935153847486e-25 3.4019348262063913e-17 3.3157704901678207e-17 8.616433603856974e-19
4.316745939156006 3.232921966048157e-25 3.7044278811300945e-17 3.606356431546941e-17 9.8071449583153e-19
4.448215356677963 3.4301431112090834e-25 4.050116148784959e-17 3.939250556795857e-17 1.1086559198910241e-18
4.58368876423945 3.651500767082014e-25 4.4427916842916886e-17 4.3181793407304467e-17 1.2461234356124061e-18
4.723288106065518 3.899584922808227e-25 4.8891375146432456e-17 4.7496901281547027e-17 1.3944738648854252e-18
4.867139040275056 4.179013569920753e-25 5.3990452504599277e-17 5.2439637446378374e-17 1.5508150582209364e-18
4.940699165968905 4.336576770591219e-25 5.687283573424037e-17 5.524025207900035e-17 1.6325836552400345e-18
5.015371051989984 4.4989082397704635e-25 5.98934923605336e-17 5.817687232990597e-17 1.7166200306276418e-18
5.091171501069577 4.6835801472248435e-25 6.329437509133725e-17 6.148977885641815e-17 1.804596234919085e-18
5.129500256944802 4.777987433667087e-25 6.505631984711903e-17 6.32068939350609e-17 1.8494259120581225e-18
5.168117569889187 4.875298043946706e-25 6.688103552867979e-17 6.498586230242847e-17 1.895173226251316e-18
5.20702561229733 4.987178891802941e-25 6.893092298334976e-17 6.698624246969363e-17 1.9446805136561075e-18
5.246226572918644 5.101323778820271e-25 7.103941310054534e-17 6.904450272038374e-17 1.9949103801615837e-18
5.265937586045735 5.159263686954269e-25 7.211620513306617e-17 7.009591030949476e-17 2.020294823571397e-18
5.285722656980489 5.217792069061924e-25 7.320834234289039e-17 7.116248421980183e-17 2.0458581230885564e-18
5.305582063971359 5.276916757623308e-25 7.431606616693768e-17 7.224446652592695e-17 2.0715996410107273e-18
5.3255160863122235 5.339153283695579e-25 7.54750697875362e-17 7.337738576100298e-17 2.097684026533224e-18
5.365609099470188 5.485320466291664e-25 7.812507875194191e-17 7.597340491292836e-17 2.151673839013539e-18
5.406003951863644 5.635858872328042e-25 8.087343717044131e-17 7.866698474689708e-17 2.2064524235442704e-18
5.446702915881641 5.790957833552435e-25 8.372468524744402e-17 8.146266938241351e-17 2.2620158650305116e-18
5.487708281020852 5.955726015485896e-25 8.675512908517216e-17 8.443657371425669e-17 2.318555370915482e-18
5.529022354014368 6.170125494551679e-25 9.055486263627162e-17 8.817726541640094e-17 2.3775972198706755e-18
5.570647458961463 6.394851005690854e-25 9.455958077263633e-17 9.212207046502404e-17 2.437510307612277e-18
5.612585937458331 6.630608014834904e-25 9.878381423277032e-17 9.628552234620068e-17 2.49829188656965e-18
5.654840148729818 6.885844084175169e-25 1.0335867912322587e-16 1.0079849261463451e-16 2.560186508591327e-18
5.67608639626678 7.052703406267699e-25 1.0626103722147847e-16 1.0366849895477232e-16 2.592538266706196e-18
5.686739436050992 7.138353640024318e-25 1.0775336016947247e-16 1.051445540880675e-16 2.608806081404941e-18
5.6974124697621304 7.225530193037691e-25 1.0927399349464132e-16 1.0664885832765111e-16 2.6251351669901716e-18
5.718818669136295 7.404605357292164e-25 1.1240294141917026e-16 1.0974496433285722e-16 2.6579770863130146e-18
5.740305295436557 7.599922659950325e-25 1.1580134311184955e-16 1.1311006847306154e-16 2.691274638787962e-18
5.7835210386641895 8.094807692208856e-25 1.2427056947351654e-16 1.2151030870635008e-16 2.7602607671664666e-18
5.827062130521658 8.657600204009519e-25 1.339111095850262e-16 1.3108027167770688e-16 2.830837907319388e-18
5.8489554468988025 9.04481260926918e-25 1.4042593358373942e-16 1.375571545653279e-16 2.868779018411471e-18
5.870931020387893 9.458054846289634e-25 1.4739346849837874e-16 1.4448641505943518e-16 2.907053438943594e-18
5.892989160043636 9.899395020681518e-25 1.548508985428006e-16 1.5190523657924358e-16 2.9456619635569948e-18
5.915130176081913 1.0398187287263552e-24 1.632643543713279e-16 1.6027871027020396e-16 2.985644101123868e-18
5.95966208400165 1.1777234292992985e-24 1.863092354458934e-16 1.832335534681444e-16 3.0756819777490385e-18
6.004529249263818 1.374420489754734e-24 2.190624894419935e-16 2.158860178476346e-16 3.176471594359017e-18
6.027089341400364 1.5103245957180633e-24 2.4162805454281246e-16 2.3839388559826674e-16 3.2341689445456728e-18
6.049734195844842 1.670290746539261e-24 2.6822410316517244e-16 2.6492890942283706e-16 3.2951937423353288e-18
6.095279466722835 2.1304170976663623e-24 3.4468921472332644e-16 3.4124591349934045e-16 3.4433012239859533e-18
6.141167624020661 2.8353102184673328e-24 4.621904501845575e-16 4.585572551196542e-16 3.633195064903437e-18
6.164241091010745 3.285098670967882e-24 5.375235146204906e-16 5.337722775471828e-16 3.751237073307801e-18
6.187401249150058 3.796032367776554e-24 6.234586008852762e-16 6.195858220764674e-16 3.8727788088087915e-18
6.1990139391386085 4.045542180216981e-24 6.656850131356135e-16 6.61750319178245e-16 3.9346939573683645e-18
6.204828454712694 4.1768451789816406e-24 6.879352919420634e-16 6.839692904273932e-16 3.966001514670097e-18
6.210648424152782 4.2728752194379215e-24 7.044117449523084e-16 7.004187946815119e-16 3.99295027079658e-18
6.233982942956859 4.599188226197663e-24 7.610553207174742e-16 7.569672360889662e-16 4.088084628507923e-18
6.239830258556775 4.6410207633274236e-24 7.686979453151809e-16 7.645957798172055e-16 4.10216549797545e-18
6.245683058788269 4.644980500035111e-24 7.700754354192711e-16 7.65959153341106e-16 4.116282078164801e-18
6.257405133728602 4.6367787616649355e-24 7.701584446601796e-16 7.660169342052248e-16 4.141510454954942e-18
6.269149208991335 4.573665573702357e-24 7.611012676439872e-16 7.569479898380799e-16 4.153277805907435e-18
6.280915325867298 4.414316782170462e-24 7.359628078663016e-16 7.318144498945703e-16 4.148357971731104e-18
6.304513850009849 4.020982153823438e-24 6.729041113383823e-16 6.687807361868481e-16 4.1233751515341986e-18
6.32820103803542 3.5336195168629025e-24 5.93566641589175e-16 5.894843615261501e-16 4.0822800630250706e-18
6.3519772230701035 3.087029423513537e-24 5.204980826979576e-16 5.164517922912843e-16 4.046290406673214e-18
6.375842739491607 2.7111516037287206e-24 4.588395372131079e-16 4.548240400862663e-16 4.015497126841358e-18
6.399797922933955 2.4111406055506102e-24 4.095983808021964e-16 4.055943706683505e-16 4.004010133845732e-18
6.42384311029221 2.1617088482129318e-24 3.686052859258299e-16 3.6460892212559534e-16 3.996363800234393e-18
6.447978639727206 1.9809402390572255e-24 3.3905050620019356e-16 3.3504662261438114e-16 4.003883585812467e-18
6.472204850670314 1.8305675570483997e-24 3.144904404782026e-16 3.104759685683034e-16 4.014471909899209e-18
6.496522083828205 1.733938695365318e-24 2.990088831168121e-16 2.949714318807165e-16 4.0374512360955475e-18
6.520930681187647 1.6528722519841103e-24 2.8610029495650463e-16 2.8203786927217827e-16 4.0624256843263114e-18
6.57002334288761 1.5725924068169895e-24 2.7425371552119295e-16 2.701237991695985e-16 4.1299163515945094e-18
6.619489833774732 1.5689308433987286e-24 2.7567523495364776e-16 2.714630314869721e-16 4.212203466675655e-18
6.6693287637831435 1.6065994446985438e-24 2.8441937124588033e-16 2.801181183558287e-16 4.301252890051654e-18
6.719538636694507 1.652920338317277e-24 2.9482262721680845e-16 2.9043399219786853e-16 4.3886350189399215e-18
6.770126513364129 1.7615560184588354e-24 3.1656483906901005e-16 3.120815580519821e-16 4.48328101702783e-18
6.8210952395837445 1.923513528789575e-24 3.4827218584927916e-16 3.4368372523874685e-16 4.588460610532329e-18
6.872447682569556 2.1264292966471567e-24 3.8791075657291685e-16 3.8320672020101376e-16 4.7040363719030595e-18
6.924186731123532 2.3816647049726902e-24 4.377426121253873e-16 4.3291301784443084e-16 4.829594280956547e-18
6.976315295795916 2.590630121213396e-24 4.797344916127815e-16 4.747765605260827e-16 4.957931086698889e-18
7.028836309048954 2.627991784894859e-24 4.903169035646451e-16 4.852359267969585e-16 5.080976767686451e-18
7.081752725421856 2.5491787419451677e-24 4.791930157536837e-16 4.739905915780675e-16 5.202424175616255e-18
7.135067521697011 2.500183974840765e-24 4.735212654705557e-16 4.681850225622608e-16 5.3362429082952156e-18
7.1887836970674375 2.557831714670626e-24 4.880865243176714e-16 4.825958836728861e-16 5.490640644785475e-18
7.242904273305506 2.7390483783874272e-24 5.266012448617564e-16 5.209300456833966e-16 5.671199178359895e-18
7.297432294932914 3.0208509539845614e-24 5.851521505455611e-16 5.792636597765425e-16 5.888490769018293e-18
7.352370829391971 3.342778978598898e-24 6.52385798889243e-16 6.462173249189251e-16 6.168473970317962e-18
7.379995003818881 3.542432057237569e-24 6.939481626405945e-16 6.87615792607096e-16 6.3323700334983685e-18
7.407722967218148 3.762099586452039e-24 7.397491127124463e-16 7.332452455529793e-16 6.503867159467368e-18
7.463496598684601 4.317274203880301e-24 8.553057767016981e-16 8.484152818895015e-16 6.89049481219612e-18
7.519690156487492 5.03382123665838e-24 1.0047711758310332e-15 9.974269478116305e-16 7.344228019403014e-18
7.533803324048627 5.242119206238826e-24 1.0483121131962972e-15 1.040839466275489e-15 7.47264692080795e-18
7.547942979602549 5.459571556390976e-24 1.0938470658767613e-15 1.0862437142969802e-15 7.603351579781168e-18
7.57630195363571 5.917557514338362e-24 1.1900609256701855e-15 1.182187646306829e-15 7.873279363356879e-18
7.590521371821866 6.149182397906166e-24 1.2389632249562537e-15 1.230948364527865e-15 8.014860428388542e-18
7.604767477414989 6.39032879593486e-24 1.2899669302094898e-15 1.2818079089395155e-15 8.159021269973792e-18
7.633339951266878 6.87484421003341e-24 1.3929864704797403e-15 1.3845378180492868e-15 8.448652430453244e-18
7.662019777021956 7.25256380978147e-24 1.4750415710918976e-15 1.4663291046680425e-15 8.712466423855773e-18
7.690807358020558 7.512550886105648e-24 1.5336589482658725e-15 1.5247206657229848e-15 8.938282542887438e-18
7.719703099118437 7.646674434205997e-24 1.5669048711600409e-15 1.5577821448810191e-15 9.12272627902149e-18
7.748707406692464 7.628383933950825e-24 1.569029965943976e-15 1.55973442199718e-15 9.295543946795872e-18
7.777823177463063 7.493817968004214e-24 1.5471436461708288e-15 1.5375258848005124e-15 9.61776137031652e-18
7.807048350752435 7.286309381390013e-24 1.5099546706592636e-15 1.499972216882446e-15 9.98245377681781e-18
7.836380830085272 6.998175482040849e-24 1.4556930046087913e-15 1.4453518629801141e-15 1.0341141628676327e-17
7.851088371676256 6.797638211017636e-24 1.4166329707576997e-15 1.406136225046501e-15 1.0496745711198432e-17
7.86582351679805 6.585012835130929e-24 1.3748972930007131e-15 1.3642545174284497e-15 1.0642775572263913e-17
7.89537682495964 6.115433041899937e-24 1.2816502040924526e-15 1.2707531922985648e-15 1.089701179388783e-17
7.9250411701946435 5.6087216760322256e-24 1.1798718766821258e-15 1.1687074289045553e-15 1.1164447777570758e-17
7.939915112024199 5.340165911629152e-24 1.1254858583808502e-15 1.1141798848122483e-15 1.1305973568601784e-17
7.954816969689239 5.0861353044504475e-24 1.0739585848082714e-15 1.0625038447494283e-15 1.1454740058842847e-17
7.9847046421970465 4.617798792682929e-24 9.7873088889113e-16 9.669524643889584e-16 1.1778424502172035e-17
8.044817289139356 3.8308088785180504e-24 8.180429446758043e-16 8.054858389382348e-16 1.255710573756924e-17
8.07504310897143 3.540609755924859e-24 7.589136151115519e-16 7.458859788243856e-16 1.3027636287166514e-17
8.105382492623747 3.2842595849356668e-24 7.066110474720429e-16 6.930801332797743e-16 1.353091419226875e-17
8.135835866775926 3.082267716872827e-24 6.656439194263086e-16 6.516034475834318e-16 1.4040471842876808e-17
8.166403659710703 2.9315199066895177e-24 6.354671774224882e-16 6.208733078348292e-16 1.4593869587658913e-17
8.197086301319933 2.8215314140721314e-24 6.13922895944011e-16 5.987455902806939e-16 1.517730566331719e-17
8.227884223110665 2.725851840411232e-24 5.953328561794287e-16 5.795371469055615e-16 1.5795709273867275e-17
8.258797858211198 2.6746616392507608e-24 5.8634755495791565e-16 5.697422190453735e-16 1.6605335912542242e-17
8.289827641377162 2.668040136738373e-24 5.87093527744002e-16 5.689146015354397e-16 1.817892620856256e-17
8.320974008997652 2.697003907093168e-24 5.95696672425185e-16 5.756267131082056e-16 2.0069959316979283e-17
8.35223739910135 2.741019046484987e-24 6.07693115569374e-16 5.855540550235154e-16 2.2139060545858843e-17
8.383618251362687 2.8512256601948116e-24 6.34501303171307e-16 6.102602415680695e-16 2.4241061603237378e-17
8.415117007108037 3.0048127635764443e-24 6.711923645749669e-16 6.446650392022464e-16 2.6527325372720665e-17
8.446734109321913 3.2058233729537353e-24 7.187830834201666e-16 6.899049876165622e-16 2.8878095803604566e-17
8.478470002653195 3.458475411727667e-24 7.783440563569688e-16 7.470463313024002e-16 3.1297725054568074e-17
8.542299949622933 4.007050060150823e-24 9.085922290783865e-16 8.721979216077059e-16 3.639430747068046e-17
8.558332380220154 4.123952596841873e-24 9.368547149744119e-16 8.991515193376187e-16 3.770319563679359e-17
8.574394900937412 4.1998137232822226e-24 9.55879048938076e-16 9.168740168413068e-16 3.900503209676939e-17
8.606610438733982 4.213073248642717e-24 9.62499668999927e-16 9.209348075639852e-16 4.156486143594153e-17
8.622764948673899 4.1640240201527644e-24 9.530796722056982e-16 9.102316739793837e-16 4.284799822631475e-17
8.638949780445296 4.049802035461208e-24 9.286759030248515e-16 8.845796345387532e-16 4.4096268486097947e-17
8.655163606183647 3.933678331871658e-24 9.037401111578912e-16 8.583639308747048e-16 4.537618028318647e-17
8.671407862489573 3.794439216007209e-24 8.733868466563571e-16 8.267256378515973e-16 4.6661208804759816e-17
8.703987895363145 3.4618191289527705e-24 7.998196778343179e-16 7.505804265678987e-16 4.9239251266419116e-17
8.736690337257128 3.1671051116836358e-24 7.344781037677749e-16 6.825268619605477e-16 5.1951241807227286e-17
8.802464289484785 2.6734752466320667e-24 6.246688823910732e-16 5.669445112032069e-16 5.772437118786614e-17
8.868733419248175 2.358284972323846e-24 5.551716970681635e-16 4.905643387951348e-16 6.460735827302884e-17
8.935501454478851 2.16922029708986e-24 5.145078701424544e-16 4.4067244069540226e-16 7.383542944705198e-17
9.002772151174003 2.0581859610731945e-24 4.918473133213199e-16 4.081220538021026e-16 8.372525951921734e-17
9.07054929360775 1.9961519455887817e-24 4.80614221181631e-16 3.866054009398847e-16 9.400882024174622e-17
9.13883669454403 1.9649323034335432e-24 4.766591589592279e-16 3.71939842460684e-16 1.0471931649854373e-16
9.207638195451068 1.9583759441959024e-24 4.786452403878715e-16 3.631580804671906e-16 1.1548715992068067e-16
9.276957666717493 1.9614521869124585e-24 4.830062315950008e-16 3.5574248345158145e-16 1.272637481434193e-16
9.346799007870057 1.9795662575969876e-24 4.911366903953202e-16 3.5233376201885136e-16 1.3880292837646889e-16
9.417166147792997 2.002690595161951e-24 5.006146148410845e-16 3.4962005560081854e-16 1.5099455924026611e-16
9.488063044949055 2.023128600732729e-24 5.095308507405151e-16 3.493952612747455e-16 1.6013558946576957e-16
9.559493687602165 2.0471343853491124e-24 5.194582844845596e-16 3.4957499734814607e-16 1.6988328713641355e-16
9.631462094041797 2.0767412987347493e-24 5.309382967910441e-16 3.5154846114079897e-16 1.7938983565024537e-16
9.703972312809022 2.1075010853377558e-24 5.428586830034279e-16 3.537951688191446e-16 1.8906351418428325e-16
9.777099908821425 2.129082265920164e-24 5.525504395099257e-16 3.5754685898229827e-16 1.9500358052762743e-16
9.924867353363874 2.171258548873327e-24 5.720127188440829e-16 3.6696537939342036e-16 2.0504733945066264e-16
10.074868099996943 2.201303395738181e-24 5.886927748485543e-16 3.800307922383153e-16 2.086619826102389e-16
10.150790707826552 2.2127450147642635e-24 5.962119514159533e-16 3.8775595147524183e-16 2.084559999407115e-16
10.22721067892732 2.231033645792425e-24 6.056653874658233e-16 3.9763709564181755e-16 2.0802829182400555e-16
10.304205975847633 2.2507102598704398e-24 6.156070080092449e-16 4.0809317646554053e-16 2.0751383154370457e-16
10.381780929913377 2.2749242707412474e-24 6.269143885437621e-16 4.21760296147228e-16 2.0515409239653428e-16
10.459939905058707 2.3024814292629016e-24 6.39285359367493e-16 4.365376109619727e-16 2.0274774840552022e-16
10.538687298071551 2.345869076140435e-24 6.562355019559315e-16 4.567794946040184e-16 1.9945600735191293e-16
10.618027538840941 2.395596852782149e-24 6.75191574605869e-16 4.791716166953651e-16 1.960199579105035e-16
10.697971937068667 2.4680396434160997e-24 7.008466773544541e-16 5.101052237710224e-16 1.9074145358343168e-16
10.778518246224262 2.576119108870649e-24 7.3704572813005e-16 5.517400181885183e-16 1.8530570994153205e-16
10.859664048220797 2.7448007862763498e-24 7.912188999168029e-16 6.114480449817252e-16 1.7977085493507757e-16
10.941420754335242 3.0090456247515068e-24 8.739204962527851e-16 6.997444317063213e-16 1.7417606454646392e-16
10.961955922839442 3.1031864703218157e-24 9.029534415597638e-16 7.302055713670787e-16 1.7274787019268533e-16
10.982529632329763 3.2091349301991657e-24 9.355344713621869e-16 7.642046985457953e-16 1.7132977281639096e-16
11.023792963743814 3.468727453110847e-24 1.0150107895320368e-15 8.465000858583251e-16 1.685107036737118e-16
11.065211328886559 3.811458815030525e-24 1.1194904087254989e-15 9.538151349411741e-16 1.6567527378432452e-16
11.08597883104876 4.03248916147988e-24 1.1866337239977887e-15 1.0223835208525285e-15 1.6425020314526009e-16
11.106785310247485 4.279858376131649e-24 1.2617903694862185e-15 1.0989715907022707e-15 1.6281877878394809e-16
11.14851549250461 4.869239193830201e-24 1.4409455955456392e-15 1.2810073632797491e-15 1.5993823226588999e-16
11.169441129330048 5.186605869997137e-24 1.5377442922933082e-15 1.3792259909647543e-15 1.585183013285541e-16
11.190406043337886 5.4699789065128614e-24 1.6248038138981295e-15 1.4677202544019406e-15 1.5708355949618879e-16
11.21140851448765 5.745687056276142e-24 1.7099034105428487e-15 1.5542831165898339e-15 1.5562029395301456e-16
11.22192452720434 5.8907129743132615e-24 1.7547071219655102e-15 1.5998129513549214e-15 1.5489417061058892e-16
11.232450403670388 5.953824565051405e-24 1.7751701084144554e-15 1.620933623966482e-15 1.542364844479733e-16
11.253533585369773 6.01030654085354e-24 1.795374146942028e-15 1.6424114563895749e-15 1.5296269055245338e-16
11.274656339961506 6.026955458116375e-24 1.803726674981596e-15 1.6520192548976977e-15 1.517074200838984e-16
11.285231677511122 6.035354203235618e-24 1.8079344296318774e-15 1.6568445222672086e-15 1.5108990736466953e-16
11.295816934455262 5.9805304589269885e-24 1.7931919683927487e-15 1.642731310150233e-15 1.5046065824251566e-16
11.317017243752359 5.837893514701288e-24 1.7537091975947099e-15 1.6045097910310435e-15 1.491994065636668e-16
11.338257342390673 5.695272324264822e-24 1.7140766468760103e-15 1.5661328092331175e-15 1.479438376428924e-16
11.359537305047965 5.541687983591668e-24 1.6709834365089828e-15 1.5243199354658868e-15 1.4666350104309612e-16
11.402217121831576 5.197781755217549e-24 1.5731740719319485e-15 1.4291696285593968e-15 1.4400444337255166e-16
11.423617126015266 5.018762617506248e-24 1.521842563236353e-15 1.379201214467397e-15 1.426413487689564e-16
11.445057294333186 4.836306791119908e-24 1.469268767058134e-15 1.328049862520163e-15 1.4121890453797105e-16
11.488058425037956 4.4664268083837946e-24 1.3619974366908933e-15 1.2237969126326492e-15 1.3820052405824396e-16
11.53122111869469 4.13677333795107e-24 1.266212098503593e-15 1.1309653771844548e-15 1.3524672131913794e-16
11.574545982324347 3.8427216063749565e-24 1.1806259369349014e-15 1.0482697832332628e-15 1.3235615370163839e-16
11.618033625228566 3.582939622077639e-24 1.1049472664929546e-15 9.754978334509613e-16 1.2944943304199294e-16
11.661684658998247 3.36688613447357e-24 1.0422194068269122e-15 9.159506942705321e-16 1.2626871255638012e-16
11.705499697522141 3.2003867328997516e-24 9.944016872354352e-16 8.714028997650122e-16 1.2299878747042304e-16
11.749479356995494 3.0696017100958505e-24 9.573485498301728e-16 8.377558667683711e-16 1.1959268306180164e-16
11.793624255928705 2.956966194211413e-24 9.256846870527116e-16 8.094881000784851e-16 1.1619658697422664e-16
11.83793501515603 2.884726083597173e-24 9.064627584744182e-16 7.93900136291017e-16 1.1256262218340093e-16
11.882412257844306 2.8224964852890457e-24 8.902407275469847e-16 7.812795516751319e-16 1.0896117587185255e-16
11.92705660950172 2.788774425073859e-24 8.829093186938839e-16 7.777561949188252e-16 1.0515312377505942e-16
11.971868697986617 2.763036073096659e-24 8.780473429640926e-16 7.766795351635065e-16 1.0136780780058615e-16
12.016849153516302 2.7661945611795397e-24 8.82353810754465e-16 7.850711460686034e-16 9.728266468586146e-17
12.061998608675935 2.775564129512223e-24 8.886688825443982e-16 7.954131789875564e-16 9.325570355684165e-17
12.152807060118223 2.849493334266644e-24 9.192077587870974e-16 8.344487190175422e-16 8.475903976955494e-17
12.198467333490619 2.9157057797475866e-24 9.441008710314458e-16 8.638746116012005e-16 8.02262594302455e-17
12.244299160690385 2.9911727948993717e-24 9.721759368265663e-16 8.963948867903591e-16 7.578105003620736e-17
12.290303186275983 3.092133311404738e-24 1.008765542128433e-15 9.37789201104996e-16 7.097634102343725e-17
12.3364800572276 3.205859041585138e-24 1.0497964915374706e-15 9.826974525070836e-16 6.709903903038705e-17
12.382830422956244 3.3464306684752694e-24 1.0999455581137987e-15 1.034063186684182e-15 6.588237142961625e-17
12.429354935312874 3.493875240186458e-24 1.1527242143307321e-15 1.0880308716892836e-15 6.469334264144852e-17
12.476058240797144 3.636609501191719e-24 1.2043244282360672e-15 1.1407932496125973e-15 6.353117862346959e-17
12.522937033967983 3.782568978304637e-24 1.2573682406036702e-15 1.194634086436364e-15 6.273415416730651e-17
12.569987951963114 3.902151827851346e-24 1.3019924256188026e-15 1.2386549096127738e-15 6.333751600602884e-17
12.593579661530361 3.944298319216059e-24 1.3185250381219557e-15 1.2548903559899608e-15 6.363468213199519e-17
12.617215648686605 3.975237023531151e-24 1.331361480302681e-15 1.2674325621591716e-15 6.392891814350904e-17
12.664620788327802 3.9916910271457975e-24 1.3418950202981794e-15 1.2773905518676238e-15 6.450446843055594e-17
12.71220403757155 3.960202378816059e-24 1.3363113843158943e-15 1.2712438815047039e-15 6.50675028111902e-17
12.736062662318053 3.924380522022149e-24 1.326709172404478e-15 1.2613659566422648e-15 6.534321576221294e-17
12.759966065607527 3.8771337538932495e-24 1.3131965590159401e-15 1.247580712428006e-15 6.561584658793422e-17
12.807907544139693 3.745047237406506e-24 1.2732242947050704e-15 1.207075466157398e-15 6.614882854767224e-17
12.856029147395699 3.597224432540515e-24 1.2275630736881945e-15 1.1608859813334147e-15 6.667709235478005e-17
12.904331552136407 3.439747291393832e-24 1.1782338165419086e-15 1.1110251250682638e-15 6.72086914736447e-17
12.95281543766539 3.2792840885595814e-24 1.127489879337659e-15 1.059752181301586e-15 6.77376980360726e-17
13.00148148583848 3.1330299313593938e-24 1.0812517387529135e-15 1.0129797091411129e-15 6.827202961180018e-17
13.050330381073369 2.9996764941605842e-24 1.039119175874548e-15 9.703074124000672e-16 6.881176347448057e-17
13.099362810359226 2.8793292325408113e-24 1.0011771529861962e-15 9.318202720348858e-16 6.935688095131076e-17
13.197981031955921 2.6807245423269077e-24 9.391373722072275e-16 8.686745511029888e-16 7.046282110423836e-17
13.247568211189632 2.6015705175006987e-24 9.148316887514748e-16 8.438089050690003e-16 7.102278368247461e-17
13.297341698339563 2.5305555263836084e-24 8.932029178044637e-16 8.216153142018476e-16 7.158760360261584e-17
13.397450398986955 2.4184649100948208e-24 8.600652115554745e-16 7.873399506861753e-16 7.272526086929895e-17
13.447787020368724 2.374697351804961e-24 8.476733377641334e-16 7.743772614379883e-16 7.3296076326145e-17
13.498312765455129 2.3350731274770178e-24 8.366607697496251e-16 7.627908812744515e-16 7.386988847517324e-17
13.59993447169816 2.2722156892705602e-24 8.202680637957189e-16 7.452582132379742e-16 7.500985055774439e-17
13.702321234386334 2.2269026388602487e-24 8.099623052622278e-16 7.334966312245049e-16 7.646567403772274e-17
13.805478813227746 2.2024572689956284e-24 8.07101952714089e-16 7.263338826077157e-16 8.076807010637293e-17
13.90941301129231 2.1841482851040504e-24 8.06418264998496e-16 7.209247342942042e-16 8.549353070429174e-17
13.96167316792965 2.1833620581034943e-24 8.091567461717563e-16 7.203552302153962e-16 8.88015159563599e-17
14.014129675338197 2.1848823388324957e-24 8.127624278597357e-16 7.205360839730292e-16 9.222634388670671e-17
14.119634696140762 2.2019764026158727e-24 8.252880456781538e-16 7.259662430537036e-16 9.932180262445008e-17
14.225934008823913 2.2221729947742474e-24 8.391277593077726e-16 7.324098391100709e-16 1.0671792019770219e-16
14.333033593193976 2.2436287873598443e-24 8.536081549792512e-16 7.389751343604779e-16 1.1463302061877327e-16
14.44093947407611 2.2639454512776484e-24 8.678223669895382e-16 7.451643868095426e-16 1.2265798017999587e-16
14.54965772165321 2.2858531025340947e-24 8.828166743004897e-16 7.51556820376994e-16 1.312598539234956e-16
14.659194451807393 2.3094118127581057e-24 8.98630017888313e-16 7.581488085275454e-16 1.4048120936076747e-16
14.769555826464039 2.3342777985446546e-24 9.151439379347791e-16 7.648431278572742e-16 1.5030081007750482e-16
14.992777389284976 2.381608450568837e-24 9.478113136080804e-16 7.77149901896093e-16 1.7066141171198758e-16
15.21937263962189 2.4359129464168684e-24 9.840744300221988e-16 7.902689228494752e-16 1.9380550717272356e-16
15.449392566130673 2.491595499010507e-24 1.0217823096447952e-15 8.021034756839318e-16 2.1967883396086325e-16
15.682888928090767 2.586772021944639e-24 1.0768461377496041e-15 8.149845082278639e-16 2.618616295217402e-16
15.919914267052077 2.6928904298310954e-24 1.1379648316467751e-15 8.269816729386146e-16 3.1098315870816044e-16
16.03976693895051 2.7480435609925967e-24 1.170014110395652e-15 8.335679584302266e-16 3.3644615196542543e-16
16.1605219186579 2.8147588837835194e-24 1.2074412653213949e-15 8.436564850632302e-16 3.637847802581649e-16
16.22123989475974 2.847057612288564e-24 1.2258850130418597e-15 8.491320385460941e-16 3.7675297449576535e-16
16.282185999175777 2.880261474953515e-24 1.2448415055990026e-15 8.546383735206919e-16 3.9020313207831064e-16
16.312744867225646 2.8972125771441467e-24 1.254517831676046e-15 8.57403086401586e-16 3.9711474527445994e-16
16.343361089024967 2.914401801620574e-24 1.2643293969287502e-15 8.601754975175027e-16 4.0415389941124753e-16
16.404766024646595 2.9495110858878007e-24 1.2843680883142081e-15 8.657434177130147e-16 4.186246706011936e-16
16.466401669612416 2.9856230302272177e-24 1.3049777597670164e-15 8.713421414071221e-16 4.3363561835989485e-16
16.497306278852424 3.0040658735262263e-24 1.3155032400237045e-15 8.741530567991704e-16 4.413501832245341e-16
16.528268890738765 3.0227725911396334e-24 1.3261794019923198e-15 8.76971675774772e-16 4.492077262175474e-16
16.590368558098763 3.0609960261777987e-24 1.3479948497512853e-15 8.826320276492406e-16 4.653628221020443e-16
16.65270154503456 3.099329134373515e-24 1.3700039848210911e-15 8.882948121842044e-16 4.817091726368866e-16
16.715268728169598 3.1343452564428604e-24 1.3906877513222085e-15 8.938669508424964e-16 4.968208004797121e-16
16.778070987420957 3.170230877087542e-24 1.4118948436488419e-15 8.994697581328089e-16 5.124250855160331e-16
16.9043842704834 3.2447152054422046e-24 1.455946355286897e-15 9.107673530261715e-16 5.451790022607253e-16
17.03164849990255 3.322999841330286e-24 1.5022992108786746e-15 9.221875467729102e-16 5.801116641057637e-16
17.159870834853997 3.4042176683118675e-24 1.5506035324095927e-15 9.336980200199309e-16 6.169055123896619e-16
17.289058488411015 3.4785245527050774e-24 1.5963784249921974e-15 9.450218659563493e-16 6.513565590358478e-16
17.35401657858945 3.516897616133364e-24 1.6200527898791842e-15 9.507299002877198e-16 6.693228895914646e-16
17.386587088641786 3.5363981327283594e-24 1.6320930893454954e-15 9.535954349868554e-16 6.784976543586396e-16
17.419218727950305 3.556111528249316e-24 1.6442713080970694e-15 9.564686441931736e-16 6.878026639038959e-16
17.48466585346766 3.596187847370797e-24 1.6690492007344196e-15 9.622380749660916e-16 7.068111257683281e-16
17.550358875560836 3.637148736848246e-24 1.6944021581092407e-15 9.680381702845975e-16 7.263639878246432e-16
17.682486308455736 3.716541835645644e-24 1.7444229406369728e-15 9.796937572818315e-16 7.647291833551413e-16
17.81560845938729 3.747091806916299e-24 1.7720028919354017e-15 9.911214932752633e-16 7.808813986601386e-16
17.882544892141226 3.7625282465815126e-24 1.7859879567209565e-15 9.968820182432878e-16 7.891059384776678e-16
17.949732817065083 3.777659831033316e-24 1.7999078443600793e-15 1.0026735824641354e-15 7.972342618959433e-16
18.084866926577256 3.8046371643528974e-24 1.8264088225067833e-15 1.0143496408897456e-15 8.120591816170374e-16
18.221018389814958 3.831806323222848e-24 1.8532995882408e-15 1.0261793485022807e-15 8.271202397385195e-16
18.496404071615608 3.88381716852708e-24 1.906845537043428e-15 1.050884483514277e-15 8.559610535291506e-16
18.635790038622734 3.9123229996764166e-24 1.9353162562174056e-15 1.064427711482258e-15 8.70888544735147e-16
18.776226396166493 3.940915842747683e-24 1.9641511560810084e-15 1.0780755203839486e-15 8.860756356970607e-16
18.91772105982334 3.967891494221762e-24 1.992498660210685e-15 1.091674065355489e-15 9.008245948551958e-16
19.203636446149176 4.022611892145284e-24 2.0505059874496456e-15 1.1192057006252741e-15 9.313002868243715e-16
19.4938730510763 4.076047684349773e-24 2.1091468689819436e-15 1.1469127013078076e-15 9.622341676741358e-16
19.78849618389234 4.128598209843227e-24 2.1686269196014135e-15 1.1748402058827976e-15 9.937867137186159e-16
20.08757214094514 4.17988669431782e-24 2.228750183162691e-15 1.202900313589699e-15 1.0258498695729923e-15
20.391466406516905 4.2303655860521395e-24 2.2897907243671043e-15 1.2311726178912046e-15 1.0586181064758996e-15
20.699681925472166 4.27866764118274e-24 2.350940608507217e-15 1.2597154093062423e-15 1.0912251992009747e-15
21.012556099387844 4.321173186505096e-24 2.410182848368607e-15 1.2885807110300725e-15 1.121602137338535e-15
21.652507708764745 4.407593781079564e-24 2.533256680222344e-15 1.3508947763572282e-15 1.1823619038651155e-15
21.979755641372343 4.451566613407477e-24 2.597198656112835e-15 1.3829484239962775e-15 1.2142502321165577e-15
22.311949477282987 4.4953089237333874e-24 2.662358244269523e-15 1.4152361806902988e-15 1.2471220635792245e-15
22.64916396703608 4.538620822493614e-24 2.7286354062743458e-15 1.4476755561219212e-15 1.2809598501524245e-15
22.991811201917592 4.58173258196016e-24 2.7962265508743615e-15 1.480348789776351e-15 1.3158777610980108e-15
23.339642165776596 4.6243824416746094e-24 2.86495213073259e-15 1.5131277236402529e-15 1.3518244070923381e-15
23.69273528050995 4.6667761744730935e-24 2.934956083017781e-15 1.5460717224745139e-15 1.3888843605432668e-15
24.414313559781952 4.75474717131947e-24 3.0813524739059685e-15 1.6150157083139677e-15 1.4663367655920003e-15
24.78366481022829 4.801036155745115e-24 3.1584204024465457e-15 1.6507655163563752e-15 1.5076548860901713e-15
25.15860378059443 4.8489037529004376e-24 3.2381691605456315e-15 1.6872306909629373e-15 1.5509384695826938e-15
25.924826076583233 4.9460611459701516e-24 3.4036489868616326e-15 1.7608829540190787e-15 1.6427660328425532e-15
26.714384190886577 5.0447457010711904e-24 3.57728778354373e-15 1.836156401925656e-15 1.7411313816180731e-15
27.527988831636016 5.143937120415122e-24 3.7587164754607606e-15 1.91309644291221e-15 1.8456200325485502e-15
28.366372352060132 5.245207934747201e-24 3.949443833542689e-15 1.992363613916831e-15 1.9570802196258573e-15
29.2302894097004 5.348494309983404e-24 4.149866124399766e-15 2.0746588089528277e-15 2.075207315446939e-15
30.12051764570424 5.4560821382485916e-24 4.36227222628861e-15 2.159007656620887e-15 2.2032645696677233e-15
30.575747924857424 5.512908424034781e-24 4.474322672821375e-15 2.201546830952122e-15 2.2727758418692554e-15
31.037858384806153 5.571988476820015e-24 4.590620480633582e-15 2.244305461121277e-15 2.346315019512306e-15
31.983137356627505 5.695083672826401e-24 4.834934616536427e-15 2.3319390573465263e-15 2.5029955591899016e-15
32.95720543894392 5.830909627293824e-24 5.101009385647415e-15 2.423886042890443e-15 2.6771233427569724e-15
33.960939423588975 5.973454606720393e-24 5.384863463316066e-15 2.518573453009717e-15 2.8662900103063493e-15
34.99524280568484 6.115462756921513e-24 5.6807773731037555e-15 2.613597237343906e-15 3.0671801357598484e-15
36.06104659690874 6.261337430207201e-24 5.99342215801233e-15 2.7107624145335736e-15 3.2826597434787567e-15
37.159310163528254 6.411498517531492e-24 6.324069327915414e-15 2.8133965471440223e-15 3.5106727807713894e-15
38.29102208995955 6.566828875600556e-24 6.674551543942097e-15 2.9197095185515732e-15 3.754842025390524e-15
39.45720106862597 6.720382636178274e-24 7.038655490639117e-15 3.0268188125566003e-15 4.011836678082516e-15
40.65889681691763 6.877259469570923e-24 7.422332983693621e-15 3.1363302385738454e-15 4.2860027451197784e-15
41.897191022077855 7.040167651029283e-24 7.829559723830373e-15 3.2506508645060227e-15 4.578908859324348e-15
43.173198314866475 7.208792676247333e-24 8.26125811226936e-15 3.3689020768083394e-15 4.892356035461023e-15
44.48806727287728 7.376151608178789e-24 8.710494410291184e-15 3.489731792557843e-15 5.2207626177333435e-15
45.8429814544115 7.545533298232897e-24 9.181893006590692e-15 3.6136909437237355e-15 5.568202062866957e-15
47.23916046383907 7.712441562196301e-24 9.670824234364235e-15 3.741690465867768e-15 5.9291337684964685e-15
48.67786104940597 7.879567790993618e-24 1.0181301911567157e-14 3.873658425060722e-15 6.307643486506437e-15
50.16037823447602 8.041751678350764e-24 1.0707322756886142e-14 4.009599105183865e-15 6.697723651702278e-15
51.68804648322576 8.201200235117577e-24 1.1252187674406927e-14 4.149470522353892e-15 7.102717152053033e-15
53.26224090184056 8.3523776311619e-24 1.1808615701938547e-14 4.292738370923984e-15 7.515877331014568e-15
54.884378476295105 8.496815695429822e-24 1.2378681295542143e-14 4.4394626125372055e-15 7.939218683004939e-15
56.55591934783037 8.630516069734472e-24 1.2956397542975745e-14 4.590796828742049e-15 8.365600714233697e-15
58.27836812727644 8.753782563765833e-24 1.3541680733611789e-14 4.74663423418748e-15 8.795046499424311e-15
60.05327524940399 8.88399595127953e-24 1.4161670434065548e-14 4.905011194720604e-15 9.256659239344938e-15
61.88223836852342 9.023411519609556e-24 1.482197961249068e-14 5.065371879795814e-15 9.756607732694865e-15
62.81758386220369 9.093585389933714e-24 1.5163023585524093e-14 5.147027586360357e-15 1.0015995999163734e-14
63.7670670344103 9.177038905663977e-24 1.5533468748440643e-14 5.229776760039921e-15 1.030369198840072e-14
65.70913619443517 9.367275229387881e-24 1.633836040860746e-14 5.398590336060198e-15 1.0939770072547261e-14
67.71035238438829 9.542912434141612e-24 1.7151631833169665e-14 5.568644709667586e-15 1.158298712350207e-14
69.77251696707448 9.693738125594976e-24 1.7953333821943338e-14 5.738099277408073e-15 1.221523454453526e-14
71.89748616702131 9.827821198267563e-24 1.8756006973834976e-14 5.90916055601869e-15 1.2846846417816288e-14
74.08717274132995 9.945157878563026e-24 1.95579862665781e-14 6.082994582278957e-15 1.3474991684299144e-14
76.34354770141287 1.0046660004840518e-23 2.0359329735679774e-14 6.256071711426709e-15 1.4103258024253068e-14
78.66864208716851 1.0132320887439627e-23 2.1158263535573334e-14 6.42553772920908e-15 1.473272580636425e-14
81.06454879518883 1.0204762696547506e-23 2.1958532509796136e-14 6.5924301154592524e-15 1.536610239433688e-14
83.5334244626476 1.0275657784460803e-23 2.2784492053607384e-14 6.757540389861786e-15 1.6026951663745602e-14
86.07749140856238 1.0326856255184097e-23 2.3595390358022548e-14 6.918312830007681e-15 1.6677077528014878e-14
88.69903963417964 1.033972264524342e-23 2.4344297125692742e-14 7.07232373916451e-15 1.7271973386528225e-14
91.4004288842828 1.0323461774939125e-23 2.504626784952588e-14 7.21922747664522e-15 1.7827040372880667e-14
94.18409077127889 1.0279035317743568e-23 2.5698000952232463e-14 7.358710276699472e-15 1.8339290675532983e-14
97.05253096397554 1.0208903203012368e-23 2.629997796339078e-14 7.489184379942702e-15 1.8810793583448086e-14
100.00833144301866 1.013224577106433e-23 2.6897463706157353e-14 7.609639996125955e-15 1.9287823710031385e-14
103.05415282502196 1.0034891971017265e-23 2.7450333934137746e-14 7.71876346155389e-15 1.9731570472583852e-14
106.19273675747671 9.935005089460657e-24 2.8004791291007894e-14 7.814648884466891e-15 2.0190142406541004e-14
109.4269083866038 9.816210442000576e-24 2.851263947596885e-14 7.896892342572531e-15 2.061574713339633e-14
112.75957890036308 9.658487235158964e-24 2.890892807227135e-14 7.966497817787427e-15 2.0942430254483914e-14
116.1937481489129 9.471475348582362e-24 2.921257413928528e-14 8.021694240917237e-15 2.119087989836803e-14
119.73250734487735 9.244463965616635e-24 2.938077479063729e-14 8.059406934600058e-15 2.132136785603723e-14
123.37904184585196 8.989645723812459e-24 2.9441057337431186e-14 8.080143377770679e-15 2.1360913959660512e-14
127.13663402165271 8.701210914158197e-24 2.936431256017838e-14 8.086779192253865e-15 2.1277533367924506e-14
131.0086662088879 8.390200807128452e-24 2.9177079138288545e-14 8.078012699870283e-15 2.109906643841827e-14
134.99862375551584 8.053423477166153e-24 2.8858869251786855e-14 8.050412649879886e-15 2.0808456601906975e-14
139.11009815812417 7.700439477522166e-24 2.8434369449473715e-14 8.00469859807737e-15 2.0429670851396352e-14
143.3467902947586 7.339833764466063e-24 2.792824399409721e-14 7.94454136394449e-15 1.998370263015272e-14
147.71251375620898 6.975947018387682e-24 2.735205087287834e-14 7.869951795857909e-15 1.9482099077020438e-14
152.21119827875228 6.646108225900891e-24 2.6852420970825387e-14 7.778586389136446e-15 1.9073834581688934e-14
156.84689328144228 6.345255694520178e-24 2.641766821513988e-14 7.670913244506324e-15 1.874675497063356e-14
159.21741877681018 6.192919832717391e-24 2.6173118414508368e-14 7.611880219321164e-15 1.8561238195187194e-14
161.62377151112827 6.037072785822714e-24 2.59000785884695e-14 7.549650490254904e-15 1.8350428098214597e-14
166.54613279848823 5.717477204081067e-24 2.527600470886564e-14 7.415940853769133e-15 1.7860063855096507e-14
171.61840792845166 5.404567568032354e-24 2.4620351705825192e-14 7.269433057232684e-15 1.735091864859251e-14
176.84516262850022 5.103542040288619e-24 2.3957103791378735e-14 7.110780252089742e-15 1.6846323539288998e-14
179.5181642894721 4.955117497533082e-24 2.3611946403300212e-14 7.027456831220151e-15 1.6584489572080064e-14
182.2315681744764 4.80165772113621e-24 2.322652531778618e-14 6.941709825417734e-15 1.628481549236844e-14
187.78155384880017 4.486519680713541e-24 2.2363096541821136e-14 6.7636069103657136e-15 1.559948963145542e-14
190.61961427604518 4.33397278012063e-24 2.1929220721265575e-14 6.67145665614382e-15 1.525776406512175e-14
193.5005680909718 4.185556421095564e-24 2.1498337572481884e-14 6.577406190520778e-15 1.4920931381961112e-14
199.3937587803602 3.9047063682108874e-24 2.066661619387273e-14 6.384266905898179e-15 1.428234928797455e-14
205.46643057848152 3.644014377902356e-24 1.9874233648050748e-14 6.184987581584091e-15 1.368924606646666e-14
211.72404970390772 3.411809218155992e-24 1.917451393404828e-14 5.980398023771452e-15 1.3194115910276826e-14
218.17224885259444 3.1892724076371794e-24 1.846973042821892e-14 5.772187740896989e-15 1.269754268732193e-14
224.8168322680627 2.965339060683157e-24 1.769589837615205e-14 5.562103953803368e-15 1.2133794422348675e-14
231.66378096599615 2.748067461732693e-24 1.6898764866693593e-14 5.350314832665893e-15 1.1548450034027697e-14
238.71925811795668 2.536830966266689e-24 1.6074905166857418e-14 5.1367796237996494e-15 1.0938125543057772e-14
245.98961459906556 2.334889221120973e-24 1.5245879588432546e-14 4.923443957647509e-15 1.0322435630785034e-14
249.71106150874405 2.234696479076412e-24 1.4812411159917198e-14 4.817588471772697e-15 9.994822688144503e-15
253.4888082224776 2.1350331748680913e-24 1.4365900371531552e-14 4.7125221092755866e-15 9.653378262255965e-15
261.20898134247824 1.947035112196051e-24 1.349992395412528e-14 4.503986757860182e-15 8.995937196265099e-15
269.1642775569489 1.7812168669333797e-24 1.2726343860009744e-14 4.296724490733713e-15 8.429619369276033e-15
277.3618576987742 1.629125926386274e-24 1.1994187279903782e-14 4.09245871675106e-15 7.901728563152721e-15
285.8091006888481 1.474993679437637e-24 1.119014323981617e-14 3.893363973585143e-15 7.296779266231031e-15
294.5136101780917 1.3300164915509067e-24 1.0397569415735539e-14 3.69900951085091e-15 6.698559904884627e-15
303.4832213917586 1.2040924371125775e-24 9.699826072144849e-15 3.5086792592557845e-15 6.1911468128890644e-15
312.7260081821858 1.0908415699787329e-24 9.05513884996289e-15 3.323351213494737e-15 5.731787636468151e-15
322.25029029634635 9.891838899678227e-25 8.461352439878645e-15 3.1442157155683538e-15 5.317136724310291e-15
332.0646408647343 8.967056247849216e-25 7.903909524015734e-15 2.971184019650753e-15 4.9327255043649796e-15
342.17789411833206 8.107166449348336e-25 7.363604795732254e-15 2.8040149763812393e-15 4.559589819351014e-15
352.59915334060224 7.314709708872195e-25 6.846171805450808e-15 2.6429610514923466e-15 4.203210753958461e-15
363.337799061663 6.598181826530458e-25 6.363620810416991e-15 2.4883614537431093e-15 3.875259356673882e-15
374.40349750202313 5.949229206855718e-25 5.9124847215513456e-15 2.340233331094527e-15 3.5722513904568145e-15
380.062092440151 5.647551083073437e-25 5.697497666360059e-15 2.2686085729857027e-15 3.428889093374354e-15
385.80620927347337 5.360104627103744e-25 5.489236128862642e-15 2.1986079685021385e-15 3.2906281603605046e-15
397.5561983449763 4.825096080076435e-25 5.091830377592091e-15 2.0634233253823026e-15 3.028407052209787e-15
409.6640412816112 4.335487659425247e-25 4.71449557421116e-15 1.934456560071491e-15 2.7800390141396686e-15
415.8555509384264 4.1068006953706065e-25 4.533311508899751e-15 1.872282895353195e-15 2.661028613546557e-15
422.1406367649012 3.8886063418357927e-25 4.3573312223975636e-15 1.8116424447573834e-15 2.54568877764018e-15
434.9972154030873 3.485337964281345e-25 4.024396909474873e-15 1.6950990359829748e-15 2.3292978734918977e-15
448.24534984018095 3.122496648588082e-25 3.715242847754508e-15 1.584710557483558e-15 2.1305322902709488e-15
461.89696517289525 2.796107465339154e-25 3.4282177631784605e-15 1.4800518283797303e-15 1.9481659347987302e-15
475.9643496848308 2.5027547390689126e-25 3.1620020721333443e-15 1.3809032959336851e-15 1.781098776199659e-15
490.4601659075747 2.2375579027883663e-25 2.913046763200676e-15 1.287417817196221e-15 1.6256289460044552e-15
505.39746201868155 1.9973809587122722e-25 2.679559438532044e-15 1.199523903797768e-15 1.4800355347342755e-15
520.7896835867783 1.7818210488407714e-25 2.4631785313666102e-15 1.116852589689725e-15 1.3463259416768843e-15
536.6506856743796 1.5892977991299153e-25 2.263947771567898e-15 1.0391834266841165e-15 1.224764344883781e-15
552.9947453093008 1.4168283374415115e-25 2.0797334263094166e-15 9.662228818563055e-16 1.1135105444531109e-15
569.8365743358964 1.2622662325016294e-25 1.909284812308042e-15 8.97740930336609e-16 1.0115438819714332e-15
587.1913326576936 1.1238752479147693e-25 1.7517300333492718e-15 8.335344864770691e-16 9.181955468722032e-16
605.0746418833327 1.0000685004008173e-25 1.606231482087069e-15 7.734015680404234e-16 8.328299140466451e-16
623.502599388115 8.894013772768669e-26 1.4719921673830726e-15 7.171417661973564e-16 7.548504011857153e-16
642.4917928037942 7.905576694021212e-26 1.3482504491386005e-15 6.64557345758717e-16 6.836931033798833e-16
662.0593149496696 7.023398638126609e-26 1.2342798879783803e-15 6.154557465688664e-16 6.188241414095141e-16
682.2227792184137 6.236615275227672e-26 1.1293917303560956e-15 5.696481571358507e-16 5.597435732202451e-16
703.0003354304876 5.535391686985974e-26 1.0329357828767226e-15 5.269519071823122e-16 5.059838756944103e-16
724.4106861714122 4.9108348491423673e-26 9.442991751983624e-16 4.871910715811502e-16 4.571081036172124e-16
746.4731036265977 4.354904772241652e-26 8.629035586390075e-16 4.501930750861599e-16 4.127104835528475e-16
769.2074469289008 3.860350199545419e-26 7.882057841212531e-16 4.1579178016287707e-16 3.7241400395837597e-16
792.6341800345017 3.4206446045121907e-26 7.196978141664989e-16 3.8382977700976324e-16 3.358680371567358e-16
816.7743901432078 3.029918681337989e-26 6.569049250093009e-16 3.541565314661298e-16 3.0274839354317115e-16
841.6498066797607 2.6828922292498415e-26 5.9938254114502e-16 3.2662714715993224e-16 2.727553939850879e-16
867.2828208532309 2.3748225552659398e-26 5.467154436899137e-16 3.0110325464683433e-16 2.4561218904307924e-16
893.6965058121084 2.101465852605472e-26 4.985191322406164e-16 2.774544293996385e-16 2.2106470284097803e-16
920.9146374132232 1.8590221706464036e-26 4.544366797809341e-16 2.5555714456255003e-16 1.9887953521838406e-16
948.9617156232121 1.6440848692348485e-26 4.1413540200756566e-16 2.3529378553997774e-16 1.7884161646758797e-16
977.8629865717667 1.4536077625908464e-26 3.7730683654561565e-16 2.165531643275687e-16 1.60753672218047e-16
1007.6444652765354 1.2848712876244081e-26 3.4366585201773287e-16 1.9923051973771084e-16 1.4443533228002198e-16
1038.332959060126 1.1354471053866673e-26 3.129485763858053e-16 1.8322702103170428e-16 1.2972155535410108e-16
1069.95609168029 1.003170464206527e-26 2.849115961252313e-16 1.684499120811785e-16 1.164616840440528e-16
1102.542328195006 8.861126611287024e-27 2.5933052943536287e-16 1.5481226748905648e-16 1.0451826194630632e-16
1136.1210005848498 7.825546204449301e-27 2.359981946295946e-16 1.4223228307835885e-16 9.376591155123586e-17
1170.7223341557005 6.909653231181563e-27 2.1472350564739547e-16 1.3063308731963958e-16 8.409041832775588e-17
1206.3774747455793 6.0998380677636534e-27 1.953309033437365e-16 1.1994297334007517e-16 7.538793000366143e-17
1243.1185167600695 5.384011470154912e-27 1.7765929934059727e-16 1.1009516276018075e-16 6.756413658041645e-17
1280.9785320615858 4.751424864127159e-27 1.6156048584787336e-16 1.0102713551609166e-16 6.053335033178172e-17
1319.9915997384837 4.192521589159665e-27 1.4689800851331217e-16 9.268032197932396e-17 5.421768653398827e-17
1360.1928367808064 3.698824964470168e-27 1.335468647305676e-16 8.500024721397592e-17 4.8546617516591723e-17
1401.618429690285 3.262826714380696e-27 1.2139288749393032e-16 7.79364897310647e-17 4.345639776286563e-17
1444.305667053031 2.877863501925488e-27 1.1033130110082984e-16 7.1442043612023e-17 3.8889257488806846e-17
1488.2929731042755 2.5380213326100047e-27 1.0026587136571182e-16 6.547295971474165e-17 3.479291165097019e-17
1533.6199423153234 2.2380628887295457e-27 9.110861949949705e-17 5.998850408035505e-17 3.112011541914202e-17
1580.327375033885 1.9733525445919e-27 8.277919072014932e-17 5.495104286603935e-17 2.7828147854109937e-17
1628.457314209858 1.7397862798211275e-27 7.520413386708194e-17 5.032566813327661e-17 2.4878465733805306e-17
1678.0530832396191 1.5337282951646242e-27 6.831617745074316e-17 4.607988387169749e-17 2.223629357904566e-17
1729.1593249628888 1.351962187519517e-27 6.205388682596221e-17 4.218360910281676e-17 1.9870277723145444e-17
1781.8220418472597 1.1916457896733657e-27 5.6361292368631e-17 3.860912380226875e-17 1.7752168566362256e-17
1836.0886373966016 1.0502655316227244e-27 5.118729605647916e-17 3.5330785287847357e-17 1.5856510768631812e-17
1892.007958820556 9.255984373839535e-28 4.648523221054841e-17 3.2324823736959656e-17 1.4160408473588743e-17
1949.6303410035755 8.156790285824996e-28 4.221249328284116e-17 2.956924494472089e-17 1.264324833812026e-17
2009.0076518130663 7.187730737223852e-28 3.8330353396741027e-17 2.704385601631285e-17 1.1286497380428174e-17
2070.1933387874215 6.333489798030487e-28 3.480353962143087e-17 2.4730033582904337e-17 1.007350603852654e-17
2133.242477245972 5.580519944168797e-28 3.159979901969645e-17 2.261051171163815e-17 8.989287308058311e-18
2198.211819864143 4.916862325615486e-28 2.868976690910605e-17 2.066938536350921e-17 8.020381545596838e-18
2265.1598477584885 4.331966766452565e-28 2.6046741742188663e-17 1.8892023696430194e-17 7.15471804575848e-18
2334.1468231275226 3.816518763122122e-28 2.364639857220321e-17 1.7264947347723815e-17 6.381451224479403e-18
2405.2348434957767 3.3623015809752034e-28 2.1466615846731297e-17 1.5775748778272407e-17 5.690867068458892e-18
2478.487897609897 2.962067852659954e-28 1.9487280588749376e-17 1.4413018211592727e-17 5.074262377156651e-18
2553.971923037092 2.6094183147194327e-28 1.7690058041821144e-17 1.3166244995411462e-17 4.523813046409688e-18
2631.7548655177807 2.2987076238572533e-28 1.6058264379893178e-17 1.2025759677531227e-17 4.032504702361952e-18
2711.906740125872 2.024959917679257e-28 1.457674695401534e-17 1.0982684821736695e-17 3.594062132278638e-18
2794.4996942916955 1.7837865019986675e-28 1.3231722153472976e-17 1.0028857792083746e-17 3.20286436138923e-18
2879.6080727443887 1.571318844799904e-28 1.2010667229729975e-17 9.15678735719998e-18 2.853879872529996e-18
2967.308484432098 1.3841476992891897e-28 1.0902210586844014e-17 8.359601266901759e-18 2.542609319942258e-18
3057.6798714803062 1.219265614707197e-28 9.896001980357166e-18 7.630981438611255e-18 2.26502054174591e-18
