Dust emission spectrum from A.P. Jones, M. Kohler, N. Ysard, M. Bocchio, and L. Verstraete (2017), A&A, 602A, 46J 
inside the DustPedia framework.

lambda    nu*dP/dnu     j_nu    j_nu(carb.) j_nu(sil)
 (um)   (erg s-1 H-1) (Jy cm2 sr-1 H-1)
0.9927057738263894 1.7453253643540366e-23 4.599031467574528e-16 4.599031135834091e-16 3.317404358632374e-23
1.0001793341362166 1.7747065457747484e-23 4.711659104173193e-16 4.711658704849443e-16 3.993237506280244e-23
1.0077091589558085 1.804179067526618e-23 4.825966230422325e-16 4.82596575038228e-16 4.800400439426339e-23
1.0114953028030835 1.8189478212307437e-23 4.883751350700645e-16 4.883750824637532e-16 5.260631121565511e-23
1.0152956718711033 1.833737318811312e-23 4.941958468989977e-16 4.941957892682531e-16 5.763074465329153e-23
1.0229392996569957 1.8633614749214582e-23 5.059602623024409e-16 5.059601932052475e-16 6.909719356573113e-23
1.0267826658714554 1.8781622008587024e-23 5.118951999949408e-16 5.118951243703596e-16 7.56245812186584e-23
1.0306404723013447 1.8929802837392715e-23 5.178723410289509e-16 5.178722582878075e-16 8.274114335955102e-23
1.03451277320114 1.907815094873247e-23 5.238917639561275e-16 5.238916734587446e-16 9.049738314398691e-23
1.0383996230291617 1.9226660183743133e-23 5.299535496215022e-16 5.299534506736163e-16 9.894788586884257e-23
1.0403485208654093 1.9300973333879762e-23 5.330003544087549e-16 5.330002509570196e-16 1.0345173541821474e-22
1.0423010764483396 1.937532451521128e-23 5.360577813123055e-16 5.360576731606781e-16 1.08151627408668e-22
1.0462171883269815 1.952413805117209e-23 5.422045449092301e-16 5.42204426736926e-16 1.181723041886294e-22
1.0471985131304309 1.956136407106746e-23 5.437478917422873e-16 5.437477709292256e-16 1.2081306172292115e-22
1.048180758391296 1.9598598967462403e-23 5.452939037571297e-16 5.452937802468541e-16 1.2351027555014672e-22
1.0501480137395462 1.9673095038492324e-23 5.483939290401305e-16 5.483937999614443e-16 1.290786860614273e-22
1.0521189612883777 1.9747625567397742e-23 5.515046322915739e-16 5.515044974045874e-16 1.348869865610707e-22
1.0531058218030118 1.978485297880732e-23 5.530625784806397e-16 5.530624405962917e-16 1.378843479896682e-22
1.0540936079674168 1.9821923103569832e-23 5.546185611956307e-16 5.546184202495625e-16 1.4094606838714632e-22
1.058054026499678 1.9970278718636746e-23 5.60868957276479e-16 5.608688034201845e-16 1.5385629452023755e-22
1.0590464539527713 2.000738599021261e-23 5.624381800098808e-16 5.624380227534429e-16 1.572564378914176e-22
1.06003981227728 2.0044500446536764e-23 5.64010055237959e-16 5.640098945095524e-16 1.607284066385511e-22
1.0620293250338977 2.011875059353513e-23 5.671617693049186e-16 5.671616014113037e-16 1.6789361473294848e-22
1.0660195594769086 2.0267333620107496e-23 5.734970955468646e-16 5.734969123956333e-16 1.8315123129887043e-22
1.070024785945596 2.0416022848508862e-23 5.798750378645311e-16 5.798748381349385e-16 1.9972959271492443e-22
1.0740450607676866 2.0564813490651732e-23 5.862957018850183e-16 5.862954841480997e-16 2.1773691844691124e-22
1.07808044048254 2.0713700923628385e-23 5.927591971712934e-16 5.927589598815349e-16 2.3728975862650194e-22
1.0861967418109137 2.1011515359437342e-23 6.058084180753556e-16 6.058081365318666e-16 2.8154348909048024e-22
1.0902777775684922 2.1159903791681144e-23 6.123789898287098e-16 6.123786833039222e-16 3.0652478753693767e-22
1.0943741465085532 2.1308362990782085e-23 6.189924391071852e-16 6.189921054935219e-16 3.336136633343769e-22
1.1026131145906286 2.1605479077401608e-23 6.323484924494636e-16 6.323480976508578e-16 3.9479860579932174e-22
1.1109141095355224 2.1902836282046698e-23 6.458776741638918e-16 6.458772075658963e-16 4.665979954624312e-22
1.1192775983109025 2.2200171161879295e-23 6.595740606013304e-16 6.595735098598517e-16 5.50741478703555e-22
1.1277040513999907 2.2496363157822997e-23 6.734058547538906e-16 6.734052055327215e-16 6.492211692549803e-22
1.1361939428280308 2.279269760731176e-23 6.874128265435299e-16 6.874120622152716e-16 7.643282581695483e-22
1.1447477501889525 2.3089160514047778e-23 7.015964367011294e-16 7.0159553800670845e-16 8.986944211549601e-22
1.1533659546722406 2.3385855462973792e-23 7.159617516315652e-16 7.159606962917392e-16 1.055339825838724e-21
1.1707974979042381 2.3980851867443034e-23 7.452737504985409e-16 7.452723006810353e-16 1.4498175057481098e-21
1.1884924949847024 2.457667369692133e-23 7.75334269548845e-16 7.75332287755534e-16 1.9817933110019685e-21
1.2064549276569216 2.5177448308897927e-23 8.062918085613446e-16 8.062891129426248e-16 2.6956187198448503e-21
1.2246888378427687 2.577892762435644e-23 8.380309145552649e-16 8.380272659282409e-16 3.6486270238937465e-21
1.2431983285522175 2.6380524412080835e-23 8.705491085669674e-16 8.705441938941942e-16 4.914672773095406e-21
1.2619875648066055 2.698299815433459e-23 9.038881904422416e-16 9.038816020346384e-16 6.588407603187507e-21
1.3004222497298317 2.818624521326548e-23 9.729511828994594e-16 9.729395093089319e-16 1.1673590527372359e-20
1.3400274889804893 2.939175558704641e-23 1.0454630017458047e-15 1.0454426965872747e-15 2.030515852985984e-20
1.3808389325824078 3.0603691669090996e-23 1.1217246775050664e-15 1.1216899886974864e-15 3.468880758017044e-20
1.4228933163050095 3.183287069161902e-23 1.2023130957977102e-15 1.2022548629589763e-15 5.823283873387976e-20
1.466228494730424 3.310292657801381e-23 1.288360731093073e-15 1.2882646232128468e-15 9.610788022577518e-20
1.5108834753276823 3.44115555963257e-23 1.3800814230491778e-15 1.379925412641032e-15 1.5601040814615584e-19
1.5568984535646726 3.575881373586647e-23 1.4777903401268814e-15 1.4775409907522753e-15 2.493493746065597e-19
1.6043148490894465 3.7155710313114066e-23 1.5822846119295294e-15 1.581891486550382e-15 3.9312537914711606e-19
1.6531753430134553 3.861468399178574e-23 1.6944971289111443e-15 1.6938864532452186e-15 6.106756659254148e-19
1.7035239163302658 4.015117809884967e-23 1.8155823865542806e-15 1.8146475218188017e-15 9.34864735478902e-19
1.755405889504358 4.180260109964921e-23 1.947826589600202e-15 1.946415475553413e-15 1.4111140467888117e-18
1.8088679632656115 4.357620263572887e-23 2.092308319557067e-15 2.090207428387362e-15 2.100891169704852e-18
1.8639582606462262 4.5480517050007665e-23 2.250251238739934e-15 2.2471648920550654e-15 3.0863466848684068e-18
1.9207263702978936 4.753265287362253e-23 2.423410502479973e-15 2.4189349358440358e-15 4.475566635937843e-18
1.979223391128241 4.9754837493671754e-23 2.6139637472855652e-15 2.6075549005016755e-15 6.408846783889723e-18
2.039501978296691 5.2170561115689285e-23 2.8243536238581455e-15 2.815288083024891e-15 9.065540833254116e-18
2.1016163906111602 5.482190354589613e-23 3.0582782149345387e-15 3.045605568413646e-15 1.2672646520893367e-17
2.1656225393682647 5.774092794049518e-23 3.319219359943126e-15 3.3017068447960052e-15 1.7512515147120494e-17
2.231578038680979 6.094419628469629e-23 3.6100553938511805e-15 3.586123843389265e-15 2.3931550461916464e-17
2.299542257339062 6.445892552869901e-23 3.934539319490054e-15 3.902189984655981e-15 3.2349334834071676e-17
2.369576372248914 6.832128810173856e-23 4.297305107196234e-15 4.254036728877712e-15 4.3268378318521694e-17
2.4417434235010123 7.257120618133576e-23 4.70363703415638e-15 4.646355404358193e-15 5.728162979818528e-17
2.5161083711144245 7.726375614704414e-23 5.160295752124251e-15 5.085213435191909e-15 7.508231693234217e-17
2.5927381535095444 8.247300172055517e-23 5.6759674110228066e-15 5.5784972872003586e-15 9.747012382244651e-17
2.6717017477616296 8.827085730591447e-23 6.260006039162565e-15 6.134655489000936e-15 1.25350550161629e-16
2.753070231689431 9.47492238492229e-23 6.924084904610261e-15 6.764347974837591e-15 1.5973692977267082e-16
2.836916847834745 1.0209953270165122e-22 7.688467694988428e-15 7.486711747723977e-15 2.0175594726445046e-16
2.9233170693905177 1.1070364671094255e-22 8.590279266356832e-15 8.337685563534628e-15 2.5259370282220274e-16
2.967498994190263 1.157969212139969e-22 9.121306010001636e-15 8.840119301449717e-15 2.8118670855191574e-16
3.0123486681368425 1.2127520882752008e-22 9.69720780981617e-15 9.384603942771864e-15 3.126038670443001e-16
3.0578761833420214 1.2923525225529357e-22 1.0489875271472216e-14 1.0142699292074644e-14 3.4717597939757413e-16
3.1040917844459814 1.383985380532574e-22 1.1403429710841293e-14 1.1018616406903814e-14 3.8481330393748293e-16
3.127460860933648 1.460127739043745e-22 1.2121382837131964e-14 1.1716411564928759e-14 4.0497127220320565e-16
3.1510058709225794 1.5544037052507235e-22 1.3001170933184984e-14 1.257518343806582e-14 4.259874951191633e-16
3.162844764501044 1.6346739033081295e-22 1.3723928263790377e-14 1.3287063143673913e-14 4.3686512011646454e-16
3.1747281389236908 1.725151859727869e-22 1.4537954492346364e-14 1.408998940269887e-14 4.479650896474886e-16
3.1986289994194426 1.9668383519810548e-22 1.6699442452632244e-14 1.622854139593907e-14 4.709010566931762e-16
3.2227097969389145 2.509744532594196e-22 2.1469411947987438e-14 2.0974202496519396e-14 4.952094514680464e-16
3.2348180950136065 3.0139048609715085e-22 2.587908016037431e-14 2.5370897203039354e-14 5.081829573349488e-16
3.240889293275058 3.388770913253366e-22 2.915250240737332e-14 2.863747623164028e-14 5.150261757330375e-16
3.2469718861334385 3.822476486384341e-22 3.294524821389389e-14 3.242314127741575e-14 5.221069364781367e-16
3.2714166318528037 6.101517241163104e-22 5.298380371587261e-14 5.243243161278723e-14 5.513721030853718e-16
3.2744851364798273 6.245102930100308e-22 5.42815271022124e-14 5.372670495665272e-14 5.548221455596892e-16
3.2775565192852394 6.3925451496623345e-22 5.5615190180938686e-14 5.5056900638297724e-14 5.582895426409621e-16
3.283707930232385 6.257439320687166e-22 5.4541942567553694e-14 5.3977449691692874e-14 5.64492875860838e-16
3.2898708863219004 5.818462771257321e-22 5.0810860157261457e-14 5.024071958940752e-14 5.701405678539364e-16
3.29141343181113 5.714810017894802e-22 4.992909192866561e-14 4.9357533136629314e-14 5.715587920362908e-16
3.292184975758714 5.663859238346764e-22 4.9495545282659046e-14 4.892327643214845e-14 5.722688505105955e-16
3.295272960557952 5.344182390711701e-22 4.674574649058412e-14 4.6170715210787765e-14 5.750312797963484e-16
3.3076538914384823 4.2309018692786545e-22 3.7146888721589406e-14 3.6560761038744303e-14 5.86127682845099e-16
3.310756385682612 4.002755747306116e-22 3.517675291098199e-14 3.458782805296355e-14 5.88924858018435e-16
3.313861789986515 3.7916524336822484e-22 3.335280350930412e-14 3.276107222834894e-14 5.917312809551716e-16
3.3200813396944477 3.4979271092446025e-22 3.082683316959264e-14 3.02290666414589e-14 5.977665281337321e-16
3.345076488085796 2.9930880418866175e-22 2.657632815284899e-14 2.5951669098155058e-14 6.246590546939347e-16
3.3482140837626964 3.0163588691976378e-22 2.6808076989416213e-14 2.6179775054448257e-14 6.283019349679591e-16
3.3513546224236106 3.039837528241807e-22 2.704208604313373e-14 2.641012468873311e-14 6.319613544006166e-16
3.3576445397418455 3.194057500904492e-22 2.8467339484805586e-14 2.7827727581476996e-14 6.396119033285994e-16
3.3702598118196083 3.747165094704876e-22 3.352244158663542e-14 3.2866782128093304e-14 6.556594585421211e-16
3.382922481734668 3.8855527210751107e-22 3.4891069776959064e-14 3.4219805832141306e-14 6.71263944817762e-16
3.389271646505754 3.9568684720034592e-22 3.5598149768945436e-14 3.4918975206633745e-14 6.791745623116921e-16
3.395632727569191 4.0346844076077137e-22 3.63663499599857e-14 3.5679022988279545e-14 6.873269717061715e-16
3.421196662673239 4.408000909459323e-22 4.003032796041027e-14 3.930924665731192e-14 7.210813030983511e-16
3.4276182099114902 4.347711197879868e-22 3.955692849973265e-14 3.882830719707054e-14 7.286213026621177e-16
3.4340518103208963 4.0590109172365976e-22 3.699955456295685e-14 3.6263798259880783e-14 7.357563030760499e-16
3.4469541582030403 3.647778281042029e-22 3.3375929848863893e-14 3.262647176627234e-14 7.494580825915449e-16
3.472904465399547 3.550376489460697e-22 3.2729297121849055e-14 3.194828667549754e-14 7.810104463515125e-16
3.4990501388274233 3.392856881351319e-22 3.1512665473145205e-14 3.0699351342343413e-14 8.133141308017894e-16
3.5253949054701885 2.783055216692334e-22 2.6043480792434322e-14 2.5198758512323372e-14 8.447222801109444e-16
3.5519380250092896 2.2045874232394957e-22 2.078557954656397e-14 1.9909268948475982e-14 8.763105980879819e-16
3.578680990867387 1.9911708625459342e-22 1.8914764914677498e-14 1.8003829787748356e-14 9.109351269291418e-16
3.605625307711299 1.9214862833521538e-22 1.8390236527588845e-14 1.7442823501329495e-14 9.4741302625935e-16
3.660119384959845 1.9060395096170728e-22 1.8518106742044106e-14 1.7494005037114818e-14 1.0241017049292915e-15
3.715437065384467 1.9107643611073378e-22 1.8844580530932742e-14 1.773956033689357e-14 1.1050201940391687e-15
3.8285932144167436 1.9986750915431882e-22 2.031191443818477e-14 1.9032727887422682e-14 1.2791865507620882e-15
3.94519561050918 2.110399043048873e-22 2.2100523221909715e-14 2.0631040343920448e-14 1.4694828779892632e-15
4.06534921144712 2.23340325880078e-22 2.410096520658814e-14 2.242519539029418e-14 1.6757698162939558e-15
4.189162171576248 2.3636643957945673e-22 2.6283452961820204e-14 2.4384950370222338e-14 1.8985025915978665e-15
4.316745939156006 2.4991249172206395e-22 2.863610108441811e-14 2.649916962833455e-14 2.136931456083561e-15
4.448215356677963 2.6383687536893675e-22 3.115234422974374e-14 2.876450446902037e-14 2.3878397607233746e-15
4.58368876423945 2.7807431317849454e-22 3.3833383176084933e-14 3.11817976061169e-14 2.651585569968035e-15
4.723288106065518 2.926006344524678e-22 3.6685051538248726e-14 3.375519326167869e-14 2.929858276570038e-15
4.867139040275056 3.0735746017383525e-22 3.970881663292708e-14 3.649338349037062e-14 3.215433142556459e-15
4.940699165968905 3.149166407666208e-22 4.1300323568022636e-14 3.7938495663809457e-14 3.3618279042131925e-15
5.015371051989984 3.2243255149086407e-22 4.2925106559832216e-14 3.941492017381527e-14 3.5101863860169397e-15
5.091171501069577 3.302562110169149e-22 4.4631157873393676e-14 4.096748247309603e-14 3.663675400297653e-15
5.129500256944802 3.3414341651254247e-22 4.549643815778129e-14 4.175542559024301e-14 3.741012567538276e-15
5.168117569889187 3.3804705561103435e-22 4.6374471740776985e-14 4.255499545176984e-14 3.8194762890071446e-15
5.20702561229733 3.4223115819739714e-22 4.73019118022436e-14 4.3396861535974206e-14 3.905050266269391e-15
5.246226572918644 3.4640576551074007e-22 4.8239365591138844e-14 4.42481192420745e-14 3.991246349064347e-15
5.265937586045735 3.484892363637951e-22 4.871183715580421e-14 4.467726979716887e-14 4.034567358635332e-15
5.285722656980489 3.505700124315769e-22 4.918679998272971e-14 4.510876856422626e-14 4.078031418503444e-15
5.305582063971359 3.5264799262736403e-22 4.9664250465714384e-14 4.5542616188090406e-14 4.1216342776239856e-15
5.3255160863122235 3.5477425665738776e-22 5.0151419817457974e-14 4.5985706827789826e-14 4.165712989668147e-15
5.365609099470188 3.5941547743752137e-22 5.119001278416855e-14 4.693310288835729e-14 4.256909895811267e-15
5.406003951863644 3.6406785830473997e-22 5.224300276387711e-14 4.789425544846158e-14 4.348747315415521e-15
5.446702915881641 3.6873211081972425e-22 5.331066259908994e-14 4.8869471133030983e-14 4.441191466058949e-15
5.487708281020852 3.735062060179019e-22 5.440743753648368e-14 4.987283866347907e-14 4.534598873004608e-15
5.529022354014368 3.791601965431717e-22 5.5646841454727063e-14 5.101485976015744e-14 4.631981694569619e-15
5.570647458961463 3.848968245053237e-22 5.691404277215128e-14 5.218400686946285e-14 4.7300359026884425e-15
5.612585937458331 3.9072324387516417e-22 5.821054758935355e-14 5.338182039116981e-14 4.828727198183744e-15
5.654840148729818 3.967942816839711e-22 5.956006603860995e-14 5.4631561897157566e-14 4.928504141452387e-15
5.67608639626678 4.0052139227164427e-22 6.03453968223772e-14 5.536468396071029e-14 4.980712861666922e-15
5.686739436050992 4.0240892910809323e-22 6.074357822576068e-14 5.5736690893619886e-14 5.006887332140815e-15
5.6974124697621304 4.043130029008106e-22 6.114554263623932e-14 5.611243480848456e-14 5.033107827754761e-15
5.718818669136295 4.081724760748318e-22 6.196115080187752e-14 5.687546606942722e-14 5.085684732450304e-15
5.740305295436557 4.1228715159073845e-22 6.282091020947087e-14 5.768207872888722e-14 5.138831480583653e-15
5.7835210386641895 4.2227716187451406e-22 6.482751088986862e-14 5.957880538669766e-14 5.248705503170959e-15
5.827062130521658 4.332156450258924e-22 6.700746898446906e-14 6.164712031991283e-14 5.360348664556232e-15
5.8489554468988025 4.405163017753893e-22 6.839269712704816e-14 6.297203685740578e-14 5.420660269642386e-15
5.870931020387893 4.481570744242849e-22 6.98403918194604e-14 6.435913289198436e-14 5.481258927476024e-15
5.892989160043636 4.5616494801522115e-22 7.13554231711262e-14 6.581328248263876e-14 5.542140688487468e-15
5.915130176081913 4.650759575894311e-22 7.302265659560726e-14 6.741739798353187e-14 5.605258612075383e-15
5.95966208400165 4.892596242661392e-22 7.739812613374133e-14 7.164885568876719e-14 5.749270444974116e-15
6.004529249263818 5.228812280383513e-22 8.333960702012547e-14 7.742816898700258e-14 5.911438033122901e-15
6.027089341400364 5.458205058106807e-22 8.732265058949492e-14 8.131741658353482e-14 6.0052340059600595e-15
6.049734195844842 5.724467971788817e-22 9.192652782230557e-14 8.582191666642761e-14 6.1046111558779906e-15
6.095279466722835 6.482826917908257e-22 1.0488840527841966e-13 9.853918982797978e-14 6.349215450439907e-15
6.141167624020661 7.626482371289269e-22 1.2432104598473913e-13 1.1765394951917382e-13 6.667096465565326e-15
6.164241091010745 8.353493907882186e-22 1.366838519770473e-13 1.2981704192977733e-13 6.866810047269999e-15
6.187401249150058 9.167362901486834e-22 1.5056434441617478e-13 1.434924689231158e-13 7.071875493058991e-15
6.1990139391386085 9.563198926066638e-22 1.5736032203168661e-13 1.5018410477567455e-13 7.176217256012068e-15
6.204828454712694 9.770485875594804e-22 1.6092198214734596e-13 1.5369306402349652e-13 7.228918123849488e-15
6.210648424152782 9.921422885951163e-22 1.635612192864824e-13 1.562874455193589e-13 7.273773767123524e-15
6.233982942956859 1.0428823549395554e-21 1.7257201185812195e-13 1.651420419300072e-13 7.429969928114763e-15
6.239830258556775 1.0490896560926168e-21 1.7376200284689624e-13 1.663105023124958e-13 7.451500534400468e-15
6.245683058788269 1.0492874271145458e-21 1.739577749161902e-13 1.664847098160507e-13 7.473065100139517e-15
6.257405133728602 1.047096335754749e-21 1.7392032848784973e-13 1.6640960213533239e-13 7.510726352517334e-15
6.269149208991335 1.0361433677937304e-21 1.724240694866422e-13 1.6489990958264582e-13 7.524159903996345e-15
6.280915325867298 1.0099118136595992e-21 1.6837430813309639e-13 1.608666715303468e-13 7.507636602749553e-15
6.304513850009849 9.457459423968175e-22 1.5826887774552302e-13 1.5082139014649758e-13 7.447487599025397e-15
6.32820103803542 8.673857002892944e-22 1.4570080752221702e-13 1.3834230498896102e-13 7.358502533255976e-15
6.3519772230701035 7.959717975294826e-22 1.3420727102244473e-13 1.2692857694116092e-13 7.278694081283813e-15
6.375842739491607 7.356445174493946e-22 1.2450162856094378e-13 1.172933329955565e-13 7.2082955653873e-15
6.399797922933955 6.881985189160676e-22 1.1690939896643625e-13 1.0973729839922317e-13 7.172100567213103e-15
6.42384311029221 6.485818096507315e-22 1.10593377822475e-13 1.0345065820781983e-13 7.142719614655177e-15
6.447978639727206 6.20182759796502e-22 1.061482191636992e-13 9.900820472745175e-14 7.140014436247456e-15
6.472204850670314 5.964969683911761e-22 1.0247783186747124e-13 9.533522962506437e-14 7.142602242406846e-15
6.496522083828205 5.814748051240191e-22 1.0027236401461564e-13 9.310555662469198e-14 7.166807389923649e-15
6.520930681187647 5.688658210047394e-22 9.846658081697576e-14 9.127229400462554e-14 7.194286812350235e-15
6.57002334288761 5.565325377771023e-22 9.705700957996002e-14 8.977782857120931e-14 7.279181008750716e-15
6.619489833774732 5.559962787962807e-22 9.769353788627462e-14 9.030511497012433e-14 7.388422916150288e-15
6.6693287637831435 5.615397209802873e-22 9.941045037568045e-14 9.190266821177028e-14 7.507782163910175e-15
6.719538636694507 5.6801528624580045e-22 1.0131387164173777e-13 9.369128147571865e-14 7.622590166019093e-15
6.770126513364129 5.834541988093522e-22 1.0485109903675591e-13 9.710304586185438e-14 7.748053174901479e-15
6.8210952395837445 6.064758462639529e-22 1.0980877726191693e-13 1.0191922275156275e-13 7.889554510354203e-15
6.872447682569556 6.351506000414051e-22 1.1586641991261388e-13 1.0781981468016679e-13 8.046605232447103e-15
6.924186731123532 6.70862805998121e-22 1.2330251040889143e-13 1.150840429476614e-13 8.218467461229994e-15
6.976315295795916 6.9987276654903285e-22 1.2960287271606789e-13 1.2121000637958097e-13 8.392866336486933e-15
7.028836309048954 7.053861554890863e-22 1.316072438143544e-13 1.230511884468994e-13 8.556055367455014e-15
7.081752725421856 6.951784240545913e-22 1.3067920268918444e-13 1.219650160600449e-13 8.714186629139528e-15
7.135067521697011 6.891007163818873e-22 1.3051193293829499e-13 1.2162173109984072e-13 8.89020183845425e-15
7.1887836970674375 6.979414885558867e-22 1.3318148859148498e-13 1.2408428183310095e-13 9.097206758384058e-15
7.242904273305506 7.241229463737402e-22 1.392177107940945e-13 1.298738832836878e-13 9.343827510406711e-15
7.297432294932914 7.642207681629865e-22 1.4803293270470886e-13 1.3838507239486786e-13 9.647860309840985e-15
7.352370829391971 8.09908056308125e-22 1.5806384978610637e-13 1.4800902797559438e-13 1.0054821810512013e-14
7.379995003818881 8.381729779307691e-22 1.6419470821513208e-13 1.5389881552140962e-13 1.029589269372247e-14
7.407722967218148 8.690215819150032e-22 1.7087743941298925e-13 1.6032958057823053e-13 1.05478588347587e-14
7.463496598684601 9.464182454319585e-22 1.8749723882867893e-13 1.7638030037470847e-13 1.1116938453970485e-14
7.519690156487492 1.0453782050519759e-21 2.0866173805080877e-13 1.968758668518551e-13 1.178587119895367e-14
7.533803324048627 1.0740534635076546e-21 2.147878008335803e-13 2.028121676451119e-13 1.197563318846845e-14
7.547942979602549 1.1038362054172183e-21 2.2115801249838853e-13 2.0898952121183019e-13 1.2168491286558338e-14
7.57630195363571 1.1661462830030895e-21 2.345199217168353e-13 2.219538290250521e-13 1.256609269178324e-14
7.590521371821866 1.1975362704679151e-21 2.4128466252134965e-13 2.2851009972233263e-13 1.2774562799017006e-14
7.604767477414989 1.2300647603373469e-21 2.483037905437086e-13 2.353172735160133e-13 1.2986517027695326e-14
7.633339951266878 1.294862409061844e-21 2.623660641391008e-13 2.4895521943884086e-13 1.341084470026e-14
7.662019777021956 1.3442394146293098e-21 2.7339421893872524e-13 2.596012117504981e-13 1.379300718822712e-14
7.690807358020558 1.37674746167676e-21 2.810578052799623e-13 2.6694359489543954e-13 1.4114210384522756e-14
7.719703099118437 1.391524647404744e-21 2.851418308858804e-13 2.707722053294971e-13 1.4369625556383326e-14
7.748707406692464 1.3854528499198953e-21 2.849642934530373e-13 2.70351528033738e-13 1.4612765419299306e-14
7.777823177463063 1.3648945398148755e-21 2.817906605129663e-13 2.6667261149204893e-13 1.511804902091732e-14
7.807048350752435 1.3349822516191048e-21 2.766507130795123e-13 2.6095189711771475e-13 1.5698815961797603e-14
7.836380830085272 1.29442573018757e-21 2.692539627300351e-13 2.529819608930949e-13 1.6272001836940165e-14
7.851088371676256 1.266559869739711e-21 2.6395203969574676e-13 2.4743155566877175e-13 1.6520484026974988e-14
7.86582351679805 1.2371130536468987e-21 2.5829917589843977e-13 2.415469802074976e-13 1.675219569094218e-14
7.89537682495964 1.1723823046852555e-21 2.4570361735289575e-13 2.2855364947626397e-13 1.7149967876631868e-14
7.9250411701946435 1.1033916071509628e-21 2.3211362614189974e-13 2.1454299223040398e-13 1.7570633911495805e-14
7.939915112024199 1.0673265483595756e-21 2.249482424950862e-13 2.071543232818539e-13 1.7793919213232208e-14
7.954816969689239 1.033249467736837e-21 2.18174914684943e-13 2.0014591836904016e-13 1.8028996315902906e-14
7.9847046421970465 9.70750880242334e-22 2.0574821783419862e-13 1.8720698330565531e-13 1.8541234528543248e-14
8.044817289139356 8.680029256223982e-22 1.8535606755146917e-13 1.6558169772606867e-13 1.9774369825400478e-14
8.07504310897143 8.314023211498827e-22 1.7820731022393522e-13 1.5768863947182488e-13 2.0518670752110306e-14
8.105382492623747 7.994925673815271e-22 1.720114582522075e-13 1.5069973710830618e-13 2.131172114390129e-14
8.135835866775926 7.748849323015093e-22 1.673434921366527e-13 1.45245706160283e-13 2.2097785976369668e-14
8.166403659710703 7.57368369936086e-22 1.641751567895216e-13 1.4122597048364507e-13 2.2949186305876563e-14
8.197086301319933 7.453676127672154e-22 1.6218080758934439e-13 1.383402865375659e-13 2.384052105177842e-14
8.227884223110665 7.354487912207016e-22 1.606238545177404e-13 1.358402747303121e-13 2.478357978742833e-14
8.258797858211198 7.325553911282757e-22 1.605930470441213e-13 1.345636141832225e-13 2.602943286089874e-14
8.289827641377162 7.405022801042305e-22 1.6294511088590144e-13 1.3443416273262957e-13 2.8510948153271896e-14
8.320974008997652 7.549543676087303e-22 1.6674940790207942e-13 1.352576038666914e-13 3.149180403538803e-14
8.35223739910135 7.723120553821282e-22 1.7122417289613787e-13 1.3647780373960785e-13 3.4746369156530035e-14
8.383618251362687 7.97903844730964e-22 1.7756259574789383e-13 1.3953963686167117e-13 3.8022958886222644e-14
8.415117007108037 8.298357779987064e-22 1.8536244414141822e-13 1.4378359446302923e-13 4.1578849678389e-14
8.446734109321913 8.676571168891086e-22 1.94538870447622e-13 1.4932925832168529e-13 4.520961212593674e-14
8.478470002653195 9.118066606774073e-22 2.0520582349042283e-13 1.562830622372431e-13 4.892276125317978e-14
8.542299949622933 1.0052015616123744e-21 2.279278556115881e-13 1.7124078484795145e-13 5.668707076363654e-14
8.558332380220154 1.0258751562895561e-21 2.3305213980417493e-13 1.7438189868294332e-13 5.867024112123162e-14
8.574394900937412 1.0413197970858576e-21 2.370047442249218e-13 1.763649112523331e-13 6.063983297258863e-14
8.606610438733982 1.0547013968509794e-21 2.409523133000046e-13 1.7644863578920838e-13 6.450367751079619e-14
8.622764948673899 1.0545833775916842e-21 2.413775652984313e-13 1.7494101012816253e-13 6.64365551702688e-14
8.638949780445296 1.046334790712423e-21 2.3993911260912193e-13 1.716253746995832e-13 6.831373790953879e-14
8.655163606183647 1.0380585619743578e-21 2.384880208902944e-13 1.6825211618132435e-13 7.023590470897008e-14
8.671407862489573 1.0271212564729905e-21 2.3641812248309745e-13 1.6425704970505252e-13 7.2161072778045e-14
8.703987895363145 9.990036990297717e-22 2.3081009924253173e-13 1.5480162596016334e-13 7.600847328236833e-14
8.736690337257128 9.762590874205175e-22 2.2640262890848625e-13 1.4636099301643391e-13 8.004163589205233e-14
8.802464289484785 9.449288203907029e-22 2.207866449918211e-13 1.322293048296791e-13 8.855734016214199e-14
8.868733419248175 9.41601405689737e-22 2.2166551391939004e-13 1.2301732620082683e-13 9.864818771856318e-14
8.935501454478851 9.664918158230908e-22 2.2923796459786324e-13 1.1706103495289552e-13 1.1217692964496777e-13
9.002772151174003 1.0031540926387722e-21 2.397250076734539e-13 1.132129313088182e-13 1.2651207636463568e-13
9.07054929360775 1.0463029298257894e-21 2.5191873236381064e-13 1.1069100811557974e-13 1.412277242482309e-13
9.13883669454403 1.0938326743413972e-21 2.653452038437248e-13 1.0898195757250333e-13 1.5636324627122145e-13
9.207638195451068 1.1427624318075784e-21 2.7930173494004637e-13 1.0795836543945536e-13 1.71343369500591e-13
9.276957666717493 1.1967187651483653e-21 2.9469116040152164e-13 1.070921815582414e-13 1.8759897884328024e-13
9.346799007870057 1.2491170873585648e-21 3.099099258977292e-13 1.0667676538458976e-13 2.0323316051313952e-13
9.417166147792997 1.3037921059338768e-21 3.259102452079737e-13 1.0633503453446849e-13 2.1957521067350518e-13
9.488063044949055 1.3398107519436244e-21 3.3743525350878627e-13 1.0626063652765599e-13 2.311746169811302e-13
9.559493687602165 1.3780210057625693e-21 3.496714396280521e-13 1.062223759071057e-13 2.4344906372094635e-13
9.631462094041797 1.413961887764329e-21 3.6149255416378594e-13 1.0636629645222571e-13 2.551262577115602e-13
9.703972312809022 1.4494432076603044e-21 3.7335346409685703e-13 1.0652810674359433e-13 2.6682535735326267e-13
9.777099908821425 1.4636113159972577e-21 3.7984397731877527e-13 1.0683419871764053e-13 2.7300977860113477e-13
9.924867353363874 1.4806974957344402e-21 3.9008610962530527e-13 1.0759943183967448e-13 2.824866777856307e-13
10.074868099996943 1.4637444254095457e-21 3.9144797992486116e-13 1.0866557487625987e-13 2.8278240504860125e-13
10.150790707826552 1.4452865470077113e-21 3.8942449617878544e-13 1.092884334083175e-13 2.80136062770468e-13
10.22721067892732 1.4266506244875386e-21 3.8729711893327355e-13 1.101002498168324e-13 2.771968691164412e-13
10.304205975847633 1.4079391873521974e-21 3.850949835874241e-13 1.1094451029165028e-13 2.741504732957738e-13
10.381780929913377 1.3817524425555441e-21 3.807777246850103e-13 1.1206953023522098e-13 2.687081944497894e-13
10.459939905058707 1.3561163995949429e-21 3.7652653734399096e-13 1.132713997965354e-13 2.6325513754745545e-13
10.538687298071551 1.3286229085527713e-21 3.7167015421796793e-13 1.1495138610095284e-13 2.5671876811701507e-13
10.618027538840941 1.3016525895677357e-21 3.668667624602061e-13 1.167947680868476e-13 2.500719943733585e-13
10.697971937068667 1.2697616498440562e-21 3.605729088263605e-13 1.193789402932149e-13 2.411939685331455e-13
10.778518246224262 1.2411885149119701e-21 3.5511273122809743e-13 1.2288202931592997e-13 2.322307019121675e-13
10.859664048220797 1.2183512685762438e-21 3.5120310197188996e-13 1.2794449631819966e-13 2.2325860565369035e-13
10.941420754335242 1.2044032083283469e-21 3.497961748578263e-13 1.3546745573331877e-13 2.1432871912450754e-13
10.961955922839442 1.2033640726361605e-21 3.501503184639469e-13 1.3807313006392188e-13 2.1207718840002505e-13
10.982529632329763 1.2034347213785424e-21 3.5082808618891624e-13 1.4098232399393893e-13 2.0984576219497736e-13
11.023792963743814 1.2079051389006435e-21 3.5345433312029293e-13 1.480282727876397e-13 2.0542606033265327e-13
11.065211328886559 1.2196488309023504e-21 3.582316468497678e-13 1.5721774165622192e-13 2.010139051935458e-13
11.08597883104876 1.2298267716044216e-21 3.618990314472576e-13 1.6309057294624097e-13 1.988084585010167e-13
11.106785310247485 1.2422557926043739e-21 3.6624258510241254e-13 1.6964016867221535e-13 1.9660241643019711e-13
11.14851549250461 1.275153580225672e-21 3.773540099238981e-13 1.8516354045530091e-13 1.9219046946859718e-13
11.169441129330048 1.2935369933694417e-21 3.835126821435544e-13 1.9349143400112937e-13 1.9002124814242527e-13
11.190406043337886 1.3087874519465328e-21 3.887625308706008e-13 2.0091951155989248e-13 1.8784301931070836e-13
11.21140851448765 1.3231812039978669e-21 3.9377571930423067e-13 2.081358443016742e-13 1.8563987500255652e-13
11.22192452720434 1.3309969189401011e-21 3.9647319147316285e-13 2.119251690168898e-13 1.84548022456273e-13
11.232450403670388 1.3319543409821119e-21 3.9713053450776405e-13 2.1358480744118068e-13 1.8354572706658332e-13
11.253533585369773 1.3279861563497202e-21 3.9669058414924213e-13 2.1509145935108985e-13 1.8159912479815228e-13
11.274656339961506 1.3206688463771919e-21 3.952452682920949e-13 2.1556291426161787e-13 1.79682354030477e-13
11.285231677511122 1.3170703362088814e-21 3.945380381821328e-13 2.1579885949180367e-13 1.7873917869032904e-13
11.295816934455262 1.3080267038653988e-21 3.9219647754047297e-13 2.1440747081190363e-13 1.777890067285693e-13
11.317017243752359 1.287183711184917e-21 3.8667130663046795e-13 2.1077798964374285e-13 1.7589331698672505e-13
11.338257342390673 1.2664716643853783e-21 3.8116342472410075e-13 2.071521487620744e-13 1.7401127596202639e-13
11.359537305047965 1.2448484883790032e-21 3.7535877357288446e-13 2.0325217099788243e-13 1.7210660257500198e-13
11.402217121831576 1.1984906982279563e-21 3.6273829504504177e-13 1.945365198890521e-13 1.682017751559897e-13
11.423617126015266 1.174780862212604e-21 3.5622954398249463e-13 1.9000911767907622e-13 1.6622042630341848e-13
11.445057294333186 1.150693565775968e-21 3.495804111835276e-13 1.85404477772594e-13 1.6417593341093366e-13
11.488058425037956 1.10187979996237e-21 3.360085203396136e-13 1.7610364499187692e-13 1.5990487534773662e-13
11.53122111869469 1.0571931143024851e-21 3.235929557715429e-13 1.6785162291309318e-13 1.5574133285844976e-13
11.574545982324347 1.0161802031248876e-21 3.122080721170918e-13 1.6052534316168348e-13 1.5168272895540825e-13
11.618033625228566 9.78395714988896e-22 3.0172868785282996e-13 1.5409334598810965e-13 1.4763534186472036e-13
11.661684658998247 9.436785674351425e-22 2.9211564558636406e-13 1.4881600523270864e-13 1.432996403536554e-13
11.705499697522141 9.130989522197243e-22 2.837116931420061e-13 1.4481777092639858e-13 1.3889392221560754e-13
11.749479356995494 8.8531343233902e-22 2.761118902844461e-13 1.417455310115438e-13 1.3436635927290227e-13
11.793624255928705 8.593635247518191e-22 2.6902561721256095e-13 1.3913900593369907e-13 1.2988661127886188e-13
11.83793501515603 8.361732759826746e-22 2.627493607173584e-13 1.3757674977764056e-13 1.2517261093971783e-13
11.882412257844306 8.141812151770432e-22 2.5680006374926347e-13 1.3626547849030596e-13 1.2053458525895748e-13
11.92705660950172 7.940526890272965e-22 2.513923364947559e-13 1.3568941596843307e-13 1.1570292052632285e-13
11.971868697986617 7.748916075627314e-22 2.4624778653109854e-13 1.353097910348756e-13 1.1093799549622292e-13
12.016849153516302 7.572891370428911e-22 2.415581916363207e-13 1.3567824541742815e-13 1.0587994621889254e-13
12.061998608675935 7.406028786286222e-22 2.371232303955902e-13 1.3619225835764516e-13 1.0093097203794496e-13
12.152807060118223 7.108121277906007e-22 2.2929831596649203e-13 1.3862001745281553e-13 9.067829851367644e-14
12.198467333490619 6.976102799737158e-22 2.2588509359839879e-13 1.405749100231656e-13 8.53101835752332e-14
12.244299160690385 6.856062060458961e-22 2.2283228063365694e-13 1.4274512669313454e-13 8.008715394052242e-14
12.290303186275983 6.746295968735474e-22 2.2008853515984517e-13 1.4556573774690533e-13 7.452279741293983e-14
12.3364800572276 6.67636050333032e-22 2.1862532761796032e-13 1.486231087607835e-13 7.000221885717684e-14
12.382830422956244 6.707421396052463e-22 2.2046768936488682e-13 1.5212972497305713e-13 6.833796439182971e-14
12.429354935312874 6.744247355601219e-22 2.2251101426914842e-13 1.5579395059682398e-13 6.671706367232446e-14
12.476058240797144 6.777683698058257e-22 2.2445440022510135e-13 1.5931620634470928e-13 6.513819388039199e-14
12.522937033967983 6.823872341490341e-22 2.2683314988665198e-13 1.6287930113016591e-13 6.395384875648611e-14
12.569987951963114 6.890186775435883e-22 2.298980508315094e-13 1.6566550120259232e-13 6.423254962891712e-14
12.593579661530361 6.909703892490333e-22 2.3098196056499106e-13 1.666161973833677e-13 6.436576318162333e-14
12.617215648686605 6.920659162685428e-22 2.3178238109984694e-13 1.6728736602009835e-13 6.449501507974853e-14
12.664620788327802 6.908366962519362e-22 2.322399995980097e-13 1.6750192949654343e-13 6.473807010146632e-14
12.71220403757155 6.8604739748797055e-22 2.3149648925708305e-13 1.66531601402087e-13 6.496488785499613e-14
12.736062662318053 6.821814818910007e-22 2.3062402440090433e-13 1.6555273391590837e-13 6.507129048499597e-14
12.759966065607527 6.774903076720306e-22 2.2946795165582965e-13 1.6429423566604205e-13 6.517371598978755e-14
12.807907544139693 6.654152682948808e-22 2.2622488635081877e-13 1.608608846232733e-13 6.536400172754549e-14
12.856029147395699 6.522990131414053e-22 2.2259889438428044e-13 1.570537818888527e-13 6.554511249542779e-14
12.904331552136407 6.3861053601357245e-22 2.1874645588462682e-13 1.530223942073119e-13 6.572406167731498e-14
12.95281543766539 6.248074894717197e-22 2.1482253500737994e-13 1.4892785848988376e-13 6.589467651749616e-14
13.00148148583848 6.121569649067628e-22 2.1126379166379455e-13 1.451986340838859e-13 6.606515757990857e-14
13.050330381073369 6.005464560297113e-22 2.0803554639267943e-13 1.4180003461824952e-13 6.623551177442994e-14
13.099362810359226 5.8995531962037555e-22 2.051345086249067e-13 1.3872929274725e-13 6.640521587765668e-14
13.197981031955921 5.719314829777224e-22 2.003645736536776e-13 1.3362515584631174e-13 6.673941780736588e-14
13.247568211189632 5.644141284346199e-22 1.984739321104704e-13 1.315702324801751e-13 6.69036996302953e-14
13.297341698339563 5.575213910803002e-22 1.9678672451933328e-13 1.2971993579600392e-13 6.70667887233294e-14
13.397450398986955 5.458886129313027e-22 1.9413132826809456e-13 1.267496475082273e-13 6.738168075986725e-14
13.447787020368724 5.409413719087737e-22 1.9309474443641887e-13 1.2556303751734998e-13 6.753170691906891e-14
13.498312765455129 5.363041719563967e-22 1.921587191634496e-13 1.2448002439541304e-13 6.767869476803656e-14
13.59993447169816 5.281379612968527e-22 1.9065738564152804e-13 1.2271024284362896e-13 6.794714279789909e-14
13.702321234386334 5.2190001452923565e-22 1.8982389777976199e-13 1.2134100044853466e-13 6.848289733122729e-14
13.805478813227746 5.235452855538372e-22 1.9185590034055545e-13 1.2028355950586148e-13 7.157234083469401e-14
13.90941301129231 5.2627216528941485e-22 1.9430708498323129e-13 1.193525095235413e-13 7.495457545969004e-14
13.96167316792965 5.301572916601072e-22 1.9647696427020571e-13 1.190238800960129e-13 7.745308417419276e-14
14.014129675338197 5.343259478099357e-22 1.9876587717877653e-13 1.1874382852652207e-13 8.002204865225445e-14
14.119634696140762 5.436889899713202e-22 2.0377149521544368e-13 1.1850206511283697e-13 8.526943010260671e-14
14.225934008823913 5.533315056859089e-22 2.089467505961583e-13 1.1831415150428295e-13 9.063259909187534e-14
14.333033593193976 5.6357672075620495e-22 2.144176824188715e-13 1.181240503634053e-13 9.629363205546617e-14
14.44093947407611 5.733650589536098e-22 2.197840157011782e-13 1.178987638088937e-13 1.0188525189228453e-13
14.54965772165321 5.83825820532857e-22 2.25478692695601e-13 1.176772811875064e-13 1.0780141150809463e-13
14.659194451807393 5.949893201797682e-22 2.3152010415931117e-13 1.1745915215536545e-13 1.1406095200394574e-13
14.769555826464039 6.067310686356866e-22 2.3786640123331364e-13 1.1723797982642611e-13 1.2062842140688753e-13
14.992777389284976 6.293241793702794e-22 2.5045283030961916e-13 1.1670015111761712e-13 1.3375267919200204e-13
15.21937263962189 6.545590337909674e-22 2.6443260587010065e-13 1.1617878027179069e-13 1.4825382559830996e-13
15.449392566130673 6.814777112914505e-22 2.7946826444796483e-13 1.155474871554271e-13 1.6392077729253765e-13
15.682888928090767 7.336038191307425e-22 3.05391597159545e-13 1.1494916206759644e-13 1.9044243509194863e-13
15.919914267052077 7.915503984304534e-22 3.3449430615947717e-13 1.1427136176202681e-13 2.202229443974503e-13
16.03976693895051 8.196564407876279e-22 3.489790391284072e-13 1.1395414433582457e-13 2.350248947925827e-13
16.1605219186579 8.496192459029941e-22 3.6445940120298375e-13 1.1381725922331517e-13 2.5064214197966855e-13
16.22123989475974 8.628595769741803e-22 3.715297573209335e-13 1.1376685604945723e-13 2.577629012714764e-13
16.282185999175777 8.764657771343697e-22 3.788062254422778e-13 1.137151399019706e-13 2.6509108554030725e-13
16.312744867225646 8.834090769238162e-22 3.825236879089606e-13 1.1368879109584124e-13 2.688348968131193e-13
16.343361089024967 8.904474749111913e-22 3.8629502573227046e-13 1.1366211600828851e-13 2.72632909723982e-13
16.404766024646595 9.04814560015572e-22 3.940025695398483e-13 1.1360778966362853e-13 2.8039477987621983e-13
16.466401669612416 9.195771907160778e-22 4.0193546543690306e-13 1.1355216626889809e-13 2.88383299168005e-13
16.497306278852424 9.271100853771031e-22 4.059885410370927e-13 1.1352386988568212e-13 2.924646711514106e-13
16.528268890738765 9.34745801264229e-22 4.1010052538158774e-13 1.1349525130115021e-13 2.9660527408043757e-13
16.590368558098763 9.503311096289153e-22 4.185047711211214e-13 1.1343705032589876e-13 3.0506772079522267e-13
16.65270154503456 9.657199351395109e-22 4.268795284401859e-13 1.1337589744740796e-13 3.135036309927779e-13
16.715268728169598 9.787859491709476e-22 4.342806931943152e-13 1.1330637818663015e-13 3.209743150076851e-13
16.778070987420957 9.921416058491935e-22 4.418604422763233e-13 1.1323568072519237e-13 3.2862476155113103e-13
16.9043842704834 1.019746037147825e-21 4.575734485459384e-13 1.1309076918039739e-13 3.4448267936554094e-13
17.03164849990255 1.0485829161146825e-21 4.740551798489758e-13 1.1294119980732693e-13 3.6111398004164886e-13
17.159870834853997 1.0780598331429308e-21 4.910506754549815e-13 1.1278521002121114e-13 3.7826546543377044e-13
17.289058488411015 1.102408044150901e-21 5.059215165958187e-13 1.1260762015594554e-13 3.933138964398731e-13
17.35401657858945 1.114897001096918e-21 5.135753707384883e-13 1.1251728875980691e-13 4.0105808197868136e-13
17.386587088641786 1.1212216262526006e-21 5.174581591637068e-13 1.1247174036878187e-13 4.0498641879492486e-13
17.419218727950305 1.1276002376859578e-21 5.213786753035908e-13 1.1242593741120762e-13 4.0895273789238295e-13
17.48466585346766 1.140521105333946e-21 5.293343729722256e-13 1.1233356953982864e-13 4.170008034323971e-13
17.550358875560836 1.1536630104696712e-21 5.374454651432568e-13 1.1224018869604532e-13 4.252052764472115e-13
17.682486308455736 1.1776153873501306e-21 5.527340704840452e-13 1.120484942993155e-13 4.4068557618472987e-13
17.81560845938729 1.1730065850371247e-21 5.547158084326822e-13 1.1183473398893325e-13 4.4288107444374905e-13
17.882544892141226 1.1706932270354593e-21 5.55701875833034e-13 1.1172657241764614e-13 4.439753034153877e-13
17.949732817065083 1.1681444467282706e-21 5.565753527460307e-13 1.1161755812317645e-13 4.4495779462285426e-13
18.084866926577256 1.1610669473199074e-21 5.57367976104174e-13 1.1139697716550931e-13 4.459709989386646e-13
18.221018389814958 1.1538801976711396e-21 5.580881482090419e-13 1.1117452990600549e-13 4.469136183030364e-13
18.496404071615608 1.137092653059618e-21 5.582806699198732e-13 1.1075291803178565e-13 4.475277518880876e-13
18.635790038622734 1.1288358864588511e-21 5.584033940566999e-13 1.1058395808059437e-13 4.4781943597610555e-13
18.776226396166493 1.1205256310141793e-21 5.584696048826063e-13 1.1040933380252821e-13 4.480602710800781e-13
18.91772105982334 1.1114559303513459e-21 5.581237428829009e-13 1.1022147239602017e-13 4.479022704868807e-13
19.203636446149176 1.093483188769065e-21 5.573975033795079e-13 1.0983268929162108e-13 4.475648140878868e-13
19.4938730510763 1.0748459378932275e-21 5.561779743769373e-13 1.0941176688280891e-13 4.467662074941283e-13
19.78849618389234 1.0557527667384843e-21 5.545547796184524e-13 1.0896235245432416e-13 4.4559242716412835e-13
20.08757214094514 1.036158182025112e-21 5.524881191428769e-13 1.0848219231071648e-13 4.440059268321604e-13
20.391466406516905 1.0162306642279947e-21 5.500601547154329e-13 1.0797455877262504e-13 4.4208559594280806e-13
20.699681925472166 9.955293234718512e-22 5.469997928754133e-13 1.0744672926790178e-13 4.395530636075114e-13
21.012556099387844 9.726574041569028e-22 5.425105848936643e-13 1.0690027319510425e-13 4.3561031169856e-13
21.652507708764745 9.260873179347422e-22 5.322670375609712e-13 1.0590098651711999e-13 4.263660510438512e-13
21.979755641372343 9.033462339724053e-22 5.270435845689463e-13 1.0538752312004421e-13 4.2165606144890193e-13
22.311949477282987 8.809087510463036e-22 5.217204680673005e-13 1.0485096600231903e-13 4.1686950206498146e-13
22.64916396703608 8.587550635329007e-22 5.162866789973057e-13 1.0428952492961462e-13 4.119971540676911e-13
22.991811201917592 8.369057222464856e-22 5.107626774941828e-13 1.0370579207156807e-13 4.070568854226148e-13
23.339642165776596 8.153615915938606e-22 5.051424614241962e-13 1.0309807945536153e-13 4.020443819688346e-13
23.69273528050995 7.941617245445248e-22 4.99451805102911e-13 1.0246976196668268e-13 3.9698204313622826e-13
24.414313559781952 7.529720725652771e-22 4.879696595807133e-13 1.0124795104846987e-13 3.867217085322435e-13
24.78366481022829 7.332724451711603e-22 4.823922537240342e-13 1.0064037513766043e-13 3.817518785863738e-13
25.15860378059443 7.142191991535515e-22 4.769660736584467e-13 1.000310425859955e-13 3.7693503107245133e-13
25.924826076583233 6.775865046547622e-22 4.662834833650104e-13 9.876514530348782e-14 3.6751833806152243e-13
26.714384190886577 6.424777776274601e-22 4.555884560478472e-13 9.745789996337347e-14 3.581305560844738e-13
27.527988831636016 6.086426486772368e-22 4.4474010815019143e-13 9.611508063452374e-14 3.486250275156676e-13
28.366372352060132 5.762414649503187e-22 4.338880991358311e-13 9.475789210476083e-14 3.391302070310703e-13
29.2302894097004 5.451299913007824e-22 4.2296324034052797e-13 9.340610652660223e-14 3.2955713381392565e-13
30.12051764570424 5.158176040314455e-22 4.124088954092261e-13 9.203325248794959e-14 3.203756429212765e-13
30.575747924857424 5.020538988959663e-22 4.07471151346377e-13 9.132949255757333e-14 3.1614165878880365e-13
31.037858384806153 4.888660726102652e-22 4.027644017118234e-13 9.061444042544992e-14 3.1214996128637344e-13
31.983137356627505 4.636563733174218e-22 3.936286766472718e-13 8.918691912128412e-14 3.0444175752598766e-13
32.95720543894392 4.404404835292725e-22 3.8530712768817403e-13 8.779666856003001e-14 2.975104591281441e-13
33.960939423588975 4.185042173439095e-22 3.772671289212646e-13 8.640408977855475e-14 2.9086303914271004e-13
34.99524280568484 3.9725888879229453e-22 3.690218379895156e-13 8.49587490571722e-14 2.840630889323434e-13
36.06104659690874 3.769733842240156e-22 3.608431360189996e-13 8.350253494950412e-14 2.7734060106949556e-13
37.159310163528254 3.5744733192743557e-22 3.5257306883973585e-13 8.2101837688651e-14 2.7047123115108483e-13
38.29102208995955 3.3887007009332083e-22 3.444289157497335e-13 8.071605639424994e-14 2.6371285935548353e-13
39.45720106862597 3.2089000426766306e-22 3.3608714156702084e-13 7.929158364083951e-14 2.5679555792618123e-13
40.65889681691763 3.037771543134488e-22 3.2785373332641963e-13 7.786020725850662e-14 2.4999352606791293e-13
41.897191022077855 2.8761951654703136e-22 3.198693971747908e-13 7.646326345454096e-14 2.4340613372024985e-13
43.173198314866475 2.723531171071406e-22 3.121159810181252e-13 7.508260701041506e-14 2.370333740077101e-13
44.48806727287728 2.5764941066235157e-22 3.04258083429409e-13 7.369598194282247e-14 2.305621014865865e-13
45.8429814544115 2.436521169204883e-22 2.9649165671526237e-13 7.231254061533512e-14 2.2417911609992724e-13
47.23916046383907 2.3016662948811153e-22 2.8861171918710594e-13 7.094592218259874e-14 2.176657970045073e-13
48.67786104940597 2.1732141849114937e-22 2.808041040064982e-13 6.959404353864521e-14 2.11210060467853e-13
50.16037823447602 2.0496023096449757e-22 2.7289767615814737e-13 6.825645283633449e-14 2.0464122332181295e-13
51.68804648322576 1.931825934356714e-22 2.6504983837108603e-13 6.693265463981674e-14 1.981171837312693e-13
53.26224090184056 1.8186185602800427e-22 2.5711681912749365e-13 6.561694967677402e-14 1.9149986945071966e-13
54.884378476295105 1.710693557726705e-22 2.492243106653001e-13 6.431158552569148e-14 1.849127251396087e-13
56.55591934783037 1.6072689954067918e-22 2.4128819058708196e-13 6.303115708849896e-14 1.7825703349858298e-13
58.27836812727644 1.508732898954143e-22 2.333937252965575e-13 6.177518609567641e-14 1.7161853920088112e-13
60.05327524940399 1.4184109116868264e-22 2.2610397372477662e-13 6.052485450212261e-14 1.65579119222654e-13
61.88223836852342 1.3359759706829172e-22 2.1944924663146108e-13 5.927867612158825e-14 1.6017057050987276e-13
62.81758386220369 1.2970086601507395e-22 2.1626863400067572e-13 5.866556250364327e-14 1.5760307149703244e-13
63.7670670344103 1.2613638682955048e-22 2.135041207735057e-13 5.806064739849681e-14 1.554434733750089e-13
65.70913619443517 1.1967924180242586e-22 2.0874400912896947e-13 5.687708943046137e-14 1.5186691969850818e-13
67.71035238438829 1.134595956606187e-22 2.0392277788790912e-13 5.5702489650779417e-14 1.482202882371297e-13
69.77251696707448 1.0738802277420086e-22 1.988884985713752e-13 5.4527238272331036e-14 1.4436126029904412e-13
71.89748616702131 1.0158840949003374e-22 1.9387745039477896e-13 5.337659907611378e-14 1.4050085131866518e-13
74.08717274132995 9.607310400551409e-23 1.8893580893045305e-13 5.2264626620395465e-14 1.3667118231005764e-13
76.34354770141287 9.085912666815745e-23 1.8412396940293169e-13 5.116877756100661e-14 1.3295519184192505e-13
78.66864208716851 8.594595404607182e-23 1.7947192609911295e-13 5.007521317358466e-14 1.2939671292552831e-13
81.06454879518883 8.134951309338278e-23 1.7504727753458514e-13 4.8999572671524246e-14 1.260477048630609e-13
83.5334244626476 7.714743241027045e-23 1.7106107439332706e-13 4.795397710217734e-14 1.231070972911497e-13
86.07749140856238 7.317984741014226e-23 1.672054905495584e-13 4.6927703547942834e-14 1.2027778700161553e-13
88.69903963417964 6.931614892325526e-23 1.632009854512656e-13 4.5912512688230444e-14 1.1728847276303516e-13
91.4004288842828 6.562873561247032e-23 1.592251636719353e-13 4.491390537310749e-14 1.143112582988278e-13
94.18409077127889 6.212241029425272e-23 1.5530851967605901e-13 4.393677963433961e-14 1.1137174004171936e-13
97.05253096397554 5.880517902503893e-23 1.5149275899054675e-13 4.297830921926513e-14 1.0851444977128165e-13
100.00833144301866 5.577267495234365e-23 1.480563671886132e-13 4.2038912362891185e-14 1.0601745482572203e-13
103.05415282502196 5.2925529133781503e-23 1.447771886891535e-13 4.1117170951599645e-14 1.0366001773755386e-13
106.19273675747671 5.034252524786566e-23 1.4190550482197173e-13 4.0208400924352124e-14 1.0169710389761965e-13
109.4269083866038 4.791951835967445e-23 1.3918934999655624e-13 3.9315538186669114e-14 9.987381180988716e-14
112.75957890036308 4.554934123096178e-23 1.3633425166125881e-13 3.844736785388752e-14 9.78868838073713e-14
116.1937481489129 4.3271906907147156e-23 1.3346218431139014e-13 3.759833248368946e-14 9.58638518277007e-14
119.73250734487735 4.1030494125346865e-23 1.3040320260093866e-13 3.675683929515392e-14 9.36463633057847e-14
123.37904184585196 3.887048021060569e-23 1.273006825600017e-13 3.592774589547066e-14 9.137293666453106e-14
127.13663402165271 3.6755716836802036e-23 1.2404093731518098e-13 3.512510187828677e-14 8.891583543689423e-14
131.0086662088879 3.4720512836019867e-23 1.2074122825258446e-13 3.434332652048096e-14 8.639790173210348e-14
134.99862375551584 3.27376133965985e-23 1.1731290516470255e-13 3.3567626913248544e-14 8.3745278251454e-14
139.11009815812417 3.083172872434318e-23 1.1384814696264869e-13 3.280076130027348e-14 8.104738566237519e-14
143.3467902947586 2.902179476590826e-23 1.1042862704777632e-13 3.205667089972947e-14 7.837195614804684e-14
147.71251375620898 2.7309244761411146e-23 1.0707705348752006e-13 3.133317143014889e-14 7.574388205737116e-14
152.21119827875228 2.5823254780536357e-23 1.043342787439859e-13 3.0618235712248125e-14 7.371604303173779e-14
156.84689328144228 2.4528895278973712e-23 1.0212294797252284e-13 2.9910937518488855e-14 7.2212010454034e-14
159.21741877681018 2.3900515065236294e-23 1.0101067474914901e-13 2.956277338096572e-14 7.144790136818333e-14
161.62377151112827 2.327425180007444e-23 9.985053553194943e-14 2.9218699242767786e-14 7.063183628918164e-14
166.54613279848823 2.2032810320279102e-23 9.740334723283347e-14 2.854214298189162e-14 6.886120425094185e-14
171.61840792845166 2.0863706160348184e-23 9.50440117712835e-14 2.7875699201221695e-14 6.71683125700618e-14
176.84516262850022 1.9777921463128223e-23 9.284173884126641e-14 2.7217477075434745e-14 6.562426176583168e-14
179.5181642894721 1.9254530304348006e-23 9.175099032330252e-14 2.6892165008212933e-14 6.485882531508963e-14
182.2315681744764 1.8717562235809528e-23 9.054038384360216e-14 2.6569522232080797e-14 6.397086161152138e-14
187.78155384880017 1.762474963797643e-23 8.78507185366473e-14 2.5932349641256576e-14 6.191836889539071e-14
190.61961427604518 1.7102884075130335e-23 8.653790387749321e-14 2.561737395754446e-14 6.092052991994877e-14
193.5005680909718 1.6599479962566968e-23 8.526016325196395e-14 2.5304610910114926e-14 5.995555234184903e-14
199.3937587803602 1.566017524268552e-23 8.288531857458481e-14 2.468578055139287e-14 5.819953802319194e-14
205.46643057848152 1.4803273838953702e-23 8.073615867586089e-14 2.407390810018183e-14 5.666225057567903e-14
211.72404970390772 1.4061221475561294e-23 7.902466693568845e-14 2.3467197428425337e-14 5.55574695072631e-14
218.17224885259444 1.3353662437178577e-23 7.733379715495894e-14 2.28673882082538e-14 5.446640894670515e-14
224.8168322680627 1.2628972117010575e-23 7.536440272242974e-14 2.2276708909555548e-14 5.308769381287418e-14
231.66378096599615 1.1917588915839287e-23 7.328514880770114e-14 2.1691204664437956e-14 5.159394414326319e-14
238.71925811795668 1.1213559106934517e-23 7.105593617543886e-14 2.1106156412005323e-14 4.994977976343354e-14
245.98961459906556 1.052907729929539e-23 6.875060419581212e-14 2.0525302037240393e-14 4.8225302158571726e-14
249.71106150874405 1.0180907751685413e-23 6.748289667573958e-14 2.023847542999783e-14 4.724442124574175e-14
253.4888082224776 9.828126438778421e-24 6.613006623048334e-14 1.995440723580096e-14 4.6175658994682375e-14
261.20898134247824 9.154726430337502e-24 6.347502921556593e-14 1.9389203203084842e-14 4.4085826012481103e-14
269.1642775569489 8.561774458250844e-24 6.11717123446845e-14 1.8821744588207338e-14 4.2349967756477184e-14
277.3618576987742 8.010090116034586e-24 5.897304770892542e-14 1.8256381937931667e-14 4.071666577099374e-14
285.8091006888481 7.417939818845423e-24 5.627672191033677e-14 1.7700287181324682e-14 3.85764347290121e-14
294.5136101780917 6.842580753665894e-24 5.349272645939517e-14 1.7149315275502046e-14 3.6343411183893124e-14
303.4832213917586 6.340663496275602e-24 5.1078581012730756e-14 1.659807821987453e-14 3.4480502792856227e-14
312.7260081821858 5.881410892997198e-24 4.882193137433528e-14 1.6049375538517674e-14 3.27725558358176e-14
322.25029029634635 5.461865115220727e-24 4.6720095411647144e-14 1.5507655237021126e-14 3.121244017462602e-14
332.0646408647343 5.071111740261965e-24 4.4698736434064713e-14 1.4971619931876535e-14 2.9727116502188176e-14
342.17789411833206 4.695377568103584e-24 4.264733553242929e-14 1.4439405501242127e-14 2.8207930031187156e-14
352.59915334060224 4.338036459334876e-24 4.0601669896610515e-14 1.391189244504664e-14 2.668977745156386e-14
363.337799061663 4.006727471317306e-24 3.8642909499133304e-14 1.3390781634097978e-14 2.5252127865035332e-14
374.40349750202313 3.698665462101108e-24 3.675821232371087e-14 1.2876393968748895e-14 2.3881818354961974e-14
380.062092440151 3.552430434939501e-24 3.5838479042069186e-14 1.2621926858552982e-14 2.321655218351621e-14
385.80620927347337 3.4111222895650895e-24 3.4933004137956245e-14 1.2369369688089772e-14 2.256363444986646e-14
397.5561983449763 3.1424558993552383e-24 3.316172806309591e-14 1.1870059011387783e-14 2.1291669051708128e-14
409.6640412816112 2.888636971667522e-24 3.141161338292137e-14 1.1378069526836153e-14 2.003354385608522e-14
415.8555509384264 2.7672221555578807e-24 3.0546113571116116e-14 1.1135001443840113e-14 1.9411112127276006e-14
422.1406367649012 2.649590354981583e-24 2.9689667108021766e-14 1.0894030879995723e-14 1.8795636228026047e-14
434.9972154030873 2.4278267425719886e-24 2.8033259728836036e-14 1.041985214692614e-14 1.761340758190989e-14
448.24534984018095 2.2228935617497538e-24 2.6448673404804617e-14 9.956218786562799e-15 1.6492454618241813e-14
461.89696517289525 2.0336045655343035e-24 2.4933373918086835e-14 9.501956673336924e-15 1.5431417244749912e-14
475.9643496848308 1.8589818167137976e-24 2.3486537712816555e-14 9.057157758355306e-15 1.4429379954461256e-14
490.4601659075747 1.6965963581023925e-24 2.2087761497788958e-14 8.624407667201106e-15 1.3463353830587858e-14
505.39746201868155 1.5452131520480796e-24 2.0729598267441634e-14 8.204979936923877e-15 1.252461833051776e-14
520.7896835867783 1.4058026938198596e-24 1.943373054778559e-14 7.798120748603249e-15 1.1635609799182339e-14
536.6506856743796 1.2782763319566554e-24 1.8208990503639988e-14 7.404034668129049e-15 1.0804955835510936e-14
552.9947453093008 1.1611963928596816e-24 1.704496507389975e-14 7.022424404049516e-15 1.002254066985023e-14
569.8365743358964 1.0536872223353205e-24 1.5937913561553488e-14 6.65334959655947e-15 9.28456396499402e-15
587.1913326576936 9.551106722212599e-25 1.4886848454102393e-14 6.296996082576118e-15 8.589852371526276e-15
605.0746418833327 8.648534954309766e-25 1.389059760603919e-14 5.953498154159382e-15 7.937099451879809e-15
623.502599388115 7.823313723177889e-25 1.2947873499765802e-14 5.6229341048760495e-15 7.324939394889754e-15
642.4917928037942 7.069858597958186e-25 1.205723554266735e-14 5.305327146704882e-15 6.751908395962469e-15
662.0593149496696 6.382844376105453e-25 1.1217099936141849e-14 5.000660623326125e-15 6.2164393128157276e-15
682.2227792184137 5.757224334865977e-25 1.042578588971105e-14 4.7088626730171335e-15 5.7169232166939195e-15
703.0003354304876 5.188234574839072e-25 9.681542780268034e-15 4.4298239967951444e-15 5.25171878347289e-15
724.4106861714122 4.671388566478484e-25 8.982563058757853e-15 4.163402921103854e-15 4.819160137653996e-15
746.4731036265977 4.202464912274501e-25 8.326983292428259e-15 3.90939393038106e-15 4.417589362047197e-15
769.2074469289008 3.7775085596812717e-25 7.712911892446798e-15 3.667555158946395e-15 4.045356733500402e-15
792.6341800345017 3.3928288763724066e-25 7.138454322162533e-15 3.437633304836343e-15 3.7008210173261905e-15
816.7743901432078 3.0449891156484157e-25 6.6017228745751556e-15 3.219348795327752e-15 3.3823740792474044e-15
841.6498066797607 2.730787845166122e-25 6.100828576410103e-15 3.012385770945517e-15 3.0884428054645863e-15
867.2828208532309 2.44725277145572e-25 5.63389833821903e-15 2.816404867451025e-15 2.8174934707680047e-15
893.6965058121084 2.191642959502163e-25 5.199113490222361e-15 2.6310606500274927e-15 2.56805284019487e-15
920.9146374132232 1.961429607181721e-25 4.794701065892892e-15 2.455996119998167e-15 2.3387049458947247e-15
948.9617156232121 1.754276066674214e-25 4.418919227950141e-15 2.2908371129341848e-15 2.1280821150159564e-15
977.8629865717667 1.5680336976792042e-25 4.070078939409143e-15 2.1352022828585125e-15 1.93487665655063e-15
1007.6444652765354 1.4007323284516908e-25 3.7465532442254304e-15 1.988706721292987e-15 1.7578465229324435e-15
1038.332959060126 1.250566530472026e-25 3.446774521950812e-15 1.8509622796775768e-15 1.5958122422732358e-15
1069.95609168029 1.1158863721477897e-25 3.169241706438112e-15 1.721583067600561e-15 1.447658638837551e-15
1102.542328195006 9.951863025261531e-26 2.9125211955801587e-15 1.6001871553868315e-15 1.312334040193327e-15
1136.1210005848498 8.870929628498721e-26 2.6752424972222164e-15 1.4863946757826492e-15 1.1888478214395674e-15
1170.7223341557005 7.903555124690978e-26 2.4560987457266084e-15 1.379829103569259e-15 1.0762696421573495e-15
1206.3774747455793 7.038382202980038e-26 2.25385254249972e-15 1.2801236490449753e-15 9.737288934547449e-16
1243.1185167600695 6.265115912194936e-26 2.06733605494372e-15 1.1869227981358553e-15 8.804132568078643e-16
1280.9785320615858 5.574417678135498e-26 1.8954432704977378e-15 1.0998785300511585e-15 7.955647404465794e-16
1319.9915997384837 4.9578219216725416e-26 1.7371268134681584e-15 1.0186504840607692e-15 7.184763294073892e-16
1360.1928367808064 4.407683094033712e-26 1.5914033878011522e-15 9.429107207710453e-16 6.484926670301065e-16
1401.618429690285 3.917110670060943e-26 1.4573540567637427e-15 8.723458189674746e-16 5.850082377962683e-16
1444.305667053031 3.479884529617349e-26 1.3341153518102894e-15 8.066533211819948e-16 5.274620306282943e-16
1488.2929731042755 3.090391853472131e-26 1.2208756012749162e-15 7.455400910441227e-16 4.753355102307935e-16
1533.6199423153234 2.7435833974594795e-26 1.1168769969916583e-15 6.887263072239506e-16 4.2815068976770787e-16
1580.327375033885 2.43492255778061e-26 1.0214136310904281e-15 6.359467833123088e-16 3.8546684777811933e-16
1628.457314209858 2.1603341747790532e-26 9.338276911484754e-16 5.869485867355305e-16 3.4687910441294474e-16
1678.0530832396191 1.91615587788011e-26 8.535047921411097e-16 5.414891132746606e-16 3.1201567886644906e-16
1729.1593249628888 1.6991036378058692e-26 7.798737702822326e-16 4.993380854135318e-16 2.805356848687011e-16
1781.8220418472597 1.5062384002405055e-26 7.124058473456596e-16 4.602788420230337e-16 2.52127005322626e-16
1836.0886373966016 1.3349278635083844e-26 6.506102095712005e-16 4.241062389887295e-16 2.2650397058247094e-16
1892.007958820556 1.1828152593806555e-26 5.940312750515348e-16 3.906254315082629e-16 2.0340584354327212e-16
1949.6303410035755 1.0477922112902125e-26 5.422466452001944e-16 3.5965215992298365e-16 1.8259448527721066e-16
2009.0076518130663 9.279777125317776e-27 4.948670862339597e-16 3.310142361010883e-16 1.6385285013287134e-16
2070.1933387874215 8.21692428944865e-27 4.515331344862256e-16 3.045497379062964e-16 1.4698339657992922e-16
2133.242477245972 7.274349699842638e-27 4.1191141831543937e-16 2.801054425585428e-16 1.318059757568966e-16
2198.211819864143 6.4386657171527005e-27 3.7569451084363987e-16 2.5753768542918817e-16 1.181568254144517e-16
2265.1598477584885 5.697946311823601e-27 3.425994335742809e-16 2.367120408661622e-16 1.0588739270811863e-16
2334.1468231275226 5.04156175675692e-27 3.1236523681892476e-16 2.1750257610940284e-16 9.486266070952191e-17
2405.2348434957767 4.460050888238153e-27 2.8475196757011907e-16 1.9979153988959762e-16 8.496042768052149e-17
2478.487897609897 3.944996250919018e-27 2.595391216112319e-16 1.8346904291721628e-16 7.607007869401557e-17
2553.971923037092 3.488899522670858e-27 2.365233458736019e-16 1.6843222399720924e-16 6.809112187639261e-17
2631.7548655177807 3.0850927907033404e-27 2.155177768388223e-16 1.5458516806931066e-16 6.093260876951158e-17
2711.906740125872 2.7276517101976113e-27 1.9635099149915907e-16 1.4183855524363562e-16 5.4512436255523415e-17
2794.4996942916955 2.4113108943210345e-27 1.7886555225947214e-16 1.3010916995246448e-16 4.875638230700771e-17
2879.6080727443887 2.1313953397914717e-27 1.629171587036654e-16 1.1931970493339538e-16 4.359745377027005e-17
2967.308484432098 1.883755663144858e-27 1.4837362330849365e-16 1.0939837896458998e-16 3.897524434390364e-17
3057.6798714803062 1.6647059464450923e-27 1.3511357282628812e-16 1.0027839587343984e-16 3.48351769528483e-17
