Dust emission spectrum from A.P. Jones, M. Kohler, N. Ysard, M. Bocchio, and L. Verstraete (2017), A&A, 602A, 46J 
inside the DustPedia framework.

lambda    nu*dP/dnu     j_nu    j_nu(carb.) j_nu(sil)
 (um)   (erg s-1 H-1) (Jy cm2 sr-1 H-1)
0.9927057738263894 8.376907355512517e-24 2.2073626680614555e-16 2.2073626680482537e-16 1.3201064408160575e-27
1.0001793341362166 8.514676564374193e-24 2.2605570171101263e-16 2.26055701709422e-16 1.5906982525498613e-27
1.0077091589558085 8.65223660157219e-24 2.314371251078456e-16 2.314371251059313e-16 1.9143284755206056e-27
1.0114953028030835 8.720921316293127e-24 2.341508137874051e-16 2.341508137853059e-16 2.0990544632712463e-27
1.0152956718711033 8.789533556852225e-24 2.368796738450797e-16 2.3687967384277884e-16 2.30087253622757e-27
1.0229392996569957 8.926446346460206e-24 2.4238062209985543e-16 2.423806220970935e-16 2.761975045239008e-27
1.0267826658714554 8.994580287667481e-24 2.4514828767829545e-16 2.451482876752706e-16 3.0247546416849873e-27
1.0306404723013447 9.062611768832928e-24 2.4793052589492554e-16 2.4793052589161405e-16 3.3114758567574324e-27
1.03451277320114 9.13053426221518e-24 2.507272173989992e-16 2.50727217395375e-16 3.624215040819891e-27
1.0383996230291617 9.198341277710219e-24 2.5353824138808324e-16 2.5353824138411803e-16 3.9652187965224574e-27
1.0403485208654093 9.232199463690255e-24 2.549490899239579e-16 2.5494908991981086e-16 4.147071708369735e-27
1.0423010764483396 9.266026364093639e-24 2.563634756371564e-16 2.563634756328194e-16 4.3369170707312646e-27
1.0462171883269815 9.333583110235164e-24 2.5920279652774347e-16 2.592027965230015e-16 4.74193718084279e-27
1.0471985131304309 9.350451496217303e-24 2.59914813171269e-16 2.599148131664203e-16 4.8487266317853306e-27
1.048180758391296 9.3673113634929e-24 2.6062770045898514e-16 2.6062770045402724e-16 4.957821604861613e-27
1.0501480137395462 9.401005146285464e-24 2.6205607907707576e-16 2.6205607907189265e-16 5.183118836506097e-27
1.0521189612883777 9.434663669021979e-24 2.6348791655078467e-16 2.634879165453665e-16 5.418219663975035e-27
1.0531058218030118 9.451453490261902e-24 2.642044013828805e-16 2.6420440137734096e-16 5.539580476779239e-27
1.0540936079674168 9.468149111580671e-24 2.649193627688346e-16 2.6491936276317104e-16 5.6635719930363124e-27
1.058054026499678 9.534835043615816e-24 2.677875989645224e-16 2.677875989583357e-16 6.186679432485756e-27
1.0590464539527713 9.551481904061173e-24 2.685067455161537e-16 2.6850674550982916e-16 6.324521310721473e-27
1.06003981227728 9.568118722417436e-24 2.692267229880704e-16 2.692267229816052e-16 6.465304866600535e-27
1.0620293250338977 9.601361848207988e-24 2.7066916249343167e-16 2.7066916248667577e-16 6.755937323532666e-27
1.0660195594769086 9.667723373958562e-24 2.7356392209457114e-16 2.73563922087196e-16 7.37521136392859e-27
1.070024785945596 9.733913517455455e-24 2.764717453241296e-16 2.7647174531608085e-16 8.048672537114831e-27
1.0740450607676866 9.799926224274745e-24 2.7939249858474985e-16 2.7939249857596903e-16 8.780819647840932e-27
1.07808044048254 9.865755489954466e-24 2.8232604715474957e-16 2.8232604714517304e-16 9.576503395298995e-27
1.0861967418109137 9.99672305419792e-24 2.882276159430346e-16 2.882276159316549e-16 1.1379800634256223e-26
1.0902777775684922 1.0061583828180704e-23 2.9118764439753883e-16 2.911876443851397e-16 1.2399119255857642e-26
1.0943741465085532 1.0126233038976915e-23 2.9415970107490777e-16 2.9415970106140223e-16 1.3505437929903826e-26
1.1026131145906286 1.0254873998869911e-23 3.001393345740367e-16 3.001393345580289e-16 1.6007738440883065e-26
1.1109141095355224 1.0382600955867234e-23 3.061653783461829e-16 3.061653783272332e-16 1.8949601126623618e-26
1.1192775983109025 1.0509250690308032e-23 3.1223314005733217e-16 3.122331400349283e-16 2.2403746093245755e-26
1.1277040513999907 1.0634232764438265e-23 3.183249912063285e-16 3.1832499117987436e-16 2.6454136501889053e-26
1.1361939428280308 1.075815462544412e-23 3.244588949882143e-16 3.244588949570168e-16 3.119757192941152e-26
1.1447477501889525 1.0880975429959925e-23 3.306336575055536e-16 3.306336574688081e-16 3.67455182294118e-26
1.1533659546722406 1.1002722637924904e-23 3.368501351185239e-16 3.368501350752976e-16 4.3226219044986376e-26
1.1707974979042381 1.12433946543336e-23 3.4942073570566224e-16 3.49420735646065e-16 5.959717647810299e-26
1.1884924949847024 1.1479259433234395e-23 3.621427104980198e-16 3.6214271041625454e-16 8.176523911625754e-26
1.2064549276569216 1.1712176649404277e-23 3.7507502654670255e-16 3.7507502643506626e-16 1.116363229602659e-25
1.2246888378427687 1.1939595019340481e-23 3.8813677121401135e-16 3.8813677106232375e-16 1.5168750549045015e-25
1.2431983285522175 1.2160986440915019e-23 4.0130877385384356e-16 4.0130877364871596e-16 2.0512734983481333e-25
1.2619875648066055 1.237627365521363e-23 4.1458578971262243e-16 4.1458578943653176e-16 2.760906564018845e-25
1.3004222497298317 1.2784967544578045e-23 4.4131984241640265e-16 4.413198419231632e-16 4.932393455585414e-25
1.3400274889804893 1.3164124047029301e-23 4.682471110241153e-16 4.682471101588172e-16 8.652982231287698e-25
1.3808389325824078 1.351238837699767e-23 4.952729121179624e-16 4.952729106266281e-16 1.4913341267481593e-24
1.4228933163050095 1.3831522160088496e-23 5.224103219904996e-16 5.224103194641272e-16 2.5263723454212076e-24
1.466228494730424 1.4129289406027834e-23 5.499097364118265e-16 5.499097322031157e-16 4.208710850423118e-24
1.5108834753276823 1.4399953503446488e-23 5.775126401144265e-16 5.775126332164522e-16 6.897974020969122e-24
1.5568984535646726 1.4638893188686578e-23 6.049757439993566e-16 6.049757328650374e-16 1.1134319238513581e-23
1.6043148490894465 1.484661958780043e-23 6.322467667818164e-16 6.322467490495777e-16 1.7732238736749336e-23
1.6531753430134553 1.50238420133621e-23 6.592791789328688e-16 6.592791511014784e-16 2.783139047750677e-23
1.7035239163302658 1.5172731274095938e-23 6.860905448241159e-16 6.860905017629366e-16 4.306117936909804e-23
1.755405889504358 1.5305438061058775e-23 7.131694783715124e-16 7.131694126606555e-16 6.571085684758553e-23
1.8088679632656115 1.541907975895557e-23 7.403460354098179e-16 7.403459364756513e-16 9.893416635399004e-23
1.8639582606462262 1.5511740383149554e-23 7.674783682387503e-16 7.674782212142544e-16 1.4702449594897917e-22
1.9207263702978936 1.558498668797759e-23 7.945868395158447e-16 7.94586623773218e-16 2.157426269838557e-22
1.979223391128241 1.5642333654810386e-23 8.21799349697802e-16 8.217990369764953e-16 3.127213064787787e-22
2.039501978296691 1.5687966928253196e-23 8.492982497643442e-16 8.49297801829361e-16 4.479349834970395e-22
2.1016163906111602 1.573341902848367e-23 8.776997796321525e-16 8.776991453333354e-16 6.342988171300005e-22
2.1656225393682647 1.5785432598189302e-23 9.074207040625178e-16 9.074198157813313e-16 8.882811867929713e-22
2.231578038680979 1.5844599433315442e-23 9.385615880542059e-16 9.385603574259048e-16 1.2306283009277764e-21
2.299542257339062 1.5915006374865627e-23 9.7144371920944e-16 9.714420320206062e-16 1.6871888335301108e-21
2.369576372248914 1.6005536642258173e-23 1.0067239109100207e-15 1.0067216210459763e-15 2.289864044269837e-21
2.4417434235010123 1.6126659980739268e-23 1.045234868125443e-15 1.0452317905788854e-15 3.077546557930869e-21
2.5161083711144245 1.6296225084207597e-23 1.0883931259781794e-15 1.0883890286728505e-15 4.0973053291677294e-21
2.5927381535095444 1.6543362070120165e-23 1.1385493679121148e-15 1.1385439623882707e-15 5.405523844080533e-21
2.6717017477616296 1.6902790539114425e-23 1.1987146617014492e-15 1.1987075929119262e-15 7.068789523334107e-21
2.753070231689431 1.7426699377893544e-23 1.2735085438976224e-15 1.2734993787831588e-15 9.165114463175531e-21
2.836916847834745 1.823321039526037e-23 1.3730273331370433e-15 1.373015547626881e-15 1.1785510162172427e-20
2.9233170693905177 1.9582323076816762e-23 1.519531008342586e-15 1.5195159753824842e-15 1.5032960101895786e-20
2.967498994190263 2.0716945231952352e-23 1.6318706496856379e-15 1.6318537459584682e-15 1.6903727170460767e-20
3.0123486681368425 2.2039779563553188e-23 1.7623084270609468e-15 1.7622894444110264e-15 1.89826499200455e-20
3.0578761833420214 2.4976505194245598e-23 2.0273139072561575e-15 2.0272926120512172e-15 2.1295204939712943e-20
3.1040917844459814 2.8755943112752025e-23 2.369363005330536e-15 2.3693391579459037e-15 2.3847384631812944e-20
3.127460860933648 3.274274328360973e-23 2.718168526395445e-15 2.718143298245111e-15 2.5228150334231494e-20
3.1510058709225794 3.805131879275563e-23 3.182646169631547e-15 3.182619491643193e-15 2.6677988353187833e-20
3.162844764501044 4.298848800387319e-23 3.6091046926242e-15 3.609077260224545e-15 2.74323996562489e-20
3.1747281389236908 4.872877570429982e-23 4.106402109832879e-15 4.1063739047885125e-15 2.820504436673084e-20
3.1986289994194426 6.47354594401214e-23 5.496364652825466e-15 5.496334842564929e-15 2.981026053631427e-20
3.2227097969389145 1.0245254513866434e-22 8.764222286912013e-15 8.764190764186155e-15 3.1522725856367086e-20
3.2348180950136065 1.3821497336637553e-22 1.1867914018889944e-14 1.1867881579161364e-14 3.243972858112051e-20
3.240889293275058 1.6495102829849814e-22 1.419020456875345e-14 1.4190171645153557e-14 3.292359988956935e-20
3.2469718861334385 1.9588112511383098e-22 1.6882647441465766e-14 1.6882614017056734e-14 3.342440903277468e-20
3.2714166318528037 3.6084625192476563e-22 3.133484054524367e-14 3.133480504171219e-14 3.550353147519274e-20
3.2744851364798273 3.7115970365362766e-22 3.226066205573319e-14 3.2260626304670975e-14 3.575106220772214e-20
3.2775565192852394 3.8176921515338804e-22 3.3213950013485464e-14 3.321391401340519e-14 3.6000080277828044e-20
3.283707930232385 3.71571248955857e-22 3.238739791419822e-14 3.238736146385209e-14 3.645034613398539e-20
3.2898708863219004 3.3922219756916776e-22 2.962323954029753e-14 2.9623202675594535e-14 3.686470300308263e-20
3.29141343181113 3.3159335250242754e-22 2.89706130705759e-14 2.897057610169249e-14 3.6968883429398214e-20
3.292184975758714 3.278447883553645e-22 2.864982317686131e-14 2.864978615579872e-14 3.702106258720532e-20
3.295272960557952 3.041849009062736e-22 2.660715751158052e-14 2.6607120286692775e-14 3.722488774953457e-20
3.3076538914384823 2.22214765603997e-22 1.9510230738566173e-14 1.9510192692461093e-14 3.804610507739888e-20
3.310756385682612 2.055303451233875e-22 1.8062281644289747e-14 1.8062243390647853e-14 3.8253641889380126e-20
3.313861789986515 1.9013580101640122e-22 1.6725061493111573e-14 1.6725023031034594e-14 3.8462076977743666e-20
3.3200813396944477 1.6854803123644566e-22 1.4853946002068817e-14 1.485390709369307e-14 3.890837574521286e-20
3.345076488085796 1.300496445656988e-22 1.1547411842789729e-14 1.1547370949806117e-14 4.0892983612262834e-20
3.3482140837626964 1.3149591850859238e-22 1.1686781513865583e-14 1.1686740352115987e-14 4.116174959811655e-20
3.3513546224236106 1.3295815767765583e-22 1.1827822726220732e-14 1.182778129420594e-14 4.143201479130843e-20
3.3576445397418455 1.4363421717552162e-22 1.2801535416353583e-14 1.2801493419996975e-14 4.1996356607434264e-20
3.3702598118196083 1.830021515257043e-22 1.6371520281873757e-14 1.6371477100890643e-14 4.318098311466906e-20
3.382922481734668 1.9197636751922183e-22 1.7238888043673068e-14 1.723884370196535e-14 4.4341707718769394e-20
3.389271646505754 1.9662543088708219e-22 1.7689497608086437e-14 1.7689452676096337e-14 4.4931990097684014e-20
3.395632727569191 2.0163574595113995e-22 1.8174299055151474e-14 1.817425351466078e-14 4.5540490692007306e-20
3.421196662673239 2.256940997798752e-22 2.0495932325082323e-14 2.0495884254315863e-14 4.8070766459436856e-20
3.4276182099114902 2.208561539952174e-22 2.009423049206902e-14 2.0094181846457077e-14 4.8645611945320263e-20
3.4340518103208963 1.9963814905217998e-22 1.8197838683648184e-14 1.81977894894136e-14 4.9194234581108274e-20
3.4469541582030403 1.6941901116893862e-22 1.5501262950178833e-14 1.5501212692758026e-14 5.025742080743893e-20
3.472904465399547 1.6096222290306387e-22 1.4838371182397932e-14 1.4838318488127722e-14 5.269427021100666e-20
3.4990501388274233 1.4802149691629848e-22 1.37481540727403e-14 1.3748098859495746e-14 5.521324455848825e-20
3.5253949054701885 1.0193263560437075e-22 9.538727875617676e-15 9.538670176201006e-15 5.769941666834167e-20
3.5519380250092896 5.860780218689667e-23 5.525737476153093e-15 5.525677245235006e-15 6.023091808810666e-20
3.578680990867387 4.143776913343205e-23 3.936305399454214e-15 3.9362423858642805e-15 6.301358993404086e-20
3.605625307711299 3.450209263511829e-23 3.3021398578483646e-15 3.302073891368882e-15 6.596647948279036e-20
3.660119384959845 2.946193123121312e-23 2.862370819773696e-15 2.8622985537425035e-15 7.22660311940115e-20
3.715437065384467 2.5900890229118658e-23 2.5544301625063483e-15 2.554351112282448e-15 7.905022389999478e-20
3.8285932144167436 2.414063072795998e-23 2.453337352853791e-15 2.45324320571863e-15 9.414713516079399e-20
3.94519561050918 2.3855786722985823e-23 2.4982259643493593e-15 2.4981145397286084e-15 1.1142462074985342e-19
4.06534921144712 2.4178995293245437e-23 2.6091890123132797e-15 2.6090579012602477e-15 1.3111105303252495e-19
4.189162171576248 2.4855987583923408e-23 2.763933753218061e-15 2.763780236208145e-15 1.535170099164941e-19
4.316745939156006 2.5791951927308124e-23 2.95535824346167e-15 2.955179345854896e-15 1.788976067754132e-19
4.448215356677963 2.6955058879032014e-23 3.182698672270134e-15 3.1824913521534774e-15 2.0732011665484313e-19
4.58368876423945 2.8349114092758143e-23 3.4492450195756274e-15 3.4490058079036637e-15 2.3921167196423513e-19
4.723288106065518 3.0004398568576114e-23 3.7618267982299235e-15 3.761551600552916e-15 2.751976770075951e-19
4.867139040275056 3.198153482739297e-23 4.131830414600188e-15 4.1315152968282015e-15 3.1511777198658016e-19
4.940699165968905 3.3167151917869714e-23 4.349767299381702e-15 4.349430483499677e-15 3.368158820248005e-19
5.015371051989984 3.43938730844182e-23 4.578820160457116e-15 4.578460436859361e-15 3.597235977564596e-19
5.091171501069577 3.588282820138667e-23 4.849241640206207e-15 4.8488573661062324e-15 3.84274099977247e-19
5.129500256944802 3.6646514585904787e-23 4.9897313613337726e-15 4.98933430803475e-15 3.9705329902305235e-19
5.168117569889187 3.7441910825332237e-23 5.1364116523705174e-15 5.136001402761012e-15 4.102496095045829e-19
5.20702561229733 3.841417400972263e-23 5.309463581676176e-15 5.309039155353661e-15 4.2442632251482034e-19
5.246226572918644 3.9410662020128817e-23 5.4882034961940046e-15 5.487764483516708e-15 4.3901267729620755e-19
5.265937586045735 3.991822771234608e-23 5.579771209467771e-15 5.579324746751817e-15 4.464627159523859e-19
5.285722656980489 4.043213861805404e-23 5.672839788224552e-15 5.672385769127645e-15 4.54019096907742e-19
5.305582063971359 4.095249548645145e-23 5.767436751538002e-15 5.766975068367892e-15 4.616831701096785e-19
5.3255160863122235 4.151093491044808e-23 5.868047877328142e-15 5.86757838704477e-15 4.694902833717012e-19
5.365609099470188 4.289799764374297e-23 6.1097787536992345e-15 6.109293048227961e-15 4.857054712740546e-19
5.406003951863644 4.433683490825342e-23 6.362246311550568e-15 6.3617439143388375e-15 5.023972117291605e-19
5.446702915881641 4.5829929967907795e-23 6.626013470938424e-15 6.625493892716942e-15 5.195782214834382e-19
5.487708281020852 4.744173106222398e-23 6.910683083179868e-15 6.910145778335896e-15 5.373048439703725e-19
5.529022354014368 4.967701376833903e-23 7.290767686887988e-15 7.29021175363217e-15 5.559332558184312e-19
5.570647458961463 5.2042131337675587e-23 7.695381983764368e-15 7.694806862483879e-15 5.751212804857967e-19
5.612585937458331 5.454639435667123e-23 8.126405414317053e-15 8.125810529703934e-15 5.948846131210963e-19
5.654840148729818 5.729690744091866e-23 8.600445491568918e-15 8.599830194123802e-15 6.152974451169781e-19
5.67608639626678 5.916865092347935e-23 8.914769069314604e-15 8.91414308365666e-15 6.259856579500199e-19
5.686739436050992 6.013312526519292e-23 9.077087843457227e-15 9.076456452375809e-15 6.313910814166964e-19
5.6974124697621304 6.111727472344058e-23 9.242960034925445e-15 9.242323197146086e-15 6.368377793573443e-19
5.718818669136295 6.314648912483021e-23 9.585725066271753e-15 9.585077210069162e-15 6.478562025915213e-19
5.740305295436557 6.538259302008218e-23 9.962459391541286e-15 9.961800293436706e-15 6.590981045793175e-19
5.7835210386641895 7.118140039556687e-23 1.0927687845621597e-14 1.0927005310950835e-14 6.825346707621951e-19
5.827062130521658 7.785621635189095e-23 1.2042381345982187e-14 1.2041674499536833e-14 7.06846445349513e-19
5.8489554468988025 8.253934710347481e-23 1.2814709795667389e-14 1.2813989925622826e-14 7.19870044560773e-19
5.870931020387893 8.756226132721154e-23 1.3645623351023586e-14 1.3644890239645483e-14 7.331113780974068e-19
5.892989160043636 9.295223612573339e-23 1.4540017097571543e-14 1.4539270523579632e-14 7.465739919087898e-19
5.915130176081913 9.908088193699335e-23 1.5556919464029058e-14 1.5556158939010285e-14 7.605250187671471e-19
5.95966208400165 1.1621813842639869e-22 1.8385057116550517e-14 1.8384265659550483e-14 7.914570000369668e-19
6.004529249263818 1.4091230850467432e-22 2.2459357470406068e-14 2.245853154761885e-14 8.259227872195579e-19
6.027089341400364 1.580783308902636e-22 2.529003345815839e-14 2.5289188056572538e-14 8.454015858510134e-19
6.049734195844842 1.7835750213784693e-22 2.8641588988519154e-14 2.8640722999508515e-14 8.659890106522216e-19
6.095279466722835 2.3693919151237593e-22 3.833539636395222e-14 3.833448139189595e-14 9.149720562789903e-19
6.141167624020661 3.270831446830828e-22 5.331857688947154e-14 5.331760032176303e-14 9.765677085242811e-19
6.164241091010745 3.846651100141546e-22 6.294074017136502e-14 6.293972595028391e-14 1.0142210811245395e-18
6.187401249150058 4.502384538271263e-22 7.394695547662762e-14 7.39459022205975e-14 1.053256030098631e-18
6.1990139391386085 4.822626151184208e-22 7.935524609032818e-14 7.935417288684801e-14 1.0732034801736036e-18
6.204828454712694 4.991297929973902e-22 8.220773937001855e-14 8.220665605232106e-14 1.083317697520083e-18
6.210648424152782 5.114478340552732e-22 8.431555866645355e-14 8.431446646336343e-14 1.0922030901431544e-18
6.233982942956859 5.533042614441398e-22 9.155858195781032e-14 9.155745759933258e-14 1.1243584777434938e-18
6.239830258556775 5.5865920788527885e-22 9.253140788039253e-14 9.253027819651055e-14 1.1296838820002835e-18
6.245683058788269 5.591321337495309e-22 9.269660472219883e-14 9.269546968914771e-14 1.1350330510942167e-18
6.257405133728602 5.580020293526423e-22 9.268287255722849e-14 9.26817276450819e-14 1.1449121465630826e-18
6.269149208991335 5.497955788654005e-22 9.14911913161117e-14 9.149004031798972e-14 1.1509981219525333e-18
6.280915325867298 5.291858970605082e-22 8.822682147709534e-14 8.822566912593785e-14 1.1523511574575133e-18
6.304513850009849 4.7834609537622555e-22 8.005035633278216e-14 8.004920558046004e-14 1.1507523221055738e-18
6.32820103803542 4.1531855025792204e-22 6.976394484178538e-14 6.976280026848888e-14 1.1445732964839657e-18
6.3519772230701035 3.575119212591655e-22 6.027939615336252e-14 6.027825627526941e-14 1.1398780930600597e-18
6.375842739491607 3.088656197581248e-22 5.227290050322036e-14 5.22717638260112e-14 1.1366772091470552e-18
6.399797922933955 2.698887346821613e-22 4.5848005905620953e-14 4.584686673854417e-14 1.139167076796431e-18
6.42384311029221 2.3747166487355244e-22 4.0492645900192236e-14 4.049150307126602e-14 1.1428289261939489e-18
6.447978639727206 2.138557186223813e-22 3.6602764799826934e-14 3.6601613745507946e-14 1.1510543189748346e-18
6.472204850670314 1.9417694117073474e-22 3.335948543628636e-14 3.335832515033027e-14 1.160285956087709e-18
6.496522083828205 1.8139443803440037e-22 3.128054553788044e-14 3.1279372206527805e-14 1.1733313526445092e-18
6.520930681187647 1.706248704612842e-22 2.9533937488084883e-14 2.9532750370482736e-14 1.1871176021429387e-18
6.57002334288761 1.5961974589339324e-22 2.78370340541179e-14 2.7835813597122567e-14 1.2204569953376078e-18
6.619489833774732 1.584965257286933e-22 2.7849262542982654e-14 2.7848003422920416e-14 1.2591200622356344e-18
6.6693287637831435 1.6273013272429458e-22 2.880842650912717e-14 2.8807125735137464e-14 1.3007739897115775e-18
6.719538636694507 1.6812203799558127e-22 2.998703554302032e-14 2.9985692679481226e-14 1.3428635390939266e-18
6.770126513364129 1.8161500553731818e-22 3.263757972950436e-14 3.263619142785833e-14 1.3883016460305558e-18
6.8210952395837445 2.0202312134980002e-22 3.657839313917612e-14 3.657695489013254e-14 1.4382490435847936e-18
6.872447682569556 2.2774210290214367e-22 4.154552026703792e-14 4.15440274597483e-14 1.492807289626266e-18
6.924186731123532 2.6028766578581663e-22 4.784006853996254e-14 4.783851663360594e-14 1.5519063566083957e-18
6.976315295795916 2.8676510075886513e-22 5.310333910593415e-14 5.310172587455455e-14 1.6132313796127633e-18
7.028836309048954 2.907096261451232e-22 5.4239075079001877e-14 5.423740091497109e-14 1.674164030805339e-18
7.081752725421856 2.793712136781767e-22 5.251602494341366e-14 5.2514288935819406e-14 1.7360075942307367e-18
7.135067521697011 2.7186840132883847e-22 5.1490398600322027e-14 5.148859484134148e-14 1.8037589805429233e-18
7.1887836970674375 2.7821529178984506e-22 5.3089159072851043e-14 5.308727850084045e-14 1.8805720105938257e-18
7.242904273305506 3.0058896120294534e-22 5.779033419423001e-14 5.778836543904884e-14 1.9687551811834737e-18
7.297432294932914 3.359831811520163e-22 6.508142374218107e-14 6.507935183650826e-14 2.0719056728242297e-18
7.352370829391971 3.7648005653206715e-22 7.347486747373463e-14 7.347266966553341e-14 2.197808201198662e-18
7.379995003818881 4.0169673517056773e-22 7.869077142659974e-14 7.868850117227484e-14 2.2702543249082596e-18
7.407722967218148 4.295132512432082e-22 8.445604354802528e-14 8.445369719153346e-14 2.3463564918528643e-18
7.463496598684601 5.001208923812553e-22 9.908017607925737e-14 9.907765826111504e-14 2.517818142316688e-18
7.519690156487492 5.915876463681845e-22 1.1808329837375469e-13 1.1808057925211726e-13 2.7191216374311895e-18
7.533803324048627 6.182081847811182e-22 1.2362846075912282e-13 1.2362568480642107e-13 2.7759527017303955e-18
7.547942979602549 6.460300013886051e-22 1.2943470273964475e-13 1.2943186873188925e-13 2.834007755571261e-18
7.57630195363571 7.046977902245632e-22 1.4171950209530748e-13 1.4171654765638973e-13 2.9544389177791253e-18
7.590521371821866 7.343641162701801e-22 1.4796278186447372e-13 1.4795976416595112e-13 3.0176985225923817e-18
7.604767477414989 7.65280356145939e-22 1.5448130812849414e-13 1.544782257792301e-13 3.082349263974022e-18
7.633339951266878 8.274579151337768e-22 1.6766018915607147e-13 1.6765697589605987e-13 3.2132600116422322e-18
7.662019777021956 8.758843897591338e-22 1.7813919604853633e-13 1.7813586092159217e-13 3.3351269441668745e-18
7.690807358020558 9.091690903442112e-22 1.8560344309573773e-13 1.8560000006833632e-13 3.4430274013941866e-18
7.719703099118437 9.262371525200374e-22 1.897982604883521e-13 1.897947251299186e-13 3.535358433548883e-18
7.748707406692464 9.236234846570215e-22 1.899737791416995e-13 1.8997015918841374e-13 3.619953285793635e-18
7.777823177463063 9.058834262059975e-22 1.870250642609794e-13 1.8702131644314988e-13 3.747817829466343e-18
7.807048350752435 8.786848461779362e-22 1.8209140156916885e-13 1.8208751421589183e-13 3.887353277054024e-18
7.836380830085272 8.410622910328796e-22 1.7494967033032448e-13 1.749456470753668e-13 4.0232549576437195e-18
7.851088371676256 8.149559183710263e-22 1.6983743292005584e-13 1.698333507318064e-13 4.082188249440277e-18
7.86582351679805 7.872872282392718e-22 1.6437919044673924e-13 1.643750522560039e-13 4.138190735298495e-18
7.89537682495964 7.262243803581655e-22 1.5219946305123605e-13 1.5219522465678047e-13 4.23839445555882e-18
7.9250411701946435 6.603142322817039e-22 1.389061960003121e-13 1.3890185356741445e-13 4.342432897665202e-18
7.939915112024199 6.253291137081859e-22 1.31793484689258e-13 1.31789087619801e-13 4.397069456973951e-18
7.954816969689239 5.922468388597424e-22 1.25055378759277e-13 1.25050924480346e-13 4.454278930993822e-18
7.9847046421970465 5.312302238157902e-22 1.1259291547845541e-13 1.1258833719449866e-13 4.578283956779115e-18
8.044817289139356 4.283133742478768e-22 9.146338150111707e-14 9.145850550900423e-14 4.875992112909206e-18
8.07504310897143 3.900784931574539e-22 8.36115527626289e-14 8.360649639637656e-14 5.056366252413987e-18
8.105382492623747 3.5624727322410746e-22 7.66468826174946e-14 7.66416317752526e-14 5.25084224200435e-18
8.135835866775926 3.294057853500836e-22 7.113819375319947e-14 7.113273672512563e-14 5.457028073848849e-18
8.166403659710703 3.091425054830002e-22 6.701299040552773e-14 6.700730808353193e-14 5.6823219958267396e-18
8.197086301319933 2.94125562483465e-22 6.39973087630467e-14 6.399138523665543e-14 5.92352639127377e-18
8.227884223110665 2.809478183469453e-22 6.135970585570534e-14 6.135352571219293e-14 6.1801435124429776e-18
8.258797858211198 2.73396459963231e-22 5.993481324183334e-14 5.992830381976596e-14 6.50942206736815e-18
8.289827641377162 2.711570478367758e-22 5.966722374040222e-14 5.966011072800746e-14 7.113012394767055e-18
8.320974008997652 2.7333521217150677e-22 6.037250295372809e-14 6.036466453273562e-14 7.838420992503226e-18
8.35223739910135 2.773599290666608e-22 6.149162649736548e-14 6.148299067287485e-14 8.635824490666097e-18
8.383618251362687 2.8992927866453003e-22 6.451979852327511e-14 6.451033545748598e-14 9.46306578915868e-18
8.415117007108037 3.080115987874664e-22 6.880130296724761e-14 6.879093580056772e-14 1.0367166679902979e-17
8.446734109321913 3.3221133220088345e-22 7.448566496864155e-14 7.447435303335828e-14 1.1311935283253101e-17
8.478470002653195 3.6308000211634253e-22 8.171264155038723e-14 8.170034270746693e-14 1.2298842920332874e-17
8.542299949622933 4.304379000437019e-22 9.760110934721047e-14 9.758669766095084e-14 1.4411686259620856e-17
8.558332380220154 4.446787272216085e-22 1.0101943522954568e-13 1.0100447462014195e-13 1.4960609403689754e-17
8.574394900937412 4.536369254728249e-22 1.03247920373305e-13 1.0323241248878043e-13 1.5507884524576175e-17
8.606610438733982 4.537045261361563e-22 1.036512850495783e-13 1.0363469710550063e-13 1.6587944077650412e-17
8.622764948673899 4.465333676563471e-22 1.0220447183184228e-13 1.0218734076850922e-13 1.7131063333070097e-17
8.638949780445296 4.309500087342457e-22 9.882282763835522e-14 9.880516710505837e-14 1.766053329678476e-17
8.655163606183647 4.151088182810931e-22 9.53688781658662e-14 9.535067318775654e-14 1.8204978109614296e-17
8.671407862489573 3.9624287063228654e-22 9.120539072853026e-14 9.118663650042793e-14 1.8754228102293455e-17
8.703987895363145 3.5145781331147393e-22 8.120091331870734e-14 8.118104869216013e-14 1.986462654722027e-17
8.736690337257128 3.115746519172555e-22 7.22567617595225e-14 7.223571980608297e-14 2.1041953439511692e-17
8.802464289484785 2.438825397348144e-22 5.698419453210271e-14 5.696059996988915e-14 2.3594562213572657e-17
8.868733419248175 1.9859476686425247e-22 4.675185358970389e-14 4.672516986662462e-14 2.66837230792873e-17
8.935501454478851 1.6837715187976765e-22 3.9936639865731043e-14 3.990580627697735e-14 3.0833588753702316e-17
9.002772151174003 1.4795091817876232e-22 3.5356018836948425e-14 3.532062370397732e-14 3.539513297110691e-17
9.07054929360775 1.337182618327489e-22 3.219539394810546e-14 3.215512029624241e-14 4.0273651863054274e-17
9.13883669454403 1.233204240612741e-22 2.991543755111882e-14 2.9869942166322917e-14 4.5495384795914496e-17
9.207638195451068 1.1615321950825397e-22 2.8388923913268808e-14 2.833800112126227e-14 5.092279200654645e-17
9.276957666717493 1.0979209838789378e-22 2.703622757418299e-14 2.6979262493743102e-14 5.696508043989067e-17
9.346799007870057 1.0557689812999796e-22 2.6193964526711783e-14 2.6130846966204133e-14 6.311756050765524e-17
9.417166147792997 1.0175733072114741e-22 2.5436383957305505e-14 2.5366613017475898e-14 6.977093982959621e-17
9.488063044949055 9.923571093347018e-23 2.4992803817541776e-14 2.4917520568878324e-14 7.528324866345045e-17
9.559493687602165 9.692741442279724e-23 2.4595233598698853e-14 2.4513966466117572e-14 8.126713258127623e-17
9.631462094041797 9.553138679284671e-23 2.4423490699001518e-14 2.433611836482848e-14 8.737233417304548e-17
9.703972312809022 9.426059338907082e-23 2.4280026208438174e-14 2.4186251500340225e-14 9.377470809795203e-17
9.777099908821425 9.372254810155024e-23 2.4323360339070906e-14 2.4224774797160393e-14 9.858554191051932e-17
9.924867353363874 9.351930125825886e-23 2.4637429662576964e-14 2.4529716004678552e-14 1.0771365789841501e-16
10.074868099996943 9.496090968239474e-23 2.5395318760377216e-14 2.5281329108010338e-14 1.139896523668813e-16
10.150790707826552 9.618862485189377e-23 2.5917494941492097e-14 2.580131065701111e-14 1.1618428448098431e-16
10.22721067892732 9.841280062872875e-23 2.6716417807865486e-14 2.659810257382648e-14 1.1831523403901037e-16
10.304205975847633 1.0084619529145213e-22 2.75831259400135e-14 2.7462671197311302e-14 1.2045474270218382e-16
10.381780929913377 1.0474434058254949e-22 2.886501984891676e-14 2.874347049728091e-14 1.2154935163584912e-16
10.459939905058707 1.090804028021499e-22 3.028623971470955e-14 3.016360693475903e-14 1.2263277995051197e-16
10.538687298071551 1.158994447424732e-22 3.2421813762140865e-14 3.229863276646719e-14 1.2318099567368182e-16
10.618027538840941 1.2360186111288942e-22 3.4836802833542935e-14 3.4713174708237845e-14 1.2362812530508854e-16
10.697971937068667 1.3513827750354542e-22 3.8375077573985354e-14 3.82522272275165e-14 1.2285034646885923e-16
10.778518246224262 1.5143671214152412e-22 4.332710447340377e-14 4.320519389145606e-14 1.2191058194771336e-16
10.859664048220797 1.7579121937839776e-22 5.0673745033533203e-14 5.055290472033681e-14 1.208403131964166e-16
10.941420754335242 2.1285552111586095e-22 6.181986777255336e-14 6.170020733361467e-14 1.1966043893870004e-16
10.961955922839442 2.258568344868894e-22 6.571896595649354e-14 6.559963006707372e-14 1.1933588941982286e-16
10.982529632329763 2.404252471909771e-22 7.008932669558221e-14 6.99703135203167e-14 1.1901317526551698e-16
11.023792963743814 2.759033950503112e-22 8.073419622329626e-14 8.061583057137874e-14 1.1836565191753788e-16
11.065211328886559 3.224710172142201e-22 9.471523329588526e-14 9.459754170704968e-14 1.1769158883552998e-16
11.08597883104876 3.523595310236576e-22 1.0368823963094567e-13 1.0357089445803003e-13 1.1734517291563395e-16
11.106785310247485 3.857670053224004e-22 1.1373205592407924e-13 1.1361506576967625e-13 1.1699015440303205e-16
11.14851549250461 4.652350782320126e-22 1.3767621802625426e-13 1.375599631571493e-13 1.1625486910491814e-16
11.169441129330048 5.080294069594051e-22 1.5062245723895937e-13 1.505065646467768e-13 1.158925921825521e-16
11.190406043337886 5.462906701298521e-22 1.6227030844069705e-13 1.6215479639104006e-13 1.155120496570365e-16
11.21140851448765 5.835579609453862e-22 1.7366552300825306e-13 1.7355042084569984e-13 1.151021625532149e-16
11.22192452720434 6.031641992682395e-22 1.7966866163496781e-13 1.795537629281288e-13 1.148987068390358e-16
11.232450403670388 6.118214628432887e-22 1.8241840360918236e-13 1.823036707819045e-13 1.1473282727785002e-16
11.253533585369773 6.198151575582651e-22 1.8514864461553361e-13 1.8503422291517766e-13 1.1442170035596333e-16
11.274656339961506 6.224836874279997e-22 1.8629479503498747e-13 1.861806777471381e-13 1.1411728784937897e-16
11.285231677511122 6.2382272840918415e-22 1.8687065426470217e-13 1.867566848420684e-13 1.1396942263371832e-16
11.295816934455262 6.167311860754328e-22 1.8491961827182482e-13 1.8480581646911964e-13 1.138018027052168e-16
11.317017243752359 5.98148610003671e-22 1.7968445574595291e-13 1.7957100074038898e-13 1.1345500556395517e-16
11.338257342390673 5.795674315698594e-22 1.744294114806955e-13 1.7431630505005297e-13 1.1310643064257e-16
11.359537305047965 5.595239017657518e-22 1.687130662985268e-13 1.6860033290369444e-13 1.1273339483235295e-16
11.402217121831576 5.145445496181191e-22 1.5573338443857913e-13 1.5562149027595732e-13 1.1189416262180783e-16
11.423617126015266 4.911128396119518e-22 1.4892045701988333e-13 1.4880901770347114e-13 1.1143931641226412e-16
11.445057294333186 4.672120765362712e-22 1.4193890943964689e-13 1.4182797581282605e-13 1.1093362682085244e-16
11.488058425037956 4.1872783117787517e-22 1.2768735662809888e-13 1.2757758670155568e-13 1.097699265432057e-16
11.53122111869469 3.756558283496947e-22 1.1498332537730125e-13 1.148747018581299e-13 1.0862351917134359e-16
11.574545982324347 3.373718291329933e-22 1.0365308046380404e-13 1.0354558632254114e-13 1.074941412629101e-16
11.618033625228566 3.0368124102461723e-22 9.365264072207903e-14 9.35463188298841e-14 1.063218921949677e-16
11.661684658998247 2.7579496109046075e-22 8.537231414227613e-14 8.526740760350045e-14 1.0490653877568024e-16
11.705499697522141 2.5451096595948293e-22 7.907985974579961e-14 7.897647493496665e-14 1.0338481083300274e-16
11.749479356995494 2.3803244158682405e-22 7.423764849237253e-14 7.413593358302542e-14 1.0171490934710504e-16
11.793624255928705 2.2397097297223717e-22 7.01145993588162e-14 7.001459017204208e-14 1.0000918677413771e-16
11.83793501515603 2.153652518063721e-22 6.76738707851621e-14 6.757580592154604e-14 9.806486361606262e-17
11.882412257844306 2.0807183188825816e-22 6.562772353045725e-14 6.553162691493129e-14 9.609661552594834e-17
11.92705660950172 2.0465132889734042e-22 6.479138783760305e-14 6.469748367662144e-14 9.390416098158097e-17
11.971868697986617 2.022724434506573e-22 6.427885008669273e-14 6.41871760474909e-14 9.167403920186746e-17
12.016849153516302 2.0386047427414556e-22 6.502690333586047e-14 6.49377737681511e-14 8.91295677094131e-17
12.061998608675935 2.0623865718336102e-22 6.60326580343881e-14 6.594608806406018e-14 8.656997032793591e-17
12.152807060118223 2.1850937819629555e-22 7.048815078469798e-14 7.040729065613358e-14 8.08601285644084e-17
12.198467333490619 2.2864582858014805e-22 7.403515382780217e-14 7.395751192488776e-14 7.764190291443264e-17
12.244299160690385 2.3997613300215804e-22 7.799583571875801e-14 7.792141476239356e-14 7.442095636445532e-17
12.290303186275983 2.548391996958266e-22 8.313774910304556e-14 8.306695791296545e-14 7.079119008011339e-17
12.3364800572276 2.710365878618816e-22 8.875413900762247e-14 8.868619195481188e-14 6.794705281061227e-17
12.382830422956244 2.8973198375653655e-22 9.523263445398253e-14 9.516502462609778e-14 6.760982788470436e-17
12.429354935312874 3.0935934065731746e-22 1.0206603796363621e-13 1.0199875426241634e-13 6.728370121986752e-17
12.476058240797144 3.283304586521796e-22 1.0873215608087525e-13 1.0866518756077883e-13 6.696852009642158e-17
12.522937033967983 3.4761482558369617e-22 1.155510564800922e-13 1.1548405402179808e-13 6.700245829409164e-17
12.569987951963114 3.628179466860274e-22 1.2105787762847908e-13 1.2098943427179708e-13 6.844335668197171e-17
12.593579661530361 3.6806379314536265e-22 1.2303869728209502e-13 1.2296953056741945e-13 6.916671467558409e-17
12.617215648686605 3.7181507070130453e-22 1.2452597417399144e-13 1.244560821478226e-13 6.989202616885012e-17
12.664620788327802 3.7325057515706707e-22 1.2547641706748898e-13 1.2540507477422627e-13 7.134229326273363e-17
12.71220403757155 3.682772419408027e-22 1.2426967713126864e-13 1.2419687835601289e-13 7.27987752557376e-17
12.736062662318053 3.6310754382650486e-22 1.227551982435321e-13 1.2268167062844194e-13 7.352761509014604e-17
12.759966065607527 3.5640676363483677e-22 1.207160147996694e-13 1.2064175670109587e-13 7.425809857356306e-17
12.807907544139693 3.3797131691304297e-22 1.1490196633812036e-13 1.1482624679390465e-13 7.571954421568697e-17
12.856029147395699 3.1742448786198063e-22 1.0832200973030757e-13 1.082448101249496e-13 7.71996053579626e-17
12.904331552136407 2.9556401163019704e-22 1.0124101684062121e-13 1.011623056142812e-13 7.871122633997096e-17
12.95281543766539 2.732338226792795e-22 9.394378816961433e-14 9.386353893737268e-14 8.0249232241638e-17
13.00148148583848 2.528490569350379e-22 8.726168866647919e-14 8.717986657416886e-14 8.182209231032184e-17
13.050330381073369 2.34231387336245e-22 8.114019183288671e-14 8.105676115562975e-14 8.343067725694239e-17
13.099362810359226 2.1736428287121556e-22 7.558015645673657e-14 7.549507912556408e-14 8.507733117250379e-17
13.197981031955921 1.891193393330883e-22 6.625411770978761e-14 6.616562040321886e-14 8.849730656876644e-17
13.247568211189632 1.7767846051350025e-22 6.24799078067981e-14 6.238963884018402e-14 9.026896661409354e-17
13.297341698339563 1.673396795473199e-22 5.906540618365078e-14 5.897332510315869e-14 9.208108049207716e-17
13.397450398986955 1.5064252568744248e-22 5.357216273174767e-14 5.347633535737955e-14 9.58273743681334e-17
13.447787020368724 1.439294446946282e-22 5.1377137677818196e-14 5.127937749675608e-14 9.77601810620749e-17
13.498312765455129 1.3777784836085302e-22 4.9366043104863294e-14 4.926630847351638e-14 9.973463134692858e-17
13.59993447169816 1.276653008553094e-22 4.608707247334443e-14 4.5983278103488895e-14 1.0379436985552255e-16
13.702321234386334 1.1978312655902666e-22 4.356715719234235e-14 4.345872545658805e-14 1.084317357542967e-16
13.805478813227746 1.1366401969128293e-22 4.165277280861934e-14 4.15356455208975e-14 1.1712728772184922e-16
13.90941301129231 1.0824670796603107e-22 3.9966206976467794e-14 3.983941053770485e-14 1.2679643876293388e-16
13.96167316792965 1.0632153534310703e-22 3.9402895762025685e-14 3.9269771210296695e-14 1.3312455172900238e-16
14.014129675338197 1.0467054544856111e-22 3.8936781689413176e-14 3.879701984551305e-14 1.3976184390012914e-16
14.119634696140762 1.031656085426924e-22 3.8665874599859954e-14 3.851201281553137e-14 1.5386178432859074e-16
14.225934008823913 1.0200496320019096e-22 3.8518691573400095e-14 3.834962200822947e-14 1.6906956517062724e-16
14.333033593193976 1.0086980529587972e-22 3.83767978360863e-14 3.8191028409144776e-14 1.8576942694151884e-16
14.44093947407611 9.959508397935625e-23 3.8177086586034955e-14 3.7973652136169497e-14 2.0343444986547035e-16
14.54965772165321 9.837581931021291e-23 3.799361102371305e-14 3.777076874230516e-14 2.228422814078815e-16
14.659194451807393 9.721010790559589e-23 3.782604753450284e-14 3.758187748379093e-14 2.4417005071190094e-16
14.769555826464039 9.606549978179074e-23 3.766208110482479e-14 3.739457833460007e-14 2.675027702247377e-16
14.992777389284976 9.339528376490201e-23 3.716862298203062e-14 3.684979652161164e-14 3.1882646041898266e-16
15.21937263962189 9.095789074503403e-23 3.674570333993483e-14 3.636542765562571e-14 3.8027568430912097e-16
15.449392566130673 8.809530839687036e-23 3.6127143317754545e-14 3.567400782311853e-14 4.531354946360237e-16
15.682888928090767 8.56275701379612e-23 3.5645861871750306e-14 3.5077316597111795e-14 5.685452746385103e-16
15.919914267052077 8.291523729052353e-23 3.5038419312954054e-14 3.432661414584313e-14 7.11805167110931e-16
16.03976693895051 8.173737703452918e-23 3.4800716347664296e-14 3.4009613446044125e-14 7.911029016201663e-16
16.1605219186579 8.15823498641965e-23 3.499621097758445e-14 3.411734089189611e-14 8.788700856883347e-16
16.22123989475974 8.162271207124625e-23 3.514507715618016e-14 3.422228068567748e-14 9.227964705026785e-16
16.282185999175777 8.166865548208453e-23 3.5296980129974186e-14 3.4327986334479555e-14 9.689937954946364e-16
16.312744867225646 8.169378680165757e-23 3.537410857882023e-14 3.438112704112661e-14 9.92981537693609e-16
16.343361089024967 8.172039488950308e-23 3.5452042861753686e-14 3.443446006736654e-14 1.0175827943871363e-15
16.404766024646595 8.17781568023801e-23 3.56103950314591e-14 3.454170426922264e-14 1.0686907622364744e-15
16.466401669612416 8.184218016174724e-23 3.5772173459486406e-14 3.4649721541723244e-14 1.1224519177631648e-15
16.497306278852424 8.18766180943563e-23 3.585439232025844e-14 3.470402094910482e-14 1.150371371153614e-15
16.528268890738765 8.191271687429935e-23 3.5937522458137976e-14 3.475851467224475e-14 1.179007785893219e-15
16.590368558098763 8.199003238546039e-23 3.6106594207032775e-14 3.486808660539128e-14 1.2385076016414956e-15
16.65270154503456 8.206595735218944e-23 3.627581444762675e-14 3.497578450646711e-14 1.3000299411596582e-15
16.715268728169598 8.211264524671841e-23 3.6432824283969824e-14 3.507295795513196e-14 1.3598663288378673e-15
16.778070987420957 8.216614288271766e-23 3.659353465297145e-14 3.517099558868253e-14 1.4225390642889095e-15
16.9043842704834 8.229450277188802e-23 3.6926624922247574e-14 3.5369674144219715e-14 1.5569507780278793e-15
17.03164849990255 8.24530262290583e-23 3.727629315470709e-14 3.5571843753875205e-14 1.7044494008318785e-15
17.159870834853997 8.263415658023504e-23 3.76394307225778e-14 3.57744630777834e-14 1.8649676447944197e-15
17.289058488411015 8.275474784820657e-23 3.797814045262745e-14 3.5951480716164595e-14 2.026659736462854e-15
17.35401657858945 8.282747973898281e-23 3.8154334949713326e-14 3.604151407253218e-14 2.1128208771811516e-15
17.386587088641786 8.286706194883203e-23 3.8244211784126764e-14 3.6086913029434377e-14 2.1572987546924003e-15
17.419218727950305 8.290883104648829e-23 3.8335302758269e-14 3.613256731879596e-14 2.2027354394730405e-15
17.48466585346766 8.299906242758162e-23 3.852121320852061e-14 3.6224643440959986e-14 2.296569767560634e-15
17.550358875560836 8.309844636086769e-23 3.871224330830933e-14 3.6317745662496867e-14 2.3944976458124595e-15
17.682486308455736 8.330088396395196e-23 3.90987050295944e-14 3.650355503811186e-14 2.595149991482526e-15
17.81560845938729 8.329230226407184e-23 3.93890003483413e-14 3.666036354465797e-14 2.728636803683331e-15
17.882544892141226 8.329581151364257e-23 3.953865764166072e-14 3.674062068629849e-14 2.7980369553622246e-15
17.949732817065083 8.330306641810755e-23 3.9690668141548214e-14 3.6822114731304786e-14 2.8685534102434316e-15
18.084866926577256 8.33197918414442e-23 3.9997507340368137e-14 3.6988820581517645e-14 3.00868675885049e-15
18.221018389814958 8.336164497858018e-23 4.031887033996459e-14 3.7163297945493746e-14 3.1555723944708385e-15
18.496404071615608 8.361477890089655e-23 4.105251639291625e-14 3.758955481533385e-14 3.4629615775824134e-15
18.635790038622734 8.395937316045498e-23 4.1532342741816316e-14 3.790396044509262e-14 3.6283822967236985e-15
18.776226396166493 8.431419479488455e-23 4.202216687401989e-14 3.8220476805654255e-14 3.801690068365634e-15
18.91772105982334 8.465072296313437e-23 4.250782873864656e-14 3.8527703644591377e-14 3.980125094055173e-15
19.203636446149176 8.536754811085259e-23 4.351567420088481e-14 3.9152484123298735e-14 4.363190077586067e-15
19.4938730510763 8.609476733232094e-23 4.454965275600328e-14 3.976985868012187e-14 4.779794075881404e-15
19.78849618389234 8.684666884500974e-23 4.561791057457953e-14 4.0384614791561065e-14 5.233295783018468e-15
20.08757214094514 8.76144998659991e-23 4.671677653116917e-14 4.0990932485581784e-14 5.7258440455874135e-15
20.391466406516905 8.841480802083727e-23 4.785671667959626e-14 4.1594955873602496e-14 6.261760805993767e-15
20.699681925472166 8.925594782315321e-23 4.904223694978282e-14 4.220497956689819e-14 6.837257382884616e-15
21.012556099387844 9.012214683905078e-23 5.026663898775932e-14 4.2824819004669865e-14 7.441819983089454e-15
21.652507708764745 9.247433280340237e-23 5.314945817578157e-14 4.436075566411437e-14 8.788702511667208e-15
21.979755641372343 9.379474327716195e-23 5.472311263549207e-14 4.517545247358516e-14 9.547660161906913e-15
22.311949477282987 9.517109275694245e-23 5.636532387793088e-14 4.599667550618395e-14 1.036864837174692e-14
22.64916396703608 9.65987733155992e-23 5.807553514170755e-14 4.682005928901901e-14 1.1255475852688535e-14
22.991811201917592 9.80913378282774e-23 5.986503977254622e-14 4.765114961051843e-14 1.2213890162027806e-14
23.339642165776596 9.96419787955189e-23 6.17313777701434e-14 4.848426738303738e-14 1.324711038710601e-14
23.69273528050995 1.0126351203873104e-22 6.368506856435514e-14 4.932478442233557e-14 1.436028414201957e-14
24.414313559781952 1.0497948217462928e-22 6.803280499526419e-14 5.1190182013125313e-14 1.6842622982138875e-14
24.78366481022829 1.070594811184822e-22 7.043039012220815e-14 5.219880636635006e-14 1.823158375585809e-14
25.15860378059443 1.0928078613040233e-22 7.297931440193665e-14 5.325093067674746e-14 1.97283837251892e-14
25.924826076583233 1.1402176523927135e-22 7.846446986467622e-14 5.540437901142642e-14 2.30600908532498e-14
26.714384190886577 1.1921613220762507e-22 8.453754433194036e-14 5.766190501139024e-14 2.687563932055011e-14
27.527988831636016 1.2486108190221709e-22 9.123700284498117e-14 6.002965055637124e-14 3.1207352288609953e-14
28.366372352060132 1.310141131964705e-22 9.864868808023765e-14 6.254569217720744e-14 3.6102995903030203e-14
29.2302894097004 1.376880240936648e-22 1.0683134987267315e-13 6.524540733778698e-14 4.158594253488619e-14
30.12051764570424 1.4485893917576562e-22 1.1581829435194654e-13 6.807267663955981e-14 4.774561771238671e-14
30.575747924857424 1.4864226117196244e-22 1.2063930472735745e-13 6.951275014154306e-14 5.1126554585814414e-14
31.037858384806153 1.5256269749500848e-22 1.2569255062440335e-13 7.096880727630205e-14 5.472374334810127e-14
31.983137356627505 1.6080768119958319e-22 1.3652031631186865e-13 7.399488070765765e-14 6.252543560421103e-14
32.95720543894392 1.6974780042795556e-22 1.4849914996502359e-13 7.723089662074843e-14 7.126825334427513e-14
33.960939423588975 1.7914087133207412e-22 1.6148932172974396e-13 8.058656111416155e-14 8.090276061558239e-14
34.99524280568484 1.8866570027151107e-22 1.752553950181681e-13 8.393953038797096e-14 9.131586463019704e-14
36.06104659690874 1.9838669839872169e-22 1.8989796465871998e-13 8.735289757662077e-14 1.0254506708209923e-13
37.159310163528254 2.082455904858986e-22 2.0540588878940444e-13 9.094400330870313e-14 1.1446188548070125e-13
38.29102208995955 2.1812508537046134e-22 2.217032228053558e-13 9.460762625315302e-14 1.270955965522028e-13
39.45720106862597 2.276465627525403e-22 2.384277526427418e-13 9.819975229388221e-14 1.402280003488595e-13
40.65889681691763 2.368664297432201e-22 2.5563984054865686e-13 1.017581341943148e-13 1.538817063543421e-13
41.897191022077855 2.4575369992883027e-22 2.7330929692615365e-13 1.0534400742183431e-13 1.6796528950431926e-13
43.173198314866475 2.5418111938272887e-22 2.9129091774344013e-13 1.0888863895067132e-13 1.8240227879276885e-13
44.48806727287728 2.6177454238738367e-22 3.091294497924275e-13 1.1230884400345413e-13 1.9682060578897331e-13
45.8429814544115 2.685502383822681e-22 3.267893014663233e-13 1.155924512954206e-13 2.111968501709027e-13
47.23916046383907 2.7424308350540717e-22 3.438802922113295e-13 1.1873858006470756e-13 2.251417121466221e-13
48.67786104940597 2.788816454097961e-22 3.6034695110525914e-13 1.2171237886802264e-13 2.386345722372365e-13
50.16037823447602 2.8222017925784467e-22 3.7576670714106597e-13 1.2448408535137236e-13 2.512826217896935e-13
51.68804648322576 2.843178470898774e-22 3.9008897270178244e-13 1.2702415894973253e-13 2.6306481375204983e-13
53.26224090184056 2.849739666612136e-22 4.028970199819848e-13 1.2929033317175353e-13 2.736066868102312e-13
54.884378476295105 2.8427909222924936e-22 4.1415518564027127e-13 1.3126465402646195e-13 2.828905316138092e-13
56.55591934783037 2.821475196394287e-22 4.235685792918596e-13 1.329659889887835e-13 2.9060259030307606e-13
58.27836812727644 2.7868067305450145e-22 4.3110560190892344e-13 1.3437658274143471e-13 2.9672901916748865e-13
60.05327524940399 2.745621890718839e-22 4.376700818657622e-13 1.354307710015002e-13 3.022393108642619e-13
61.88223836852342 2.6992542353519867e-22 4.4338320554671347e-13 1.3611300743544055e-13 3.072701981112727e-13
62.81758386220369 2.673366311889557e-22 4.4576824983464963e-13 1.363358425556757e-13 3.094324072789738e-13
63.7670670344103 2.649709757338668e-22 4.485017894242053e-13 1.3648342374523938e-13 3.1201836567896625e-13
65.70913619443517 2.6038426491321397e-22 4.5416109388305136e-13 1.365568253386436e-13 3.1760426854440787e-13
67.71035238438829 2.5471922254067597e-22 4.578110043448035e-13 1.3626229886917088e-13 3.215487054756325e-13
69.77251696707448 2.478620350629813e-22 4.590540614587523e-13 1.3557581255130705e-13 3.2347824890744527e-13
71.89748616702131 2.4020110400917185e-22 4.584142803404951e-13 1.345762455466286e-13 3.238380347938664e-13
74.08717274132995 2.318915151831424e-22 4.560340946486004e-13 1.3331419732114385e-13 3.2271989732745654e-13
76.34354770141287 2.2310142389637083e-22 4.5210999988229254e-13 1.3173851652873011e-13 3.203714833535623e-13
78.66864208716851 2.139628813430313e-22 4.467962553276803e-13 1.2982514316297342e-13 3.1697111216470695e-13
81.06454879518883 2.0464989469821072e-22 4.4036412207579987e-13 1.2763656663829058e-13 3.127275554375093e-13
83.5334244626476 1.9548684660039822e-22 4.33458236579962e-13 1.2522660086422567e-13 3.0823163571573615e-13
86.07749140856238 1.861944512810967e-22 4.254277053841852e-13 1.2258589065583746e-13 3.0284181472834787e-13
88.69903963417964 1.7655012269837677e-22 4.1567736311805204e-13 1.1971362280463925e-13 2.9596374031341284e-13
91.4004288842828 1.6683922324567763e-22 4.0477699867714453e-13 1.1664849142391165e-13 2.881285072532328e-13
94.18409077127889 1.5717099804826642e-22 3.9293380484213627e-13 1.1342732175858298e-13 2.795064830835532e-13
97.05253096397554 1.4765384914629718e-22 3.803829756767199e-13 1.1006615978628757e-13 2.703168158904325e-13
100.00833144301866 1.38602713604673e-22 3.679402911251139e-13 1.0658971975668137e-13 2.6135057136843247e-13
103.05415282502196 1.2983533199438824e-22 3.5516308795243557e-13 1.030173632869724e-13 2.5214572466546315e-13
106.19273675747671 1.2159771323460377e-22 3.427596211512129e-13 9.935933970546593e-14 2.434002814457471e-13
109.4269083866038 1.1368212037964907e-22 3.302065835283806e-13 9.56457646811276e-14 2.34560818847253e-13
112.75957890036308 1.0588213378512058e-22 3.169170197368165e-13 9.191955573997304e-14 2.249974639968435e-13
116.1937481489129 9.83358638675756e-23 3.032942184885883e-13 8.818583197844176e-14 2.1510838651014656e-13
119.73250734487735 9.095464968610336e-23 2.8907225865425926e-13 8.443498377825299e-14 2.0463727487600628e-13
123.37904184585196 8.387502856452797e-23 2.74690416175789e-13 8.069712037581071e-14 1.9399329579997822e-13
127.13663402165271 7.704863572905169e-23 2.6001900703289466e-13 7.70205778431476e-14 1.8299842918974713e-13
131.0086662088879 7.05702284204324e-23 2.454092800354274e-13 7.340575285102357e-14 1.720035271844038e-13
134.99862375551584 6.440026321814743e-23 2.3077375494566096e-13 6.98329449567316e-14 1.609408099889294e-13
139.11009815812417 5.859934164566143e-23 2.1638184868700857e-13 6.632131106143895e-14 1.5006053762556962e-13
143.3467902947586 5.320644665436799e-23 2.0245180911535303e-13 6.291046231389215e-14 1.3954134680146087e-13
147.71251375620898 4.8219910549910017e-23 1.8906586345485403e-13 5.960361407371258e-14 1.2946224938114147e-13
152.21119827875228 4.3842692487138473e-23 1.7713861934583573e-13 5.638443196510666e-14 1.207541873807291e-13
156.84689328144228 3.9980781306325297e-23 1.6645491787584092e-13 5.325868955938584e-14 1.131962283164551e-13
159.21741877681018 3.815153283352507e-23 1.6123970816988667e-13 5.1737609260681854e-14 1.0950209890920482e-13
161.62377151112827 3.637362079790987e-23 1.5604907719936828e-13 5.024587939547191e-14 1.0580319780389639e-13
166.54613279848823 3.297924129656924e-23 1.4579567675615717e-13 4.735090888612058e-14 9.844476787003656e-14
171.61840792845166 2.987568703370143e-23 1.360978307633006e-13 4.456728106006358e-14 9.153054970323701e-14
176.84516262850022 2.706267427897804e-23 1.2703790650798423e-13 4.189463895893828e-14 8.514326754904594e-14
179.5181642894721 2.5745188863210994e-23 1.2268004136806465e-13 4.0601650880041095e-14 8.207839048802352e-14
182.2315681744764 2.4452881722170216e-23 1.182832074666128e-13 3.933799412035832e-14 7.894521334625451e-14
187.78155384880017 2.1972630142265162e-23 1.0952276689245592e-13 3.689912297484861e-14 7.262364391760735e-14
190.61961427604518 2.0823237973949712e-23 1.0536230955503887e-13 3.5723187857714615e-14 6.963912169732427e-14
193.5005680909718 1.9734013588939977e-23 1.0136011634121754e-13 3.457591937612441e-14 6.678419696509313e-14
199.3937587803602 1.7740081472566426e-23 9.389373245229435e-14 3.2367063749407356e-14 6.152666870288697e-14
205.46643057848152 1.5968173831110477e-23 8.708945265876311e-14 3.026880059881426e-14 5.6820652059948885e-14
211.72404970390772 1.4430924787555528e-23 8.110241538351305e-14 2.8277368151330344e-14 5.282504723218272e-14
218.17224885259444 1.3033951705866003e-23 7.548228675772488e-14 2.6393204280605664e-14 4.90890824771192e-14
224.8168322680627 1.1723870996285224e-23 6.996313928350035e-14 2.461639864063638e-14 4.534674064286394e-14
231.66378096599615 1.0522249742354198e-23 6.470475224525872e-14 2.293945233067235e-14 4.176529991458635e-14
238.71925811795668 9.417392685822438e-24 5.967433240789993e-14 2.1354408008979793e-14 3.831992439892014e-14
245.98961459906556 8.412317098298763e-24 5.4929018636182367e-14 1.9862515766384202e-14 3.506650286979817e-14
249.71106150874405 7.935484029519537e-24 5.2599381302457705e-14 1.9152070353165797e-14 3.3447310949291904e-14
253.4888082224776 7.474959225638035e-24 5.029641730199869e-14 1.8465240948712575e-14 3.183117635328611e-14
261.20898134247824 6.631114563512886e-24 4.5977364135743794e-14 1.7155975974600918e-14 2.88213881611429e-14
269.1642775569489 5.904316156722943e-24 4.218484512670951e-14 1.5922937897891016e-14 2.6261907228818497e-14
277.3618576987742 5.260028476068735e-24 3.8726144871772417e-14 1.4766857011216587e-14 2.3959287860555833e-14
285.8091006888481 4.645684624877392e-24 3.524481299418861e-14 1.3689878457909575e-14 2.1554934536279036e-14
294.5136101780917 4.0907181373321614e-24 3.1979698043835534e-14 1.2684471529356748e-14 1.929522651447879e-14
303.4832213917586 3.6180482767184964e-24 2.9145967471525306e-14 1.1742702201392078e-14 1.740326527013322e-14
312.7260081821858 3.2042899665888645e-24 2.6598996005965186e-14 1.086325806296796e-14 1.5735737942997234e-14
322.25029029634635 2.8424301096276857e-24 2.4313783500927306e-14 1.0045644971485651e-14 1.426813852944165e-14
332.0646408647343 2.522391323685444e-24 2.22333308228706e-14 9.285141159846603e-15 1.2948189663023994e-14
342.17789411833206 2.2342868623027054e-24 2.029365692327216e-14 8.576945697162918e-15 1.1716711226109239e-14
352.59915334060224 1.976549596220375e-24 1.849943286376225e-14 7.918248776121263e-15 1.0581184087640986e-14
363.337799061663 1.7492466307454186e-24 1.6870620656746416e-14 7.30675569698898e-15 9.563864959757435e-15
374.40349750202313 1.5483740581232237e-24 1.5388107675109177e-14 6.7394079631351004e-15 8.648699711974071e-15
380.062092440151 1.4567078631991553e-24 1.4695908950732037e-14 6.471428970258313e-15 8.224479980473725e-15
385.80620927347337 1.370409826767622e-24 1.403424682123398e-14 6.2134585240917995e-15 7.820788297142181e-15
397.5561983449763 1.2125904476029034e-24 1.279623198007831e-14 5.726120208940868e-15 7.0701117711374385e-15
409.6640412816112 1.0716780886831919e-24 1.1653640842667694e-14 5.274368355435652e-15 6.379272487232042e-15
415.8555509384264 1.0070351386099915e-24 1.1116205344158188e-14 5.061101352801466e-15 6.055103991356723e-15
422.1406367649012 9.460566586876835e-25 1.0600924482139401e-14 4.855887235779381e-15 5.7450372463600195e-15
434.9972154030873 8.350413955079322e-25 9.641928690432265e-15 4.469070206561815e-15 5.172858483870449e-15
448.24534984018095 7.371125476704609e-25 8.770392506141169e-15 4.111807481290594e-15 4.658585024850578e-15
461.89696517289525 6.506823419592883e-25 7.977807686375256e-15 3.781315188136914e-15 4.1964924982383395e-15
475.9643496848308 5.744075887867575e-25 7.257115360287146e-15 3.47556950815128e-15 3.7815458521358686e-15
490.4601659075747 5.0674914422131855e-25 6.597299459777357e-15 3.193676012629309e-15 3.403623447148048e-15
505.39746201868155 4.466195401908458e-25 5.991564098632307e-15 2.9342435931431956e-15 3.0573205054891108e-15
520.7896835867783 3.9355143672292803e-25 5.440431016094861e-15 2.695257448587234e-15 2.74517356750763e-15
536.6506856743796 3.468832874622751e-25 4.941337275331925e-15 2.475201378299519e-15 2.466135897032406e-15
552.9947453093008 3.057169180557376e-25 4.4875563021060864e-15 2.2724610858283056e-15 2.2150952162777816e-15
569.8365743358964 2.693752950676358e-25 4.0745299718929975e-15 2.0856944142092294e-15 1.9888355576837677e-15
587.1913326576936 2.3730301830975667e-25 3.698727460622546e-15 1.913715232141788e-15 1.785012228480759e-15
605.0746418833327 2.090070674206294e-25 3.356907367196935e-15 1.7554191820283278e-15 1.6014881851686074e-15
623.502599388115 1.8405029011852257e-25 3.0461003589688707e-15 1.609774862765266e-15 1.436325496203605e-15
642.4917928037942 1.6204491345915612e-25 2.763582415400025e-15 1.4758214504645362e-15 1.287760964935489e-15
662.0593149496696 1.4264691145610271e-25 2.506852066415862e-15 1.3526675293737718e-15 1.154184537042091e-15
682.2227792184137 1.2555146802559427e-25 2.2736177151315056e-15 1.2394823314576327e-15 1.034135383673873e-15
703.0003354304876 1.104888303610539e-25 2.061784837312413e-15 1.1354960344518726e-15 9.26288802860541e-16
724.4106861714122 9.722028451280871e-26 1.8694384416944564e-15 1.0399960433136533e-15 8.294423983808027e-16
746.4731036265977 8.553447520890254e-26 1.694824729912289e-15 9.523158705975257e-16 7.425088593147639e-16
769.2074469289008 7.524451988853675e-26 1.5363415942562737e-15 8.718377613564973e-16 6.645038328997765e-16
792.6341800345017 6.618534833816264e-26 1.3925284861803657e-15 7.979934025627346e-16 5.945350836176308e-16
816.7743901432078 5.82111649201146e-26 1.2620537033576685e-15 7.302571215485202e-16 5.317965818091485e-16
841.6498066797607 5.1193092378098045e-26 1.1437002748051395e-15 6.681403447479573e-16 4.755599300571822e-16
867.2828208532309 4.5017303378103534e-26 1.0363576400901766e-15 6.111908409048954e-16 4.2516679918528137e-16
893.6965058121084 3.9583499092403375e-26 9.390174764974803e-16 5.58992885602845e-16 3.8002459089463505e-16
920.9146374132232 3.480322418546567e-26 8.507624004836458e-16 5.111630768812056e-16 3.3959932360244003e-16
948.9617156232121 3.0598352512710693e-26 7.70754676704621e-16 4.673462495510477e-16 3.034084271535734e-16
977.8629865717667 2.69000004719282e-26 6.982319675459546e-16 4.2721484466691764e-16 2.710171228790372e-16
1007.6444652765354 2.364747813452577e-26 6.325015431077274e-16 3.90467149528886e-16 2.420343935788414e-16
1038.332959060126 2.0787292227349314e-26 5.729332065406374e-16 3.568249006698475e-16 2.1610830587079004e-16
1069.95609168029 1.8272334425268817e-26 5.189546693995934e-16 3.2603224185084063e-16 1.9292242754875266e-16
1102.542328195006 1.60611254810713e-26 4.700463447874216e-16 2.9785399952035464e-16 1.7219234526706698e-16
1136.1210005848498 1.4117116294250814e-26 4.2573564474323833e-16 2.720732930007673e-16 1.536623517424711e-16
1170.7223341557005 1.2408109908249109e-26 3.855928465315804e-16 2.484901509108289e-16 1.3710269562075157e-16
1206.3774747455793 1.0905780848043463e-26 3.4922829115333325e-16 2.2692115551339693e-16 1.2230713563993618e-16
1243.1185167600695 9.5852174548061e-27 3.1628889100400034e-16 2.0719821141113593e-16 1.0909067959286435e-16
1280.9785320615858 8.424483904717784e-27 2.86453801035497e-16 1.8916653629095574e-16 9.72872647445413e-17
1319.9915997384837 7.40426012724697e-27 2.5943123823605937e-16 1.726835039237848e-16 8.674773431227462e-17
1360.1928367808064 6.507560871132916e-27 2.349568740697656e-16 1.576183810583823e-16 7.733849301138341e-17
1401.618429690285 5.719465600930975e-27 2.1279170026380065e-16 1.4385167282809707e-16 6.894002743570356e-17
1444.305667053031 5.026843383607096e-27 1.9271872017988041e-16 1.3127356291756184e-16 6.144515726231853e-17
1488.2929731042755 4.418132936557912e-27 1.745406719012792e-16 1.1978283394477166e-16 5.475783795650752e-17
1533.6199423153234 3.8831729208826814e-27 1.58078902018827e-16 1.0928680739656296e-16 4.879209462226406e-17
1580.327375033885 3.413034831794112e-27 1.431717115372438e-16 9.970081042599141e-17 4.347090111125239e-17
1628.457314209858 2.9998694170615527e-27 1.2967258325985698e-16 9.094721790891597e-17 3.8725365350940975e-17
1678.0530832396191 2.636770492176435e-27 1.1744849554403888e-16 8.295464591909221e-17 3.449384962494667e-17
1729.1593249628888 2.3176682370413573e-27 1.0637895335324642e-16 7.565772446986618e-17 3.0721228883380285e-17
1781.8220418472597 2.037231687818834e-27 9.635498381718762e-17 6.899676281988791e-17 2.7358220997299723e-17
1836.0886373966016 1.7907746030450837e-27 8.727784261839457e-17 6.291709024127799e-17 2.436075237711657e-17
1892.007958820556 1.5741770097104306e-27 7.905802438875715e-17 5.736856125693502e-17 2.168946313182208e-17
1949.6303410035755 1.3838165311458107e-27 7.161437768872212e-17 5.230521230949301e-17 1.9309165379229084e-17
2009.0076518130663 1.216513611032129e-27 6.48735996485268e-17 4.768516674566797e-17 1.7188432902858816e-17
2070.1933387874215 1.069474703760375e-27 5.87693458320829e-17 4.3470132379684255e-17 1.5299213452398652e-17
2133.242477245972 9.402414189293436e-28 5.324134698095218e-17 3.962492969491404e-17 1.3616417286038147e-17
2198.211819864143 8.266539594824117e-28 4.823504877995784e-17 3.6117402195631894e-17 1.211764658432594e-17
2265.1598477584885 7.268157381346328e-28 4.3701124329847285e-17 3.2918195337617737e-17 1.0782928992229567e-17
2334.1468231275226 6.390598364317237e-28 3.959488880224848e-17 3.0000467681660544e-17 9.59442112058793e-18
2405.2348434957767 5.619218939445278e-28 3.5875905663632455e-17 2.7339680414404377e-17 8.536225249228076e-18
2478.487897609897 4.9411558868757085e-28 3.2507591314570674e-17 2.4913420509323472e-17 7.594170805247209e-18
2553.971923037092 4.345098087243461e-28 2.945677085469811e-17 2.270118580569743e-17 6.755585049000691e-18
2631.7548655177807 3.821105352699385e-28 2.6693399082267144e-17 2.0684237024850547e-17 6.009162057416595e-18
2711.906740125872 3.3604482025176663e-28 2.4190307508069195e-17 1.8845473848521377e-17 5.344833659547819e-18
2794.4996942916955 2.955454934160918e-28 2.192289182708326e-17 1.7169269611667127e-17 4.7536222154161286e-18
2879.6080727443887 2.599385948057888e-28 1.9868888944519186e-17 1.5641362610542923e-17 4.2275263339762555e-18
2967.308484432098 2.286321109552334e-28 1.8008160702999254e-17 1.4248740185489572e-17 3.759420517509682e-18
3057.6798714803062 2.0110551467111495e-28 1.6322453019591036e-17 1.2979507251698506e-17 3.3429457678925276e-18
