Dust emission spectrum from A.P. Jones, M. Kohler, N. Ysard, M. Bocchio, and L. Verstraete (2017), A&A, 602A, 46J 
inside the DustPedia framework.

lambda    nu*dP/dnu     j_nu    j_nu(carb.) j_nu(sil)
 (um)   (erg s-1 H-1) (Jy cm2 sr-1 H-1)
0.9927057738263894 7.349296984629807e-24 1.9365814986234775e-16 1.9365814856685582e-16 1.2954919013187007e-24
1.0001793341362166 7.470982976690543e-24 1.983467353690301e-16 1.9834673380904052e-16 1.559989601413839e-24
1.0077091589558085 7.59257349110947e-24 2.0309238661285748e-16 2.030923847368199e-16 1.876037521513715e-24
1.0114953028030835 7.653319079100195e-24 2.0548641887158961e-16 2.0548641681528125e-16 2.0563083539594535e-24
1.0152956718711033 7.714024211723244e-24 2.0789448353394255e-16 2.0789448128077945e-16 2.2531630762145943e-24
1.0229392996569957 7.835231708321673e-24 2.1275077024493785e-16 2.1275076754235147e-16 2.7025863679634717e-24
1.0267826658714554 7.895588185388673e-24 2.151951355100928e-16 2.1519513255157148e-16 2.9585213478605336e-24
1.0306404723013447 7.955879386389619e-24 2.1765307954686798e-16 2.1765307630923735e-16 3.237630619084174e-24
1.03451277320114 8.016099966167746e-24 2.2012451639624378e-16 2.2012451285433545e-16 3.541908396510908e-24
1.0383996230291617 8.076244614392055e-24 2.226093590933459e-16 2.2260935521983493e-16 3.873510850384974e-24
1.0403485208654093 8.106286814501327e-24 2.238567801906659e-16 2.23856776140386e-16 4.0502799301790265e-24
1.0423010764483396 8.136308056716014e-24 2.2510751969766746e-16 2.25107515462899e-16 4.2347684139361695e-24
1.0462171883269815 8.196285055915292e-24 2.2761890932348145e-16 2.276189046952825e-16 4.6281989565316024e-24
1.0471985131304309 8.211265188864799e-24 2.282488132607217e-16 2.2824880852882404e-16 4.731897660594589e-24
1.048180758391296 8.226239513136363e-24 2.2887953699172417e-16 2.2887953215390357e-16 4.837820629875906e-24
1.0501480137395462 8.256170413004186e-24 2.3014343817042956e-16 2.3014343311390763e-16 5.056521877821464e-24
1.0521189612883777 8.286077111800032e-24 2.314106014966888e-16 2.314105962120123e-16 5.284676587284881e-24
1.0531058218030118 8.30099859682027e-24 2.320447714642732e-16 2.320447660618457e-16 5.402427522836011e-24
1.0540936079674168 8.315839784535148e-24 2.326776807847492e-16 2.3267767526203434e-16 5.522714861836157e-24
1.058054026499678 8.375136982948115e-24 2.3521726525980336e-16 2.3521725922978817e-16 6.0300152857748996e-24
1.0590464539527713 8.3899440003517e-24 2.358541408783249e-16 2.358541347146796e-16 6.163645392603041e-24
1.06003981227728 8.40474394783101e-24 2.36491805366798e-16 2.3649179906669003e-16 6.300107988067466e-24
1.0620293250338977 8.434322320292933e-24 2.3776949507005944e-16 2.377694884882993e-16 6.5817601043874015e-24
1.0660195594769086 8.493390795845059e-24 2.403342760356544e-16 2.4033426885401424e-16 7.181640210759163e-24
1.070024785945596 8.552337453391531e-24 2.4291151324695327e-16 2.429115054133184e-16 7.833634931691795e-24
1.0740450607676866 8.611157382204173e-24 2.4550111109623064e-16 2.455011025541976e-16 8.542033046023415e-24
1.07808044048254 8.669845717991261e-24 2.481029733094776e-16 2.481029639980224e-16 9.311455213859472e-24
1.0861967418109137 8.786706356556946e-24 2.5334016071180597e-16 2.5334014965814566e-16 1.105366028480093e-23
1.0902777775684922 8.844637143531089e-24 2.559685531976009e-16 2.559685411600301e-16 1.2037570847873688e-23
1.0943741465085532 8.902413305750972e-24 2.586086283798941e-16 2.586086152750835e-16 1.310481056831609e-23
1.1026131145906286 9.017483446456515e-24 2.6392342621178046e-16 2.6392341069531293e-16 1.5516467624872337e-23
1.1109141095355224 9.131880689497411e-24 2.692837486672572e-16 2.692837303190212e-16 1.8348236108990998e-23
1.1192775983109025 9.245465686507079e-24 2.7468569050814137e-16 2.7468566883922665e-16 2.1668914756576466e-23
1.1277040513999907 9.357725759408828e-24 2.8011404640646863e-16 2.801140208486627e-16 2.5557806016105764e-23
1.1361939428280308 9.469195005058298e-24 2.8558471733643633e-16 2.8558468723024787e-16 3.0106188388040376e-23
1.1447477501889525 9.57984118942165e-24 2.9109687372876446e-16 2.9109683830977387e-16 3.5418990603064454e-23
1.1533659546722406 9.689690578395477e-24 2.9665144601016536e-16 2.966514043934362e-16 4.161672913584304e-23
1.1707974979042381 9.907351184599884e-24 3.078993530199479e-16 3.078992957797434e-16 5.724020443256109e-23
1.1884924949847024 1.0121424324684185e-23 3.193063159135308e-16 3.1930623757597627e-16 7.833755458845463e-23
1.2064549276569216 1.0333554056803878e-23 3.3092551266929887e-16 3.309254059839116e-16 1.0668538728906763e-22
1.2246888378427687 1.054155739356303e-23 3.4268884695644837e-16 3.4268870237215833e-16 1.4458429006706967e-22
1.2431983285522175 1.0744995440926108e-23 3.5458151083496697e-16 3.545813158319392e-16 1.9500302770578085e-22
1.2619875648066055 1.0943849863660138e-23 3.666018354652805e-16 3.6660157371224486e-16 2.6175303553405327e-22
1.3004222497298317 1.1324834449803747e-23 3.9091801659666923e-16 3.9091755157648216e-16 4.65020187034862e-22
1.3400274889804893 1.168348090002897e-23 4.1558072216575333e-16 4.155799110853458e-16 8.110804076711818e-22
1.3808389325824078 1.2018974537576289e-23 4.405344454153174e-16 4.40533055879963e-16 1.389535354344578e-21
1.4228933163050095 1.2333255003162593e-23 4.658214506560056e-16 4.658191112673216e-16 2.3393886838316625e-21
1.466228494730424 1.2633568788120724e-23 4.916965236236354e-16 4.916926512389505e-16 3.872384684916598e-21
1.5108834753276823 1.2915425513457448e-23 5.179753868436336e-16 5.179690817911908e-16 6.305052442841425e-21
1.5568984535646726 1.3175321721977068e-23 5.444913053497801e-16 5.444811968494803e-16 1.010850029971721e-20
1.6043148490894465 1.3414293809208218e-23 5.712508385748796e-16 5.712348513237998e-16 1.5987251079951238e-20
1.6531753430134553 1.3633621921883663e-23 5.982732684852806e-16 5.982483543441796e-16 2.4914141100943487e-20
1.7035239163302658 1.3835881716589837e-23 6.256400020254602e-16 6.2560173661164365e-16 3.826541381640839e-20
1.755405889504358 1.4032512857408077e-23 6.53856481260816e-16 6.537985287242449e-16 5.795253657118416e-20
1.8088679632656115 1.4221800718804317e-23 6.828587660972363e-16 6.827721900424576e-16 8.657605477858647e-20
1.8639582606462262 1.440284296289337e-23 7.126131653910494e-16 7.124855347946136e-16 1.2763059643566202e-19
1.9207263702978936 1.45778879276947e-23 7.432407949516353e-16 7.4305505424693365e-16 1.8574070470191262e-19
1.979223391128241 1.475096462705521e-23 7.749696052673923e-16 7.747026600796292e-16 2.6694518776299136e-19
2.039501978296691 1.4926691867256067e-23 8.080851607865939e-16 8.077061473143845e-16 3.7901347220913026e-19
2.1016163906111602 1.511636446813824e-23 8.432769596045597e-16 8.4274511594994495e-16 5.318436546145832e-19
2.1656225393682647 1.5327059415796714e-23 8.810712636336399e-16 8.803334281464513e-16 7.378354871886427e-19
2.231578038680979 1.5560277730162813e-23 9.217196710116005e-16 9.20707354158218e-16 1.012316853382652e-18
2.299542257339062 1.582080482360413e-23 9.65693705470376e-16 9.643197026302178e-16 1.3740028401584552e-18
2.369576372248914 1.6117610569022364e-23 1.0137731904427795e-15 1.0119276926113176e-15 1.845497831461844e-18
2.4417434235010123 1.6461109173732947e-23 1.0669118898119502e-15 1.0644581696810707e-15 2.4537201308793174e-18
2.5161083711144245 1.6868245537860275e-23 1.1265972576993242e-15 1.1233668124209078e-15 3.2304452784164165e-18
2.5927381535095444 1.73657008349847e-23 1.1951444709496768e-15 1.1909317554831186e-15 4.212715466558232e-18
2.6717017477616296 1.7984302778518925e-23 1.2754135106390678e-15 1.2699705412422304e-15 5.442969396837265e-18
2.753070231689431 1.8769381535791348e-23 1.3716290865627957e-15 1.3646597754935536e-15 6.969311069241629e-18
2.836916847834745 1.982226983578967e-23 1.4926893124883782e-15 1.4838433684592405e-15 8.845944029138058e-18
2.9233170693905177 2.1363388658662012e-23 1.6577364893209707e-15 1.6466053145838573e-15 1.113117473711334e-17
2.967498994190263 2.2531695098919447e-23 1.7748182228566577e-15 1.7623930955951919e-15 1.2425127261465615e-17
3.0123486681368425 2.3866191798480445e-23 1.9083489835745983e-15 1.894497952214371e-15 1.3851031360227001e-17
3.0578761833420214 2.6573008364585835e-23 2.1569002146693734e-15 2.1414758070755165e-15 1.5424407593856736e-17
3.1040917844459814 2.999058150069473e-23 2.471091768316409e-15 2.4539482954983194e-15 1.714347281808946e-17
3.127460860933648 3.3470864248118075e-23 2.7786141485594864e-15 2.760547513591632e-15 1.8066634967854946e-17
3.1510058709225794 3.806103005738241e-23 3.183458428447991e-15 3.164427522623588e-15 1.9030905824402335e-17
3.162844764501044 4.2285566638829263e-23 3.550090828333434e-15 3.5305601377020737e-15 1.9530690631359577e-17
3.1747281389236908 4.71789503712818e-23 3.975797432711553e-15 3.955756253174256e-15 2.0041179537298062e-17
3.1986289994194426 6.075692803661122e-23 5.1585674151826814e-15 5.137469910555718e-15 2.1097504626962632e-17
3.2227097969389145 9.258926721633206e-23 7.920475944916172e-15 7.89825701972671e-15 2.2218925189461124e-17
3.2348180950136065 1.227060833811234e-22 1.0536233605469755e-14 1.0513415684768809e-14 2.2817920700945965e-17
3.240889293275058 1.452095798587909e-22 1.249191147696377e-14 1.2468777589603725e-14 2.3133887360044192e-17
3.2469718861334385 1.7124455925370732e-22 1.475926543953366e-14 1.473580460613542e-14 2.3460833398242637e-17
3.2714166318528037 3.0988121605099367e-22 2.690918484293578e-14 2.6884371174414698e-14 2.4813668521094113e-17
3.2744851364798273 3.185572771354698e-22 2.76885355869679e-14 2.7663562004339838e-14 2.4973582628058448e-17
3.2775565192852394 3.274807024510516e-22 2.849084538474423e-14 2.84657110429944e-14 2.5134341749836493e-17
3.283707930232385 3.189511632046672e-22 2.7800854525031203e-14 2.7775431713928518e-14 2.5422811102689505e-17
3.2898708863219004 2.918188420952345e-22 2.5483649135303843e-14 2.545796289617734e-14 2.568623912650767e-17
3.29141343181113 2.8541925736370843e-22 2.4936479593373583e-14 2.4910727181971732e-14 2.575241140184831e-17
3.292184975758714 2.822745633619047e-22 2.4667515284331272e-14 2.4641729739418825e-14 2.578554491244878e-17
3.295272960557952 2.624386948333571e-22 2.2955602561996633e-14 2.2929687963548564e-14 2.5914598448064462e-17
3.3076538914384823 1.936745044103261e-22 1.7004424791270252e-14 1.6977991382521114e-14 2.6433408749141394e-17
3.310756385682612 1.79666765750945e-22 1.5789355694235756e-14 1.5762791417767514e-14 2.6564276468246653e-17
3.313861789986515 1.667376229767569e-22 1.4666869587916043e-14 1.4640173976243364e-14 2.6695611672685478e-17
3.3200813396944477 1.4862203158152057e-22 1.3097890349918909e-14 1.3070912664751943e-14 2.6977685166964725e-17
3.345076488085796 1.1643907532805365e-22 1.0338897594813487e-14 1.0310663920328046e-14 2.8233674485439506e-17
3.3482140837626964 1.1767615733099358e-22 1.0458541646893243e-14 1.0430137867912254e-14 2.840377898098837e-17
3.3513546224236106 1.1892659360622947e-22 1.057958903144587e-14 1.0551014329956233e-14 2.857470148963797e-17
3.3576445397418455 1.2794480423088022e-22 1.140320165283827e-14 1.1374269750595184e-14 2.893190224308925e-17
3.3702598118196083 1.610977988704529e-22 1.4411939201722396e-14 1.4382257945508617e-14 2.968125621377765e-17
3.382922481734668 1.6873857599343356e-22 1.515220575213961e-14 1.51217943236536e-14 3.041142848600686e-17
3.389271646505754 1.7269456940122818e-22 1.5536546613377263e-14 1.550576472576207e-14 3.078188761519118e-17
3.395632727569191 1.7696478319081377e-22 1.5950598822488743e-14 1.591943513948016e-14 3.116368300859129e-17
3.421196662673239 1.9747061103720142e-22 1.7932875888021023e-14 1.7900129700189194e-14 3.2746187831824255e-17
3.4276182099114902 1.9344864880850984e-22 1.7600604136308955e-14 1.756750280528896e-14 3.3101331019997094e-17
3.4340518103208963 1.756400438475991e-22 1.601031265568428e-14 1.5976874459426394e-14 3.3438196257886297e-17
3.4469541582030403 1.502749670901221e-22 1.3749648068542946e-14 1.3715561339295832e-14 3.4086729247114295e-17
3.472904465399547 1.4329442236615646e-22 1.3209657453083427e-14 1.3174079553335962e-14 3.557789974746241e-17
3.4990501388274233 1.3255562401618074e-22 1.2311692424061853e-14 1.227458403011816e-14 3.7108393943693166e-17
3.5253949054701885 9.397982353657472e-23 8.79451372172228e-15 8.755911236294225e-15 3.8602485428055135e-17
3.5519380250092896 5.767438473574019e-23 5.4377317909321604e-15 5.3976217166456475e-15 4.0110074286515184e-17
3.578680990867387 4.338720515083025e-23 4.1214885230066835e-15 4.0797250640028655e-15 4.176345900381797e-17
3.605625307711299 3.772344854193348e-23 3.6104506565209735e-15 3.566942190017863e-15 4.35084665031109e-17
3.660119384959845 3.38383734007644e-23 3.287563596928749e-15 3.2403727027172315e-15 4.7190894211517435e-17
3.715437065384467 3.119663115691599e-23 3.0767133828559207e-15 3.025616578904913e-15 5.109680395100726e-17
3.8285932144167436 3.0463577134093167e-23 3.0959187656207995e-15 3.0363429750294937e-15 5.957579059130551e-17
3.94519561050918 3.100984073541294e-23 3.247412888752169e-15 3.1784625922016815e-15 6.895029655048869e-17
4.06534921144712 3.210537164877472e-23 3.4645353095220912e-15 3.3852926421170165e-15 7.924266740507469e-17
4.189162171576248 3.353624178659492e-23 3.72915983792991e-15 3.638653978887804e-15 9.050585904210615e-17
4.316745939156006 3.522144142456593e-23 4.03583170262047e-15 3.93309376629108e-15 1.0273793632939039e-16
4.448215356677963 3.71319941644237e-23 4.3843327909695024e-15 4.268516268857881e-15 1.1581652211162182e-16
4.58368876423945 3.927031824748905e-23 4.778031129618378e-15 4.648235024302126e-15 1.2979610531625128e-16
4.723288106065518 4.1661491692745465e-23 5.223344688806428e-15 5.078542822062388e-15 1.4480186674404176e-16
4.867139040275056 4.435246283683645e-23 5.730083183959684e-15 5.569565995749943e-15 1.6051718820974058e-16
4.940699165968905 4.5875470031707253e-23 6.01642311289845e-15 5.84772532482005e-15 1.6869778807840018e-16
5.015371051989984 4.7438523158915944e-23 6.315440709140783e-15 6.1383631882706505e-15 1.770775208701335e-16
5.091171501069577 4.923212290019254e-23 6.653278806884495e-15 6.467453362959569e-15 1.858254439249262e-16
5.129500256944802 5.014659115306408e-23 6.827880396480243e-15 6.637609079862683e-15 1.9027131661756014e-16
5.168117569889187 5.1089301340670716e-23 7.008608186207904e-15 6.813806331312149e-15 1.948018548957551e-16
5.20702561229733 5.2186871351286516e-23 7.213074341026973e-15 7.013362053631648e-15 1.99712287395322e-16
5.246226572918644 5.330547293668191e-23 7.423150689220936e-15 7.218464837479309e-15 2.046858517416276e-16
5.265937586045735 5.387284008680702e-23 7.530347395549746e-15 7.32315135068977e-15 2.0719604485997602e-16
5.285722656980489 5.444568397447476e-23 7.639013243033978e-15 7.4292915429659e-15 2.0972170006807773e-16
5.305582063971359 5.502408118589002e-23 7.749171430984053e-15 7.53690872539112e-15 2.1226270559293268e-16
5.3255160863122235 5.563534154046365e-23 7.864695134793819e-15 7.649859095135826e-15 2.148360396579909e-16
5.365609099470188 5.709048866458148e-23 8.131154688802679e-15 7.910993399882339e-15 2.2016128892034525e-16
5.406003951863644 5.858901125471005e-23 8.407404848001089e-15 8.181850104006551e-15 2.2555474399453665e-16
5.446702915881641 6.013287841028122e-23 8.69390947513628e-15 8.462893880489725e-15 2.3101559464655374e-16
5.487708281020852 6.177742519616906e-23 8.998917148820453e-15 8.762354104362443e-15 2.365630444580094e-16
5.529022354014368 6.395580186354678e-23 9.38637124586863e-15 9.144018176538212e-15 2.4235306933041696e-16
5.570647458961463 6.624124507352951e-23 9.79498092830659e-15 9.546763210857145e-15 2.4821771744944593e-16
5.612585937458331 6.864126708281777e-23 1.0226281151050482e-14 9.972124907065767e-15 2.541562439847146e-16
5.654840148729818 7.124724340379999e-23 1.0694434668236963e-14 1.0434241549642431e-14 2.601931185945313e-16
5.67608639626678 7.297326580524259e-23 1.099467036571054e-14 1.0731321485534064e-14 2.633488801764738e-16
5.686739436050992 7.385976380617079e-23 1.1149122238515738e-14 1.088418763277573e-14 2.649346057400085e-16
5.6974124697621304 7.476241223939474e-23 1.1306557623360686e-14 1.1040032075193624e-14 2.6652554816706303e-16
5.718818669136295 7.661769497493934e-23 1.1630672891241508e-14 1.1360949847371578e-14 2.697230438699339e-16
5.740305295436557 7.864727000721992e-23 1.1983621289872281e-14 1.1710658758821826e-14 2.7296253105045516e-16
5.7835210386641895 8.382970187907265e-23 1.2869440742037943e-14 1.2589770549759415e-14 2.7967019227852654e-16
5.827062130521658 8.973947321698039e-23 1.3880419687774688e-14 1.3593898434552162e-14 2.865212532225255e-16
5.8489554468988025 9.383581586578281e-23 1.4568551738750855e-14 1.427834399904633e-14 2.9020773970452455e-16
5.870931020387893 9.82113380413984e-23 1.5305165803164338e-14 1.5011242739139458e-14 2.939230640248762e-16
5.892989160043636 1.0288830343200558e-22 1.6094262530897097e-14 1.5796595313108234e-14 2.9766721778886614e-16
5.915130176081913 1.0818382370628667e-22 1.698619349976782e-14 1.668464830519323e-14 3.0154519457458996e-16
5.95966208400165 1.2288865784814536e-22 1.9440295844570058e-14 1.9129993514775492e-14 3.1030232979456914e-16
6.004529249263818 1.439313240585785e-22 2.2940544318122777e-14 2.262042759937109e-14 3.201167187516899e-16
6.027089341400364 1.5850228971988192e-22 2.5357860167395163e-14 2.503211268688625e-14 3.257474805089145e-16
6.049734195844842 1.7566696562281918e-22 2.8209528435425797e-14 2.787782351075451e-14 3.3170492467128516e-16
6.095279466722835 2.2511339895534916e-22 3.6422051247436044e-14 3.607584234168184e-14 3.462089057542011e-16
6.141167624020661 3.009498755028048e-22 4.9058532479320135e-14 4.869367110734014e-14 3.6486137198000673e-16
6.164241091010745 3.4935503504078146e-22 5.71631372734866e-14 5.678665290397796e-14 3.764843695086489e-16
6.187401249150058 4.043534996003576e-22 6.641083181057406e-14 6.602238818531188e-14 3.884436252621836e-16
6.1990139391386085 4.3120509159966705e-22 7.095384358352488e-14 7.0559309608671e-14 3.9453397485387347e-16
6.204828454712694 4.453369431653183e-22 7.334794249752723e-14 7.295032979498073e-14 3.976127025464943e-16
6.210648424152782 4.556620044377936e-22 7.511889563129237e-14 7.471863989189248e-14 4.0025573939988905e-16
6.233982942956859 4.90721680377391e-22 8.120266609557597e-14 8.079310998836085e-14 4.095561072151281e-16
6.239830258556775 4.951985395707123e-22 8.20203397707207e-14 8.160942916648306e-14 4.109106042376469e-16
6.245683058788269 4.955897214215205e-22 8.216212544059289e-14 8.174985721747672e-14 4.122682231161461e-16
6.257405133728602 4.94633092131751e-22 8.215743568857657e-14 8.17427534569665e-14 4.1468223161007917e-16
6.269149208991335 4.877533306628516e-22 8.116677362673126e-14 8.075102288292353e-14 4.1575074380773103e-16
6.280915325867298 4.704948032644094e-22 7.844173709860557e-14 7.802658470328913e-14 4.1515239531643303e-16
6.304513850009849 4.279355612402746e-22 7.161424436382197e-14 7.120180034369002e-14 4.124440201319489e-16
6.32820103803542 3.7523984315953532e-22 6.303164571956818e-14 6.262351855839606e-14 4.081271611721218e-16
6.3519772230701035 3.2694901175196573e-22 5.5126242873060165e-14 5.472192286735704e-14 4.043200057031208e-16
6.375842739491607 2.8629921038636003e-22 4.8453726090966374e-14 4.805269348583903e-14 4.0103260512734552e-16
6.399797922933955 2.5382268523709376e-22 4.311874663992793e-14 4.27190798831623e-14 3.9966675676562156e-16
6.42384311029221 2.268100089435837e-22 3.86746662329684e-14 3.8275983286068094e-14 3.9868294690030983e-16
6.447978639727206 2.0719614371973762e-22 3.546293624907062e-14 3.506373047743083e-14 3.9920577163978535e-16
6.472204850670314 1.908640655970158e-22 3.279033534159757e-14 3.239030376480379e-14 4.000315767937761e-16
6.496522083828205 1.8032076775789717e-22 3.109539657553762e-14 3.069331089127005e-14 4.0208568426758784e-16
6.520930681187647 1.7145662736226315e-22 2.967790862343217e-14 2.9273574405121927e-14 4.0433421831024864e-16
6.57002334288761 1.6254358507237096e-22 2.834693970732153e-14 2.793637994085271e-14 4.105597664688184e-16
6.619489833774732 1.6187871395048394e-22 2.8443543378637466e-14 2.8025313772757575e-14 4.18229605879896e-16
6.6693287637831435 1.656607192070119e-22 2.93272338369565e-14 2.890069003780657e-14 4.2654379914992485e-16
6.719538636694507 1.7037280690978868e-22 3.038849324740073e-14 2.995382646999242e-14 4.3466677740830854e-16
6.770126513364129 1.8178653515306684e-22 3.266840488898611e-14 3.222492631680182e-14 4.434785721842973e-16
6.8210952395837445 1.9892544897640278e-22 3.601752724851255e-14 3.5564228701570566e-14 4.532985469419907e-16
6.872447682569556 2.204539829524322e-22 4.021599563711281e-14 3.9751886449509266e-14 4.641091876035387e-16
6.924186731123532 2.475955223376024e-22 4.550729179985666e-14 4.503142293518652e-14 4.758688646701364e-16
6.976315295795916 2.6973393286113653e-22 4.994949687809735e-14 4.946162958600766e-14 4.878672920896892e-16
7.028836309048954 2.7337597359534405e-22 5.1005053232159173e-14 5.0505744322494454e-14 4.993089096647227e-16
7.081752725421856 2.644963449516526e-22 4.971985648071722e-14 4.9209301096975945e-14 5.105553837412816e-16
7.135067521697011 2.5880459292302313e-22 4.901618424232442e-14 4.849321360433636e-14 5.229706379880706e-16
7.1887836970674375 2.6455233487858227e-22 5.048198788466399e-14 4.994463765100388e-14 5.373502336601141e-16
7.242904273305506 2.835418300953628e-22 5.4512903779561826e-14 5.395867310239759e-14 5.542306771642411e-16
7.297432294932914 3.132875703550975e-22 6.068518385214443e-14 6.011053387247925e-14 5.746499796652079e-16
7.352370829391971 3.472803768922155e-22 6.777617891217768e-14 6.717499404027188e-14 6.011848719057953e-16
7.379995003818881 3.6839774992590507e-22 7.21676344249688e-14 7.155087480143644e-14 6.167596235323604e-16
7.407722967218148 3.9164884998216717e-22 7.701069113441229e-14 7.637763967899266e-14 6.330514554196354e-16
7.463496598684601 4.505074009784623e-22 8.925112566568641e-14 8.858133194615595e-14 6.697937195304399e-16
7.519690156487492 5.265607851434811e-22 1.0510367261002385e-13 1.0439074640980333e-13 7.129262002205262e-16
7.533803324048627 5.48676049447909e-22 1.0972351566755436e-13 1.0899837559130775e-13 7.251400762466053e-16
7.547942979602549 5.717686185785833e-22 1.1455613674675018e-13 1.1381857005742345e-13 7.37566689326721e-16
7.57630195363571 6.204126268162833e-22 1.2476918444433738e-13 1.2400596611688768e-13 7.632183274496785e-16
7.590521371821866 6.450042903080046e-22 1.2995818694575332e-13 1.2918151549830975e-13 7.766714474435497e-16
7.604767477414989 6.706117407352794e-22 1.353712768440074e-13 1.3458091235662022e-13 7.903644873872074e-16
7.633339951266878 7.220580980845722e-22 1.4630399334201848e-13 1.4548614282408996e-13 8.178505179285015e-16
7.662019777021956 7.620825206913826e-22 1.5499393429758208e-13 1.541511168037866e-13 8.42817493795462e-16
7.690807358020558 7.895316068426552e-22 1.6117990175779858e-13 1.6031580730981854e-13 8.640944479800931e-16
7.719703099118437 8.035409087740935e-22 1.6465617504287414e-13 1.637748121016756e-13 8.81362941198553e-16
7.748707406692464 8.012833897463192e-22 1.6481048418783555e-13 1.6391288538561983e-13 8.975988022157234e-16
7.777823177463063 7.866164039064203e-22 1.6240167248173544e-13 1.6147299520621535e-13 9.286772755201138e-16
7.807048350752435 7.641743167494037e-22 1.5836118374560284e-13 1.5739719332661198e-13 9.639904189908414e-16
7.836380830085272 7.331454030377277e-22 1.52501839558313e-13 1.5150308640546395e-13 9.987531528489831e-16
7.851088371676256 7.116151398844987e-22 1.4830113612354436e-13 1.4728730528711883e-13 1.0138308364255586e-15
7.86582351679805 6.888006134504178e-22 1.4381598374384647e-13 1.4278802544272577e-13 1.0279583011207518e-15
7.89537682495964 6.384616428619793e-22 1.3380646787770805e-13 1.327539997114865e-13 1.0524681662215194e-15
7.9250411701946435 5.841820063079614e-22 1.2289073338260325e-13 1.218124472912509e-13 1.0782860913523335e-15
7.939915112024199 5.554173843706028e-22 1.1705898692149208e-13 1.1596702732569497e-13 1.0919595957970893e-15
7.954816969689239 5.282148661056453e-22 1.1153476188121259e-13 1.1042842315323715e-13 1.1063387279754474e-15
7.9847046421970465 4.780675386024617e-22 1.0132521749275562e-13 1.0018757988057144e-13 1.1376376121841741e-15
8.044817289139356 3.937342805652057e-22 8.40792533659292e-14 8.286630272342309e-14 1.2129506425060857e-15
8.07504310897143 3.625644096645482e-22 7.771403397080492e-14 7.645558518014193e-14 1.2584487906630271e-15
8.105382492623747 3.3502241558780965e-22 7.20803377086752e-14 7.07732697057406e-14 1.3070680029345887e-15
8.135835866775926 3.1326354290086666e-22 6.765212877791952e-14 6.629609413922007e-14 1.3560346386994455e-15
8.166403659710703 2.969548686660162e-22 6.437106969065691e-14 6.2961890888307e-14 1.4091788023498908e-15
8.197086301319933 2.849822892058424e-22 6.200786970133366e-14 6.054275963027246e-14 1.4651100710611747e-15
8.227884223110665 2.745364583096053e-22 5.995944879608157e-14 5.843508147215495e-14 1.524367323926643e-15
8.258797858211198 2.6880864170742076e-22 5.892905760627595e-14 5.73269326543536e-14 1.6021249519223217e-15
8.289827641377162 2.6778351335031935e-22 5.89248884826422e-14 5.717068500300086e-14 1.754203479641337e-15
8.320974008997652 2.705213702632464e-22 5.975099986392062e-14 5.781405416157656e-14 1.9369457023440647e-15
8.35223739910135 2.748457502004592e-22 6.09342246105526e-14 5.879743585402064e-14 2.1367887565319635e-15
8.383618251362687 2.86185913617609e-22 6.368676379239554e-14 6.134741760306153e-14 2.339346189334018e-15
8.415117007108037 3.021126153527151e-22 6.748363263245886e-14 6.492409546610535e-14 2.559537166353512e-15
8.446734109321913 3.230579704818924e-22 7.243337424809116e-14 6.964783334020017e-14 2.785540907890986e-15
8.478470002653195 3.4946615603827823e-22 7.864878973201428e-14 7.563100293101063e-14 3.017786801003662e-15
8.542299949622933 4.0684440664213144e-22 9.225132223707084e-14 8.874524294574047e-14 3.5060792913303746e-15
8.558332380220154 4.190405407526209e-22 9.519510643021412e-14 9.156379617407747e-14 3.631310256136646e-15
8.574394900937412 4.268912373418516e-22 9.716059254919167e-14 9.340477030171318e-14 3.755822247478456e-15
8.606610438733982 4.279312960120868e-22 9.77632494044664e-14 9.376273387464861e-14 4.000515529817758e-15
8.622764948673899 4.225539479222576e-22 9.671595942431529e-14 9.25928490410987e-14 4.123110383216572e-15
8.638949780445296 4.1027888447229384e-22 9.408265149581429e-14 8.984032487161497e-14 4.242326624199298e-15
8.655163606183647 3.9780593966194522e-22 9.139364070938103e-14 8.70291172483108e-14 4.364523461070256e-15
8.671407862489573 3.8287972518815917e-22 8.812952238634663e-14 8.364238735574868e-14 4.487135030597951e-15
8.703987895363145 3.4729706206339527e-22 8.023961216494264e-14 7.550672731516946e-14 4.732884849773174e-15
8.736690337257128 3.157597989489151e-22 7.322733227973127e-14 6.823615731323894e-14 4.991174966492291e-15
8.802464289484785 2.62807555802487e-22 6.140610517111794e-14 5.586622893665922e-14 5.539876234458715e-15
8.868733419248175 2.28686712824327e-22 5.383589852184619e-14 4.7642866713188136e-14 6.1930318086580546e-15
8.935501454478851 2.078161804646778e-22 4.929101047757347e-14 4.222234244172621e-14 7.068668035847265e-15
9.002772151174003 1.9516575160140235e-22 4.6639007549848944e-14 3.863460039006325e-14 8.004407159785691e-15
9.07054929360775 1.876716085348787e-22 4.518576061968573e-14 3.621150300298747e-14 8.974257616698261e-15
9.13883669454403 1.8340886226554627e-22 4.4491870727759626e-14 3.451068238361374e-14 9.98118834414588e-15
9.207638195451068 1.8173504424625083e-22 4.44177300063106e-14 3.342817937739161e-14 1.0989550628918995e-14
9.276957666717493 1.8103291789027165e-22 4.457922963825467e-14 3.248905563797675e-14 1.2090174000277915e-14
9.346799007870057 1.8191092585379296e-22 4.5132679811907284e-14 3.196905062736288e-14 1.316362918454439e-14
9.417166147792997 1.8328092140796606e-22 4.5814919239158974e-14 3.1520205067797504e-14 1.4294714171361476e-14
9.488063044949055 1.8448077608215003e-22 4.6462022606157766e-14 3.133036080780548e-14 1.51316617983523e-14
9.559493687602165 1.8602109032018944e-22 4.7202663951733625e-14 3.1180281734210445e-14 1.602238221752317e-14
9.631462094041797 1.8814756420848737e-22 4.8101680910905265e-14 3.121578459975419e-14 1.6885896311151087e-14
9.703972312809022 1.9037664430822697e-22 4.9037988697981284e-14 3.127673802582074e-14 1.7761250672160537e-14
9.777099908821425 1.9178844216190835e-22 4.9773928281576395e-14 3.149256024897483e-14 1.828136803260157e-14
9.924867353363874 1.9456778114301737e-22 5.125840289671136e-14 3.2115290049491665e-14 1.9143112847219692e-14
10.074868099996943 1.9633152622234054e-22 5.250478020696612e-14 3.310690093139408e-14 1.939787927557203e-14
10.150790707826552 1.9691853488956118e-22 5.3058614152604316e-14 3.372210306306147e-14 1.9336511089542847e-14
10.22721067892732 1.9823342239190287e-22 5.381502103659388e-14 3.4560640143279467e-14 1.9254380893314413e-14
10.304205975847633 1.9969360998379117e-22 5.461955185993745e-14 3.545546671767233e-14 1.9164085142265126e-14
10.381780929913377 2.0171613440203066e-22 5.558811283720484e-14 3.6684262832432814e-14 1.8903850004772026e-14
10.459939905058707 2.0408984604637816e-22 5.6665669010317856e-14 3.802572236874774e-14 1.8639946641570095e-14
10.538687298071551 2.0816922409678053e-22 5.823344391055416e-14 3.993787561665896e-14 1.82955682938952e-14
10.618027538840941 2.1292350564805656e-22 6.001183249266296e-14 4.2072776145878515e-14 1.7939056346784428e-14
10.697971937068667 2.201574966310361e-22 6.25178977250822e-14 4.5102032251357715e-14 1.741586547372447e-14
10.778518246224262 2.3114943431697986e-22 6.613347284151606e-14 4.925330908182898e-14 1.6880163759687064e-14
10.859664048220797 2.4852420461206434e-22 7.163982492245553e-14 5.5302495173412176e-14 1.633732974904334e-14
10.941420754335242 2.759662705841606e-22 8.014919353635808e-14 6.435820762622105e-14 1.579098591013702e-14
10.961955922839442 2.857803993432545e-22 8.315529781571736e-14 6.75032874678123e-14 1.565201034790507e-14
10.982529632329763 2.9683795156680574e-22 8.653488935164566e-14 7.10208091111672e-14 1.551408024047846e-14
11.023792963743814 3.23975313331673e-22 9.480088678594778e-14 7.95607420631445e-14 1.524014472280329e-14
11.065211328886559 3.598726900641083e-22 1.0570074200992959e-13 9.073555434885136e-14 1.4965187661078184e-14
11.08597883104876 3.83044467814769e-22 1.1271784376798708e-13 9.789064226659557e-14 1.4827201501391526e-14
11.106785310247485 4.0899113523419377e-22 1.2057900759561658e-13 1.0589024646489053e-13 1.4688761130726048e-14
11.14851549250461 4.708554748047558e-22 1.3933945233542029e-13 1.2492880520722796e-13 1.4410647128192316e-14
11.169441129330048 5.041847017855992e-22 1.494825646801724e-13 1.3520892716343995e-13 1.427363751673247e-14
11.190406043337886 5.339179770928413e-22 1.585951208068307e-13 1.444596721857856e-13 1.4135448621045128e-14
11.21140851448765 5.62842911263117e-22 1.675007712989539e-13 1.5350591462418806e-13 1.3994856674765837e-14
11.22192452720434 5.78066326033687e-22 1.721925858012117e-13 1.5826747411214212e-13 1.3925111689069526e-14
11.232450403670388 5.846542010981091e-22 1.7431831425475274e-13 1.6045663536204766e-13 1.3861678892705089e-14
11.253533585369773 5.9047630629724175e-22 1.7638466316184573e-13 1.6264595420239043e-13 1.3738708959455354e-14
11.274656339961506 5.920980411173471e-22 1.7720108243532448e-13 1.6358353983665883e-13 1.3617542598665674e-14
11.285231677511122 5.929162007119565e-22 1.7761237817309635e-13 1.6405445171375454e-13 1.3557926459341846e-14
11.295816934455262 5.870750939512338e-22 1.7602758660736767e-13 1.625301929031945e-13 1.3497393704173126e-14
11.317017243752359 5.719221697753576e-22 1.7180600621056182e-13 1.5842977712774253e-13 1.3376229082819273e-14
11.338257342390673 5.567768906287395e-22 1.6757026028077677e-13 1.5431456279664165e-13 1.325569748413515e-14
11.359537305047965 5.404799153917693e-22 1.6297073907074897e-13 1.498376775728621e-13 1.3133061497886892e-14
11.402217121831576 5.040283654020134e-22 1.5255052891990887e-13 1.3967119454717874e-13 1.2879334372730118e-14
11.423617126015266 4.85064614882771e-22 1.4708645000931477e-13 1.343367978549197e-13 1.2749652154395096e-14
11.445057294333186 4.657333143560584e-22 1.4148966186724663e-13 1.2887489160870011e-13 1.2614770258546512e-14
11.488058425037956 4.265377422531989e-22 1.3006892008401587e-13 1.1773906347617147e-13 1.2329856607844419e-14
11.53122111869469 3.9163012026641716e-22 1.1987284675968386e-13 1.0782153932814358e-13 1.2051307431540272e-14
11.574545982324347 3.605164085022213e-22 1.1076394966063251e-13 9.898496414297251e-14 1.1778985517660039e-14
11.618033625228566 3.3303503251656567e-22 1.0270509348192347e-13 9.119932197721751e-14 1.1505771504705975e-14
11.661684658998247 3.1012178205736654e-22 9.59981795732661e-14 8.478954680495545e-14 1.1208632768310653e-14
11.705499697522141 2.924174432334514e-22 9.085789412236153e-14 7.995373997459577e-14 1.0904154147765775e-14
11.749479356995494 2.7847927718829314e-22 8.685222297639466e-14 7.626402531738473e-14 1.058819765900995e-14
11.793624255928705 2.6646004797282047e-22 8.341589653700843e-14 7.314207282811365e-14 1.027382370889479e-14
11.83793501515603 2.5869077137092046e-22 8.128797792695547e-14 7.134896681532819e-14 9.939011111627265e-15
11.882412257844306 2.51976439928945e-22 7.947563101538139e-14 6.986779044073934e-14 9.607840574642047e-15
11.92705660950172 2.482656887815947e-22 7.859943355993032e-14 6.934031317966527e-14 9.259120380265053e-15
11.971868697986617 2.4539309309145207e-22 7.798188212910533e-14 6.906866177897808e-14 8.913220350127246e-15
12.016849153516302 2.4556813920691135e-22 7.833070980253357e-14 6.978907775261919e-14 8.541632049914371e-15
12.061998608675935 2.4639132964282204e-22 7.888857809269756e-14 7.071251423393908e-14 8.176063858758487e-15
12.152807060118223 2.5384769583487066e-22 8.18878109857706e-14 7.447922903179249e-14 7.408581953978115e-15
12.198467333490619 2.6065365105485567e-22 8.439923558395498e-14 7.739800895052402e-14 7.001226633430975e-15
12.244299160690385 2.6842582267542616e-22 8.724241076039316e-14 8.063983346683251e-14 6.602577293560648e-15
12.290303186275983 2.788817823844223e-22 9.098130774606237e-14 8.48079294860958e-14 6.173378259966581e-15
12.3364800572276 2.9063030289802976e-22 9.517033293078474e-14 8.934400759996483e-14 5.826325330819872e-15
12.382830422956244 3.050405657786143e-22 1.0026444549815913e-13 9.455238682850116e-14 5.712058669657963e-15
12.429354935312874 3.201746549783159e-22 1.0563430352733375e-13 1.0003383146493357e-13 5.600472062400195e-15
12.476058240797144 3.3479936941584143e-22 1.1087444473029008e-13 1.0538295594941719e-13 5.491488780872881e-15
12.522937033967983 3.4974872733081853e-22 1.1626038929088548e-13 1.1084590676179172e-13 5.4144825290937226e-15
12.569987951963114 3.6185520455536155e-22 1.2073664897894154e-13 1.1527752678785714e-13 5.459122191084435e-15
12.593579661530361 3.660596962756877e-22 1.223687550800525e-13 1.1688774683547454e-13 5.481008244577935e-15
12.617215648686605 3.690913499792419e-22 1.2361376269301785e-13 1.1811114969966583e-13 5.502612993352053e-15
12.664620788327802 3.704004951202858e-22 1.2451829977263846e-13 1.189736631834236e-13 5.544636589214831e-15
12.71220403757155 3.6669297536568594e-22 1.2373508994162285e-13 1.1814961474059078e-13 5.585475201032063e-15
12.736062662318053 3.6274003585166245e-22 1.226309553984718e-13 1.1702559634043475e-13 5.6053590580370705e-15
12.759966065607527 3.5759160115293397e-22 1.2111732273757476e-13 1.1549237143935057e-13 5.62495129822419e-15
12.807907544139693 3.4336438528698944e-22 1.1673547743729394e-13 1.110724680358561e-13 5.6630094014378384e-15
12.856029147395699 3.274962079100356e-22 1.1175901285629427e-13 1.0605847964428374e-13 5.700533212010562e-15
12.904331552136407 3.1061787750614176e-22 1.0639749269252518e-13 1.006593034270571e-13 5.738189265468084e-15
12.95281543766539 2.93405431355619e-22 1.0087923018022781e-13 9.51037687225859e-14 5.775461457641937e-15
13.00148148583848 2.7770611816213737e-22 9.584020252077467e-14 9.002716670555347e-14 5.813035815221149e-15
13.050330381073369 2.633803551393599e-22 9.123769783399385e-14 8.538678140385626e-14 5.850916430137602e-15
13.099362810359226 2.504243200725825e-22 8.707552612437085e-14 8.118643744368439e-14 5.889088680686456e-15
13.197981031955921 2.28862480689043e-22 8.017731971990303e-14 7.42111221341317e-14 5.9661975857713184e-15
13.247568211189632 2.2018523360694786e-22 7.742724163875293e-14 7.142216821242121e-14 6.005073426331705e-15
13.297341698339563 2.1236708349435227e-22 7.495859966126064e-14 6.891440889173409e-14 6.044190769526564e-15
13.397450398986955 1.9985050836940015e-22 7.107172365525791e-14 6.494917002949189e-14 6.122553625766021e-15
13.447787020368724 1.9487206432341001e-22 6.956164459292289e-14 6.340001574685082e-14 6.161628846072047e-15
13.498312765455129 1.9033063070884794e-22 6.8195796577837e-14 6.199501525222713e-14 6.200781325609879e-15
13.59993447169816 1.8295653909958855e-22 6.604716567825595e-14 5.976927928699045e-14 6.2778863912654944e-15
13.702321234386334 1.773936632077067e-22 6.452108766827965e-14 5.814026052105667e-14 6.380827147222956e-15
13.805478813227746 1.7384474867592474e-22 6.370631480601378e-14 5.698500048726435e-14 6.72131431874944e-15
13.90941301129231 1.709165120587709e-22 6.310478004356855e-14 5.600991339386122e-14 7.094866649707321e-15
13.96167316792965 1.7026649059235176e-22 6.310097722842295e-14 5.574145228791293e-14 7.359524940510022e-15
14.014129675338197 1.6984877638844505e-22 6.31826718596865e-14 5.5549617126013316e-14 7.63305473367318e-15
14.119634696140762 1.7044859510839965e-22 6.388314960073499e-14 5.568538567464988e-14 8.197763926085123e-15
14.225934008823913 1.713485280731837e-22 6.470392123424338e-14 5.592035969198656e-14 8.783561542256832e-15
14.333033593193976 1.7234543625392346e-22 6.55703254872753e-14 5.616203360374031e-14 9.408291883534977e-15
14.44093947407611 1.7321648617739616e-22 6.639786349589184e-14 5.6360142955859583e-14 1.003772054003226e-14
14.54965772165321 1.7421534939095918e-22 6.728350793448697e-14 5.6573330387247545e-14 1.0710177547239421e-14
14.659194451807393 1.7534555716893055e-22 6.822983250751072e-14 5.68011628075675e-14 1.1428669699943233e-14
14.769555826464039 1.765728704301378e-22 6.922466215402025e-14 5.703372322164989e-14 1.219093893237035e-14
14.992777389284976 1.7873279779460293e-22 7.113048655083853e-14 5.737293876570813e-14 1.3757547785130388e-14
15.21937263962189 1.8143813600106427e-22 7.32984446476938e-14 5.777276526057969e-14 1.5525679387114102e-14
15.449392566130673 1.8412056960749903e-22 7.550629343381723e-14 5.802052944160299e-14 1.748576399221427e-14
15.682888928090767 1.8991478459645419e-22 7.90595385133698e-14 5.835387030683112e-14 2.0705668206538674e-14
15.919914267052077 1.9640633960389785e-22 8.299762393070243e-14 5.857619274100428e-14 2.4421431189698136e-14
16.03976693895051 1.9979738945639078e-22 8.506625156980997e-14 5.873799490186241e-14 2.632825666794757e-14
16.1605219186579 2.0423311172780443e-22 8.760945325223519e-14 5.924277334283008e-14 2.8366679909405094e-14
16.22123989475974 2.063759867898563e-22 8.886129601502685e-14 5.953640230098051e-14 2.932489371404633e-14
16.282185999175777 2.0858111397091087e-22 9.014821404687103e-14 5.983143265188029e-14 3.0316781394990704e-14
16.312744867225646 2.097076530705108e-22 9.08052078371191e-14 5.997947205189842e-14 3.0825735785220676e-14
16.343361089024967 2.1085052114924335e-22 9.147143406873387e-14 6.012786024769267e-14 3.13435738210412e-14
16.404766024646595 2.1318630717223863e-22 9.283222941850958e-14 6.042568093102502e-14 3.240654848748458e-14
16.466401669612416 2.1559064446095244e-22 9.423192190943473e-14 6.072489057240133e-14 3.350703133703339e-14
16.497306278852424 2.1681921945733115e-22 9.494678136359434e-14 6.087501496415496e-14 3.4071766399439395e-14
16.528268890738765 2.1806578157895475e-22 9.567188370605649e-14 6.102548505236164e-14 3.464639865369483e-14
16.590368558098763 2.2061404589927072e-22 9.715353927667488e-14 6.132746024413018e-14 3.582607903254472e-14
16.65270154503456 2.231598557423453e-22 9.86438930374885e-14 6.162832184001158e-14 3.701557119747691e-14
16.715268728169598 2.2543698231044296e-22 1.000248614442612e-13 6.191992558393418e-14 3.8104935860327056e-14
16.778070987420957 2.277716218495435e-22 1.0144042843792667e-13 6.221292362481612e-14 3.922750481311055e-14
16.9043842704834 2.3261983171314903e-22 1.0437957561950451e-13 6.28030816550735e-14 4.1576493964430967e-14
17.03164849990255 2.3771775581205517e-22 1.0747012158307352e-13 6.33987543613032e-14 4.407136722177029e-14
17.159870834853997 2.4299510381226635e-22 1.1068301238104543e-13 6.399705537722253e-14 4.6685957003822874e-14
17.289058488411015 2.476967508344376e-22 1.136739853295753e-13 6.457363987582694e-14 4.910034545374838e-14
17.35401657858945 2.5012455878009148e-22 1.1521944437907716e-13 6.486404568910524e-14 5.035539868997192e-14
17.386587088641786 2.5135822619806253e-22 1.1600504483116448e-13 6.50097740377232e-14 5.099527079344132e-14
17.419218727950305 2.526052714399362e-22 1.167993739238088e-13 6.515585156688099e-14 5.164352235692782e-14
17.48466585346766 2.5514011382495726e-22 1.184146716268367e-13 6.544905086969266e-14 5.296562075714405e-14
17.550358875560836 2.5773034281223675e-22 1.200662608727153e-13 6.574363701984084e-14 5.4322623852874466e-14
17.682486308455736 2.626879070383315e-22 1.2329709486129653e-13 6.633372574900932e-14 5.696336911228719e-14
17.81560845938729 2.639659991304091e-22 1.2482974475521068e-13 6.689854408381356e-14 5.793120067139709e-14
17.882544892141226 2.646120665112206e-22 1.2560542619752164e-13 6.718314934093132e-14 5.842227685659032e-14
17.949732817065083 2.652323192856921e-22 1.2637287458716237e-13 6.746920637416855e-14 5.890366821299385e-14
18.084866926577256 2.6622175317699787e-22 1.2779924543169715e-13 6.804563979262055e-14 5.975360563907656e-14
18.221018389814958 2.6721516529577053e-22 1.29241854634715e-13 6.863039327221153e-14 6.061146136250346e-14
18.496404071615608 2.690182327634535e-22 1.3208042352901112e-13 6.987537378486254e-14 6.220504974414856e-14
18.635790038622734 2.7011494718923835e-22 1.336182744589022e-13 7.059365150731405e-14 6.302462295158816e-14
18.776226396166493 2.7120552206333227e-22 1.3516874273692854e-13 7.131523854411079e-14 6.385350419281776e-14
18.91772105982334 2.7216518144676883e-22 1.3666925120769865e-13 7.202780642901443e-14 6.464144477868422e-14
19.203636446149176 2.741076800817158e-22 1.3972499815629509e-13 7.346528904922244e-14 6.625970910707262e-14
19.4938730510763 2.759093270082524e-22 1.4276901014105857e-13 7.489657525634666e-14 6.787243488471192e-14
19.78849618389234 2.776013896702106e-22 1.458155567481197e-13 7.632533928148714e-14 6.949021746663254e-14
20.08757214094514 2.791575314052193e-22 1.4884910638760004e-13 7.774435405445146e-14 7.110475233314858e-14
20.391466406516905 2.806104303034476e-22 1.5188738358405719e-13 7.915927510718305e-14 7.272810847687411e-14
20.699681925472166 2.818770749252486e-22 1.548791160291704e-13 8.057621555578663e-14 7.430290047338377e-14
21.012556099387844 2.827142883746332e-22 1.5768706770588345e-13 8.199850598008045e-14 7.5688561725803e-14
21.652507708764745 2.844635763921354e-22 1.6349493419033113e-13 8.514307671549792e-14 7.835185747483319e-14
21.979755641372343 2.8535043374281817e-22 1.6648335909563614e-13 8.675404545358574e-14 7.972931364205038e-14
22.311949477282987 2.861887048665888e-22 1.6949599476816068e-13 8.836205712508574e-14 8.113393764307495e-14
22.64916396703608 2.8696426838644854e-22 1.7252396568891369e-13 8.996065419065521e-14 8.256331149825843e-14
22.991811201917592 2.876916175613881e-22 1.7557789004459655e-13 9.155516499326678e-14 8.402272505132973e-14
23.339642165776596 2.8835471674541657e-22 1.7864492622876862e-13 9.313665328569004e-14 8.550827294307856e-14
23.69273528050995 2.889685316360295e-22 1.8173358181713899e-13 9.470959788077187e-14 8.702398393636708e-14
24.414313559781952 2.9034609126153316e-22 1.8816113966988918e-13 9.80196231677606e-14 9.01415165021286e-14
24.78366481022829 2.911440196490985e-22 1.9153265709312225e-13 9.973560109495438e-14 9.179705599816788e-14
25.15860378059443 2.9201392316294693e-22 1.9501118781138493e-13 1.0148199801870077e-13 9.352918979268415e-14
25.924826076583233 2.9373775960140383e-22 2.0213664941948894e-13 1.049618680070744e-13 9.717478141241452e-14
26.714384190886577 2.9541600102703114e-22 2.0948291829912146e-13 1.0846727479065706e-13 1.0101564350846439e-13
27.527988831636016 2.9698687779830105e-22 2.170107146422583e-13 1.119984489137093e-13 1.0501226572854897e-13
28.366372352060132 2.9855148914280824e-22 2.2479801610512884e-13 1.1559923684836494e-13 1.091987792567639e-13
29.2302894097004 3.0011532574004105e-22 2.3285776360967324e-13 1.1931446924103568e-13 1.1354329436863753e-13
30.12051764570424 3.0177835745890696e-22 2.412792391832584e-13 1.2307121437267965e-13 1.182080248105787e-13
30.575747924857424 3.027116468892733e-22 2.4568330921276134e-13 1.2493618355740185e-13 1.2074712565535948e-13
31.037858384806153 3.03720760252242e-22 2.502278581888355e-13 1.2679024611875315e-13 1.234376120700823e-13
31.983137356627505 3.0588580188245316e-22 2.5968676444300553e-13 1.305627453505477e-13 1.2912401909245788e-13
32.95720543894392 3.0857169542258394e-22 2.6994537989885735e-13 1.3451555855609e-13 1.354298213427673e-13
33.960939423588975 3.1141656978797334e-22 2.8073130523765104e-13 1.3853706568297298e-13 1.421942395546781e-13
34.99524280568484 3.140086251294885e-22 2.9168897980387307e-13 1.4246480434046328e-13 1.4922417546340977e-13
36.06104659690874 3.1659747096824066e-22 3.030506371557948e-13 1.4641432385372604e-13 1.566363133020687e-13
37.159310163528254 3.19254768107325e-22 3.149013107088135e-13 1.5059365646829097e-13 1.6430765424052254e-13
38.29102208995955 3.2198430218400665e-22 3.2726615265588724e-13 1.5488002728048278e-13 1.7238612537540438e-13
39.45720106862597 3.244170748384425e-22 3.397812518555098e-13 1.5908575081813787e-13 1.8069550103737184e-13
40.65889681691763 3.268196405769098e-22 3.5272250650217767e-13 1.633094639525824e-13 1.8941304254959532e-13
41.897191022077855 3.2935788603668766e-22 3.662877600452808e-13 1.6769463054024015e-13 1.9859312950504067e-13
43.173198314866475 3.3199472780311007e-22 3.804651155152738e-13 1.7218116454825663e-13 2.082839509670172e-13
44.48806727287728 3.3441415918731376e-22 3.9490954349330887e-13 1.7668236345780602e-13 2.1822718003550285e-13
45.8429814544115 3.3677755860407253e-22 4.0981271805501163e-13 1.8122940928400618e-13 2.2858330877100554e-13
47.23916046383907 3.3892909013220385e-22 4.249917010260145e-13 1.858733254135248e-13 2.391183756124896e-13
48.67786104940597 3.4099955548014585e-22 4.406103885573351e-13 1.9060846390780102e-13 2.500019246495339e-13
50.16037823447602 3.428103019078304e-22 4.564404241422063e-13 1.9543522993692638e-13 2.6100519420527994e-13
51.68804648322576 3.44480434717744e-22 4.726330769254494e-13 2.0035273819354913e-13 2.722803387319003e-13
53.26224090184056 3.458264570466737e-22 4.889304472526633e-13 2.0533280093701186e-13 2.835976463156514e-13
54.884378476295105 3.46952984661091e-22 5.054623491441411e-13 2.1038589603326856e-13 2.950764531108725e-13
56.55591934783037 3.4777493276584437e-22 5.22090480799553e-13 2.155866452786231e-13 3.0650383552092994e-13
58.27836812727644 3.483546609728086e-22 5.388879112082933e-13 2.2093974289357816e-13 3.1794816831471516e-13
60.05327524940399 3.493383241605588e-22 5.568681304990983e-13 2.2635000493722756e-13 3.3051812556187073e-13
61.88223836852342 3.5083357108080157e-22 5.762840392058222e-13 2.3180729840482223e-13 3.444767408009999e-13
62.81758386220369 3.5168953488154057e-22 5.864217999309587e-13 2.3460095598078015e-13 3.5182084395017846e-13
63.7670670344103 3.530777574444604e-22 5.976352903601659e-13 2.3744807357006994e-13 3.6018721679009587e-13
65.70913619443517 3.5688607130069004e-22 6.22479121722538e-13 2.4331799921929223e-13 3.7916112250324586e-13
67.71035238438829 3.605018271075841e-22 6.479358011934274e-13 2.4927691768103916e-13 3.9865888351238815e-13
69.77251696707448 3.6363638459740373e-22 6.734744964116783e-13 2.552645137623596e-13 4.1820998264931866e-13
71.89748616702131 3.6666781761674428e-22 6.997709874405139e-13 2.6143968046646095e-13 4.3833130697405285e-13
74.08717274132995 3.696794188167106e-22 7.270055523038603e-13 2.679068970097483e-13 4.590986552941121e-13
76.34354770141287 3.727390862063725e-22 7.553473450674387e-13 2.745308728072222e-13 4.808164722602165e-13
78.66864208716851 3.7589200133152056e-22 7.849358615305488e-13 2.812184345779338e-13 5.037174269526149e-13
81.06454879518883 3.7930730323166375e-22 8.161906353817989e-13 2.880816652609975e-13 5.281089701208015e-13
83.5334244626476 3.8346205362899767e-22 8.502607129426045e-13 2.9522087172634743e-13 5.55039841216257e-13
86.07749140856238 3.8777866872348072e-22 8.86018826538002e-13 3.0256913496162877e-13 5.834496915763731e-13
88.69903963417964 3.916386239263661e-22 9.220911772857751e-13 3.100686030901664e-13 6.120225741956087e-13
91.4004288842828 3.953928753535656e-22 9.592824653005508e-13 3.177689078347087e-13 6.415135574658421e-13
94.18409077127889 3.9909339339653415e-22 9.977495053285967e-13 3.257207332910817e-13 6.720287720375153e-13
97.05253096397554 4.0283332128689126e-22 1.0377713709381247e-12 3.3391090703300547e-13 7.038604639051192e-13
100.00833144301866 4.073421368443876e-22 1.0813466816063605e-12 3.423535179131728e-13 7.389931636931877e-13
103.05415282502196 4.121015197896479e-22 1.1272990646699255e-12 3.5104475196714566e-13 7.762543127027797e-13
106.19273675747671 4.1782935682492616e-22 1.177777346641837e-12 3.599451645386712e-13 8.178321821031659e-13
109.4269083866038 4.2389395786374305e-22 1.2312628858175954e-12 3.6908861063691073e-13 8.621742751806842e-13
112.75957890036308 4.294167996122984e-22 1.2852923103555336e-12 3.7857865056988e-13 9.067136597856534e-13
116.1937481489129 4.346881991830455e-22 1.340695169312534e-12 3.883663276358973e-13 9.523288416766366e-13
119.73250734487735 4.390765776951081e-22 1.3954741013740573e-12 3.983193577268635e-13 9.971547436471937e-13
123.37904184585196 4.429588082173582e-22 1.4506885000265329e-12 4.0848822153731164e-13 1.0422002784892206e-12
127.13663402165271 4.45856701278129e-22 1.5046498312180814e-12 4.1905184927970146e-13 1.0855979819383805e-12
131.0086662088879 4.480783853756091e-22 1.558200907319541e-12 4.299481238815053e-13 1.1282527834380357e-12
134.99862375551584 4.491994267190141e-22 1.6096741417381925e-12 4.4097047649389203e-13 1.1687036652443005e-12
139.11009815812417 4.494706039656247e-22 1.65969919601902e-12 4.5213470389648804e-13 1.2075644921225316e-12
143.3467902947586 4.491512088156986e-22 1.7090311514651926e-12 4.636328508324578e-13 1.245398300632735e-12
147.71251375620898 4.482895492254026e-22 1.7577023626860755e-12 4.754287561059831e-13 1.282273606580092e-12
152.21119827875228 4.492560004419834e-22 1.8151391517405227e-12 4.873121856393571e-13 1.3278269661011656e-12
156.84689328144228 4.518938688414601e-22 1.8814028733025495e-12 4.992302608113437e-13 1.3821726124912058e-12
159.21741877681018 4.529271563076454e-22 1.914204674919052e-12 5.052363365683939e-13 1.4089683383506588e-12
161.62377151112827 4.53553092631051e-22 1.945820625315975e-12 5.112767533852648e-13 1.43454387193071e-12
166.54613279848823 4.5359972205097065e-22 2.0052880494769205e-12 5.234332906402532e-13 1.481854758836667e-12
171.61840792845166 4.53256185557901e-22 2.0647954828584138e-12 5.355558511837167e-13 1.529239631674697e-12
176.84516262850022 4.528784195979137e-22 2.12590691279369e-12 5.475554419842845e-13 1.5783514708094056e-12
179.5181642894721 4.524278727279418e-22 2.1558929102144807e-12 5.535074458786817e-13 1.602385464335799e-12
182.2315681744764 4.5112400282566845e-22 2.182172008422964e-12 5.594206669829457e-13 1.6227513414400183e-12
187.78155384880017 4.463574336675344e-22 2.224872527401698e-12 5.711034740690798e-13 1.6537690533326184e-12
190.61961427604518 4.437702933932475e-22 2.2454078987294524e-12 5.768496742577645e-13 1.668558224471688e-12
193.5005680909718 4.411263567516745e-22 2.2657640646698746e-12 5.825176733725568e-13 1.683246391297317e-12
199.3937587803602 4.361127144790455e-22 2.3082335104076282e-12 5.935887999192124e-13 1.7146447104884156e-12
205.46643057848152 4.314371529492201e-22 2.3530320939892756e-12 6.042030380515372e-13 1.7488290559377387e-12
211.72404970390772 4.283877625583839e-22 2.4075575734539616e-12 6.14243279199678e-13 1.7933142942542825e-12
218.17224885259444 4.246454666719389e-22 2.4592089650964e-12 6.236824120199387e-13 1.835526553076461e-12
224.8168322680627 4.184547538338496e-22 2.4971622628393698e-12 6.325177018253672e-13 1.864644561014002e-12
231.66378096599615 4.107998582253697e-22 2.5261425740416715e-12 6.405721165912345e-13 1.8855704574504366e-12
238.71925811795668 4.0146417230024933e-22 2.5439213662369725e-12 6.476324714964549e-13 1.896288894740517e-12
245.98961459906556 3.909130606038717e-22 2.5525037323402327e-12 6.537392382315808e-13 1.8987644941086517e-12
249.71106150874405 3.8466763099715934e-22 2.549722149558371e-12 6.564935872974628e-13 1.8932285622609084e-12
253.4888082224776 3.77728160052973e-22 2.541602247083676e-12 6.590458797519035e-13 1.882556367331772e-12
261.20898134247824 3.6366642960189013e-22 2.521510327955209e-12 6.633226844381966e-13 1.858187643517012e-12
269.1642775569489 3.511882396220623e-22 2.509151120220682e-12 6.662675054810611e-13 1.8428836147396218e-12
277.3618576987742 3.388352945159568e-22 2.4946223699727265e-12 6.679744808852003e-13 1.8266478890875265e-12
285.8091006888481 3.2296906575071773e-22 2.450227521759996e-12 6.686751315462954e-13 1.7815523902137007e-12
294.5136101780917 3.0618453318703897e-22 2.3936356865203332e-12 6.681948772135329e-13 1.7254408093068007e-12
303.4832213917586 2.9135356604280824e-22 2.34706142901401e-12 6.662997126263503e-13 1.6807617163876598e-12
312.7260081821858 2.772270222267303e-22 2.301277516655084e-12 6.630757693885389e-13 1.6382017472665445e-12
322.25029029634635 2.6382379358935594e-22 2.256714977088791e-12 6.586991872644332e-13 1.5980157898243584e-12
332.0646408647343 2.50745378417377e-22 2.2101665583411436e-12 6.531236062065496e-13 1.557042952134594e-12
342.17789411833206 2.373863931614089e-22 2.156141228931399e-12 6.462780159910981e-13 1.5098632129403004e-12
352.59915334060224 2.240097053731386e-22 2.0966094214412513e-12 6.382146209803558e-13 1.4583948004608955e-12
363.337799061663 2.1112924320005187e-22 2.0362373772623377e-12 6.290335778633165e-13 1.4072037993990213e-12
374.40349750202313 1.9869942243460158e-22 1.9747218647616477e-12 6.187811688449751e-13 1.3559406959166726e-12
380.062092440151 1.9263216144323657e-22 1.9433578805124426e-12 6.132742681494715e-13 1.3300836123629711e-12
385.80620927347337 1.8666284682854372e-22 1.9115978399870215e-12 6.075248064046367e-13 1.3040730335823852e-12
397.5561983449763 1.7501209925360764e-22 1.8468687641377807e-12 5.953240315632256e-13 1.251544732574555e-12
409.6640412816112 1.6358851240927737e-22 1.778894044522705e-12 5.822057340906447e-13 1.19668831043206e-12
415.8555509384264 1.5797848253141222e-22 1.7438530041778443e-12 5.753265803756918e-13 1.1685264238021522e-12
422.1406367649012 1.5245432967727046e-22 1.7083087160189433e-12 5.682500306334277e-13 1.1400586853855155e-12
434.9972154030873 1.4182724410530992e-22 1.6376292018339078e-12 5.536090705078091e-13 1.084020131326099e-12
448.24534984018095 1.3174720196507344e-22 1.5675688556262686e-12 5.383776503189026e-13 1.0291912053073654e-12
461.89696517289525 1.2220444776752862e-22 1.4983095741824084e-12 5.225523878016649e-13 9.75757186380743e-13
475.9643496848308 1.1319464883469597e-22 1.4301110235950277e-12 5.061962041076412e-13 9.239148194873867e-13
490.4601659075747 1.0461192034653611e-22 1.3619286257483138e-12 4.895129235935097e-13 8.724157021548046e-13
505.39746201868155 9.641964823458569e-23 1.2935047636255222e-12 4.726395648025878e-13 8.208651988229343e-13
520.7896835867783 8.872266863997175e-23 1.226496750511007e-12 4.555968097988835e-13 7.708999407121235e-13
536.6506856743796 8.155483479901328e-23 1.1617450587605155e-12 4.3845848415179757e-13 7.232865746087182e-13
552.9947453093008 7.48565468846236e-23 1.0988039878929683e-12 4.212696561789372e-13 6.775343317140314e-13
569.8365743358964 6.860051274545063e-23 1.037640980396456e-12 4.040934002120694e-13 6.335475801843868e-13
587.1913326576936 6.277165601112684e-23 9.783914654386903e-13 3.869983486635654e-13 5.91393116775125e-13
605.0746418833327 5.735339917266833e-23 9.211652533693884e-13 3.7004839509939376e-13 5.511168582699946e-13
623.502599388115 5.232822085025325e-23 8.660514048280616e-13 3.533021412796306e-13 5.127492635484311e-13
642.4917928037942 4.767770630748473e-23 8.131157464018917e-13 3.368126850147107e-13 4.76303061387181e-13
662.0593149496696 4.3382791481003646e-23 7.624016486645757e-13 3.20628385518091e-13 4.417732631464845e-13
682.2227792184137 3.9424139722311527e-23 7.139336870055122e-13 3.0479173113351324e-13 4.091419558719991e-13
703.0003354304876 3.5782388444716657e-23 6.677198563606552e-13 2.893403706312337e-13 3.783794857294213e-13
724.4106861714122 3.243832084166662e-23 6.237529983512914e-13 2.7430739746874926e-13 3.4944560088254216e-13
746.4731036265977 2.9372978609164555e-23 5.820115271229886e-13 2.5971915163422393e-13 3.222923754887645e-13
769.2074469289008 2.656784042935401e-23 5.424618082704838e-13 2.455970080500899e-13 2.96864800220394e-13
792.6341800345017 2.4004971557305295e-23 5.050605238595175e-13 2.3195913739452136e-13 2.7310138646499623e-13
816.7743901432078 2.1667101554247636e-23 4.697560303953987e-13 2.188195150038122e-13 2.5093651539158653e-13
841.6498066797607 1.9537625855700765e-23 4.364883429031709e-13 2.0618723512190453e-13 2.3030110778126633e-13
867.2828208532309 1.760068469953352e-23 4.0519095304256013e-13 1.9406747106622169e-13 2.1112348197633844e-13
893.6965058121084 1.584129117808274e-23 3.757941972684222e-13 1.824627634261459e-13 1.9333143384227634e-13
920.9146374132232 1.4245293535703658e-23 3.482252121080962e-13 1.7137273230585651e-13 1.7685247980223972e-13
948.9617156232121 1.2799318421385688e-23 3.224073756198673e-13 1.6079376998527062e-13 1.616136056345966e-13
977.8629865717667 1.1490821634951442e-23 2.982624110830233e-13 1.5071984533202773e-13 1.4754256575099566e-13
1007.6444652765354 1.0308089838969566e-23 2.7571154490770765e-13 1.4114284519549208e-13 1.345686997122156e-13
1038.332959060126 9.240204328307963e-24 2.546757815788508e-13 1.3205271959804083e-13 1.2262306198081e-13
1069.95609168029 8.277028526981347e-24 2.350768381784045e-13 1.2343796373294662e-13 1.1163887444545794e-13
1102.542328195006 7.409176414287889e-24 2.1683762420794554e-13 1.1528584684334394e-13 1.0155177736460162e-13
1136.1210005848498 6.627967053471395e-24 1.9988231080845788e-13 1.07582399054987e-13 9.229991175347088e-14
1170.7223341557005 5.9253911217179886e-24 1.8413670142599473e-13 1.0031259020156353e-13 8.382411122443124e-14
1206.3774747455793 5.294089493257564e-24 1.6952897300103406e-13 9.346088341739808e-14 7.606808958363598e-14
1243.1185167600695 4.7273173153854956e-24 1.5598998751536756e-13 8.701144888739912e-14 6.89785386279684e-14
1280.9785320615858 4.218890733985589e-24 1.4345297594156826e-13 8.094797303826178e-14 6.250500290330649e-14
1319.9915997384837 3.763147206207892e-24 1.3185354412096783e-13 7.525375834238054e-14 5.6599785778587305e-14
1360.1928367808064 3.354925572653241e-24 1.2113030379539014e-13 6.991214795323474e-14 5.121815584215539e-14
1401.618429690285 2.9895343328910613e-24 1.112250930557827e-13 6.490675171266873e-14 4.631834134311397e-14
1444.305667053031 2.6627030542564876e-24 1.0208249704154252e-13 6.02212673360804e-14 4.186122970546211e-14
1488.2929731042755 2.3705476041126303e-24 9.364973339125841e-14 5.5839415553829085e-14 3.781031783742933e-14
1533.6199423153234 2.1095482423877414e-24 8.587695596017868e-14 5.174530052398457e-14 3.4131655436194106e-14
1580.327375033885 1.87652059525547e-24 7.871723512894408e-14 4.7923565745190475e-14 3.07936693837536e-14
1628.457314209858 1.6685854011161642e-24 7.212639927652494e-14 4.435927149060872e-14 2.776712778591622e-14
1678.0530832396191 1.4831384775462984e-24 6.606277770027215e-14 4.1037788184187436e-14 2.5024989516084733e-14
1729.1593249628888 1.3178308147199363e-24 6.048728654344554e-14 3.794499824046619e-14 2.2542288302979353e-14
1781.8220418472597 1.1705486296333792e-24 5.5363459610385466e-14 3.50674438247418e-14 2.029601578564367e-14
1836.0886373966016 1.03938855980695e-24 5.065717985274945e-14 3.239219743701519e-14 1.826498241573425e-14
1892.007958820556 9.226376957902644e-25 4.633653839804905e-14 2.990680104352562e-14 1.6429737354523427e-14
1949.6303410035755 8.187561885729619e-25 4.237174047551859e-14 2.7599323607647917e-14 1.4772416867870686e-14
2009.0076518130663 7.263640334228978e-25 3.873516011332297e-14 2.5458504263779332e-14 1.3276655849543627e-14
2070.1933387874215 6.44223787583882e-25 3.5401127705638994e-14 2.3473640168678897e-14 1.1927487536960098e-14
2133.242477245972 5.712244024287474e-25 3.234568909794159e-14 2.163449173843072e-14 1.0711197359510856e-14
2198.211819864143 5.063712237673918e-25 2.954663241978552e-14 1.993136900001159e-14 9.61526341977392e-15
2265.1598477584885 4.487748337297558e-25 2.698340690209126e-14 1.835512666608616e-14 8.628280236005102e-15
2334.1468231275226 3.9763956662234475e-25 2.4636964375194518e-14 1.689712481304115e-14 7.73983956215337e-15
2405.2348434957767 3.5225480285688934e-25 2.248970935825961e-14 1.5549222795349477e-14 6.940486562910128e-15
2478.487897609897 3.119862319221109e-25 2.0525401657606025e-14 1.430376913988195e-14 6.22163251772407e-15
2553.971923037092 2.762669383165443e-25 1.8728994681641778e-14 1.3153548185536915e-14 5.575446496104858e-15
2631.7548655177807 2.4459129397144506e-25 1.7086608243909243e-14 1.209178910387586e-14 4.994819140033379e-15
2711.906740125872 2.165087359687471e-25 1.558545939599204e-14 1.1112145824813175e-14 4.473313571178865e-15
2794.4996942916955 1.916176835030875e-25 1.4213763502325623e-14 1.0208671110348488e-14 4.005092391977137e-15
2879.6080727443887 1.6956065217915334e-25 1.2960683156823832e-14 9.375810298407546e-15 3.584872858416288e-15
2967.308484432098 1.500195300435857e-25 1.1816257105469708e-14 8.608378592508684e-15 3.2078785129610248e-15
3057.6798714803062 1.3271103425825832e-25 1.0771308909177753e-14 7.901526347126761e-15 2.8697825620509896e-15
