Dust emission spectrum from A.P. Jones, M. Kohler, N. Ysard, M. Bocchio, and L. Verstraete (2017), A&A, 602A, 46J 
inside the DustPedia framework.

lambda    nu*dP/dnu     j_nu    j_nu(carb.) j_nu(sil)
 (um)   (erg s-1 H-1) (Jy cm2 sr-1 H-1)
0.9927057738263894 1.7506070243698985e-20 4.612948941708625e-13 4.612947827422516e-13 1.1142861092346723e-19
1.0001793341362166 1.779966249222507e-20 4.72562306328175e-13 4.725621722678113e-13 1.3406036361814987e-19
1.0077091589558085 1.809453158581466e-20 4.840073801996007e-13 4.840072191272209e-13 1.6107237977711278e-19
1.0114953028030835 1.8242433742310075e-20 4.897969550813853e-13 4.897967786147686e-13 1.7646661679682768e-19
1.0152956718711033 1.8390641925246395e-20 4.956314499371627e-13 4.956312566700034e-13 1.9326715932798485e-19
1.0229392996569957 1.8687815188985635e-20 5.074319718495446e-13 5.074317402611254e-13 2.3158841925185075e-19
1.0267826658714554 1.8836443988331964e-20 5.133893791597022e-13 5.133891257675459e-13 2.533921562112651e-19
1.0306404723013447 1.898535572735892e-20 5.193921299789388e-13 5.193918528233259e-13 2.771556127885613e-19
1.03451277320114 1.913454687958779e-20 5.254404131818904e-13 5.254401101359823e-13 3.0304590815207015e-19
1.0383996230291617 1.9284014078964203e-20 5.315344222258211e-13 5.315340909822352e-13 3.3124358585280344e-19
1.0403485208654093 1.935885018933333e-20 5.345986356941174e-13 5.345982894260874e-13 3.4626803000318193e-19
1.0423010764483396 1.9433754124029747e-20 5.376743553439602e-13 5.376739934003396e-13 3.619436205285092e-19
1.0462171883269815 1.958376398209505e-20 5.438604157423566e-13 5.438600203858621e-13 3.9535649425096645e-19
1.0471985131304309 1.9621308265906398e-20 5.454141625323733e-13 5.45413758372545e-13 4.041598285066601e-19
1.048180758391296 1.965886919046209e-20 5.469708085825399e-13 5.469703954319965e-13 4.1315054322120635e-19
1.0501480137395462 1.9734040793413366e-20 5.500928118002692e-13 5.500923800909222e-13 4.317093468861419e-19
1.0521189612883777 1.980927846118748e-20 5.532264522847257e-13 5.532260012206236e-13 4.510641021251053e-19
1.0531058218030118 1.9846872624151792e-20 5.547962656102539e-13 5.54795804559541e-13 4.610507129637233e-19
1.0540936079674168 1.9884321527624958e-20 5.563644727295169e-13 5.563640014786707e-13 4.712508460999587e-19
1.058054026499678 2.003427389782617e-20 5.626662736749326e-13 5.626657594237281e-13 5.142512045543345e-19
1.0590464539527713 2.007180100211592e-20 5.642489843837223e-13 5.64248458810206e-13 5.255735162449932e-19
1.06003981227728 2.010934364276458e-20 5.658346063054103e-13 5.658340691714912e-13 5.371339191100905e-19
1.0620293250338977 2.0184475402462872e-20 5.690145980253395e-13 5.690140370372377e-13 5.60988101492413e-19
1.0660195594769086 2.033492396325575e-20 5.754096739949778e-13 5.754090622261849e-13 6.117687929627122e-19
1.070024785945596 2.048561769736481e-20 5.81851736064517e-13 5.818510691402537e-13 6.6692426338355e-19
1.0740450607676866 2.063655492153064e-20 5.883410252034381e-13 5.883402983925082e-13 7.268109299389937e-19
1.07808044048254 2.0787734156210667e-20 5.948777890960908e-13 5.948769972836314e-13 7.91812459357201e-19
1.0861967418109137 2.1090584572370053e-20 6.080881582076499e-13 6.080872193647867e-13 9.3884286332031e-19
1.0902777775684922 2.1241732771486877e-20 6.147471644898748e-13 6.147461426962373e-13 1.02179363745291e-18
1.0943741465085532 2.139311027851415e-20 6.21454286146476e-13 6.21453174439335e-13 1.1117071410203749e-18
1.1026131145906286 2.169655202325791e-20 6.350140126079773e-13 6.350126979383663e-13 1.3146696112132956e-18
1.1109141095355224 2.2000909743715914e-20 6.487696950192929e-13 6.487681423683366e-13 1.55265095666366e-18
1.1192775983109025 2.230595159608829e-20 6.627168305383121e-13 6.627149992176597e-13 1.8313206521893393e-18
1.1277040513999907 2.261060250119861e-20 6.768254938365583e-13 6.768233366348533e-13 2.1572017052167723e-18
1.1361939428280308 2.2916157739850765e-20 6.911363032524407e-13 6.911337654634554e-13 2.5377889851665358e-18
1.1447477501889525 2.3222633580799317e-20 7.056522025212631e-13 7.056492208391902e-13 2.981682072806426e-18
1.1533659546722406 2.3530155782430534e-20 7.203795292768097e-13 7.203760305371088e-13 3.498739701048097e-18
1.1707974979042381 2.414930406103353e-20 7.505088855467391e-13 7.505040864215064e-13 4.7991252325131406e-18
1.1884924949847024 2.4772949400353807e-20 7.81526290528888e-13 7.815197407996872e-13 6.549729200748438e-18
1.2064549276569216 2.5405355640182454e-20 8.135903962526496e-13 8.135815016361044e-13 8.894616545060973e-18
1.2246888378427687 2.604272548790062e-20 8.466065530792968e-13 8.465945334687889e-13 1.201961050766512e-17
1.2431983285522175 2.6684736755068053e-20 8.805880213598195e-13 8.805718578167265e-13 1.616354309283317e-17
1.2619875648066055 2.733255115227312e-20 9.155976685722534e-13 9.155760367540842e-13 2.163181816941201e-17
1.3004222497298317 2.8642791965769955e-20 9.88710561260685e-13 9.886723643257316e-13 3.819693495334353e-17
1.3400274889804893 2.997971677311467e-20 1.066376746237061e-12 1.0663105390720895e-12 6.620716497150323e-17
1.3808389325824078 3.1351172431064556e-20 1.1491222746881826e-12 1.1490095736679734e-12 1.127010202094773e-16
1.4228933163050095 3.277203738679183e-20 1.2377849961387815e-12 1.2375964952968127e-12 1.8850084196868468e-16
1.466228494730424 3.427045148361234e-20 1.33380061802879e-12 1.33349067678854e-12 3.0994124024961964e-16
1.5108834753276823 3.585023933457797e-20 1.4377800846295015e-12 1.4372788765958167e-12 5.012080336849012e-16
1.5568984535646726 3.7518465460581547e-20 1.5505107703956107e-12 1.5497127940491129e-12 7.979763464983723e-16
1.6043148490894465 3.9294210860441914e-20 1.673353157790311e-12 1.6720999810574989e-12 1.2531767328119927e-15
1.6531753430134553 4.1199584848956685e-20 1.8079282547991062e-12 1.8059893128942904e-12 1.9389419048154842e-15
1.7035239163302658 4.326125408758524e-20 1.9562158487180093e-12 1.95325955116297e-12 2.9562975550397893e-15
1.755405889504358 4.5529805132584176e-20 2.1214987279178516e-12 2.1170546798711285e-12 4.444048046722971e-15
1.8088679632656115 4.802872237553501e-20 2.3060957432218838e-12 2.2995069002206868e-12 6.588843001196885e-15
1.8639582606462262 5.07851070505925e-20 2.5127078024306828e-12 2.5030692738152473e-12 9.638528615435575e-15
1.9207263702978936 5.3837766508834273e-20 2.7448711759148687e-12 2.730954188705436e-12 1.3916987209432289e-14
1.979223391128241 5.723406833334174e-20 3.0068991734130075e-12 2.9870574936935534e-12 1.9841679719454415e-14
2.039501978296691 6.102575869690041e-20 3.3037467690269875e-12 3.2758044235313707e-12 2.7942345495614914e-14
2.1016163906111602 6.528721333706026e-20 3.642092837862829e-12 3.603208441536018e-12 3.8884396326811635e-14
2.1656225393682647 7.008642048848659e-20 4.028896175590355e-12 3.975407399942707e-12 5.348877564764784e-14
2.231578038680979 7.547828933002027e-20 4.4709885784960705e-12 4.39823453015543e-12 7.275404834063992e-14
2.299542257339062 8.153210410116842e-20 4.976677267820384e-12 4.878798435419095e-12 9.78788324012885e-14
2.369576372248914 8.832783395557623e-20 5.555686412112886e-12 5.425401343025863e-12 1.302850690870214e-13
2.4417434235010123 9.595053851184177e-20 6.2189472952100236e-12 6.047313808460414e-12 1.716334867496082e-13
2.5161083711144245 1.0450094891160368e-19 6.979414794890634e-12 6.755569791284276e-12 2.238450036063574e-13
2.5927381535095444 1.1409570314838906e-19 7.85230898958032e-12 7.563199087152524e-12 2.891099024277951e-13
2.6717017477616296 1.2484312685368809e-19 8.853643794843499e-12 8.483767517198119e-12 3.698762776453821e-13
2.753070231689431 1.3686141566627896e-19 1.0001560157859218e-11 9.53271487707014e-12 4.688452807890802e-13
2.836916847834745 1.503487708946851e-19 1.1321811544258988e-11 1.0732834986954523e-11 5.889765573044602e-13
2.9233170693905177 1.6563887604913363e-19 1.2853092421994047e-11 1.2119785735630223e-11 7.333066863638235e-13
2.967498994190263 1.7412472708243657e-19 1.3715778476456982e-11 1.2901907660936416e-11 8.13870815520565e-13
3.0123486681368425 1.8313862950112718e-19 1.464382840851774e-11 1.3741700388614644e-11 9.021280199030954e-13
3.0578761833420214 1.9444206393650892e-19 1.578263641403662e-11 1.4783652864578926e-11 9.989835494576925e-13
3.1040917844459814 2.0687628257039403e-19 1.7045694125929425e-11 1.594167056013055e-11 1.104023565798868e-12
3.127460860933648 2.156266146532046e-19 1.790043895610093e-11 1.6740316443225535e-11 1.160122512875389e-12
3.1510058709225794 2.258578865096171e-19 1.889095464196533e-11 1.7672460127057628e-11 1.2184945149077008e-12
3.162844764501044 2.3369010246229e-19 1.961948615965491e-11 1.837082354026123e-11 1.2486626193936798e-12
3.1747281389236908 2.423134669640364e-19 2.0419895997802324e-11 1.9140479601483274e-11 1.2794163963190509e-12
3.1986289994194426 2.643676015388662e-19 2.2446133124219417e-11 2.1103264370987326e-11 1.3428687532320806e-12
3.2227097969389145 3.105272583215032e-19 2.656380975593675e-11 2.515380911720064e-11 1.4100006387361182e-12
3.2348180950136065 3.5214580899694496e-19 3.023721729634898e-11 2.8791417207315982e-11 1.4458000890329973e-12
3.240889293275058 3.827606248431596e-19 3.292766115746477e-11 3.1462977561159095e-11 1.4646835963056658e-12
3.2469718861334385 4.18080996188636e-19 3.603366101010389e-11 3.454943861780159e-11 1.484222392302309e-12
3.2714166318528037 6.016456242583089e-19 5.2245158707671235e-11 5.0680277566433946e-11 1.5648811412372841e-12
3.2744851364798273 6.133524325689133e-19 5.331170208777105e-11 5.173733979130475e-11 1.5743622964662942e-12
3.2775565192852394 6.253564735545708e-19 5.440605954805921e-11 5.282217091405386e-11 1.5838886340053524e-12
3.283707930232385 6.152651913738491e-19 5.36285803376232e-11 5.2027704855536486e-11 1.6008754820867204e-12
3.2898708863219004 5.810628560196803e-19 5.074244638230274e-11 4.9126157224647844e-11 1.616289157654878e-12
3.29141343181113 5.72990510852085e-19 5.0060974557340835e-11 4.8440816085412216e-11 1.6201584719286107e-12
3.292184975758714 5.690230953865839e-19 4.972600341813291e-11 4.8103907902940367e-11 1.6220955151925357e-12
3.295272960557952 5.440778869885982e-19 4.75906792038111e-11 4.5961057520014606e-11 1.6296216837964923e-12
3.3076538914384823 4.571710899858747e-19 4.0139157397494646e-11 3.847932938683552e-11 1.6598280106591153e-12
3.310756385682612 4.393598151150883e-19 3.861152823456612e-11 3.6944091056554384e-11 1.6674371780117384e-12
3.313861789986515 4.2287995536863767e-19 3.719811429481736e-11 3.5523044898591816e-11 1.6750693962255449e-12
3.3200813396944477 4.0021036702225423e-19 3.527008377141617e-11 3.357857700181998e-11 1.6915067695961853e-12
3.345076488085796 3.632999592954341e-19 3.225825235019227e-11 3.049343620800563e-11 1.7648161421866302e-12
3.3482140837626964 3.655662563962552e-19 3.2489928324776376e-11 3.0715178729246486e-11 1.7747495955298857e-12
3.3513546224236106 3.6784915105276645e-19 3.2723487032598174e-11 3.0938761652584325e-11 1.7847253800138494e-12
3.3576445397418455 3.809560458858947e-19 3.3953067795278934e-11 3.214747720995713e-11 1.8055905853217943e-12
3.3702598118196083 4.2646681959891723e-19 3.815206612819083e-11 3.6302713670479946e-11 1.8493524577108955e-12
3.382922481734668 4.391536529073525e-19 3.943464893241041e-11 3.754283678126982e-11 1.8918121511405906e-12
3.389271646505754 4.456625245864539e-19 4.009423464258391e-11 3.8180915914205735e-11 1.9133187283781748e-12
3.395632727569191 4.52756907417573e-19 4.080893194744561e-11 3.887344929183601e-11 1.935482655609595e-12
3.421196662673239 4.863340755539689e-19 4.416540046752448e-11 4.213825095246568e-11 2.0271495150588138e-12
3.4276182099114902 4.822865474088466e-19 4.388004079373491e-11 4.183251761373487e-11 2.047523180000034e-12
3.4340518103208963 4.599823389817926e-19 4.1929282764137246e-11 3.9862530173698667e-11 2.0667525904385896e-12
3.4469541582030403 4.285073749493238e-19 3.9206966498917715e-11 3.710338754111694e-11 2.103578957800769e-12
3.472904465399547 4.2367952423482154e-19 3.90570776769409e-11 3.6868540486467634e-11 2.1885371904732796e-12
3.4990501388274233 4.1417000434118234e-19 3.846787899469706e-11 3.6192585020323536e-11 2.275293974373519e-12
3.5253949054701885 3.689443085554645e-19 3.4525344505244965e-11 3.216606066487849e-11 2.359283840366478e-12
3.5519380250092896 3.260698082624401e-19 3.074294022512678e-11 2.8299475038401963e-11 2.4434651867248166e-12
3.578680990867387 3.124694187239134e-19 2.9682463265014775e-11 2.7146761566246113e-11 2.5357016987686633e-12
3.605625307711299 3.1040967675604057e-19 2.970881148335407e-11 2.7076108661062542e-11 2.6327028222915347e-12
3.660119384959845 3.1624951256572983e-19 3.0725188020830445e-11 2.7889342832698393e-11 2.8358451881320564e-12
3.715437065384467 3.237663433472235e-19 3.1930891399275135e-11 2.888183819822067e-11 3.049053201054468e-12
3.8285932144167436 3.4530829345677496e-19 3.509260980519931e-11 3.1588620501978086e-11 3.503989303221229e-12
3.94519561050918 3.6897267278557544e-19 3.86395603713267e-11 3.4644416291647514e-11 3.995144079679188e-12
4.06534921144712 3.9363025475182994e-19 4.247718828496842e-11 3.795640621776598e-11 4.520782067202448e-12
4.189162171576248 4.1882676779647065e-19 4.6572659257869056e-11 4.14919340942043e-11 5.080725163664755e-12
4.316745939156006 4.442365521890113e-19 5.090262886108785e-11 4.523108529505567e-11 5.67154356603219e-12
4.448215356677963 4.695467151997569e-19 5.54413816620361e-11 4.915788344798439e-11 6.283498214051706e-12
4.58368876423945 4.945644813820223e-19 6.017380538539345e-11 5.325766761117091e-11 6.916137774222549e-12
4.723288106065518 5.191454040565914e-19 6.508829326121917e-11 5.7515973554219386e-11 7.572319706999792e-12
4.867139040275056 5.429978515378412e-19 7.01522003292016e-11 6.192005597584074e-11 8.232144353360887e-12
4.940699165968905 5.546996765739472e-19 7.274711196528731e-11 6.418187898680884e-11 8.565232978478446e-12
5.015371051989984 5.660870569574462e-19 7.536257468324716e-11 6.64633885336408e-11 8.899186149606362e-12
5.091171501069577 5.774747667742364e-19 7.804052315758594e-11 6.879884475735732e-11 9.241678400228621e-12
5.129500256944802 5.8302979214077335e-19 7.9384412714536e-11 6.997165411530923e-11 9.412758599226768e-12
5.168117569889187 5.885267375277268e-19 8.073614635938385e-11 7.115053154963932e-11 9.58561480974454e-12
5.20702561229733 5.94257088362458e-19 8.213599407382321e-11 7.2360240114746e-11 9.775753959077207e-12
5.246226572918644 5.998938279137153e-19 8.353930725699837e-11 7.357307231392687e-11 9.9662349430715e-12
5.265937586045735 6.026762334284387e-19 8.424210413716388e-11 7.418053272115324e-11 1.0061571416010672e-11
5.285722656980489 6.054342161528812e-19 8.494557616625795e-11 7.478862160348562e-11 1.0156954562772347e-11
5.305582063971359 6.081674488857416e-19 8.564965954158191e-11 7.539728822207497e-11 1.0252371319506928e-11
5.3255160863122235 6.109216832964692e-19 8.636080335495596e-11 7.601212312557165e-11 1.03486802293843e-11
5.365609099470188 6.167085454742196e-19 8.783516656546632e-11 7.728710699649065e-11 1.0548059568975668e-11
5.406003951863644 6.224067545092287e-19 8.931411288953674e-11 7.856639840982235e-11 1.0747714479714417e-11
5.446702915881641 6.280147513961764e-19 9.079730659883173e-11 7.984976656950636e-11 1.0947540029325362e-11
5.487708281020852 6.336141415710144e-19 9.229651682977771e-11 8.114810957878538e-11 1.1148407250992316e-11
5.529022354014368 6.398531223560086e-19 9.390702288551732e-11 8.254922630283524e-11 1.1357796582682096e-11
5.570647458961463 6.460409183744083e-19 9.552897846891018e-11 8.396156777115973e-11 1.1567410697750414e-11
5.612585937458331 6.521801504546436e-19 9.716279816974797e-11 8.538565516563231e-11 1.1777143004115647e-11
5.654840148729818 6.583958215125416e-19 9.882727755654531e-11 8.68392029848498e-11 1.1988074571695473e-11
5.67608639626678 6.620245720444388e-19 9.974532266454037e-11 8.764664585932902e-11 1.2098676805211355e-11
5.686739436050992 6.638438869372654e-19 1.0020715287119067e-10 8.805314894801827e-11 1.2154003923172412e-11
5.6974124697621304 6.656668014621396e-19 1.0067090966232864e-10 8.846156354701065e-11 1.2209346115317964e-11
5.718818669136295 6.6932439222206675e-19 1.0160437568123349e-10 8.928430676116399e-11 1.232006892006947e-11
5.740305295436557 6.73148832682603e-19 1.025688581669443e-10 9.01370952128988e-11 1.2431762954045536e-11
5.7835210386641895 6.820807738633002e-19 1.0471226669969195e-10 9.20498015778782e-11 1.2662465121813773e-11
5.827062130521658 6.915641350627242e-19 1.0696742572216437e-10 9.407166693780384e-11 1.2895758784360502e-11
5.8489554468988025 6.976973995366172e-19 1.0832154619596156e-10 9.529906428479846e-11 1.3022481911163108e-11
5.870931020387893 7.040192607275088e-19 1.0971372276298415e-10 9.65642834970391e-11 1.3149439265945064e-11
5.892989160043636 7.105465157385048e-19 1.1114696018160191e-10 9.787034323546893e-11 1.3276616946132968e-11
5.915130176081913 7.177132682967709e-19 1.1268982769307756e-10 9.928113473549373e-11 1.3408692957583869e-11
5.95966208400165 7.368210314279006e-19 1.1656095107784452e-10 1.0284709499468124e-10 1.3713856083163251e-11
6.004529249263818 7.627704164084847e-19 1.215744290315162e-10 1.0751478288565138e-10 1.4059646145864829e-11
6.027089341400364 7.802627654036805e-19 1.2482970519794158e-10 1.1056816625036588e-10 1.426153894757572e-11
6.049734195844842 8.00327981337714e-19 1.285208910347366e-10 1.1404503409528617e-10 1.4475856939450451e-11
6.095279466722835 8.569410289072877e-19 1.3864812230516122e-10 1.2363839174871721e-10 1.5009730556444037e-11
6.141167624020661 9.410862598722457e-19 1.5340863912520277e-10 1.3769725174877642e-10 1.5711387376426334e-11
6.164241091010745 9.943820576968604e-19 1.6270553553001565e-10 1.4654957039839717e-10 1.6155965131618432e-11
6.187401249150058 1.053199522787407e-18 1.729770026472883e-10 1.5636534661089389e-10 1.6611656036394436e-11
6.1990139391386085 1.0816778711627639e-18 1.7798769999102252e-10 1.611443240608988e-10 1.6843375930123676e-11
6.204828454712694 1.0965198059893196e-18 1.8059914613292703e-10 1.636388187088214e-10 1.6960327424105617e-11
6.210648424152782 1.1072579687554819e-18 1.82538800650022e-10 1.6547975347739267e-10 1.7059047172629272e-11
6.233982942956859 1.142885022306736e-18 1.891200543261846e-10 1.7172072751248276e-10 1.7399326813701896e-11
6.239830258556775 1.1469571412873664e-18 1.8997191411831893e-10 1.7252831922921675e-10 1.7443594889102174e-11
6.245683058788269 1.1467467040883006e-18 1.901152152220525e-10 1.7262731211711947e-10 1.7487903104933054e-11
6.257405133728602 1.144428623326606e-18 1.900870008836321e-10 1.7252326539891603e-10 1.7563735484716074e-11
6.269149208991335 1.13571136899268e-18 1.8899312787277032e-10 1.7140987129614474e-10 1.7583256576625567e-11
6.280915325867298 1.1159545606583337e-18 1.860539450250984e-10 1.6852068611661233e-10 1.7533258908486053e-11
6.304513850009849 1.0680508223935836e-18 1.7873637882814163e-10 1.6136583347426925e-10 1.7370545353872395e-11
6.32820103803542 1.0104709648015002e-18 1.6973583435861191e-10 1.525947122645807e-10 1.7141122094031226e-11
6.3519772230701035 9.582567120162566e-19 1.6156981774706539e-10 1.4463669472133437e-10 1.6933123025731042e-11
6.375842739491607 9.138609369970903e-19 1.5466325410655233e-10 1.379160581361466e-10 1.6747195970405734e-11
6.399797922933955 8.794856877906848e-19 1.494047725082821e-10 1.3276466150191217e-10 1.6640111006369908e-11
6.42384311029221 8.505673397498505e-19 1.450350808004758e-10 1.2848624159420794e-10 1.654883920626787e-11
6.447978639727206 8.300186296807993e-19 1.4206296131517794e-10 1.2554415750217122e-10 1.6518803813006707e-11
6.472204850670314 8.127645851408919e-19 1.3963248250623537e-10 1.2313162085459216e-10 1.650086165164326e-11
6.496522083828205 8.018948003752352e-19 1.3828266782342088e-10 1.2175035021807896e-10 1.6532317605341988e-11
6.520930681187647 7.92707468645383e-19 1.372119595579299e-10 1.2064090256515378e-10 1.657105699277606e-11
6.57002334288761 7.835908017955286e-19 1.366550467298954e-10 1.199388568246304e-10 1.6716189905265007e-11
6.619489833774732 7.827544586710421e-19 1.375369859118226e-10 1.2062177987669602e-10 1.691520603512653e-11
6.6693287637831435 7.859803674894532e-19 1.3914360712038088e-10 1.220082174879224e-10 1.713538963245846e-11
6.719538636694507 7.895876119613418e-19 1.4083455129681214e-10 1.234911568405829e-10 1.734339445622925e-11
6.770126513364129 7.991982824912345e-19 1.4362193028775314e-10 1.2604853074219443e-10 1.7573399545558673e-11
6.8210952395837445 8.137173202142901e-19 1.4733200756471046e-10 1.294947319845146e-10 1.78372755801959e-11
6.872447682569556 8.317269010753623e-19 1.5172656432400875e-10 1.3359294667916355e-10 1.8133617644845197e-11
6.924186731123532 8.541020005864475e-19 1.5698130806473778e-10 1.3852050838526378e-10 1.8460799679474017e-11
6.976315295795916 8.72047592198116e-19 1.6148631364996504e-10 1.426950209046849e-10 1.8791292745280113e-11
7.028836309048954 8.752952400220045e-19 1.633079883503641e-10 1.4421374261449884e-10 1.909424573586521e-11
7.081752725421856 8.687081994257914e-19 1.632992206639669e-10 1.4391587934862888e-10 1.9383341315337998e-11
7.135067521697011 8.644568419041775e-19 1.6372343069242204e-10 1.4401442152133445e-10 1.970900917108757e-11
7.1887836970674375 8.699543429248337e-19 1.6600505385786238e-10 1.4590546748740316e-10 2.0099586370459206e-11
7.242904273305506 8.871188254129963e-19 1.7055481074701388e-10 1.4998143942512644e-10 2.0573371321887423e-11
7.297432294932914 9.135558723688637e-19 1.769598008981739e-10 1.5578954270893038e-10 2.1170258189243537e-11
7.352370829391971 9.439967784884066e-19 1.8423296796641941e-10 1.622384069248418e-10 2.1994561041577577e-11
7.379995003818881 9.629689627607324e-19 1.8864173866720224e-10 1.6615430849012364e-10 2.2487430177078713e-11
7.407722967218148 9.83554888602092e-19 1.9339835095475408e-10 1.7039601044049302e-10 2.3002340514260993e-11
7.463496598684601 1.0351203959536847e-18 2.0507023932952907e-10 1.8090294549960588e-10 2.4167293829923156e-11
7.519690156487492 1.1007839675495608e-18 2.1972095340933213e-10 1.9418201707739967e-10 2.5538936331932483e-11
7.533803324048627 1.1198219461553164e-18 2.2394052187530253e-10 1.9801175532018909e-10 2.5928766555113477e-11
7.547942979602549 1.1394926775473439e-18 2.2830192974834156e-10 2.0197730865494572e-10 2.6324621093395846e-11
7.57630195363571 1.180393314044418e-18 2.3738509622642193e-10 2.1024515892555253e-10 2.7139937300869433e-11
7.590521371821866 1.200965540294726e-18 2.4197560628085127e-10 2.1440822451239863e-10 2.7567381768452623e-11
7.604767477414989 1.2221840259681828e-18 2.467129668088714e-10 2.1871137275832796e-10 2.8001594050543394e-11
7.633339951266878 1.2640958981301594e-18 2.5613212891637163e-10 2.272631603844003e-10 2.8868968531971366e-11
7.662019777021956 1.2953327986772803e-18 2.634474892686772e-10 2.33803137850638e-10 2.9644351418039153e-11
7.690807358020558 1.314905889910411e-18 2.684330814874487e-10 2.381450392915414e-10 3.028804219590729e-11
7.719703099118437 1.3223969332769593e-18 2.7097664667005307e-10 2.401863183003233e-10 3.079032836972984e-11
7.748707406692464 1.3163759289001655e-18 2.7075633538832466e-10 2.394813484251664e-10 3.127498696315826e-11
7.777823177463063 1.303195475548265e-18 2.6905251879904436e-10 2.3669402434976395e-10 3.235849444928046e-11
7.807048350752435 1.2846885607871204e-18 2.662282633314396e-10 2.32612696834575e-10 3.361556649686463e-11
7.836380830085272 1.2594280777447737e-18 2.619740884300195e-10 2.27115319010063e-10 3.485876941995641e-11
7.851088371676256 1.2417560377929361e-18 2.5878290226210354e-10 2.233853499239241e-10 3.5397552338179414e-11
7.86582351679805 1.2229971341797731e-18 2.5535188635634105e-10 2.1945392832570593e-10 3.589795803063515e-11
7.89537682495964 1.18143533487293e-18 2.4760091847747546e-10 2.1085156972628652e-10 3.674934875118888e-11
7.9250411701946435 1.1376569217715596e-18 2.393218071502873e-10 2.016692551886359e-10 3.76525519616514e-11
7.939915112024199 1.1151423042625594e-18 2.350258239723592e-10 1.9689306139757307e-10 3.813276257478616e-11
7.954816969689239 1.0939251956481115e-18 2.3098684653087433e-10 1.923481116875835e-10 3.8638734843290796e-11
7.9847046421970465 1.055407196907149e-18 2.2369091213064378e-10 1.8394892129347416e-10 3.9741990837169596e-11
8.044817289139356 9.948149447795426e-19 2.1243590391535637e-10 1.7003798884559364e-10 4.239791506976277e-11
8.07504310897143 9.750897111213916e-19 2.0900604944865297e-10 1.6500667608483988e-10 4.399937336381308e-11
8.105382492623747 9.5855739619947e-19 2.0623438198897705e-10 1.6053307280631765e-10 4.5701309182659394e-11
8.135835866775926 9.46564102080577e-19 2.044191798940859e-10 1.570537601118704e-10 4.736541978221549e-11
8.166403659710703 9.39497796898233e-19 2.0365545252727417e-10 1.5449077076916728e-10 4.91646817581069e-11
8.197086301319933 9.361059197460389e-19 2.0368260097852242e-10 1.5264273969713144e-10 5.103986128139091e-11
8.227884223110665 9.343040668846202e-19 2.0405434383204163e-10 1.5103282185595816e-10 5.302152197608344e-11
8.258797858211198 9.389692648407506e-19 2.0584373161093818e-10 1.5018973403402994e-10 5.5653997576908275e-11
8.289827641377162 9.590294994161562e-19 2.1103131256154966e-10 1.5005606739554757e-10 6.097524516600215e-11
8.320974008997652 9.864071326546155e-19 2.178711884819394e-10 1.505063916805856e-10 6.736479680135379e-11
8.35223739910135 1.0172431284778641e-18 2.255262132632671e-10 1.5119457907502819e-10 7.433163418823892e-11
8.383618251362687 1.0529034048971158e-18 2.343092628014158e-10 1.530025397900919e-10 8.130672301132389e-11
8.415117007108037 1.0940576675909052e-18 2.4438233283384124e-10 1.5551650211271608e-10 8.886583072112512e-11
8.446734109321913 1.1388714212276127e-18 2.5534828857862483e-10 1.5879721812217865e-10 9.65510704564462e-11
8.478470002653195 1.1875926133600668e-18 2.672725816837568e-10 1.6289288802504398e-10 1.0437969365871275e-10
8.542299949622933 1.2887156576956988e-18 2.9221422605084226e-10 1.7153828932424392e-10 1.2067593672659834e-10
8.558332380220154 1.312297422145302e-18 2.981198252198855e-10 1.732956515664952e-10 1.2482417365339037e-10
8.574394900937412 1.3324905359492391e-18 3.03275304607255e-10 1.7433531778889478e-10 1.2893998681836023e-10
8.606610438733982 1.3614931328183742e-18 3.110405664334293e-10 1.7403899614287815e-10 1.3700157029055118e-10
8.622764948673899 1.3718260147689773e-18 3.13989420366336e-10 1.729605050872431e-10 1.4102891527909278e-10
8.638949780445296 1.3768744439625926e-18 3.1573644993073856e-10 1.7080086777318682e-10 1.4493558215755176e-10
8.655163606183647 1.38215542910784e-18 3.175423091966626e-10 1.686098021352203e-10 1.4893250706144225e-10
8.671407862489573 1.3859011720814646e-18 3.1900045976630025e-10 1.6607098542011562e-10 1.5292947434618463e-10
8.703987895363145 1.3896741987342596e-18 3.2107072279727514e-10 1.6017307756479452e-10 1.6089764523248065e-10
8.736690337257128 1.397592306980184e-18 3.241133184005841e-10 1.5488061822281808e-10 1.6923270017776592e-10
8.802464289484785 1.4245173101771146e-18 3.328445390381205e-10 1.461008835282029e-10 1.8674365550991765e-10
8.868733419248175 1.4773358900722276e-18 3.4778454803233855e-10 1.4036441979085326e-10 2.074201282414852e-10
8.935501454478851 1.5673103472379112e-18 3.717434829885346e-10 1.3659270194664746e-10 2.3515078104188725e-10
9.002772151174003 1.667190771641823e-18 3.984106962806008e-10 1.3407816137673135e-10 2.6433253490386954e-10
9.07054929360775 1.770972855953711e-18 4.2639777086054757e-10 1.3234290977655933e-10 2.9405486108398816e-10
9.13883669454403 1.877573953142298e-18 4.554675088931528e-10 1.310753279640164e-10 3.243921809291364e-10
9.207638195451068 1.9816188725120045e-18 4.84326027595328e-10 1.3019685539101127e-10 3.541291722043168e-10
9.276957666717493 2.0940033656265273e-18 5.156468668097379e-10 1.2939627318668515e-10 3.862505936230527e-10
9.346799007870057 2.1992033123775153e-18 5.456293428938684e-10 1.2884214622835497e-10 4.1678719666551346e-10
9.417166147792997 2.3075449304736334e-18 5.768193646029174e-10 1.2831718320510712e-10 4.485021813978102e-10
9.488063044949055 2.3749186245417773e-18 5.98130196352322e-10 1.2792943039975117e-10 4.702007659525709e-10
9.559493687602165 2.445778132704353e-18 6.20613733097834e-10 1.2754886813126468e-10 4.930648649665693e-10
9.631462094041797 2.510029797841944e-18 6.417125457912825e-10 1.2725480739669632e-10 5.144577383945862e-10
9.703972312809022 2.5725047975242172e-18 6.626362264388524e-10 1.2695719185438827e-10 5.356790345844645e-10
9.777099908821425 2.590550846134665e-18 6.723131517822684e-10 1.2672265858837186e-10 5.455904931938965e-10
9.924867353363874 2.6027351812352354e-18 6.856841753010279e-10 1.262932648083159e-10 5.593909104927121e-10
10.074868099996943 2.54562720496562e-18 6.80775010806107e-10 1.259629641757904e-10 5.548120466303166e-10
10.150790707826552 2.497182232816499e-18 6.728519924955691e-10 1.2582148451084802e-10 5.470305079847212e-10
10.22721067892732 2.44770283696325e-18 6.644852218819798e-10 1.2576060592479485e-10 5.387246159571848e-10
10.304205975847633 2.3982503292512116e-18 6.559616917250431e-10 1.2570070814643724e-10 5.302609835786059e-10
10.381780929913377 2.333342478396807e-18 6.430130408827585e-10 1.2576415614754639e-10 5.172488847352121e-10
10.459939905058707 2.26961436103624e-18 6.301597980250227e-10 1.2584912299902121e-10 5.043106750260016e-10
10.538687298071551 2.2004582291235572e-18 6.155581422718376e-10 1.2615016351684555e-10 4.894079787549919e-10
10.618027538840941 2.132100676513444e-18 6.009259910829672e-10 1.2651228185560538e-10 4.744137092273621e-10
10.697971937068667 2.051495196200189e-18 5.825609793996016e-10 1.2721178990033852e-10 4.55349189499263e-10
10.778518246224262 1.973414716771925e-18 5.646077783504972e-10 1.2832851871278716e-10 4.3627925963771017e-10
10.859664048220797 1.8993538593306818e-18 5.475095601277096e-10 1.3016111236204813e-10 4.173484477656614e-10
10.941420754335242 1.8309887307535825e-18 5.317761110204404e-10 1.3312426280918488e-10 3.986518482112556e-10
10.961955922839442 1.8151518817935688e-18 5.281660171872343e-10 1.3420052517448038e-10 3.939654920127537e-10
10.982529632329763 1.800008955426844e-18 5.247427930548072e-10 1.354163326197164e-10 3.893264604350907e-10
11.023792963743814 1.772177251402785e-18 5.185702986044243e-10 1.384129150959869e-10 3.801573835084374e-10
11.065211328886559 1.748053067909256e-18 5.134329763056677e-10 1.4239410147971595e-10 3.710388748259517e-10
11.08597883104876 1.73809728288125e-18 5.114669299443091e-10 1.4497311383620903e-10 3.664938161080999e-10
11.106785310247485 1.7292430170220988e-18 5.098164456908797e-10 1.4785945815213056e-10 3.6195698753874926e-10
11.14851549250461 1.7154148719126176e-18 5.07639778170686e-10 1.547281008395337e-10 3.529116773311522e-10
11.169441129330048 1.7096181508021994e-18 5.068739787236953e-10 1.5840213244036462e-10 3.484718462833307e-10
11.190406043337886 1.7023465932048735e-18 5.056654302491803e-10 1.6163924396734575e-10 3.440261862818346e-10
11.21140851448765 1.6945964152028368e-18 5.043080420963594e-10 1.6476207038960393e-10 3.395459717067556e-10
11.22192452720434 1.6910658522267253e-18 5.03729397027843e-10 1.6640189989925615e-10 3.373274971285868e-10
11.232450403670388 1.684784596248053e-18 5.023290864047888e-10 1.6704870064346696e-10 3.3528038576132175e-10
11.253533585369773 1.6698097044431549e-18 4.987987140576701e-10 1.6749722534103513e-10 3.313014887166349e-10
11.274656339961506 1.6534876645136082e-18 4.948501491279192e-10 1.6746368044006416e-10 3.2738646868785506e-10
11.285231677511122 1.6454513931831937e-18 4.929069820668979e-10 1.6744653628888256e-10 3.254604457780153e-10
11.295816934455262 1.6349097599617585e-18 4.902085309563562e-10 1.666801570211321e-10 3.235283739352242e-10
11.317017243752359 1.6126528000651198e-18 4.844425546439198e-10 1.6476110611763102e-10 3.196814485262889e-10
11.338257342390673 1.5906058794233565e-18 4.787164225119289e-10 1.6284862847356175e-10 3.1586779403836724e-10
11.359537305047965 1.568132422143651e-18 4.728384765459989e-10 1.608174041911293e-10 3.1202107235486966e-10
11.402217121831576 1.5216229798914269e-18 4.6053834730904967e-10 1.5635940796525731e-10 3.041789393437924e-10
11.423617126015266 1.4981411409096916e-18 4.542822858405499e-10 1.5406426285494118e-10 3.0021802298560864e-10
11.445057294333186 1.4743076465608108e-18 4.478942862152841e-10 1.5174366094163525e-10 2.961506252736488e-10
11.488058425037956 1.4258563193016802e-18 4.34802300651856e-10 1.470907657265766e-10 2.877115349252793e-10
11.53122111869469 1.3801266003586645e-18 4.2243866319886926e-10 1.4293475443531797e-10 2.7950390876355127e-10
11.574545982324347 1.3368743904200282e-18 4.107371653297728e-10 1.3921544778183142e-10 2.7152171754794143e-10
11.618033625228566 1.2954731846574082e-18 3.9951260841288824e-10 1.3591824494692188e-10 2.6359436346596633e-10
11.661684658998247 1.2545670281507907e-18 3.883511504936472e-10 1.331690140934819e-10 2.551821364001652e-10
11.705499697522141 1.2155572961151597e-18 3.776894253942407e-10 1.3100821906319557e-10 2.466812063310452e-10
11.749479356995494 1.1776020519160532e-18 3.672709762217543e-10 1.2927049149915481e-10 2.3800048472259955e-10
11.793624255928705 1.1409969854979773e-18 3.5719158356169816e-10 1.2774672660173986e-10 2.2944485695995837e-10
11.83793501515603 1.104938751704815e-18 3.47203096512608e-10 1.2669165011173056e-10 2.2051144640087744e-10
11.882412257844306 1.0700544825337408e-18 3.3750478911515643e-10 1.2574999793310613e-10 2.1175479118205025e-10
11.92705660950172 1.0354892894921737e-18 3.2782972150073987e-10 1.251332482717827e-10 2.0269647322895716e-10
11.971868697986617 1.0019451104749506e-18 3.184016490463019e-10 1.2460240290311553e-10 1.9379924614318645e-10
12.016849153516302 9.681729199873272e-19 3.0882537237576814e-10 1.2439712569183196e-10 1.8442824668393623e-10
12.061998608675935 9.355692189293944e-19 2.995467636609904e-10 1.2425222541956508e-10 1.752945382414253e-10
12.152807060118223 8.713851420400344e-19 2.8109698444377667e-10 1.245560787021243e-10 1.565409057416524e-10
12.198467333490619 8.395036092140613e-19 2.718299268047722e-10 1.250181391853021e-10 1.4681178761947014e-10
12.244299160690385 8.090368575693412e-19 2.62949090161525e-10 1.2556500292432117e-10 1.3738408723720377e-10
12.290303186275983 7.779387278347163e-19 2.53791704139166e-10 1.263805827817696e-10 1.274111213573964e-10
12.3364800572276 7.52988906246451e-19 2.4657513062499033e-10 1.272866672741678e-10 1.1928846335082256e-10
12.382830422956244 7.437816005585986e-19 2.444751882799236e-10 1.2837090872040106e-10 1.1610427955952252e-10
12.429354935312874 7.350689269328704e-19 2.4251917799801217e-10 1.2950891697908982e-10 1.1301026101892228e-10
12.476058240797144 7.264467311319116e-19 2.405750586714635e-10 1.3057155416199254e-10 1.1000350450947097e-10
12.522937033967983 7.199569239860418e-19 2.39321735046983e-10 1.3163830644893143e-10 1.0768342859805158e-10
12.569987951963114 7.199659008665723e-19 2.4022390490844966e-10 1.3236560692721052e-10 1.0785829798123917e-10
12.593579661530361 7.193689331954126e-19 2.4047520580384256e-10 1.3254019561830467e-10 1.0793501018553792e-10
12.617215648686605 7.183972183304155e-19 2.4060109582902594e-10 1.3259625790435681e-10 1.080048379246691e-10
12.664620788327802 7.149726225602849e-19 2.40353823815165e-10 1.3223545094153973e-10 1.081183728736253e-10
12.71220403757155 7.1002379693828075e-19 2.395869686001952e-10 1.3138287963227034e-10 1.0820408896792486e-10
12.736062662318053 7.069243439092088e-19 2.389888049839504e-10 1.3075365511733457e-10 1.0823514986661578e-10
12.759966065607527 7.034787555227576e-19 2.3827031506603445e-10 1.3001088174237502e-10 1.0825943332365942e-10
12.807907544139693 6.954600623176871e-19 2.364393801219943e-10 1.28155768538404e-10 1.0828361158359033e-10
12.856029147395699 6.870281705953649e-19 2.344503181890152e-10 1.2615904420005947e-10 1.0829127398895566e-10
12.904331552136407 6.784039381688597e-19 2.323770886383522e-10 1.2408373767936577e-10 1.0829335095898647e-10
12.95281543766539 6.697578459669461e-19 2.3027745463383086e-10 1.2199800414255763e-10 1.0827945049127317e-10
13.00148148583848 6.616215369382147e-19 2.283346960877653e-10 1.2007120017999745e-10 1.0826349590776781e-10
13.050330381073369 6.539440543263717e-19 2.265330305192912e-10 1.182875293888646e-10 1.0824550113042663e-10
13.099362810359226 6.467110819730969e-19 2.2486916485166844e-10 1.166448820495867e-10 1.0822428280208171e-10
13.197981031955921 6.335983654477238e-19 2.219683128818861e-10 1.1380330255151486e-10 1.0816501033037127e-10
13.247568211189632 6.276704719572395e-19 2.2071776797029387e-10 1.1259054436594864e-10 1.0812722360434525e-10
13.297341698339563 6.220119806697923e-19 2.1954978274575546e-10 1.1146419454228299e-10 1.0808558820347252e-10
13.397450398986955 6.115698120310373e-19 2.1748916743422725e-10 1.0951170960754095e-10 1.079774578266863e-10
13.447787020368724 6.06693675637976e-19 2.165657247385823e-10 1.0865738658287624e-10 1.0790833815570605e-10
13.498312765455129 6.019478964451495e-19 2.1567898001255345e-10 1.0784637950734484e-10 1.0783260050520858e-10
13.59993447169816 5.928507967241561e-19 2.14018667965798e-10 1.0638409726160557e-10 1.0763457070419237e-10
13.702321234386334 5.854515723153707e-19 2.1293867852913892e-10 1.0508219805950625e-10 1.0785648046963265e-10
13.805478813227746 5.89473086715849e-19 2.1601548691009243e-10 1.0390355414743048e-10 1.1211193276266203e-10
13.90941301129231 5.946372095596115e-19 2.1954842082242825e-10 1.0277715691086188e-10 1.1677126391156633e-10
13.96167316792965 6.006764880497551e-19 2.2261146783616893e-10 1.0226641898194e-10 1.2034504885422894e-10
14.014129675338197 6.069483811666921e-19 2.2578096362213134e-10 1.0177473347818156e-10 1.2400623014394975e-10
14.119634696140762 6.199113775002155e-19 2.3233920609822851e-10 1.0091339764885918e-10 1.3142580844936935e-10
14.225934008823913 6.329094626238361e-19 2.3899664898509857e-10 1.0007092492820046e-10 1.389257240568981e-10
14.333033593193976 6.466189602543558e-19 2.46011827244752e-10 9.92264842140469e-11 1.4678534303070515e-10
14.44093947407611 6.59487322323797e-19 2.527966602444616e-10 9.83662289009721e-11 1.544304313434895e-10
14.54965772165321 6.73140518939471e-19 2.5997281872936355e-10 9.750709866566635e-11 1.6246572006369727e-10
14.659194451807393 6.876085590100102e-19 2.6755976923204714e-10 9.664907148802857e-11 1.709106977440186e-10
14.769555826464039 7.027032093433824e-19 2.7549188130000904e-10 9.57896999963282e-11 1.7970218130368082e-10
14.992777389284976 7.310296012622996e-19 2.9092864802915883e-10 9.403284914847013e-11 1.9689579888068876e-10
15.21937263962189 7.621641174455419e-19 3.0790354005131947e-10 9.228523530831234e-11 2.1561830474300713e-10
15.449392566130673 7.9488401074628745e-19 3.259752318233878e-10 9.04991312026219e-11 2.3547610062076596e-10
15.682888928090767 8.620109281662176e-19 3.588461336441689e-10 8.873191535188732e-11 2.701142182922815e-10
15.919914267052077 9.352432760361829e-19 3.952162128000309e-10 8.694279501926339e-11 3.082734177807674e-10
16.03976693895051 9.69672366746041e-19 4.128502064733726e-10 8.605947183505928e-11 3.267907346383133e-10
16.1605219186579 1.0056614374881215e-18 4.313964956505948e-10 8.524433129823464e-11 3.4615216435236015e-10
16.22123989475974 1.0209651536878698e-18 4.396067980295876e-10 8.484337712363416e-11 3.5476342090595344e-10
16.282185999175777 1.036641318808301e-18 4.4803367725226685e-10 8.44423560482368e-11 3.6359132120403016e-10
16.312744867225646 1.0446215452432058e-18 4.523300658705462e-10 8.424182816935611e-11 3.6808823770119e-10
16.343361089024967 1.0526978762385406e-18 4.566826956642567e-10 8.404129282730131e-11 3.726414028369555e-10
16.404766024646595 1.0691429442038737e-18 4.655595586508635e-10 8.364021199476066e-11 3.8191934665610274e-10
16.466401669612416 1.0859848197673434e-18 4.746701183950612e-10 8.323913790536636e-11 3.9143098048969473e-10
16.497306278852424 1.0945572030853923e-18 4.793149044231658e-10 8.303861093996596e-11 3.9627629348319993e-10
16.528268890738765 1.1032319827349987e-18 4.840203776529202e-10 8.283809469859729e-11 4.011822829543229e-10
16.590368558098763 1.1208930997949962e-18 4.936164936914701e-10 8.243710632691557e-11 4.1117938736455433e-10
16.65270154503456 1.1381354487984095e-18 5.030927767002526e-10 8.203543244142344e-11 4.2105734425882906e-10
16.715268728169598 1.15210461330405e-18 5.111810100276235e-10 8.163063533006814e-11 4.2955037469755536e-10
16.778070987420957 1.1663308825463303e-18 5.194374236138936e-10 8.122603241526373e-11 4.382113911986298e-10
16.9043842704834 1.195570300151148e-18 5.364681060682171e-10 8.041749746490558e-11 4.560506086033113e-10
17.03164849990255 1.225885430819413e-18 5.542120984906237e-10 7.961000227373323e-11 4.746020962168904e-10
17.159870834853997 1.256465648904247e-18 5.723136013533406e-10 7.880293023045218e-11 4.935106711228883e-10
17.289058488411015 1.2797954467829068e-18 5.87328854142689e-10 7.798984963638542e-11 5.093390045063035e-10
17.35401657858945 1.2916847824696527e-18 5.950123557435671e-10 7.758399227798034e-11 5.174283634655869e-10
17.386587088641786 1.2976861232672561e-18 5.98898787532733e-10 7.738124270432258e-11 5.215175448284103e-10
17.419218727950305 1.3037254625588186e-18 6.028152814364584e-10 7.717861569368375e-11 5.256366657427746e-10
17.48466585346766 1.3159187901895414e-18 6.10739287883144e-10 7.677373877415687e-11 5.339655491089874e-10
17.550358875560836 1.3282660791643611e-18 6.187860530085595e-10 7.636938022007078e-11 5.424166727884886e-10
17.682486308455736 1.3496166721386019e-18 6.334658368067882e-10 7.55615063850169e-11 5.579043304217714e-10
17.81560845938729 1.33458789252283e-18 6.311277457166541e-10 7.474855009314354e-11 5.563791956235107e-10
17.882544892141226 1.327092410636053e-18 6.299410682179513e-10 7.434310331733982e-11 5.555979649006113e-10
17.949732817065083 1.3193242776638945e-18 6.286066567228181e-10 7.393836535220637e-11 5.546682913706117e-10
18.084866926577256 1.3014122392466236e-18 6.247404661207983e-10 7.313107868256889e-11 5.516093874382293e-10
18.221018389814958 1.2834931755537217e-18 6.207770364977425e-10 7.232744038218649e-11 5.484495961155561e-10
18.496404071615608 1.2450705520687215e-18 6.112947964584094e-10 7.074314744469453e-11 5.40551649013715e-10
18.635790038622734 1.226174194586978e-18 6.065539199945232e-10 6.997335462251998e-11 5.365805653720034e-10
18.776226396166493 1.207376189911584e-18 6.01755894788681e-10 6.920573977301789e-11 5.325501550156631e-10
18.91772105982334 1.187858544930404e-18 5.96489738376239e-10 6.843721149921198e-11 5.280525268770271e-10
19.203636446149176 1.1495601085497567e-18 5.859824285105073e-10 6.691065326188683e-11 5.190717752486205e-10
19.4938730510763 1.1112236356383175e-18 5.750015783289768e-10 6.539092200124197e-11 5.096106563277347e-10
19.78849618389234 1.0731142507225402e-18 5.636742384803702e-10 6.388055498703854e-11 4.997936834933316e-10
20.08757214094514 1.0352112855936667e-18 5.519832261279803e-10 6.237975041250332e-11 4.896034757154771e-10
20.391466406516905 9.977030050743853e-19 5.400315977949515e-10 6.088942751955212e-11 4.791421702753991e-10
20.699681925472166 9.601970248816417e-19 5.275862411547509e-10 5.94156428584581e-11 4.681705982962927e-10
21.012556099387844 9.212342577438912e-19 5.138287477757152e-10 5.795841186550803e-11 4.5587033591020715e-10
21.652507708764745 8.449048565188112e-19 4.856075623657711e-10 5.5148889922867105e-11 4.304586724429041e-10
21.979755641372343 8.0858799701421305e-19 4.71758336238122e-10 5.377419306727021e-11 4.179841431708521e-10
22.311949477282987 7.734295193317312e-19 4.5806561731114864e-10 5.2415157646515805e-11 4.056504596646327e-10
22.64916396703608 7.393924244156844e-19 4.4452542463840136e-10 5.107177419907822e-11 3.9345365043932317e-10
22.991811201917592 7.064615227183235e-19 4.3115272043026546e-10 4.974433569893643e-11 3.814083847313291e-10
23.339642165776596 6.746319909423891e-19 4.179559939707006e-10 4.843389002166094e-11 3.695221039490396e-10
23.69273528050995 6.439148936528182e-19 4.049609116480635e-10 4.7141932085054596e-11 3.578189795630089e-10
24.414313559781952 5.858178160994007e-19 3.7964398775700866e-10 4.464700489334189e-11 3.349969828636667e-10
24.78366481022829 5.586439922614537e-19 3.6751078842665534e-10 4.343689452925073e-11 3.2407389389740457e-10
25.15860378059443 5.327271021910537e-19 3.5576298503966856e-10 4.225094167285626e-11 3.135120433668122e-10
25.924826076583233 4.841690246083518e-19 3.331825793178228e-10 3.994077437799672e-11 2.9324180493982627e-10
26.714384190886577 4.393807509180973e-19 3.115699949454002e-10 3.77170956156893e-11 2.738528993297108e-10
27.527988831636016 3.9798049809167263e-19 2.9080757016884543e-10 3.55812261446259e-11 2.5522634402421955e-10
28.366372352060132 3.5990367283670534e-19 2.7099389748459956e-10 3.353762532186216e-11 2.374562721627374e-10
29.2302894097004 3.248666439716229e-19 2.520621697678241e-10 3.158938845731248e-11 2.204727813105116e-10
30.12051764570424 2.9305094712032054e-19 2.3430145938398645e-10 2.9727760279986623e-11 2.045736991039998e-10
30.575747924857424 2.7842789566865493e-19 2.2597441323439396e-10 2.8826703002534916e-11 1.9714771023185903e-10
31.037858384806153 2.6460624920060874e-19 2.1800240110639865e-10 2.7945339098208607e-11 1.9005706200818995e-10
31.983137356627505 2.388992068850527e-19 2.0281739682647996e-10 2.624880025846614e-11 1.7656859656801384e-10
32.95720543894392 2.1586169604336892e-19 1.8884061113978025e-10 2.4645213004023435e-11 1.641953981357568e-10
33.960939423588975 1.9492970593722972e-19 1.7572241199178267e-10 2.3122808162162376e-11 1.525996038296203e-10
34.99524280568484 1.7568486176170368e-19 1.6319723088218888e-10 2.1669255360828062e-11 1.4152797552136072e-10
36.06104659690874 1.5814542040104939e-19 1.5137856366710116e-10 2.0290596218707365e-11 1.3108796744839376e-10
37.159310163528254 1.4209163867349584e-19 1.4015403285693433e-10 1.8995811031320487e-11 1.2115822182561383e-10
38.29102208995955 1.275256431844629e-19 1.2961758174811934e-10 1.7773837265405425e-11 1.1184374448271393e-10
39.45720106862597 1.1421565721909448e-19 1.1962483482329036e-10 1.6612961295051284e-11 1.0301187352823908e-10
40.65889681691763 1.0217752472524551e-19 1.102758468421837e-10 1.5516008580843387e-11 9.475983826134036e-11
41.897191022077855 9.135260718138112e-20 1.0159569051593082e-10 1.448637006755552e-11 8.710932044837529e-11
43.173198314866475 8.162084389256662e-20 9.353727996083129e-11 1.3518018012281204e-11 8.00192619485501e-11
44.48806727287728 7.279289113137884e-20 8.596109529605551e-11 1.2605001983358413e-11 7.335609331269709e-11
45.8429814544115 6.48447122827134e-20 7.89072404415032e-11 1.174596062319389e-11 6.716127981830929e-11
47.23916046383907 5.765002838221948e-20 7.228881892905859e-11 1.0939961611822164e-11 6.134885731723644e-11
48.67786104940597 5.11874551488697e-20 6.614004077116103e-11 1.0183968458088531e-11 5.59560723130725e-11
50.16037823447602 4.5358740740979e-20 6.039364262727229e-11 9.475266158143162e-12 5.091837646912913e-11
51.68804648322576 4.013789707593422e-20 5.506988462743783e-11 8.811273130410977e-12 4.625861149702684e-11
53.26224090184056 3.5446522511657927e-20 5.0114396258691915e-11 8.189022839096229e-12 4.192537341959567e-11
54.884378476295105 3.125580419233289e-20 4.5535369084310456e-11 7.606465223197566e-12 3.79289038611129e-11
56.55591934783037 2.750607326614106e-20 4.129296755869494e-11 7.0626971051268135e-12 3.42302704535681e-11
58.27836812727644 2.4166569691730785e-20 3.738452135498479e-11 6.555383873660327e-12 3.0829137481324454e-11
60.05327524940399 2.125591785350351e-20 3.388332289497857e-11 6.0808270644373705e-12 2.7802495830541205e-11
61.88223836852342 1.8723454798867717e-20 3.0755403840455267e-11 5.637058586545463e-12 2.5118345253909814e-11
62.81758386220369 1.7575450888836353e-20 2.9306039909038414e-11 5.4267885246657505e-12 2.3879251384372665e-11
63.7670670344103 1.6526270752734262e-20 2.7973109071971708e-11 5.224058845270128e-12 2.2749050226701578e-11
65.70913619443517 1.465594774161059e-20 2.5562839829976665e-11 4.84038846171772e-12 2.072245136825895e-11
67.71035238438829 1.297927940161446e-20 2.332787011226078e-11 4.482430390200096e-12 1.8845439722060683e-11
69.77251696707448 1.1469109861445738e-20 2.1241419493209123e-11 4.1480378554530215e-12 1.7093381637756093e-11
71.89748616702131 1.0123996860100182e-20 1.9321246477764096e-11 3.837354139011473e-12 1.5483892338752626e-11
74.08717274132995 8.929315912592305e-21 1.7560247923751534e-11 3.5496456547526577e-12 1.4010602268998877e-11
76.34354770141287 7.872247875209745e-21 1.595293263384838e-11 3.2821184416631843e-12 1.2670814192185192e-11
78.66864208716851 6.938959326322403e-21 1.4489901348362589e-11 3.032769715374684e-12 1.1457131632987905e-11
81.06454879518883 6.1178966515126676e-21 1.3164444535223142e-11 2.801254259851919e-12 1.0363190275371226e-11
83.5334244626476 5.402994144903508e-21 1.1980204065028709e-11 2.5869648587909348e-12 9.393239206237774e-12
86.07749140856238 4.77091263837907e-21 1.0900853394765358e-11 2.38824019406085e-12 8.512613200704507e-12
88.69903963417964 4.204645921647329e-21 9.89960302968117e-12 2.2036913825836753e-12 7.695911647097496e-12
91.4004288842828 3.702557269284627e-21 8.982959700575703e-12 2.0326122288544927e-12 6.9503474717212115e-12
94.18409077127889 3.25846586818867e-21 8.146295483486187e-12 1.8742784049066466e-12 6.272017078579542e-12
97.05253096397554 2.866774706910103e-21 7.385329267838925e-12 1.7277088099870441e-12 5.65762045785188e-12
100.00833144301866 2.526540845485958e-21 6.707056088952737e-12 1.5921046757253285e-12 5.114951413227409e-12
103.05415282502196 2.2272550366470875e-21 6.092631060606717e-12 1.4666601474237072e-12 4.6259709131830085e-12
106.19273675747671 1.967797017751256e-21 5.546826024644071e-12 1.350525284281518e-12 4.196300740362554e-12
109.4269083866038 1.7393188385539e-21 5.052109596719395e-12 1.2431451341182916e-12 3.8089644626011015e-12
112.75957890036308 1.5345930451946064e-21 4.593207909645136e-12 1.144140209974281e-12 3.4490676996708547e-12
116.1937481489129 1.3527693544126503e-21 4.172304060850188e-12 1.0527583352792294e-12 3.119545725570959e-12
119.73250734487735 1.1898651077589037e-21 3.781631784420054e-12 9.68172219822911e-13 2.8134595645971413e-12
123.37904184585196 1.045390318583649e-21 3.4236495246849556e-12 8.90026086021777e-13 2.5336234386631785e-12
127.13663402165271 9.165102857434454e-22 3.0929826619186834e-12 8.181641415582855e-13 2.2748185203603986e-12
131.0086662088879 8.025533682449081e-22 2.7908942439240487e-12 7.519985202480474e-13 2.0388957236760014e-12
134.99862375551584 7.013564636072003e-22 2.5132609181080833e-12 6.908221716089622e-13 1.82243874649912e-12
139.11009815812417 6.121419676452507e-22 2.2603736987169565e-12 6.343382878314373e-13 1.626035410885519e-12
143.3467902947586 5.339702458993076e-22 2.0317696274349864e-12 5.824506925673698e-13 1.4493189348676162e-12
147.71251375620898 4.6562958560533125e-22 1.825691060987713e-12 5.347729702593082e-13 1.290918090728404e-12
152.21119827875228 4.080293793489474e-22 1.6485703046548507e-12 4.908018640009853e-13 1.157768440653865e-12
156.84689328144228 3.591711035296726e-22 1.4953633868067555e-12 4.5025735918282094e-13 1.0451060276239345e-12
159.21741877681018 3.3691363341148085e-22 1.423897072937188e-12 4.312283377318669e-13 9.926687352053207e-13
161.62377151112827 3.1586037989108797e-22 1.3550952510253944e-12 4.1299175053129773e-13 9.421035004940966e-13
166.54613279848823 2.7719214806915135e-22 1.2254198468610303e-12 3.787653115920196e-13 8.466545352690107e-13
171.61840792845166 2.4334265023835846e-22 1.1085404259414613e-12 3.4728003789414604e-13 7.612603880473153e-13
176.84516262850022 2.138595930021806e-22 1.0039020793577139e-12 3.183107142130196e-13 6.855913651446942e-13
179.5181642894721 2.0047818735976032e-22 9.553113962133316e-13 3.0471785038637747e-13 6.505935458269543e-13
182.2315681744764 1.8769146916079024e-22 9.07899086852033e-13 2.916912639989628e-13 6.162078228530704e-13
187.78155384880017 1.6400614686034792e-22 8.174900717490541e-13 2.6725250996254237e-13 5.502375617865121e-13
190.61961427604518 1.5333293040637313e-22 7.758405152295904e-13 2.5579368745617424e-13 5.200468277734161e-13
193.5005680909718 1.4339261215211533e-22 7.365096707116542e-13 2.4481392423828024e-13 4.916957464733742e-13
199.3937587803602 1.2561664081545913e-22 6.648568825640443e-13 2.242182813133034e-13 4.4063860125074104e-13
205.46643057848152 1.102963460588379e-22 6.015495892092069e-13 2.0530795906733086e-13 3.9624163014187607e-13
211.72404970390772 9.732627906780048e-23 5.469778568519266e-13 1.879398139090379e-13 3.590380429428886e-13
218.17224885259444 8.5908605302816e-23 4.975143476636438e-13 1.720097769956081e-13 3.255045706680357e-13
224.8168322680627 7.558751196012539e-23 4.5107453238227723e-13 1.5742155319494173e-13 2.9365297918733545e-13
231.66378096599615 6.641648547076325e-23 4.0841667348840815e-13 1.440427961508464e-13 2.6437387733756165e-13
238.71925811795668 5.82427694399282e-23 3.6906163944372255e-13 1.317493041891925e-13 2.3731233525453014e-13
245.98961459906556 5.1016997267704295e-23 3.3312029978595447e-13 1.2048044924444934e-13 2.1263985054150515e-13
249.71106150874405 4.7670363176655404e-23 3.1597714773642505e-13 1.1521286909316985e-13 2.0076427864325525e-13
253.4888082224776 4.448883375718096e-23 2.99349987121759e-13 1.1018063611151833e-13 1.8916935101024061e-13
261.20898134247824 3.8761808600912853e-23 2.687581056750827e-13 1.0076024055967547e-13 1.6799786511540729e-13
269.1642775569489 3.3914251005633486e-23 2.423087430086163e-13 9.210131085978428e-14 1.502074321488319e-13
277.3618576987742 2.970717321588267e-23 2.1871446113328537e-13 8.416510108218804e-14 1.3454936005109734e-13
285.8091006888481 2.5819927408824084e-23 1.958846944053045e-13 7.692402473142357e-14 1.1896066967388094e-13
294.5136101780917 2.2389321622806739e-23 1.7503130767416612e-13 7.030176274843269e-14 1.0472954492573345e-13
303.4832213917586 1.9509867210208212e-23 1.5716593908974797e-13 6.422483637912438e-14 9.294110271062356e-14
312.7260081821858 1.7032406471032168e-23 1.4138698944816485e-13 5.865919893072286e-14 8.272779051744201e-14
322.25029029634635 1.4901618139921102e-23 1.2746653507515452e-13 5.357773406013748e-14 7.3888801015017e-14
332.0646408647343 1.3049129494076408e-23 1.1502006459821578e-13 4.893382014393509e-14 6.608624445428065e-14
342.17789411833206 1.1411941061611978e-23 1.0365276752971372e-13 4.4683365586139523e-14 5.896940194357417e-14
352.59915334060224 9.972298817842747e-24 9.333531161111771e-14 4.0794968423394905e-14 5.2540343187722785e-14
363.337799061663 8.721717518969798e-24 8.41166620827715e-14 3.724181810152471e-14 4.68748439812468e-14
374.40349750202313 7.632719498179622e-24 7.585577197945151e-14 3.399503584549283e-14 4.18607361339587e-14
380.062092440151 7.141201205226765e-24 7.204357535380626e-14 3.247845115771541e-14 3.956512419609083e-14
385.80620927347337 6.681741355734208e-24 6.842712709029735e-14 3.102896983814745e-14 3.73981572521499e-14
397.5561983449763 5.8501387082932414e-24 6.173537996686485e-14 2.8319258848927268e-14 3.3416121117937585e-14
409.6640412816112 5.118083407648137e-24 5.565505767579442e-14 2.5841743322643203e-14 2.98133143531512e-14
415.8555509384264 4.785730572287741e-24 5.2827514873807593e-14 2.4683863300291406e-14 2.8143651573516194e-14
422.1406367649012 4.474283079313998e-24 5.013604269887619e-14 2.357692358124583e-14 2.6559119117630347e-14
434.9972154030873 3.912326720367056e-24 4.5174257772581936e-14 2.1509677914245003e-14 2.366457985833693e-14
448.24534984018095 3.422400702982005e-24 4.072077944312072e-14 1.9623381223215214e-14 2.10973982199055e-14
461.89696517289525 2.994872871445271e-24 3.671917658252314e-14 1.7899112337134946e-14 1.8820064245388198e-14
475.9643496848308 2.6216667341413308e-24 3.312236519381011e-14 1.6322298756844496e-14 1.68000664369656e-14
490.4601659075747 2.294236885112592e-24 2.9868363736484505e-14 1.488422272454422e-14 1.4984141011940292e-14
505.39746201868155 2.0063736978117863e-24 2.6916235261700355e-14 1.357437125191504e-14 1.3341864009785302e-14
520.7896835867783 1.7548134847383522e-24 2.4258434397619473e-14 1.2379917334913482e-14 1.187851706270599e-14
536.6506856743796 1.5356227142191367e-24 2.1874878476071386e-14 1.1290787920135684e-14 1.0584090555935703e-14
552.9947453093008 1.344025773197292e-24 1.972868026755681e-14 1.0296871742513987e-14 9.43180852504282e-15
569.8365743358964 1.176372701457194e-24 1.779363556335255e-14 9.389662510480756e-15 8.403973052871795e-15
587.1913326576936 1.0296687240731574e-24 1.6048948775284005e-14 8.561684647613633e-15 7.487264127670374e-15
605.0746418833327 9.012934200634278e-25 1.447586705634249e-14 7.806100486657185e-15 6.669766569685309e-15
623.502599388115 7.889561075358267e-25 1.3057515317297002e-14 7.116649197755495e-15 5.940866119541508e-15
642.4917928037942 6.906516726915664e-25 1.1778665414870383e-14 6.487599949364161e-15 5.291065465506222e-15
662.0593149496696 6.046248281281071e-25 1.0625571800520298e-14 5.913722327497902e-15 4.711849473022399e-15
682.2227792184137 5.293397550800726e-25 9.585839683117712e-15 5.390224375566293e-15 4.19561530755142e-15
703.0003354304876 4.634533181903395e-25 8.648304277676425e-15 4.91273234120717e-15 3.735571936469254e-15
724.4106861714122 4.0579063129729334e-25 7.802904601937024e-15 4.477255915015374e-15 3.3256486869216507e-15
746.4731036265977 3.5532300772940453e-25 7.040555508592534e-15 4.080123556889093e-15 2.9604319517034405e-15
769.2074469289008 3.111505370507349e-25 6.353067477264198e-15 3.717979609780864e-15 2.635087867483335e-15
792.6341800345017 2.724863667434984e-25 5.733066869232186e-15 3.387773257514782e-15 2.3452936117174043e-15
816.7743901432078 2.3864229019016343e-25 5.173910993287474e-15 3.0867181132595525e-15 2.0871928800279223e-15
841.6498066797607 2.0901575755205156e-25 4.669602249954317e-15 2.8122591337693078e-15 1.857343116185007e-15
867.2828208532309 1.8307941912591363e-25 4.214729459932508e-15 2.562059837674272e-15 1.6526696222582354e-15
893.6965058121084 1.6037254575507382e-25 3.804429286629359e-15 2.3339946473811576e-15 1.4704346392482024e-15
920.9146374132232 1.4049218593852289e-25 3.4343217375868294e-15 2.1261242335579567e-15 1.3081975040288735e-15
948.9617156232121 1.230853597954483e-25 3.100448517834542e-15 1.936672274627401e-15 1.1637762432071419e-15
977.8629865717667 1.0784325257713468e-25 2.7992418257415223e-15 1.764017162496679e-15 1.0352246632448443e-15
1007.6444652765354 9.449578647367075e-26 2.527488572851732e-15 1.606679529811736e-15 9.208090430399958e-16
1038.332959060126 8.280661330152713e-26 2.2822914097101796e-15 1.4633079936014532e-15 8.189834161087266e-16
1069.95609168029 7.256902177365721e-26 2.0610411251624263e-15 1.3326709974173341e-15 7.283701277450926e-16
1102.542328195006 6.360220004906057e-26 1.861387714623918e-15 1.2136461656076367e-15 6.477415490162813e-16
1136.1210005848498 5.574784684666314e-26 1.6812105975196247e-15 1.1052074677507325e-15 5.760031297688924e-16
1170.7223341557005 4.886736941835486e-26 1.518596161370773e-15 1.0064168667070067e-15 5.12179294663766e-16
1206.3774747455793 4.283955403624018e-26 1.3718214640752714e-15 9.164204371338387e-16 4.554010269414329e-16
1243.1185167600695 3.755839478017821e-26 1.2393357885643622e-15 8.344412122370421e-16 4.0489457632732017e-16
1280.9785320615858 3.2931061688244016e-26 1.1197395471845148e-15 7.59769163330558e-16 3.5997038385395746e-16
1319.9915997384837 2.887622987211687e-26 1.011768352619696e-15 6.917548777468622e-16 3.200134748728337e-16
1360.1928367808064 2.5322760747082153e-26 9.142836810553226e-16 6.298070308529963e-16 2.8447665020232655e-16
1401.618429690285 2.220846184990553e-26 8.262618725280767e-16 5.73388428412307e-16 2.528734441157694e-16
1444.305667053031 1.9478858692352e-26 7.46778928899335e-16 5.220085894349145e-16 2.2477033946442063e-16
1488.2929731042755 1.708620730612285e-26 6.749996313552838e-16 4.752184235231241e-16 1.9978120783215966e-16
1533.6199423153234 1.4988726402225832e-26 6.101714913550323e-16 4.326090963054234e-16 1.7756239504960893e-16
1580.327375033885 1.3149857135097703e-26 5.516168586865881e-16 3.93809096866499e-16 1.5780776182008892e-16
1628.457314209858 1.1537588640730915e-26 4.987246828559077e-16 3.584797196217842e-16 1.4024496323412363e-16
1678.0530832396191 1.0123865904052166e-26 4.5094285719917565e-16 3.263112545625219e-16 1.2463160263665363e-16
1729.1593249628888 8.884123512516861e-27 4.07773531007599e-16 2.9702154252026235e-16 1.1075198848733651e-16
1781.8220418472597 7.79686273934658e-27 3.687683573579782e-16 2.703541360229144e-16 9.841422133506379e-17
1836.0886373966016 6.843250209196674e-27 3.335227748600846e-16 2.4607527951479425e-16 8.74474953452904e-17
1892.007958820556 6.006784181892599e-27 3.016715956469346e-16 2.239716338186803e-16 7.769996182825423e-17
1949.6303410035755 5.273002650118713e-27 2.728850211281691e-16 2.0384855602141272e-16 6.903646510675641e-17
2009.0076518130663 4.629249778612979e-27 2.4686620362263924e-16 1.8552939247114624e-16 6.133681115149293e-17
2070.1933387874215 4.064439259223052e-27 2.2334743926051196e-16 1.6885329206842063e-16 5.449414719209136e-17
2133.242477245972 3.568843179585189e-27 2.0208641548812511e-16 1.5367312660804865e-16 4.841328888007653e-17
2198.211819864143 3.133938591949153e-27 1.8286452163213285e-16 1.3985493062142677e-16 4.3009591010706084e-17
2265.1598477584885 2.752261072462745e-27 1.6548472605255222e-16 1.272768751786707e-16 3.820785087388157e-17
2334.1468231275226 2.417266971999319e-27 1.4976910064647218e-16 1.158279747348244e-16 3.394112591164781e-17
2405.2348434957767 2.123221668758522e-27 1.3555709630150244e-16 1.0540711919533933e-16 3.0149977106163096e-17
2478.487897609897 1.8650995860685706e-27 1.2270387029466555e-16 9.59222713036815e-17 2.6781598990984055e-17
2553.971923037092 1.63849184772913e-27 1.110784565428927e-16 8.728953174724353e-17 2.378892479564918e-17
2631.7548655177807 1.4395324381012238e-27 1.0056256060817398e-16 7.943246447387121e-17 2.1130096134302747e-17
2711.906740125872 1.2648333226218487e-27 9.104948261887266e-17 7.228153290826924e-17 1.8767949710603444e-17
2794.4996942916955 1.1114231030837208e-27 8.244283538684123e-17 6.57733898970752e-17 1.6669445489766028e-17
2879.6080727443887 9.766964253610639e-28 7.465560403797211e-17 5.985038484011524e-17 1.480521919785687e-17
2967.308484432098 8.583689497951867e-28 6.76092519366322e-17 5.446005984695863e-17 1.3149192089673563e-17
3057.6798714803062 7.54435914045039e-28 6.123275526994329e-17 4.9554601404027677e-17 1.1678153865915612e-17
