Dust emission spectrum from A.P. Jones, M. Kohler, N. Ysard, M. Bocchio, and L. Verstraete (2017), A&A, 602A, 46J 
inside the DustPedia framework.

lambda    nu*dP/dnu     j_nu    j_nu(carb.) j_nu(sil)
 (um)   (erg s-1 H-1) (Jy cm2 sr-1 H-1)
0.9927057738263894 1.032414830025604e-25 2.7204717171091404e-18 2.7204717170934418e-18 1.5698345319553454e-29
1.0001793341362166 1.0493880710343855e-25 2.78601488819181e-18 2.786014888172898e-18 1.8912513566293288e-29
1.0077091589558085 1.0663347383009816e-25 2.8523196671501356e-18 2.8523196671273807e-18 2.2755630216492585e-29
1.0114953028030835 1.0747960163003106e-25 2.8857542998581956e-18 2.885754299833246e-18 2.494879607944794e-29
1.0152956718711033 1.0832481491510463e-25 2.9193752615477976e-18 2.9193752615204532e-18 2.734454063686149e-29
1.0229392996569957 1.1001133409677825e-25 2.9871479154732206e-18 2.987147915440403e-18 3.281697017487938e-29
1.0267826658714554 1.108505855082774e-25 3.02124505606451e-18 3.021245056028576e-18 3.593498885871534e-29
1.0306404723013447 1.116885508955598e-25 3.0555210646019217e-18 3.0555210645625853e-18 3.933656299149999e-29
1.03451277320114 1.1252514931093697e-25 3.089974448800031e-18 3.089974448756985e-18 4.304622619527598e-29
1.0383996230291617 1.1336030026835738e-25 3.1246036981592665e-18 3.124603698112175e-18 4.7090517865219235e-29
1.0403485208654093 1.1377730792846742e-25 3.1419837953507515e-18 3.1419837953015044e-18 4.9247028988400063e-29
1.0423010764483396 1.1419392375880267e-25 3.1594072843235073e-18 3.15940728427201e-18 5.149813684955634e-29
1.0462171883269815 1.1502594026534014e-25 3.1943836614380486e-18 3.1943836613817498e-18 5.630010604796047e-29
1.0471985131304309 1.1523368403039588e-25 3.2031545715106866e-18 3.20315457145312e-18 5.756608648792309e-29
1.048180758391296 1.1544132118878335e-25 3.2119361588254867e-18 3.2119361587666276e-18 5.885934523405205e-29
1.0501480137395462 1.1585627077783053e-25 3.229531266507866e-18 3.2295312664463357e-18 6.152994863730477e-29
1.0521189612883777 1.162707792377572e-25 3.24716878649143e-18 3.2471687864271123e-18 6.431652826346713e-29
1.0531058218030118 1.1647754493691479e-25 3.2559944421577408e-18 3.2559944420919857e-18 6.57548922579763e-29
1.0540936079674168 1.1668314810750873e-25 3.2648012698378583e-18 3.2648012697706345e-18 6.722437614851256e-29
1.058054026499678 1.175043540279128e-25 3.300131432696429e-18 3.3001314326230056e-18 7.342331491221408e-29
1.0590464539527713 1.177093478096476e-25 3.3089895593854493e-18 3.3089895593103924e-18 7.505659976199533e-29
1.06003981227728 1.1791421611672336e-25 3.3178578694299308e-18 3.317857869353206e-18 7.67246691135296e-29
1.0620293250338977 1.1832357153437229e-25 3.335624937041372e-18 3.3356249369612044e-18 8.016799569751153e-29
1.0660195594769086 1.1914072430431702e-25 3.371280141265724e-18 3.3712801411782204e-18 8.750401182583145e-29
1.070024785945596 1.1995573660504049e-25 3.407095388855132e-18 3.407095388759652e-18 9.548054567795226e-29
1.0740450607676866 1.2076853330610912e-25 3.443069008747207e-18 3.443069008643056e-18 1.0415063257902503e-28
1.07808044048254 1.2157903989142502e-25 3.479199315690122e-18 3.47919931557655e-18 1.1357144259725241e-28
1.0861967418109137 1.2319144731143109e-25 3.551881648680386e-18 3.551881648545471e-18 1.3491642937966867e-28
1.0902777775684922 1.2398992683536713e-25 3.588335131005114e-18 3.588335130858136e-18 1.4697847687031148e-28
1.0943741465085532 1.247857676222359e-25 3.624935744701015e-18 3.624935744540946e-18 1.6006761196703398e-28
1.1026131145906286 1.2636925025649558e-25 3.698571302463998e-18 3.6985713022743335e-18 1.8966453154272969e-28
1.1109141095355224 1.2794133672596824e-25 3.772774079570756e-18 3.772774079346308e-18 2.2444732062838648e-28
1.1192775983109025 1.2950001142863799e-25 3.847486028962441e-18 3.847486028697166e-18 2.652712443589566e-28
1.1277040513999907 1.3103799423946237e-25 3.9224896885332746e-18 3.9224896882201515e-18 3.131232860753664e-28
1.1361939428280308 1.3256276660764054e-25 3.9980061885678656e-18 3.998006188198728e-18 3.691407490509512e-28
1.1447477501889525 1.3407382096272352e-25 4.074020577106781e-18 4.074020576672148e-18 4.346325577110089e-28
1.1533659546722406 1.3557149137276527e-25 4.1505431600835614e-18 4.150543159572457e-18 5.111038564605191e-28
1.1707974979042381 1.38531572159686e-25 4.305265922853843e-18 4.305265922149686e-18 7.041544808886429e-28
1.1884924949847024 1.4143174557125507e-25 4.461827523764686e-18 4.461827522799341e-18 9.653428506328906e-28
1.2064549276569216 1.4429488983867476e-25 4.620952300915583e-18 4.620952299598601e-18 1.3169815093997289e-27
1.2246888378427687 1.4708953284391542e-25 4.781640940495499e-18 4.781640938707463e-18 1.7880364890211756e-27
1.2431983285522175 1.4980913389359694e-25 4.943654869367827e-18 4.9436548669518435e-18 2.4159834107022328e-27
1.2619875648066055 1.5245270236413503e-25 5.1069268314726266e-18 5.106926828223566e-18 3.2490593987198145e-27
1.3004222497298317 1.574676325374828e-25 5.435570370813912e-18 5.435570365019481e-18 5.794430556282975e-27
1.3400274889804893 1.6211489812523258e-25 5.766417304327911e-18 5.766417294180972e-18 1.0146939385112885e-26
1.3808389325824078 1.6637748526702804e-25 6.098275104299022e-18 6.0982750868436055e-18 1.7455416603848165e-26
1.4228933163050095 1.7027673653621314e-25 6.431275150471613e-18 6.431275120958927e-18 2.9512683067531625e-26
1.466228494730424 1.739078755722212e-25 6.7684673494664015e-18 6.76846730039975e-18 4.906665270366247e-26
1.5108834753276823 1.7719978300189034e-25 7.106628121030546e-18 7.106628040778812e-18 8.025173505077066e-26
1.5568984535646726 1.8009504698045449e-25 7.4427167158923e-18 7.442716586632674e-18 1.2925962542794564e-25
1.6043148490894465 1.825994104466428e-25 7.776038591708784e-18 7.776038386307169e-18 2.0540161361977427e-25
1.6531753430134553 1.8472097438000493e-25 8.10596199112161e-18 8.105961669470462e-18 3.2165114879234737e-25
1.7035239163302658 1.8648577433454387e-25 8.432636432016287e-18 8.432635935523385e-18 4.964929001594212e-25
1.755405889504358 1.880425145561104e-25 8.76199566994764e-18 8.761994914147817e-18 7.557998215100426e-25
1.8088679632656115 1.8935480586827453e-25 9.09185775039201e-18 9.091856615322465e-18 1.1350695421813723e-24
1.8639582606462262 1.9039812966693322e-25 9.420377228026936e-18 9.420375545605673e-18 1.6824212668969248e-24
1.9207263702978936 1.911907363887071e-25 9.747691545287013e-18 9.747689083161168e-18 2.4621258434394253e-24
1.979223391128241 1.9177475152884669e-25 1.0075246416086896e-17 1.0075242857157864e-17 3.558929032849743e-24
2.039501978296691 1.9220050872536068e-25 1.0405144045165395e-17 1.040513896216223e-17 5.083003163417926e-24
2.1016163906111602 1.9260846843422975e-25 1.0744798062897745e-17 1.0744790886668007e-17 7.176229742832873e-24
2.1656225393682647 1.930801314520482e-25 1.1099151558431052e-17 1.1099141539977103e-17 1.001845394566179e-23
2.231578038680979 1.936215040463135e-25 1.1469252162793632e-17 1.1469238327993933e-17 1.3834799696935182e-23
2.299542257339062 1.9428144947947196e-25 1.185883872178673e-17 1.1858819817936712e-17 1.8903850020870128e-23
2.369576372248914 1.9516778170745809e-25 1.2275756625705032e-17 1.2275731058787188e-17 2.5566917847753856e-23
2.4417434235010123 1.9640778623131994e-25 1.2729992868051592e-17 1.2729958631235763e-17 3.423681582932685e-23
2.5161083711144245 1.982192951462479e-25 1.3238680563051789e-17 1.3238635154125027e-17 4.5408926758496174e-23
2.5927381535095444 2.0095872217313061e-25 1.3830406729711514e-17 1.3830347058509446e-17 5.96712020698547e-23
2.6717017477616296 2.0505170942029642e-25 1.4541888211905423e-17 1.454181050102213e-17 7.771088329438099e-23
2.753070231689431 2.111389759006797e-25 1.5429616585938463e-17 1.542951626178224e-17 1.0032415622592194e-22
2.836916847834745 2.2067195479805826e-25 1.6617404122823955e-17 1.661727569383991e-17 1.2842898404840846e-22
2.9233170693905177 2.3684716206036485e-25 1.837864718996198e-17 1.8378484142851117e-17 1.6304711086622485e-22
2.967498994190263 2.5058111609212787e-25 1.9738236701303332e-17 1.9738053828348165e-17 1.8287295516411898e-22
3.0123486681368425 2.6662116194634633e-25 2.1319120691562698e-17 2.1318915852470746e-17 2.0483909195249452e-22
3.0578761833420214 3.0250017165167978e-25 2.4553587468198565e-17 2.4553358265246883e-17 2.2920295167846654e-22
3.1040917844459814 3.487394049489086e-25 2.87345903191923e-17 2.873433432240046e-17 2.5599679183950883e-22
3.127460860933648 3.9764462822873067e-25 3.301082941582997e-17 3.3010558960906804e-17 2.7045492316953144e-22
3.1510058709225794 4.6280733749899465e-25 3.8709617608548616e-17 3.8709332000227874e-17 2.8560832074805407e-22
3.162844764501044 5.23454347581409e-25 4.394668503019666e-17 4.394639154783206e-17 2.9348236458951416e-22
3.1747281389236908 5.939875379111358e-25 5.0055673339592953e-17 5.005537180051384e-17 3.015390791336221e-22
3.1986289994194426 7.907378667081901e-25 6.713760430240889e-17 6.713728604869939e-17 3.182537095062005e-22
3.2227097969389145 1.25450389473062e-24 1.0731554768439556e-16 1.0731521163017569e-16 3.3605421985518046e-22
3.2348180950136065 1.6942989583794714e-24 1.454820260829578e-16 1.4548168050550576e-16 3.455774520412271e-22
3.240889293275058 2.023096985888223e-24 1.7404050395024894e-16 1.7404015334842415e-16 3.506018248059157e-22
3.2469718861334385 2.4034604458113514e-24 2.0715000142336887e-16 2.0714964562183764e-16 3.558015312156495e-22
3.2714166318528037 4.432397688793095e-24 3.8489654269817836e-16 3.848961653352523e-16 3.773629262128548e-22
3.2744851364798273 4.559218241813138e-24 3.9628062391904563e-16 3.96280243995438e-16 3.799236074664784e-22
3.2775565192852394 4.689681293346263e-24 4.0800262010072743e-16 4.0800223760170765e-16 3.8249901981834365e-22
3.283707930232385 4.564162482393773e-24 3.9782772988419015e-16 3.978273427404372e-16 3.8714375290915003e-22
3.2898708863219004 4.1661922489527596e-24 3.638208579687471e-16 3.63820466561818e-16 3.9140692914604615e-22
3.29141343181113 4.072342050419579e-24 3.5579195102494573e-16 3.5579155854648653e-16 3.9247845924852064e-22
3.292184975758714 4.0262275501752894e-24 3.518454813968132e-16 3.5184508838172624e-16 3.9301508690330376e-22
3.295272960557952 3.7351501197443584e-24 3.267148608275556e-16 3.2671446571830753e-16 3.9510924804287294e-22
3.3076538914384823 2.7268067999245224e-24 2.3941086768656094e-16 2.3941046414642395e-16 4.035401369736659e-22
3.310756385682612 2.521591866810684e-24 2.2160086610540237e-16 2.2160046043603388e-16 4.056693685411624e-22
3.313861789986515 2.332252260099928e-24 2.0515369677410182e-16 2.0515328896685544e-16 4.0780724648278915e-22
3.3200813396944477 2.066721114581386e-24 1.8213777765378764e-16 1.8213736526434866e-16 4.1238943892007164e-22
3.345076488085796 1.5930153052364521e-24 1.4144755153205954e-16 1.414471187587458e-16 4.327733137035799e-22
3.3482140837626964 1.6107699740081342e-24 1.4315818292183674e-16 1.4315774738811815e-16 4.3553371864395575e-22
3.3513546224236106 1.6287209097414875e-24 1.4488935863277763e-16 1.4488892032400782e-16 4.383087698064089e-22
3.3576445397418455 1.7599406062028873e-24 1.5685637060599125e-16 1.5685592650109383e-16 4.441048974580813e-22
3.3702598118196083 2.2439582928777376e-24 2.0074632127134668e-16 2.0074586500253835e-16 4.562688081530412e-22
3.382922481734668 2.3541546621409447e-24 2.1139585659716854e-16 2.1139538843278805e-16 4.681643804337354e-22
3.389271646505754 2.4112434612734657e-24 2.169286304842538e-16 2.1692815627542868e-16 4.742088251108632e-22
3.395632727569191 2.4727550761283432e-24 2.228800753145739e-16 2.2287959487543863e-16 4.804391353094183e-22
3.421196662673239 2.7680938117786118e-24 2.5137858495648866e-16 2.513780786400955e-16 5.063163931696193e-22
3.4276182099114902 2.7085223885083577e-24 2.4643041266033664e-16 2.464299004896644e-16 5.121706721509915e-22
3.4340518103208963 2.4475806609981193e-24 2.231070476535977e-16 2.2310652990740683e-16 5.17746190878985e-22
3.4469541582030403 2.0759598927057744e-24 1.899432652146015e-16 1.8994273668782486e-16 5.285267766869668e-22
3.472904465399547 1.9717768446721358e-24 1.8176908955663797e-16 1.8176853629628233e-16 5.532603556896932e-22
3.4990501388274233 1.812458668044946e-24 1.6834015016647153e-16 1.6833957140319614e-16 5.787632754018389e-22
3.5253949054701885 1.2455997768948294e-24 1.165616609762262e-16 1.1656105713785947e-16 6.038383667169609e-22
3.5519380250092896 7.128857250096234e-25 6.721322451809942e-17 6.721259522837513e-17 6.292897242584112e-22
3.578680990867387 5.016722869413182e-25 4.765544509611246e-17 4.765478785487653e-17 6.572412359178599e-22
3.605625307711299 4.162398893146016e-25 3.9837651109112944e-17 3.9836964264584145e-17 6.868445287906646e-22
3.660119384959845 3.5390880289656636e-25 3.4383972398894924e-17 3.4383222643034586e-17 7.497558603358885e-22
3.715437065384467 3.097783981918745e-25 3.05513546845047e-17 3.0550537541877094e-17 8.171426276083247e-22
3.8285932144167436 2.873649957339397e-25 2.920401235085382e-17 2.9203046564468164e-17 9.657863856554249e-22
3.94519561050918 2.830464381163404e-25 2.964119226206523e-17 2.964005843070922e-17 1.1338313559912534e-21
4.06534921144712 2.861604965820692e-25 3.087997720271807e-17 3.087865439498553e-17 1.3228077325424531e-21
4.189162171576248 2.9358060958724808e-25 3.264554881952702e-17 3.264401389378159e-17 1.5349257454280333e-21
4.316745939156006 3.0414136497337677e-25 3.4849890100798e-17 3.484811843936553e-17 1.771661432475499e-21
4.448215356677963 3.174510035459655e-25 3.748279282307577e-17 3.74807603267242e-17 2.0324963515707927e-21
4.58368876423945 3.3355569956555495e-25 4.0583819717013894e-17 4.0581499478467285e-17 2.3202385466256486e-21
4.723288106065518 3.5282527475840854e-25 4.423576665419572e-17 4.4233127341309995e-17 2.6393128857435548e-21
4.867139040275056 3.7600090657460723e-25 4.8577155226819616e-17 4.8574168909323834e-17 2.9863174957837372e-21
4.940699165968905 3.8998464882485743e-25 5.114525591222895e-17 5.114208375989666e-17 3.1721523322528986e-21
5.015371051989984 4.0446639770562576e-25 5.3846186252312655e-17 5.3842819922788736e-17 3.36632952394064e-21
5.091171501069577 4.221398438599242e-25 5.704840480652479e-17 5.704483225975958e-17 3.572546765195889e-21
5.129500256944802 4.312107045197778e-25 5.871296629428269e-17 5.870928727424371e-17 3.679020038973655e-21
5.168117569889187 4.406676790642154e-25 6.04523260612307e-17 6.044853760056552e-17 3.788460665154997e-21
5.20702561229733 4.522761422960895e-25 6.251191827720411e-17 6.250801202374662e-17 3.906253457466775e-21
5.246226572918644 4.641809820124122e-25 6.464036780316337e-17 6.463634100221366e-17 4.0268009497228796e-21
5.265937586045735 4.702475046821406e-25 6.57312119881e-17 6.572712386654787e-17 4.088121552132653e-21
5.285722656980489 4.763917270668656e-25 6.684024235312623e-17 6.68360922055903e-17 4.1501475359485295e-21
5.305582063971359 4.826149058819674e-25 6.796779810267188e-17 6.796358521810193e-17 4.2128845699466614e-21
5.3255160863122235 4.893012002662677e-25 6.916834987674317e-17 6.916407321773073e-17 4.276659012423502e-21
5.365609099470188 5.059579414457466e-25 7.206143061928005e-17 7.20570217178922e-17 4.4089013878706755e-21
5.406003951863644 5.232492058079141e-25 7.50852048090933e-17 7.508066052906248e-17 4.544280030814309e-21
5.446702915881641 5.412057003224066e-25 7.824660136718594e-17 7.824191851742998e-17 4.6828497559233876e-21
5.487708281020852 5.606096193165161e-25 8.166218486836425e-17 8.165735980563752e-17 4.8250627267288e-21
5.529022354014368 5.875870949958118e-25 8.623628274850472e-17 8.623130864688027e-17 4.974101624438548e-21
5.570647458961463 6.161562445075557e-25 9.110998226421087e-17 9.110485551685183e-17 5.126747359007122e-21
5.612585937458331 6.46431765737499e-25 9.630639500616712e-17 9.630111193776231e-17 5.283068404785925e-21
5.654840148729818 6.797141673903908e-25 1.0202722812773297e-16 1.0202178447323691e-16 5.443654496076383e-21
5.67608639626678 7.023858534632079e-25 1.0582643990439894e-16 1.0582091225242517e-16 5.527651973811421e-21
5.686739436050992 7.140723005855059e-25 1.0778912571746967e-16 1.0778355567710948e-16 5.570040360153665e-21
5.6974124697621304 7.259999472788317e-25 1.0979528338626258e-16 1.097896706959875e-16 5.61269027511521e-21
5.718818669136295 7.506020912524876e-25 1.139424436834724e-16 1.1393674490344316e-16 5.69878002923923e-21
5.740305295436557 7.777229850117023e-25 1.1850300360017165e-16 1.184972171961513e-16 5.786404020375524e-21
5.7835210386641895 8.480906797870187e-25 1.3019791914729937e-16 1.3019195052084418e-16 5.968626455297067e-21
5.827062130521658 9.291604559790516e-25 1.437175484091537e-16 1.4371139174941906e-16 6.156659734632639e-21
5.8489554468988025 9.860394876143488e-25 1.5308831877487066e-16 1.5308206129557596e-16 6.2574792946664836e-21
5.870931020387893 1.0470796993083605e-24 1.6317595021754712e-16 1.6316959053425992e-16 6.359683287172833e-21
5.892989160043636 1.1126161407459228e-24 1.7404054365725078e-16 1.7403408036870796e-16 6.463288542790004e-21
5.915130176081913 1.1871539119680486e-24 1.8639779379071603e-16 1.863912231898158e-16 6.5706009002916825e-21
5.95966208400165 1.3955786124650336e-24 2.207727025076651e-16 2.2076589276444389e-16 6.80974322122075e-21
6.004529249263818 1.6960141037388e-24 2.70319799845281e-16 2.7031272325950734e-16 7.076585773678065e-21
6.027089341400364 1.9048643485355116e-24 3.047481766565345e-16 3.0474094857750587e-16 7.228079028512051e-21
6.049734195844842 2.151677050538454e-24 3.455276564140354e-16 3.45520268183639e-16 7.388230396508092e-21
6.095279466722835 2.864637584876749e-24 4.634818602797038e-16 4.634740882099354e-16 7.772069768446233e-21
6.141167624020661 3.961887703902727e-24 6.458364412897709e-16 6.458281829708682e-16 8.258318902616945e-21
6.164241091010745 4.6625879942188435e-24 7.629148883803253e-16 7.629063309300385e-16 8.55745028670572e-21
6.187401249150058 5.460796011047409e-24 8.968786119075362e-16 8.968697450596341e-16 8.866847901998604e-21
6.1990139391386085 5.85053990676051e-24 9.62693394652337e-16 9.626843698951445e-16 9.02475719258478e-21
6.204828454712694 6.055843228268131e-24 9.974102703537902e-16 9.974011656021663e-16 9.104751623972059e-21
6.210648424152782 6.205708470139848e-24 1.0230520920036524e-15 1.0230429175335306e-15 9.1744701215601e-21
6.233982942956859 6.714855734836505e-24 1.1111475402850655e-15 1.1111381158436638e-15 9.4244414016167e-21
6.239830258556775 6.77993446422369e-24 1.1229688376321206e-15 1.1229593734370998e-15 9.464195020601462e-21
6.245683058788269 6.785565904608327e-24 1.1249557707546715e-15 1.1249462666568252e-15 9.50409784677508e-21
6.257405133728602 6.771551471286432e-24 1.1247393540056871e-15 1.1247297770492923e-15 9.576956394712584e-21
6.269149208991335 6.671379920873398e-24 1.1101808020040915e-15 1.1101711838969916e-15 9.61810709974216e-21
6.280915325867298 6.4202177501989716e-24 1.0703902134151469e-15 1.0703805936128107e-15 9.619802335931019e-21
6.304513850009849 5.800861386416141e-24 9.70763690784311e-16 9.707541034812746e-16 9.587303036511303e-21
6.32820103803542 5.033184895710142e-24 8.454590656371283e-16 8.45449549094266e-16 9.516542862099874e-21
6.3519772230701035 4.329181879482016e-24 7.299350147937611e-16 7.299255568721275e-16 9.457921633280695e-21
6.375842739491607 3.736928937534563e-24 6.32443697334529e-16 6.324342856840342e-16 9.4116504944697e-21
6.399797922933955 3.2622613143864905e-24 5.541845834499609e-16 5.541751715480416e-16 9.411901919480371e-21
6.42384311029221 2.8676306746840897e-24 4.8897603654879e-16 4.889666149577479e-16 9.421591042195817e-21
6.447978639727206 2.580057895954126e-24 4.4159329918270316e-16 4.4158383087589713e-16 9.468306805911384e-21
6.472204850670314 2.340506036002717e-24 4.0209757425790805e-16 4.0208805138271046e-16 9.522875197658709e-21
6.496522083828205 2.1848214799908016e-24 3.7676131935220024e-16 3.7675171124933523e-16 9.608102865000176e-21
6.520930681187647 2.0536807597889675e-24 3.5547736397463016e-16 3.5546766515165837e-16 9.69882297172916e-21
6.57002334288761 1.9195679680968827e-24 3.3476484126716394e-16 3.3475491592850834e-16 9.925338655705764e-21
6.619489833774732 1.9057169066431806e-24 3.3485156991109175e-16 3.3484137789282643e-16 1.0192018265275736e-20
6.6693287637831435 1.957131041181256e-24 3.464746499293201e-16 3.4646417035082084e-16 1.047957849912527e-20
6.719538636694507 2.022833200392335e-24 3.608020209662268e-16 3.607912537246394e-16 1.0767241587454326e-20
6.770126513364129 2.1873375042093403e-24 3.9308096804973724e-16 3.9306989004307054e-16 1.1078006666595564e-20
6.8210952395837445 2.435992691358801e-24 4.410618831811754e-16 4.410504625040834e-16 1.1420677092088223e-20
6.872447682569556 2.74918103568804e-24 5.015153323889796e-16 5.015035368349635e-16 1.1795554016022051e-20
6.924186731123532 3.1455275832817503e-24 5.781382484038613e-16 5.781260465398864e-16 1.2201863974710069e-20
6.976315295795916 3.4676662848561354e-24 6.421445920149595e-16 6.421319710448859e-16 1.2620970073595695e-20
7.028836309048954 3.514550517921826e-24 6.557263752778029e-16 6.557133434819826e-16 1.3031795820188374e-20
7.081752725421856 3.3747397233667815e-24 6.343814495290752e-16 6.343680052189217e-16 1.344431015360863e-20
7.135067521697011 3.2814433036556063e-24 6.214875390583393e-16 6.214736422352063e-16 1.389682313268474e-20
7.1887836970674375 3.35674928927346e-24 6.405363121468188e-16 6.405218992699991e-16 1.4412876819646703e-20
7.242904273305506 3.627064193650413e-24 6.973285081931642e-16 6.973134990714539e-16 1.5009121710394646e-20
7.297432294932914 4.0555686163307986e-24 7.855815244379583e-16 7.855658113560268e-16 1.571308193119628e-20
7.352370829391971 4.5456006890793615e-24 8.87131741572545e-16 8.871151543047958e-16 1.6587267749328113e-20
7.379995003818881 4.85081754971234e-24 9.502556073164733e-16 9.502385140003806e-16 1.7093316092817534e-20
7.407722967218148 5.187573037283228e-24 1.020042788149675e-15 1.0200251639232412e-15 1.7624226434448445e-20
7.463496598684601 6.042777421232169e-24 1.1971494493115968e-15 1.1971306281092362e-15 1.882120236089497e-20
7.519690156487492 7.150882942490295e-24 1.4273452958622933e-15 1.4273250688032997e-15 2.022705899400353e-20
7.533803324048627 7.473375511475752e-24 1.4945158183012273e-15 1.4944951938788103e-15 2.0624422416577333e-20
7.547942979602549 7.810448390499541e-24 1.5648546716324002e-15 1.5648336417631763e-15 2.102986922415276e-20
7.57630195363571 8.521271457080019e-24 1.7136854476746762e-15 1.7136635779685466e-15 2.1869706129226122e-20
7.590521371821866 8.880652628762401e-24 1.7893113764838423e-15 1.789289065922159e-15 2.2310561684072904e-20
7.604767477414989 9.255200135000558e-24 1.8682766549063846e-15 1.8682538943265514e-15 2.2760579832658282e-20
7.633339951266878 1.0008488876670815e-23 2.027928076508612e-15 2.0279044072424342e-15 2.3669266176909096e-20
7.662019777021956 1.0594959458566617e-23 2.1548249771124674e-15 2.1548004692715017e-15 2.45078409651179e-20
7.690807358020558 1.0997851995187334e-23 2.245170033432708e-15 2.245144792781587e-15 2.5240651121267355e-20
7.719703099118437 1.1204145351378373e-23 2.2958777805064e-15 2.2958519238816903e-15 2.5856624709372382e-20
7.748707406692464 1.1171867573662644e-23 2.2978648099527486e-15 2.2978383874750655e-15 2.6422477682651098e-20
7.777823177463063 1.0956270447204308e-23 2.2619877184761423e-15 2.261960376834031e-15 2.7341642111254955e-20
7.807048350752435 1.0626079056226468e-23 2.202060997124835e-15 2.202032639583136e-15 2.835754169918845e-20
7.836380830085272 1.0169613557515782e-23 2.1153849818772e-15 2.115355632881343e-15 2.93489958570078e-20
7.851088371676256 9.852994605922673e-24 2.0533715661455067e-15 2.0533417886296658e-15 2.977751584069943e-20
7.86582351679805 9.517461781446365e-24 1.9871688586144077e-15 1.9871386765052007e-15 3.018210920678709e-20
7.89537682495964 8.777081651923936e-24 1.839468834578157e-15 1.8394379383853364e-15 3.089619282094997e-20
7.9250411701946435 7.97804585893992e-24 1.6782918610613946e-15 1.6782602197487558e-15 3.164131263846808e-20
7.939915112024199 7.553911279707167e-24 1.592051719265838e-15 1.592019685385502e-15 3.203388033623039e-20
7.954816969689239 7.152907199974558e-24 1.5103660508260106e-15 1.510333604913661e-15 3.2445912349707387e-20
7.9847046421970465 6.4134009140432814e-24 1.3593042614509091e-15 1.3592709199191995e-15 3.3341531709836525e-20
8.044817289139356 5.166142365756432e-24 1.103194246310898e-15 1.1031587475424803e-15 3.549876841785919e-20
8.07504310897143 4.702723375274881e-24 1.008007389582305e-15 1.0079705821826434e-15 3.680739966140928e-20
8.105382492623747 4.292795001430377e-24 9.235982400589953e-16 9.235600249303445e-16 3.8215128650694495e-20
8.135835866775926 3.9675329381842485e-24 8.568250450695379e-16 8.567853617751495e-16 3.968329438830533e-20
8.166403659710703 3.721954499560697e-24 8.068101174866986e-16 8.067688326148645e-16 4.128487183391518e-20
8.197086301319933 3.539939086645844e-24 7.702376251067519e-16 7.701946343266741e-16 4.299078007741541e-20
8.227884223110665 3.3802424310640556e-24 7.382533970594184e-16 7.382085936528463e-16 4.480340657215136e-20
8.258797858211198 3.2886763248043185e-24 7.209537437554764e-16 7.209065942502935e-16 4.7149505183289773e-20
8.289827641377162 3.2614353545661965e-24 7.176682095052905e-16 7.176166549296178e-16 5.1554575672852334e-20
8.320974008997652 3.2876855372035872e-24 7.261625870625514e-16 7.261057369688263e-16 5.685009372501459e-20
8.35223739910135 3.3362935409864295e-24 7.396674674610391e-16 7.396048064656481e-16 6.26609953908881e-20
8.383618251362687 3.4883480406158436e-24 7.762841814262429e-16 7.762155399812027e-16 6.864144504014915e-20
8.415117007108037 3.707139769960692e-24 8.280728630319911e-16 8.279976976799355e-16 7.516535205541809e-20
8.446734109321913 3.999997730725208e-24 8.96846260096759e-16 8.967643191554617e-16 8.194094129685362e-20
8.478470002653195 4.3735797181514975e-24 9.842920285288585e-16 9.842030494751777e-16 8.897905368103745e-20
8.542299949622933 5.188840549285969e-24 1.1765613431918552e-15 1.1764573918228813e-15 1.0395136897384083e-19
8.558332380220154 5.361202874714166e-24 1.2179257819201658e-15 1.2178179589689782e-15 1.0782295118797844e-19
8.574394900937412 5.469629576108788e-24 1.2448895740948327e-15 1.2447778960406675e-15 1.1167805416562014e-19
8.606610438733982 5.4704143195156755e-24 1.2497461261853347e-15 1.2496268550933975e-15 1.1927109193716102e-19
8.622764948673899 5.3835878096982e-24 1.2322186615939633e-15 1.2320955788494026e-15 1.2308274456020282e-19
8.638949780445296 5.194935263112327e-24 1.1912708706209785e-15 1.1911440772226212e-15 1.2679339835698829e-19
8.655163606183647 5.003176695227753e-24 1.1494512467002656e-15 1.149320642091625e-15 1.3060460864093374e-19
8.671407862489573 4.774774805854753e-24 1.099036056128453e-15 1.0989016146840938e-15 1.3444144435960666e-19
8.703987895363145 4.232605649343609e-24 9.779024151044562e-16 9.77760242264821e-16 1.4217283963516783e-19
8.736690337257128 3.749920947355943e-24 8.696379594515251e-16 8.694876134929394e-16 1.5034595858584793e-19
8.802464289484785 2.9307024148697513e-24 6.847711062310266e-16 6.846031634710017e-16 1.679427600247767e-19
8.868733419248175 2.3826458895793964e-24 5.60906581500546e-16 5.607174610303321e-16 1.8912047021395014e-19
8.935501454478851 2.0170190754292148e-24 4.78407928382388e-16 4.781903790658919e-16 2.1754931649617666e-19
9.002772151174003 1.76990524795445e-24 4.2295650514775933e-16 4.2270801389357617e-16 2.4849125418337484e-19
9.07054929360775 1.5977527630387585e-24 3.846915068492806e-16 3.844102844051824e-16 2.812224440982036e-19
9.13883669454403 1.4720221487357287e-24 3.570875384152688e-16 3.5677165277639805e-16 3.158856388707505e-19
9.207638195451068 1.3853773795735872e-24 3.385990778936911e-16 3.3824762365500405e-16 3.5145423868713e-19
9.276957666717493 1.3085236316178738e-24 3.2222303071054263e-16 3.218322565420662e-16 3.9077416847646097e-19
9.346799007870057 1.2576280833397861e-24 3.120215310951523e-16 3.1159130267923444e-16 4.3022841591774517e-19
9.417166147792997 1.2115355768864336e-24 3.0284878635495183e-16 3.0237627666544396e-16 4.725096895078623e-19
9.488063044949055 1.1811822462530655e-24 2.974842007546835e-16 2.969779057878077e-16 5.062949668758473e-19
9.559493687602165 1.1534164075759753e-24 2.9267824949048576e-16 2.9213553774434085e-16 5.42711746144891e-19
9.631462094041797 1.1367057985035798e-24 2.9060944710720023e-16 2.9003018454384396e-16 5.79262563356321e-19
9.703972312809022 1.1215162038680296e-24 2.8888469554511764e-16 2.882675309193244e-16 6.171646257932472e-19
9.777099908821425 1.1152539147640063e-24 2.894364631334186e-16 2.8879261194575863e-16 6.438511876600664e-19
9.924867353363874 1.1133591163001774e-24 2.9331171798732865e-16 2.926190224046731e-16 6.926955826557036e-19
10.074868099996943 1.1315396411179187e-24 3.026067249387339e-16 3.018851089085971e-16 7.216160301368377e-19
10.150790707826552 1.146829264084848e-24 3.0900682587405714e-16 3.082772081304971e-16 7.2961774356013935e-19
10.22721067892732 1.1742419985479629e-24 3.187749930936561e-16 3.180379871522946e-16 7.370059413614925e-19
10.304205975847633 1.2042226259781849e-24 3.2937508704391853e-16 3.286308484972615e-16 7.442385466569655e-19
10.381780929913377 1.2520477465534717e-24 3.450342314922022e-16 3.4428934580031165e-16 7.448856918906058e-19
10.459939905058707 1.3052417618199042e-24 3.6240116344114106e-16 3.6165580615751046e-16 7.453572836306684e-19
10.538687298071551 1.3886599534984506e-24 3.8846497057263817e-16 3.877224615671839e-16 7.42509005454137e-19
10.618027538840941 1.4829154192450365e-24 4.179551312085607e-16 4.17216119312473e-16 7.39011896087679e-19
10.697971937068667 1.6238909778661634e-24 4.61134649623413e-16 4.604063719995186e-16 7.282776238941292e-19
10.778518246224262 1.8229167328362763e-24 5.215492505945416e-16 5.208325890500198e-16 7.166615445219596e-19
10.859664048220797 2.1201402129359455e-24 6.111536455890765e-16 6.104492769883207e-16 7.043686007559176e-19
10.941420754335242 2.5723620086012638e-24 7.470939837558214e-16 7.464024453004586e-16 6.915384553628102e-19
10.961955922839442 2.7309311870953057e-24 7.946360096739115e-16 7.939478353773611e-16 6.881742965506218e-19
10.982529632329763 2.9086192549652937e-24 8.479274434618287e-16 8.472426145371829e-16 6.848289246461487e-19
11.023792963743814 3.34133734933408e-24 9.777341999005673e-16 9.77056050909912e-16 6.781489906548205e-19
11.065211328886559 3.9093270990081104e-24 1.148235991597671e-15 1.1475646478594652e-15 6.7134373820615195e-19
11.08597883104876 4.273827607046656e-24 1.2576519777211641e-15 1.2569840812693955e-15 6.678964517687252e-19
11.106785310247485 4.6812714583946e-24 1.3801352110374876e-15 1.3794708032267945e-15 6.644078106928938e-19
11.14851549250461 5.6505387987692036e-24 1.6721542463683208e-15 1.6714969343716983e-15 6.573119966227892e-19
11.169441129330048 6.172587134113166e-24 1.8300717023965557e-15 1.8294178906780757e-15 6.538117184807673e-19
11.190406043337886 6.63935967491482e-24 1.972156950879401e-15 1.9715067306919953e-15 6.50220187405423e-19
11.21140851448765 7.094045107352616e-24 2.1111717023218366e-15 2.1105252266406773e-15 6.464756811592238e-19
11.22192452720434 7.333283225663762e-24 2.1844154280768594e-15 2.183770811605024e-15 6.446164718355432e-19
11.232450403670388 7.439019735585799e-24 2.2179903566579315e-15 2.21734737095336e-15 6.429857045717593e-19
11.253533585369773 7.53683896716367e-24 2.2513736594521963e-15 2.2507338055442536e-15 6.398539079436019e-19
11.274656339961506 7.569723649326581e-24 2.2654410777405393e-15 2.264804307825815e-15 6.367699147249198e-19
11.285231677511122 7.586226671888702e-24 2.2725096041167337e-15 2.2718743474218704e-15 6.352566948625434e-19
11.295816934455262 7.49993331003942e-24 2.248767106431038e-15 2.248133457315204e-15 6.336491158343972e-19
11.317017243752359 7.27369883116952e-24 2.1850265868387588e-15 2.1843962033944153e-15 6.3038344434259955e-19
11.338257342390673 7.047477066369934e-24 2.121042712460339e-15 2.120415595492222e-15 6.271169681164582e-19
11.359537305047965 6.80341023359575e-24 2.0514301501229864e-15 2.0508064285314796e-15 6.237215915076787e-19
11.402217121831576 6.255574087252783e-24 1.893328235499098e-15 1.892711798507487e-15 6.164369916102936e-19
11.423617126015266 5.9701416576853476e-24 1.8103298314058357e-15 1.8097172180865148e-15 6.126133193215237e-19
11.445057294333186 5.6789362159036386e-24 1.7252593709445786e-15 1.724650855071716e-15 6.085158728622654e-19
11.488058425037956 5.0880803413059395e-24 1.5515651951416762e-15 1.550965686923781e-15 5.99508217895089e-19
11.53122111869469 4.563295408201179e-24 1.3967649138282492e-15 1.3961742602202888e-15 5.906536079602348e-19
11.574545982324347 4.096949058669434e-24 1.2587339954426544e-15 1.258152046086178e-15 5.819493564758884e-19
11.618033625228566 3.686612000683918e-24 1.1369189220145746e-15 1.1363458583329495e-15 5.730636816248905e-19
11.661684658998247 3.346920180519974e-24 1.036038946943465e-15 1.0354760479734583e-15 5.628989700060421e-19
11.705499697522141 3.0877111084665245e-24 9.59391908606217e-16 9.588396883541643e-16 5.522202520530184e-19
11.749479356995494 2.8871089727612995e-24 9.0043264544194e-16 8.99891834429071e-16 5.40811012868969e-19
11.793624255928705 2.7159981541933063e-24 8.502491189523622e-16 8.497198295964368e-16 5.292893559254993e-19
11.83793501515603 2.6114286000264353e-24 8.205849372662672e-16 8.200683709690328e-16 5.165662972344482e-19
11.882412257844306 2.522870112913651e-24 7.957358801092673e-16 7.952320703132083e-16 5.038097960589201e-19
11.92705660950172 2.4815757920862527e-24 7.85652067151355e-16 7.851621138365162e-16 4.899533148390975e-19
11.971868697986617 2.4529946951124943e-24 7.795213009776699e-16 7.790452975255608e-16 4.760034521087633e-19
12.016849153516302 2.472852420065395e-24 7.887842695156265e-16 7.883237701441817e-16 4.604993714448849e-19
12.061998608675935 2.502366353399136e-24 8.011975249812431e-16 8.007524853585325e-16 4.450396227106831e-19
12.152807060118223 2.6532199001634293e-24 8.558926208635002e-16 8.554812114466561e-16 4.1140941684396815e-19
12.198467333490619 2.7775577797357484e-24 8.993687694427458e-16 8.989758581807006e-16 3.9291126204526863e-19
12.244299160690385 2.9165236806629848e-24 9.479138571868395e-16 9.475393011898984e-16 3.745559969408833e-19
12.290303186275983 3.098687754800366e-24 1.0109038382429484e-15 1.0105495928478722e-15 3.5424539507620007e-19
12.3364800572276 3.2972085003356797e-24 1.079709953126458e-15 1.0793718414227117e-15 3.3811170374678195e-19
12.382830422956244 3.52624214991775e-24 1.159048184136717e-15 1.1587134125801885e-15 3.347715565286212e-19
12.429354935312874 3.7667520679499996e-24 1.242753681689734e-15 1.2424221726439068e-15 3.3150904582686407e-19
12.476058240797144 3.999274741480746e-24 1.3244271249949712e-15 1.3240988024314233e-15 3.283225635482459e-19
12.522937033967983 4.235705370034693e-24 1.4079958460461717e-15 1.407668947083814e-15 3.268989623574198e-19
12.569987951963114 4.422251952657833e-24 1.4755290928054074e-15 1.4751966249023333e-15 3.32467903073779e-19
12.593579661530361 4.486733163913445e-24 1.499853595548476e-15 1.4995183502369309e-15 3.352453115458802e-19
12.617215648686605 4.532946101597695e-24 1.5181459108555425e-15 1.5178078927734199e-15 3.380180821223564e-19
12.664620788327802 4.551182097473743e-24 1.5299802894406669e-15 1.529636769439214e-15 3.4352000145294895e-19
12.71220403757155 4.4910258489758526e-24 1.5154298682678854e-15 1.51508087303116e-15 3.4899523672483552e-19
12.736062662318053 4.428120319397168e-24 1.497007696192441e-15 1.4966559815410627e-15 3.517146513791492e-19
12.759966065607527 4.346474512780381e-24 1.4721636488042697e-15 1.4718092212162065e-15 3.544275880633204e-19
12.807907544139693 4.12155880620309e-24 1.4012290023202701e-15 1.4008691894479632e-15 3.598128723065088e-19
12.856029147395699 3.870751920996998e-24 1.3209051074602474e-15 1.3205398795825474e-15 3.6522787769986716e-19
12.904331552136407 3.603799216892329e-24 1.2344273417973116e-15 1.234056609507456e-15 3.707322898556824e-19
12.95281543766539 3.3309995105621854e-24 1.1452707770393962e-15 1.1448944807798627e-15 3.762962595330927e-19
13.00148148583848 3.081982012491024e-24 1.0636343995492008e-15 1.0632524364499899e-15 3.819630992112628e-19
13.050330381073369 2.854563242716164e-24 9.888504343809426e-16 9.884626994473483e-16 3.877349335942576e-19
13.099362810359226 2.648527013077814e-24 9.209244655292107e-16 9.205308464099597e-16 3.9361911925105763e-19
13.197981031955921 2.303465332039254e-24 8.069722736316816e-16 8.065665100422461e-16 4.0576358943557425e-19
13.247568211189632 2.1637101929233726e-24 7.608598869203386e-16 7.604478724957426e-16 4.120144245959929e-19
13.297341698339563 2.0374281071944416e-24 7.19145148639995e-16 7.187267687638468e-16 4.18379876148475e-19
13.397450398986955 1.8335256619680523e-24 6.520465233010625e-16 6.516150789387685e-16 4.314443622938025e-19
13.447787020368724 1.7515724832600333e-24 6.252423249187127e-16 6.248041919578541e-16 4.381329608587135e-19
13.498312765455129 1.676481356670408e-24 6.00686190868155e-16 6.002412584870831e-16 4.449323810720768e-19
13.59993447169816 1.5530863059460801e-24 5.606629261040823e-16 5.602041384048586e-16 4.58787699223653e-19
13.702321234386334 1.4569568607134028e-24 5.299199511367157e-16 5.294450473888711e-16 4.74903747844683e-19
13.805478813227746 1.382308136817923e-24 5.065540258981225e-16 5.060453592877065e-16 5.086666104160448e-19
13.90941301129231 1.3162022968160288e-24 4.85960399220263e-16 4.854143836862773e-16 5.460155339857806e-19
13.96167316792965 1.292716645089412e-24 4.790824272045839e-16 4.785114833289756e-16 5.709438756087386e-19
14.014129675338197 1.272581705070086e-24 4.733923552218985e-16 4.727953855571265e-16 5.969696647719129e-19
14.119634696140762 1.2543420682795822e-24 4.701201670065926e-16 4.694683834205992e-16 6.517835859934224e-19
14.225934008823913 1.2402906039048525e-24 4.683533990344866e-16 4.676431870065344e-16 7.102120279519777e-19
14.333033593193976 1.2265039787880773e-24 4.66634143895073e-16 4.658603584859938e-16 7.737854090790562e-19
14.44093947407611 1.2109630054523516e-24 4.641899746901381e-16 4.633498931582109e-16 8.4008153192712e-19
14.54965772165321 1.1960472883693927e-24 4.61924035386975e-16 4.610117579057361e-16 9.12277481238951e-19
14.659194451807393 1.181729347513753e-24 4.59830273158241e-16 4.588393576712865e-16 9.909154869545452e-19
14.769555826464039 1.1676078117493567e-24 4.577558041608884e-16 4.566796722847118e-16 1.076131876176634e-18
14.992777389284976 1.1345074423798323e-24 4.515011646869754e-16 4.502412602919063e-16 1.259904395068963e-18
15.21937263962189 1.1039584922654877e-24 4.459836406068386e-16 4.445076978792013e-16 1.4759427276371678e-18
15.449392566130673 1.0678240833253196e-24 4.379056546649671e-16 4.3617870132818505e-16 1.7269533367819997e-18
15.682888928090767 1.035545494781978e-24 4.310867587324791e-16 4.289601071837856e-16 2.126651548693583e-18
15.919914267052077 9.995538083519238e-25 4.2239263381928e-16 4.19780630536266e-16 2.61200328301415e-18
16.03976693895051 9.835594528079497e-25 4.1876280803302307e-16 4.1588787795886705e-16 2.874930074155938e-18
16.1605219186579 9.800376117460375e-25 4.2040469640461144e-16 4.1724177733602863e-16 3.162919068582796e-18
16.22123989475974 9.797302900746676e-25 4.218519057154778e-16 4.18547223360036e-16 3.3046823554419046e-18
16.282185999175777 9.794424258526088e-25 4.2331246473571604e-16 4.1985940634014337e-16 3.45305839557274e-18
16.312744867225646 9.793058980660798e-25 4.2404783186480565e-16 4.205180064664144e-16 3.529825398391036e-18
16.343361089024967 9.7917436834211e-25 4.2478663646367206e-16 4.2117826987790207e-16 3.608366585770049e-18
16.404766024646595 9.789264973613208e-25 4.262747002483757e-16 4.2250375804063e-16 3.770942207745554e-18
16.466401669612416 9.786992268618538e-25 4.2777695362923785e-16 4.2383581639197185e-16 3.941137237266111e-18
16.497306278852424 9.785934553502611e-25 4.2853349938966374e-16 4.2450429259403435e-16 4.029206795629483e-18
16.528268890738765 9.784930049748336e-25 4.29293712664622e-16 4.2517439146931814e-16 4.119321195303883e-18
16.590368558098763 9.783083141409275e-25 4.3082531230121627e-16 4.265194302578037e-16 4.3058820434127026e-18
16.65270154503456 9.780620151982571e-25 4.3233512806461263e-16 4.2783767707684933e-16 4.497450987763323e-18
16.715268728169598 9.774812627241183e-25 4.3370181265867794e-16 4.290207926849324e-16 4.6810199737456755e-18
16.778070987420957 9.769245063922348e-25 4.3508335092507455e-16 4.302109878864891e-16 4.872363038585196e-18
16.9043842704834 9.75884298145099e-25 4.3789210981690155e-16 4.3261236356080646e-16 5.279746256095137e-18
17.03164849990255 9.749443259356346e-25 4.4076381626229715e-16 4.3504130910446624e-16 5.722507157830798e-18
17.159870834853997 9.74013508133685e-25 4.436581128126585e-16 4.3745889833078794e-16 6.199214481870516e-18
17.289058488411015 9.722888122961486e-25 4.462066773695291e-16 4.395373502852716e-16 6.669327084257427e-18
17.35401657858945 9.714710425863805e-25 4.475064515978858e-16 4.405884018162798e-16 6.918049781605985e-18
17.386587088641786 9.710734183786602e-25 4.481628357156067e-16 4.411168502259643e-16 7.045985489642427e-18
17.419218727950305 9.706833502465831e-25 4.488236011100988e-16 4.4164723448070676e-16 7.17636662939196e-18
17.48466585346766 9.699260411085725e-25 4.501584323152974e-16 4.427137738509039e-16 7.444658464393538e-18
17.550358875560836 9.691994500888633e-25 4.515112684921189e-16 4.43787946899319e-16 7.7233215928001e-18
17.682486308455736 9.676906091185037e-25 4.54202259152568e-16 4.459151126030334e-16 8.287146549534984e-18
17.81560845938729 9.64856611046708e-25 4.562815092819393e-16 4.476550539818736e-16 8.62645530006571e-18
17.882544892141226 9.634768217328538e-25 4.573408855489854e-16 4.485391807982532e-16 8.801704750732079e-18
17.949732817065083 9.621167327397264e-25 4.584111677346659e-16 4.4943260300264e-16 8.978564732025833e-18
18.084866926577256 9.594264575423998e-25 4.605708431331862e-16 4.512469258002269e-16 9.323917332959355e-18
18.221018389814958 9.568979229306778e-25 4.628152826535136e-16 4.531326821906704e-16 9.682600462843089e-18
18.496404071615608 9.536554282740293e-25 4.682181262335834e-16 4.578000461057773e-16 1.0418080127806015e-17
18.635790038622734 9.545381376730153e-25 4.721831952962127e-16 4.613740888597847e-16 1.0809106436427903e-17
18.776226396166493 9.553834329241811e-25 4.761627878281026e-16 4.64947496692397e-16 1.121529113570561e-17
18.91772105982334 9.558809672992765e-25 4.8000091470199265e-16 4.683727695876e-16 1.1628145114392634e-17
19.203636446149176 9.56887929777998e-25 4.877687636630733e-16 4.752645692986435e-16 1.250419436443e-17
19.4938730510763 9.573305101271993e-25 4.953697317546893e-16 4.819296089150613e-16 1.3440122839628047e-17
19.78849618389234 9.573367560213205e-25 5.028598460566984e-16 4.884178467372491e-16 1.4441999319449248e-17
20.08757214094514 9.567637174042597e-25 5.101543334432843e-16 4.946419853196839e-16 1.5512348123600312e-17
20.391466406516905 9.55754890964571e-25 5.173261363780851e-16 5.0066699895363375e-16 1.665913742445159e-17
20.699681925472166 9.545102476300981e-25 5.244616059427266e-16 5.065913894222559e-16 1.7870216520470698e-17
21.012556099387844 9.530363195128138e-25 5.315667046938938e-16 5.124513508007278e-16 1.9115353893166087e-17
21.652507708764745 9.55642590541982e-25 5.492538778840247e-16 5.274234662214789e-16 2.183041166254581e-17
21.979755641372343 9.57323565728848e-25 5.585358356511063e-16 5.351989648620905e-16 2.333687078901578e-17
22.311949477282987 9.586810844943104e-25 5.677813321022948e-16 5.428303152830155e-16 2.495101681927928e-17
22.64916396703608 9.596188145738453e-25 5.769263343163748e-16 5.502468929332843e-16 2.6679441383090324e-17
22.991811201917592 9.602489118179761e-25 5.860388956888682e-16 5.575058320361413e-16 2.853306365272692e-17
23.339642165776596 9.604667599087458e-25 5.950397323327627e-16 5.645219456341685e-16 3.051778669859433e-17
23.69273528050995 9.603980704703342e-25 6.039985749613751e-16 5.71354601562276e-16 3.264397339909913e-17
24.414313559781952 9.628261357101234e-25 6.239672874947851e-16 5.866124477427862e-16 3.7354839751999076e-17
24.78366481022829 9.64916689044176e-25 6.347822550120556e-16 5.947991454198516e-16 3.998310959220406e-17
25.15860378059443 9.674422703032665e-25 6.460721606260791e-16 6.032576348488085e-16 4.2814525777270565e-17
25.924826076583233 9.721736202600871e-25 6.690046200394911e-16 6.198798009493514e-16 4.912481909013974e-17
26.714384190886577 9.772322928569257e-25 6.929667717798361e-16 6.36576874281817e-16 5.638989749801887e-17
27.527988831636016 9.827845530760143e-25 7.181286250204094e-16 6.534045568065056e-16 6.472406821390403e-17
28.366372352060132 9.89680853690355e-25 7.451923724299443e-16 6.708940678165342e-16 7.429830461341016e-17
29.2302894097004 9.986365461679307e-25 7.748363807351116e-16 6.895736718253391e-16 8.526270890977225e-17
30.12051764570424 1.0089445060281918e-24 8.066760149483527e-16 7.087388750846942e-16 9.79371398636584e-17
30.575747924857424 1.0144046859567066e-24 8.232993434109154e-16 7.182332663258551e-16 1.0506607708506025e-16
31.037858384806153 1.0201255883886181e-24 8.404556898056995e-16 7.276656878498476e-16 1.127900019558518e-16
31.983137356627505 1.0335250341654807e-24 8.774280154278601e-16 7.473582917952253e-16 1.3006972363263464e-16
32.95720543894392 1.0510254371750092e-24 9.194604208043816e-16 7.691382935404406e-16 1.5032212726394092e-16
33.960939423588975 1.0713846272869786e-24 9.658163181060233e-16 7.919854586798025e-16 1.738308594262205e-16
34.99524280568484 1.092952228320475e-24 1.0152654893530515e-15 8.144446051294337e-16 2.0082088422361827e-16
36.06104659690874 1.1174956792817011e-24 1.0696793521106159e-15 8.377508586094032e-16 2.3192849350121243e-16
37.159310163528254 1.1471285831019693e-24 1.1314859806539133e-15 8.639607711829109e-16 2.675252094710021e-16
38.29102208995955 1.1810989394353422e-24 1.2004737597240315e-15 8.920312514515922e-16 3.0844250827243976e-16
39.45720106862597 1.2177412966017675e-24 1.2754127149489669e-15 9.203748107869325e-16 3.550379041620346e-16
40.65889681691763 1.2586640895902293e-24 1.3584224979283988e-15 9.500606634943209e-16 4.083618344340777e-16
41.897191022077855 1.3054201775927438e-24 1.4517928765036341e-15 9.8252542777521e-16 4.692674487284243e-16
43.173198314866475 1.3579773685480172e-24 1.5562386180365994e-15 1.0173927744254334e-15 5.388458436111657e-16
44.48806727287728 1.415432101679486e-24 1.671483188625781e-15 1.0540753864735372e-15 6.17407802152244e-16
45.8429814544115 1.4787018911215019e-24 1.799380112218263e-15 1.0930387141813006e-15 7.063413980369625e-16
47.23916046383907 1.5477922011458197e-24 1.9408155261715e-15 1.1349066128391459e-15 8.05908913332354e-16
48.67786104940597 1.623239553704865e-24 2.097410976012777e-15 1.179831402874697e-15 9.175795731380807e-16
50.16037823447602 1.7044743987034325e-24 2.2694505187096185e-15 1.228026359843256e-15 1.0414241588663624e-15
51.68804648322576 1.7918768607103047e-24 2.4584858494008477e-15 1.2796783511130889e-15 1.178807498287759e-15
53.26224090184056 1.88438598745413e-24 2.6641503704219298e-15 1.3347190672411906e-15 1.3294313031807394e-15
54.884378476295105 1.982153593710819e-24 2.887722706349529e-15 1.3934231218242506e-15 1.4942995845252794e-15
56.55591934783037 2.0844438263681885e-24 3.1292315143396346e-15 1.456606221099624e-15 1.6726252932400103e-15
58.27836812727644 2.1908669470937402e-24 3.3891658276011755e-15 1.5244498104076644e-15 1.864716017193512e-15
60.05327524940399 2.3045149245927555e-24 3.673547472493794e-15 1.5962355591498504e-15 2.0773119133439426e-15
61.88223836852342 2.4260397424950197e-24 3.985046179508529e-15 1.671945582001548e-15 2.3131005975069818e-15
62.81758386220369 2.489208563223561e-24 4.150610186739834e-15 1.7116951078646177e-15 2.438915078875216e-15
63.7670670344103 2.557261110129945e-24 4.32853515650777e-15 1.7527950821892165e-15 2.575740074318553e-15
65.70913619443517 2.704525503565875e-24 4.717221532351341e-15 1.8391582634749303e-15 2.8780632688764083e-15
67.71035238438829 2.854386451635184e-24 5.1302352259756375e-15 1.929732876478794e-15 3.2005023494968422e-15
69.77251696707448 3.002908552622907e-24 5.561551073848383e-15 2.0238266544713052e-15 3.5377244193770778e-15
71.89748616702131 3.1515537589205697e-24 6.014615354535549e-15 2.1226083107399337e-15 3.8920070437956165e-15
74.08717274132995 3.2994169261056086e-24 6.488579841209393e-15 2.2267155433469874e-15 4.2618642978624065e-15
76.34354770141287 3.445559316676008e-24 6.9823481851931036e-15 2.334569462554897e-15 4.647778722638208e-15
78.66864208716851 3.588899493737467e-24 7.494322587563776e-15 2.444850654866054e-15 5.049471932697723e-15
81.06454879518883 3.72954110938868e-24 8.025198834348146e-15 2.5580067050616752e-15 5.467192129286472e-15
83.5334244626476 3.8710160282718594e-24 8.583307831536069e-15 2.6743242560856825e-15 5.9089835754503885e-15
86.07749140856238 4.005940987549591e-24 9.153002522426408e-15 2.792483232172765e-15 6.360519290253639e-15
88.69903963417964 4.125888351370458e-24 9.714172747119405e-15 2.9111545272682393e-15 6.8030182198511705e-15
91.4004288842828 4.232964401291598e-24 1.0269807018574688e-14 3.0299355855901832e-15 7.239871432984503e-15
94.18409077127889 4.326305237477542e-24 1.081593677574323e-14 3.148391489005524e-15 7.667545286737707e-15
97.05253096397554 4.4058247985066e-24 1.1350200193600939e-14 3.2654481227687635e-15 8.084752070832174e-15
100.00833144301866 4.4789919829171496e-24 1.1890110743733837e-14 3.380260875398566e-15 8.50984986833527e-15
103.05415282502196 4.539107034389575e-24 1.2416676155224859e-14 3.491792745808541e-15 8.924883409416313e-15
106.19273675747671 4.593818363019485e-24 1.2949054713785173e-14 3.598665613997785e-15 9.350389099787385e-15
109.4269083866038 4.635327889308204e-24 1.3463997511224172e-14 3.7002302517528e-15 9.763767259471371e-15
112.75957890036308 4.6534321206704394e-24 1.3928240643726937e-14 3.796545229508703e-15 1.0131695414218231e-14
116.1937481489129 4.6517564082565216e-24 1.4347266286706675e-14 3.886251644945822e-15 1.0461014641760849e-14
119.73250734487735 4.624142072393075e-24 1.469645804604847e-14 3.967277489147853e-15 1.072918055690063e-14
123.37904184585196 4.5758769481518436e-24 1.4985980508966558e-14 4.039396047449153e-15 1.0946584461517407e-14
127.13663402165271 4.503387705208972e-24 1.5197756434135827e-14 4.1036688961946266e-15 1.1094087537941205e-14
131.0086662088879 4.411849762959743e-24 1.5342289492135775e-14 4.158985048240526e-15 1.1183304443895246e-14
134.99862375551584 4.299225790101476e-24 1.5405969313823624e-14 4.203068884260768e-15 1.1202900429562856e-14
139.11009815812417 4.170378557105739e-24 1.539939181173395e-14 4.235875666837157e-15 1.1163516144896798e-14
143.3467902947586 4.029973819973406e-24 1.5334147304387718e-14 4.25903681680946e-15 1.1075110487578254e-14
147.71251375620898 3.880564751461559e-24 1.521533982665009e-14 4.272238987949157e-15 1.0943100838700936e-14
152.21119827875228 3.7436019642212005e-24 1.512535945453253e-14 4.2738653454916475e-15 1.0851494109040882e-14
156.84689328144228 3.6171789263848815e-24 1.5059666206131927e-14 4.263877794173049e-15 1.0795788411958879e-14
159.21741877681018 3.550777676853234e-24 1.5006640988454992e-14 4.254968933795519e-15 1.0751672054659472e-14
161.62377151112827 3.4809680694968274e-24 1.4933950568832577e-14 4.2435672659437144e-15 1.0690383302888864e-14
166.54613279848823 3.332658725757293e-24 1.4733123480607256e-14 4.213389336550011e-15 1.0519734144057245e-14
171.61840792845166 3.1830861747529124e-24 1.4500457279119228e-14 4.172970653293494e-15 1.0327486625825738e-14
176.84516262850022 3.0357372430721096e-24 1.4250391520536887e-14 4.1225436517062835e-15 1.012784786883061e-14
179.5181642894721 2.9615943407928685e-24 1.4112482070895948e-14 4.093868731727795e-15 1.0018613339168154e-14
182.2315681744764 2.883275881750608e-24 1.3946950023292396e-14 4.06301277169351e-15 9.883937251598892e-15
187.78155384880017 2.71827791406889e-24 1.3549280008987898e-14 3.995117366862087e-15 9.554162642125815e-15
190.61961427604518 2.6372353656280686e-24 1.334399622721575e-14 3.9581919108977775e-15 9.385804316317974e-15
193.5005680909718 2.55771734189292e-24 1.313724276989017e-14 3.919376123766934e-15 9.217866646123236e-15
199.3937587803602 2.4057193850601503e-24 1.2732859916423929e-14 3.8364693275257046e-15 8.896390588898222e-15
205.46643057848152 2.26279550451751e-24 1.2341149592397382e-14 3.746887036851293e-15 8.594262555546098e-15
211.72404970390772 2.134674048713599e-24 1.1996959581999325e-14 3.651161011301508e-15 8.345798570697816e-15
218.17224885259444 2.0099046407675806e-24 1.1639769877451792e-14 3.550375737684862e-15 8.08939413976693e-15
224.8168322680627 1.8816453925788896e-24 1.122886960500216e-14 3.4456841974816953e-15 7.783185407520465e-15
231.66378096599615 1.7552182122846304e-24 1.0793410377354633e-14 3.3372767456441746e-15 7.456133631710458e-15
238.71925811795668 1.6304244110892943e-24 1.0331361505161671e-14 3.225217167599083e-15 7.106144337562591e-15
245.98961459906556 1.5095770947610075e-24 9.856926147927823e-15 3.1108285949421623e-15 6.746097552985662e-15
249.71106150874405 1.4489267562602816e-24 9.604033055622208e-15 3.0532733093353253e-15 6.550759746286879e-15
253.4888082224776 1.3881494830886877e-24 9.340378130694475e-15 2.9956497129688095e-15 6.344728417725661e-15
261.20898134247824 1.2727147676122995e-24 8.824469815893194e-15 2.8797561664970383e-15 5.944713649396155e-15
269.1642775569489 1.1703762455597392e-24 8.362042165154013e-15 2.7625765193246754e-15 5.599465645829337e-15
277.3618576987742 1.0757813560313024e-24 7.92027359425185e-15 2.645337090991293e-15 5.274936503260555e-15
285.8091006888481 9.785424691063975e-25 7.423781232553378e-15 2.5295769538782936e-15 4.894204278675084e-15
294.5136101780917 8.862631992899636e-25 6.928472837568985e-15 2.415150761510915e-15 4.5133220760580725e-15
303.4832213917586 8.057974002284408e-25 6.491274582161999e-15 2.3017167212271103e-15 4.189557860934891e-15
312.7260081821858 7.330234055651219e-25 6.08486960924513e-15 2.1900347015239587e-15 3.894834907721172e-15
322.25029029634635 6.6735191603858535e-25 5.708442909653992e-15 2.081009591353214e-15 3.627433318300776e-15
332.0646408647343 6.0726629098374525e-25 5.3526795062441805e-15 1.974704479080291e-15 3.37797502716389e-15
342.17789411833206 5.51026599620676e-25 5.004883194262027e-15 1.8710735345671102e-15 3.1338096596949187e-15
352.59915334060224 4.988884043846676e-25 4.669325050619488e-15 1.7703923289285931e-15 2.898932721690894e-15
363.337799061663 4.515161613572426e-25 4.354650593439935e-15 1.6729910114632293e-15 2.6816595819767067e-15
374.40349750202313 4.0840787359928914e-25 4.058854061353754e-15 1.5789802537512898e-15 2.4798738076024647e-15
380.062092440151 3.882971207713586e-25 3.917311958593536e-15 1.5332841746800794e-15 2.3840277839134555e-15
385.80620927347337 3.690912987986e-25 3.779831613676631e-15 1.4884746125864077e-15 2.2913570010902227e-15
397.5561983449763 3.332255649565048e-25 3.5164648041763754e-15 1.4015202957475892e-15 2.114944508428787e-15
409.6640412816112 3.0025131839910214e-25 3.264992598159739e-15 1.3180487844608597e-15 1.9469438136988794e-15
415.8555509384264 2.8479815782552147e-25 3.1437580305254496e-15 1.277628134722542e-15 1.8661298958029076e-15
422.1406367649012 2.7002309268617973e-25 3.025711396578097e-15 1.2380918785831958e-15 1.7876195179949e-15
434.9972154030873 2.426408079460207e-25 2.8016878925880475e-15 1.1618014752777652e-15 1.6398864173102825e-15
448.24534984018095 2.1791551090954955e-25 2.5928259800937146e-15 1.0891657191650167e-15 1.5036602609286985e-15
461.89696517289525 1.9559833874009205e-25 2.398168552636965e-15 1.0199554324641776e-15 1.3782131201727877e-15
475.9643496848308 1.7547491298542177e-25 2.2169652895103125e-15 9.540761352304504e-16 1.2628891542798621e-15
490.4601659075747 1.5722214292745699e-25 2.046854090289975e-15 8.916854400694106e-16 1.1551686502205646e-15
505.39746201868155 1.4063696206210552e-25 1.8866961630741842e-15 8.327834533550961e-16 1.0539127097190883e-15
520.7896835867783 1.2570849095628179e-25 1.7377864984559259e-15 7.77159377888204e-16 9.60627120567722e-16
536.6506856743796 1.1234001406337394e-25 1.6002785924445343e-15 7.247009783382933e-16 8.75577614106241e-16
552.9947453093008 1.0033253312675411e-25 1.4727607951914028e-15 6.75242582390084e-16 7.975182128013191e-16
569.8365743358964 8.954441493339619e-26 1.354435277259325e-15 6.286582002731555e-16 7.257770769861691e-16
587.1913326576936 7.986154560843336e-26 1.244763315248265e-15 5.848370052760279e-16 6.59926309972237e-16
605.0746418833327 7.117899255249199e-26 1.1432210759086142e-15 5.436658990231653e-16 5.99555176885449e-16
623.502599388115 6.340070617230723e-26 1.0493051312550426e-15 5.050300725463628e-16 5.442750587086796e-16
642.4917928037942 5.643870391101897e-26 9.62529500907624e-16 4.688139800895089e-16 4.93715520818115e-16
662.0593149496696 5.021253113190072e-26 8.824263080291948e-16 4.3490330508102324e-16 4.475230029481712e-16
682.2227792184137 4.464885599656683e-26 8.085483312186818e-16 4.0318415332119973e-16 4.0536417789748224e-16
703.0003354304876 3.968100475629924e-26 7.404702689720745e-16 3.7354491852427505e-16 3.669253504477997e-16
724.4106861714122 3.5248440670306e-26 6.777884916616835e-16 3.4587691322705955e-16 3.3191157843462383e-16
746.4731036265977 3.129621751452812e-26 6.201195864800926e-16 3.200720731824727e-16 3.0004751329761974e-16
769.2074469289008 2.7774596642422524e-26 5.671013403853907e-16 2.960253224425998e-16 2.7107601794279087e-16
792.6341800345017 2.4638656613932567e-26 5.183931498073589e-16 2.7363637999743148e-16 2.447567698099273e-16
816.7743901432078 2.1847867893308862e-26 4.736751553256027e-16 2.528085589603666e-16 2.2086659636523609e-16
841.6498066797607 1.9365652645208287e-26 4.326463048671268e-16 2.3344797652421973e-16 1.991983283429071e-16
867.2828208532309 1.715905955162093e-26 3.950241602373345e-16 2.1546433960880216e-16 1.7955982062853233e-16
893.6965058121084 1.51985224736247e-26 3.6054615046430397e-16 1.9877204161879583e-16 1.6177410884550814e-16
920.9146374132232 1.3457498683784023e-26 3.28967621611992e-16 1.8328953653194527e-16 1.4567808508004673e-16
948.9617156232121 1.191213063669888e-26 3.0005963209745015e-16 1.689386989280099e-16 1.3112093316944016e-16
977.8629865717667 1.0541034528549314e-26 2.7360918772174507e-16 1.5564529397268908e-16 1.1796389374905604e-16
1007.6444652765354 9.325075847449258e-27 2.4941876802063217e-16 1.4333903542350856e-16 1.0607973259712353e-16
1038.332959060126 8.247132311085916e-27 2.27305024054009e-16 1.3195330928982398e-16 9.535171476418501e-17
1069.95609168029 7.29190830201301e-27 2.0709832548435538e-16 1.2142532880566455e-16 8.567299667869089e-17
1102.542328195006 6.445749824800339e-27 1.8864189487419843e-16 1.1169603109860403e-16 7.694586377559444e-17
1136.1210005848498 5.6964639194115955e-27 1.717905901557917e-16 1.0270961150152305e-16 6.90809786542686e-17
1170.7223341557005 5.033172117991999e-27 1.564102170605108e-16 9.441344287758439e-17 6.199677418292637e-17
1206.3774747455793 4.4461874177465534e-27 1.4237719019685294e-16 8.675826881201255e-17 5.561892138484039e-17
1243.1185167600695 3.926891117655916e-27 1.2957786743524373e-16 7.969808553501314e-17 4.98797819002306e-17
1280.9785320615858 3.4676088807538636e-27 1.1790748912703453e-16 7.318968438097273e-17 4.471780474606175e-17
1319.9915997384837 3.0615069491252845e-27 1.0726939964698256e-16 6.719247342076672e-17 4.007692622621583e-17
1360.1928367808064 2.702514857409054e-27 9.757487568662347e-17 6.166857455005616e-17 3.590630113656734e-17
1401.618429690285 2.385249358320178e-27 8.874277807134161e-17 5.658288015058659e-17 3.215989792075505e-17
1444.305667053031 2.104926119123419e-27 8.069848944837836e-17 5.190255357916904e-17 2.879593586920931e-17
1488.2929731042755 1.8572937744763837e-27 7.337337014755569e-17 4.7596830618633637e-17 2.577653952892206e-17
1533.6199423153234 1.6385828270183545e-27 6.670456851637916e-17 4.3637132000321664e-17 2.3067436516057494e-17
1580.327375033885 1.4454531024951844e-27 6.063459789605176e-17 3.999700444046469e-17 2.0637593455587058e-17
1628.457314209858 1.274944181694915e-27 5.511083402905064e-17 3.665185984649411e-17 1.8458974182556533e-17
1678.0530832396191 1.1244306049959409e-27 5.008501243937995e-17 3.357876072510353e-17 1.6506251714276397e-17
1729.1593249628888 9.915874250603821e-28 4.55129991214018e-17 3.07564351295666e-17 1.4756563991835194e-17
1781.8220418472597 8.743582827803387e-28 4.135453944265153e-17 2.816525100183665e-17 1.3189288440814888e-17
1836.0886373966016 7.709228828615355e-28 3.7572839109341685e-17 2.5787017374673705e-17 1.1785821734667982e-17
1892.007958820556 6.796699053005986e-28 3.413425530807569e-17 2.3604841636520844e-17 1.0529413671554837e-17
1949.6303410035755 5.9917347678648055e-28 3.100803806131904e-17 2.160306962970209e-17 9.404968431616962e-18
2009.0076518130663 5.281744788645315e-28 2.816621152093459e-17 1.9767310930355992e-17 8.398900590578604e-18
2070.1933387874215 4.655600419522214e-28 2.558326907114907e-17 1.8084274984131644e-17 7.498994087017422e-18
2133.242477245972 4.103450318265862e-28 2.3235864514740012e-17 1.6541621954974433e-17 6.6942425597655846e-18
2198.211819864143 3.61659212396904e-28 2.1102723275659768e-17 1.512797043857165e-17 5.9747528370881196e-18
2265.1598477584885 3.187343189165104e-28 1.9164483332334574e-17 1.3832837888389612e-17 5.331645443944964e-18
2334.1468231275226 2.8089160815015996e-28 1.740349080970383e-17 1.2646555134319979e-17 4.7569356753838506e-18
2405.2348434957767 2.475319573433666e-28 1.580367884946939e-17 1.156021226925736e-17 4.2434665802120324e-18
2478.487897609897 2.1812660071459384e-28 1.435042842849884e-17 1.0565607126870267e-17 3.7848213016285705e-18
2553.971923037092 1.9220836100426758e-28 1.3030402381667948e-17 9.655175494578425e-18 3.37522688708952e-18
2631.7548655177807 1.6936486407688808e-28 1.18314557962254e-17 8.821951500138717e-18 3.009504296086681e-18
2711.906740125872 1.4923244013299922e-28 1.074255099153786e-17 8.059533716758442e-18 2.6830172747794175e-18
2794.4996942916955 1.314901607809511e-28 9.753640760369056e-18 7.362030453132425e-18 2.3916103072366277e-18
2879.6080727443887 1.1585499331211379e-28 8.855591442687674e-18 6.7240300302187e-18 2.1315614124689725e-18
2967.308484432098 1.020773866569007e-28 8.040104145386592e-18 6.140563783169443e-18 1.8995403622171526e-18
3057.6798714803062 8.993709255529657e-29 7.299620651145123e-18 5.607059657118368e-18 1.6925609940267542e-18
