Dust emission spectrum from A.P. Jones, M. Kohler, N. Ysard, M. Bocchio, and L. Verstraete (2017), A&A, 602A, 46J 
inside the DustPedia framework.

lambda    nu*dP/dnu     j_nu    j_nu(carb.) j_nu(sil)
 (um)   (erg s-1 H-1) (Jy cm2 sr-1 H-1)
0.9927057738263894 2.001170184196501e-25 5.273197099555081e-18 5.273197099477797e-18 7.728359148597922e-29
1.0001793341362166 2.034073229639335e-25 5.400250353390853e-18 5.4002503532977546e-18 9.309807613720027e-29
1.0077091589558085 2.0669251851099038e-25 5.528781108088456e-18 5.5287811079764506e-18 1.1200458787274898e-28
1.0114953028030835 2.083327957167933e-25 5.5935940580676066e-18 5.5935940579448155e-18 1.2279293151899617e-28
1.0152956718711033 2.099713113733388e-25 5.658768515214896e-18 5.658768515080317e-18 1.3457693891936933e-28
1.0229392996569957 2.13240802867953e-25 5.7901472153812946e-18 5.7901472152198054e-18 1.6149135547471096e-28
1.0267826658714554 2.1486779665150307e-25 5.8562457326159424e-18 5.856245732439116e-18 1.7682469977471168e-28
1.0306404723013447 2.164923096004806e-25 5.9226913323206824e-18 5.922691332127131e-18 1.935512172862968e-28
1.03451277320114 2.181141850226644e-25 5.9894811317114904e-18 5.9894811314997006e-18 2.117913102188249e-28
1.0383996230291617 2.1973326712184906e-25 6.056612212848865e-18 6.056612212617189e-18 2.31675210559011e-28
1.0403485208654093 2.205417122413715e-25 6.090304812774734e-18 6.090304812532458e-18 2.4227715777759855e-28
1.0423010764483396 2.2134940102771754e-25 6.1240816233333745e-18 6.1240816230800315e-18 2.533437319112348e-28
1.0462171883269815 2.229624328250509e-25 6.191886377002136e-18 6.191886376725187e-18 2.769490746379558e-28
1.0471985131304309 2.233651881262418e-25 6.208889609692521e-18 6.2088896094093475e-18 2.831720279814127e-28
1.048180758391296 2.2376773760270857e-25 6.225913565294045e-18 6.225913565004515e-18 2.89528941080725e-28
1.0501480137395462 2.2457220958227013e-25 6.260023454625818e-18 6.2600234543231655e-18 3.0265568775104095e-28
1.0521189612883777 2.2537582980555596e-25 6.294215662541582e-18 6.294215662225232e-18 3.1635193592892704e-28
1.0531058218030118 2.2577669430153384e-25 6.311325176133241e-18 6.311325175809822e-18 3.234213904496968e-28
1.0540936079674168 2.261753065075159e-25 6.328398229462807e-18 6.328398229132164e-18 3.3064365627152438e-28
1.058054026499678 2.2776742464851464e-25 6.396890086713921e-18 6.396890086352813e-18 3.611088215286931e-28
1.0590464539527713 2.281648598849103e-25 6.414062716571537e-18 6.4140627162024e-18 3.6913531818612962e-28
1.06003981227728 2.2856205276572535e-25 6.431255114066511e-18 6.431255113689178e-18 3.7733258777646577e-28
1.0620293250338977 2.293557022236645e-25 6.465699013891324e-18 6.4656990134970695e-18 3.9425334391116507e-28
1.0660195594769086 2.3093999151521107e-25 6.534821840017089e-18 6.534821839586789e-18 4.303007849538422e-28
1.070024785945596 2.3252014595023675e-25 6.604255365388546e-18 6.6042553649190544e-18 4.694922776071218e-28
1.0740450607676866 2.340960201247615e-25 6.673996362278057e-18 6.673996361765968e-18 5.1208781572157705e-28
1.07808044048254 2.3566746982717246e-25 6.7440415756314186e-18 6.744041575073051e-18 5.583676308596367e-28
1.0861967418109137 2.3879373312691187e-25 6.884951001258817e-18 6.8849510005956054e-18 6.632112110516581e-28
1.0902777775684922 2.4034191597164117e-25 6.955624239372633e-18 6.95562423865018e-18 7.224505801356483e-28
1.0943741465085532 2.4188499951515024e-25 7.026583219841598e-18 7.026583219054871e-18 7.867284805259687e-28
1.1026131145906286 2.4495532161146903e-25 7.169344765907162e-18 7.169344764975107e-18 9.320526359503197e-28
1.1109141095355224 2.4800361876809677e-25 7.313208134850695e-18 7.313208133747887e-18 1.1028088193706903e-27
1.1192775983109025 2.5102598614526244e-25 7.458060921736972e-18 7.458060920433786e-18 1.3031850794609646e-27
1.1277040513999907 2.540083150208434e-25 7.603481740190726e-18 7.603481738652716e-18 1.538013268121939e-27
1.1361939428280308 2.5696510808346634e-25 7.749899301698004e-18 7.749899299885141e-18 1.8128598125876747e-27
1.1447477501889525 2.598953835146183e-25 7.897284740083571e-18 7.89728473794944e-18 2.134129511562388e-27
1.1533659546722406 2.627997903197615e-25 8.045658133124303e-18 8.045658130615117e-18 2.5091854489984367e-27
1.1707974979042381 2.685404835438464e-25 8.345665718536199e-18 8.34566571508048e-18 3.455717674811549e-27
1.1884924949847024 2.741653793566961e-25 8.64925077984553e-18 8.649250775109721e-18 4.7358094180805775e-27
1.2064549276569216 2.797188343008651e-25 8.957818204214506e-18 8.957818197756028e-18 6.458481926158211e-27
1.2246888378427687 2.851398722014035e-25 9.269432435635654e-18 9.26943242687046e-18 8.765189645009128e-27
1.2431983285522175 2.904158303580539e-25 9.583632162981612e-18 9.58363215114277e-18 1.1838841595911194e-26
1.2619875648066055 2.955448151322123e-25 9.900288567507778e-18 9.900288551593038e-18 1.5914740322397462e-26
1.3004222497298317 3.052764557745447e-25 1.0537731666983785e-17 1.05377316386245e-17 2.835928441759661e-26
1.3400274889804893 3.1429733325462896e-25 1.1179537489414242e-17 1.1179537439795192e-17 4.9619052960151946e-26
1.3808389325824078 3.225746871579307e-25 1.1823409764939484e-17 1.1823409679657121e-17 8.528235618243559e-26
1.4228933163050095 3.3015012509094273e-25 1.2469620563645874e-17 1.2469620419586979e-17 1.4405889230539508e-25
1.466228494730424 3.372084949041906e-25 1.3124101943122656e-17 1.3124101703842294e-17 2.392803577049295e-25
1.5108834753276823 3.4361226274704112e-25 1.3780629568508045e-17 1.3780629177531226e-17 3.9097681188738173e-25
1.5568984535646726 3.4925047734122953e-25 1.4433336226193057e-17 1.443333559708853e-17 6.291045205159098e-25
1.6043148490894465 3.5413463156263258e-25 1.5080906093594856e-17 1.5080905094937743e-17 9.986571143503448e-25
1.6531753430134553 3.5828082865627537e-25 1.57221495229926e-17 1.5722147960791507e-17 1.5622010938073198e-24
1.7035239163302658 3.617399461296435e-25 1.635739487118291e-17 1.6357392462442348e-17 2.4087405665128473e-24
1.755405889504358 3.6480071090777122e-25 1.699818924945261e-17 1.6998185586812438e-17 3.662640170742922e-24
1.8088679632656115 3.67393058794533e-25 1.7640352003344375e-17 1.764034650913617e-17 5.4942082037372055e-24
1.8639582606462262 3.6946990245484687e-25 1.8280357383843808e-17 1.828034924998515e-17 8.133858657628953e-24
1.9207263702978936 3.710670859232318e-25 1.8918529027653355e-17 1.8918517138946952e-17 1.1888706403625291e-23
1.979223391128241 3.722667436753688e-25 1.9557731897149257e-17 1.9557714734330126e-17 1.716281912578242e-23
2.039501978296691 3.731668841238689e-25 2.0202106685069667e-17 2.020208220480373e-17 2.4480265927862355e-23
2.1016163906111602 3.7404031731155515e-25 2.0866100590313478e-17 2.0866066076014056e-17 3.4514299420719257e-23
2.1656225393682647 3.750454957808254e-25 2.1559374171091783e-17 2.1559326055055014e-17 4.81160367685058e-23
2.231578038680979 3.7619434662340228e-25 2.228403216312761e-17 2.228396581529644e-17 6.634783116803986e-23
2.299542257339062 3.775819158710303e-25 2.3047403941933792e-17 2.3047313421650188e-17 9.052028360962303e-23
2.369576372248914 3.7941744531969225e-25 2.386478022931437e-17 2.3864657995450218e-17 1.222338641518334e-22
2.4417434235010123 3.819478727905191e-25 2.4755605619750328e-17 2.4755442202326864e-17 1.6341742347032048e-22
2.5161083711144245 3.8559564015701486e-25 2.5753181610185e-17 2.5752965233320325e-17 2.163768646746799e-22
2.5927381535095444 3.910517370436309e-25 2.691301236984451e-17 2.6912728532169923e-17 2.8383767459108656e-22
2.6717017477616296 3.991408561505436e-25 2.8306331741172557e-17 2.830596277024194e-17 3.68970930624216e-22
2.753070231689431 4.1110417935204997e-25 3.004267609625453e-17 3.004220066429073e-17 4.754319638189762e-22
2.836916847834745 4.297537465125048e-25 3.2362026636466694e-17 3.2361419223548974e-17 6.074129177373747e-22
2.9233170693905177 4.6128243156958025e-25 3.579416781267739e-17 3.5793398268194164e-17 7.695444832420639e-22
2.967498994190263 4.879900478282043e-25 3.8438902428593755e-17 3.843804027414965e-17 8.62154444112748e-22
3.0123486681368425 5.191676331543428e-25 4.1512824224349075e-17 4.151185959500843e-17 9.646293406375566e-22
3.0578761833420214 5.887868231536293e-25 4.77911423437869e-17 4.7790064195978294e-17 1.078147808598087e-21
3.1040917844459814 6.784766993703879e-25 5.590349045982364e-17 5.590228766388285e-17 1.2027959408214684e-21
3.127460860933648 7.732829604964377e-25 6.419478621607978e-17 6.419351623588801e-17 1.2699801917820689e-21
3.1510058709225794 8.995852291877286e-25 7.524210920323014e-17 7.524076886483692e-17 1.3403383932299811e-21
3.162844764501044 1.0171180422001206e-24 8.539229150665763e-17 8.539091463073724e-17 1.3768759204282547e-21
3.1747281389236908 1.153799834198377e-24 9.723137930302984e-17 9.722996505743002e-17 1.4142455997964444e-21
3.1986289994194426 1.5350367667038518e-24 1.3033230779960182e-16 1.3033081607408894e-16 1.4917255128483718e-21
3.2227097969389145 2.4335981624201358e-24 2.0818023821275983e-16 2.0817866403666143e-16 1.574176098443985e-21
3.2348180950136065 3.2856868853187986e-24 2.821275329163736e-16 2.8212591464728836e-16 1.618269085138339e-21
3.240889293275058 3.922719877591453e-24 3.3745893010262007e-16 3.3745728857207125e-16 1.6415305488635256e-21
3.2469718861334385 4.659663821689245e-24 4.0160817665110443e-16 4.0160651104856705e-16 1.6656025373878263e-21
3.2714166318528037 8.590529584110529e-24 7.459766404153339e-16 7.459748750466882e-16 1.7653686457179113e-21
3.2744851364798273 8.836239420318828e-24 7.680330891967703e-16 7.680313119924101e-16 1.777204360163161e-21
3.2775565192852394 9.089005382102959e-24 7.907441418820985e-16 7.907423527752697e-16 1.7891068291687226e-21
3.283707930232385 8.845852524765802e-24 7.710342132632032e-16 7.710324027142764e-16 1.8105489269948267e-21
3.2898708863219004 8.074855335937774e-24 7.051524799492537e-16 7.051506497417884e-16 1.830207465736801e-21
3.29141343181113 7.893035939011664e-24 6.895979319717592e-16 6.895960968239022e-16 1.8351478570410333e-21
3.292184975758714 7.803696467268034e-24 6.81952350179759e-16 6.819505125578333e-16 1.837621925332603e-21
3.295272960557952 7.23979185451008e-24 6.332670742370646e-16 6.332652269642458e-16 1.8472728190583495e-21
3.3076538914384823 5.286283955123313e-24 4.641303625063019e-16 4.641284763929725e-16 1.8861133295539895e-21
3.310756385682612 4.88870042027379e-24 4.2962553199885117e-16 4.296236360791194e-16 1.8959197318419813e-21
3.313861789986515 4.521869210042057e-24 3.9776065421386625e-16 3.9775874844904804e-16 1.9057648181701473e-21
3.3200813396944477 4.007430673711624e-24 3.531703004637363e-16 3.531683735884667e-16 1.9268752697286567e-21
3.345076488085796 3.0897456245493813e-24 2.743457341638876e-16 2.743437133640601e-16 2.0207998273664625e-21
3.3482140837626964 3.124155544852329e-24 2.7766126646459435e-16 2.7765923294572534e-16 2.0335188690410367e-21
3.3513546224236106 3.1589456881205818e-24 2.810166014140604e-16 2.810145551101782e-16 2.0463038822254053e-21
3.3576445397418455 3.4132020786611976e-24 3.0420486254858383e-16 3.042027895383954e-16 2.073010188513484e-21
3.3702598118196083 4.350994191841828e-24 3.8924345459429304e-16 3.8924132554397284e-16 2.1290503201989382e-21
3.382922481734668 4.564552462090079e-24 4.0988278859669756e-16 4.0988060478768357e-16 2.183809013953043e-21
3.389271646505754 4.675188195419791e-24 4.206054630223604e-16 4.2060325139913605e-16 2.2116232242132865e-21
3.395632727569191 4.794401687433034e-24 4.321400932503566e-16 4.321378529589988e-16 2.2402913578744847e-21
3.421196662673239 5.366801139279654e-24 4.873746945982804e-16 4.873723352950696e-16 2.3593032106549396e-21
3.4276182099114902 5.251410968903395e-24 4.7779090828507975e-16 4.777885221069925e-16 2.3861780872393324e-21
3.4340518103208963 4.745853697489179e-24 4.326040910173439e-16 4.3260167926742093e-16 2.4117499230502226e-21
3.4469541582030403 4.025852408852522e-24 3.6835179451026858e-16 3.683493333643907e-16 2.4611458778789978e-21
3.472904465399547 3.8240570022612135e-24 3.5252232603902313e-16 3.5251975151812835e-16 2.5745208948129585e-21
3.4990501388274233 3.515442121769624e-24 3.265123034880497e-16 3.265096121935475e-16 2.691294502200935e-21
3.5253949054701885 2.4172259053608597e-24 2.262009609427007e-16 2.261981550227585e-16 2.80591994227839e-21
3.5519380250092896 1.3851045730411084e-24 1.3059224134078648e-16 1.3058931923622245e-16 2.9221045640606778e-21
3.578680990867387 9.759175778078814e-25 9.270551265869442e-17 9.270246300704738e-17 3.049651647021856e-21
3.605625307711299 8.104493119818271e-25 7.75668016477633e-17 7.756361702771587e-17 3.1846200474521173e-21
3.660119384959845 6.898102822641045e-25 6.701844518056491e-17 6.70149742172652e-17 3.470963299696892e-21
3.715437065384467 6.044253301143239e-25 5.961039487712706e-17 5.960661792220389e-17 3.776954923198653e-21
3.8285932144167436 5.612501650739286e-25 5.703811179533271e-17 5.703366246785904e-17 4.449327473679064e-21
3.94519561050918 5.531313396177556e-25 5.792502634159477e-17 5.791982094800527e-17 5.2053935894964234e-21
4.06534921144712 5.594064476763753e-25 6.036632783919479e-17 6.03602771004848e-17 6.0507387099827604e-21
4.189162171576248 5.740136435091494e-25 6.382911476544074e-17 6.382212094846462e-17 6.993816976119778e-21
4.316745939156006 5.946896072750902e-25 6.81422188640397e-17 6.813417941430716e-17 8.039449732563114e-21
4.448215356677963 6.206693361223034e-25 7.328507353148023e-17 7.327589030483325e-17 9.183226647027976e-21
4.58368876423945 6.520353703814709e-25 7.933333459792164e-17 7.932289914639332e-17 1.0435451528317512e-20
4.723288106065518 6.894967270289587e-25 8.644623417800602e-17 8.643442096798855e-17 1.1813210017477861e-20
4.867139040275056 7.3448081093432e-25 9.489069770845695e-17 9.487739957346927e-17 1.3298134987668796e-20
4.940699165968905 7.615966587858942e-25 9.98809982210261e-17 9.986691021576139e-17 1.4088005264745325e-20
5.015371051989984 7.896601796709553e-25 1.051266294352183e-16 1.0511172000056998e-16 1.4909434648322164e-20
5.091171501069577 8.23895604235826e-25 1.1134208398569948e-16 1.1132630579311859e-16 1.57781925809278e-20
5.129500256944802 8.414590491025226e-25 1.145717308734148e-16 1.145555058068011e-16 1.6225066613690747e-20
5.168117569889187 8.597656889230093e-25 1.179456498225695e-16 1.1792896639246524e-16 1.668343010430865e-20
5.20702561229733 8.822408773612036e-25 1.2194003722245256e-16 1.2192285985492123e-16 1.7177367531341652e-20
5.246226572918644 9.052841053605876e-25 1.2606698637925089e-16 1.2604930477167466e-16 1.76816075762186e-20
5.265937586045735 9.17024384744082e-25 1.2818169927900843e-16 1.2816376165286597e-16 1.793762614244226e-20
5.285722656980489 9.289135538400702e-25 1.3033141328052364e-16 1.3031321701800545e-16 1.8196262518218844e-20
5.305582063971359 9.409540112730638e-25 1.325167778339365e-16 1.3249832030309132e-16 1.845753084511986e-20
5.3255160863122235 9.538912897605654e-25 1.3484350015620666e-16 1.34824777287084e-16 1.8722869122654013e-20
5.365609099470188 9.861329793362513e-25 1.404507123038075e-16 1.404314395934217e-16 1.9272710385826573e-20
5.406003951863644 1.0195965407801653e-24 1.4631004545705102e-16 1.4629021130562396e-16 1.983415142703239e-20
5.446702915881641 1.0543411196616357e-24 1.524348491637292e-16 1.524144418287653e-16 2.040733496389959e-20
5.487708281020852 1.091884470839748e-24 1.5905126926170223e-16 1.590302751217138e-16 2.0994139988409472e-20
5.529022354014368 1.144115226714087e-24 1.6791424629311993e-16 1.678926379266532e-16 2.1608366466681242e-20
5.570647458961463 1.1994205904912477e-24 1.7735629509739857e-16 1.7733405931050157e-16 2.2235786897069782e-20
5.612585937458331 1.2580222842303828e-24 1.8742208760955352e-16 1.8739921102545276e-16 2.2876584100744633e-20
5.654840148729818 1.3224434733368168e-24 1.9850291256717803e-16 1.984793793739155e-16 2.353319326255408e-20
5.67608639626678 1.366351066532275e-24 2.0586415332504048e-16 2.058402768353532e-16 2.387648968732203e-20
5.686739436050992 1.3889831003402647e-24 2.096668277137432e-16 2.0964277816122697e-16 2.404955251625533e-20
5.6974124697621304 1.4120817357659449e-24 2.1355361653138242e-16 2.135293929681271e-16 2.4223563255367312e-20
5.718818669136295 1.4597238093692811e-24 2.21588108907273e-16 2.215635344642182e-16 2.4574443054785545e-20
5.740305295436557 1.512248105083525e-24 2.30423873403162e-16 2.303989422433646e-16 2.4931159797319533e-20
5.7835210386641895 1.6485707666260122e-24 2.5308671407128026e-16 2.53061042023306e-16 2.5672047974146658e-20
5.827062130521658 1.805625092776607e-24 2.7928439055929353e-16 2.7925795593816984e-16 2.643462112368402e-20
5.8489554468988025 1.915856414401218e-24 2.974477606412507e-16 2.974209170263755e-16 2.6843614875149424e-20
5.870931020387893 2.034146747805377e-24 3.169995833882797e-16 3.1697232575776714e-16 2.72576305126579e-20
5.892989160043636 2.1611449149618097e-24 3.3805624612806035e-16 3.3802856941136743e-16 2.7676716693022585e-20
5.915130176081913 2.305593179340721e-24 3.6200654159121347e-16 3.619784309078495e-16 2.8110683363892545e-20
5.95966208400165 2.7095908861521347e-24 4.2864206808767936e-16 4.2861298810329886e-16 2.9079984380669397e-20
6.004529249263818 3.2919993998635996e-24 5.246964732782461e-16 5.246663114506944e-16 3.0161827551781e-20
6.027089341400364 3.6969070831661824e-24 5.914466789877654e-16 5.914159019597662e-16 3.077702799916361e-20
6.049734195844842 4.175408409749583e-24 6.705091184716543e-16 6.704776911994195e-16 3.1427272234839324e-20
6.095279466722835 5.557744148083792e-24 8.99210989310308e-16 8.991779993318184e-16 3.2989978489850294e-20
6.141167624020661 7.685226896588176e-24 1.2527865402413232e-15 1.2527515657153194e-15 3.4974526004240393e-20
6.164241091010745 9.043890819056763e-24 1.4798045556029227e-15 1.4797683572623587e-15 3.6198340563908195e-20
6.187401249150058 1.0591562724197723e-23 1.7395533645264354e-15 1.7395159024750577e-15 3.74620513782118e-20
6.1990139391386085 1.1347254304999935e-23 1.867165584878883e-15 1.8671274782577976e-15 3.8106621084588496e-20
6.204828454712694 1.1745320793553757e-23 1.934479336156909e-15 1.93444090322897e-15 3.843292793929723e-20
6.210648424152782 1.2035894538150528e-23 1.9841968319392776e-15 1.9841581155209805e-15 3.871641829770183e-20
6.233982942956859 1.30230508374504e-23 2.1550025013892133e-15 2.15496277281628e-15 3.972857293315805e-20
6.239830258556775 1.314920825943014e-23 2.177919446388879e-15 2.1778795597687007e-15 3.9886620178255056e-20
6.245683058788269 1.3160091570166361e-23 2.181766585667418e-15 2.1817265404647285e-15 4.0045202688389003e-20
6.257405133728602 1.3132842336656213e-23 2.181335351082122e-15 2.181295017857522e-15 4.033322459985235e-20
6.269149208991335 1.2938524602414756e-23 2.1530930317603584e-15 2.1530525427213308e-15 4.0489039027321954e-20
6.280915325867298 1.2451417775435447e-23 2.0759226942974716e-15 2.075882213769595e-15 4.0480527876900106e-20
6.304513850009849 1.1250259353093018e-23 1.882710612162492e-15 1.882670298038715e-15 4.031412377567042e-20
6.32820103803542 9.761497762819885e-24 1.6397066566751258e-15 1.6396666679367231e-15 3.998873840276598e-20
6.3519772230701035 8.396199320317523e-24 1.4156669887523024e-15 1.4156272748581366e-15 3.971389416543641e-20
6.375842739491607 7.247565000266842e-24 1.2265892346524433e-15 1.2265497444021584e-15 3.949025028478023e-20
6.399797922933955 6.326969221363189e-24 1.0748093008304236e-15 1.0747698413291016e-15 3.94595013219549e-20
6.42384311029221 5.561544142811447e-24 9.483305629455461e-16 9.482910954655026e-16 3.9467480043888986e-20
6.447978639727206 5.003729269699324e-24 8.564200516153338e-16 8.563804233816551e-16 3.962823367889917e-20
6.472204850670314 4.539015030267433e-24 7.798001394210469e-16 7.797603185707816e-16 3.9820850265125846e-20
6.496522083828205 4.236937284836881e-24 7.306382219632851e-16 7.305980825512095e-16 4.0139412075517855e-20
6.520930681187647 3.982443175796488e-24 6.893322613863128e-16 6.892917815918549e-16 4.0479794457977734e-20
6.57002334288761 3.721977716442435e-24 6.490977658270064e-16 6.49056422342906e-16 4.1343484100524196e-20
6.619489833774732 3.694685284025995e-24 6.491893750697335e-16 6.491470076785314e-16 4.2367391202177774e-20
6.6693287637831435 3.79390568629535e-24 6.716423769614614e-16 6.715989054515398e-16 4.3471509921634404e-20
6.719538636694507 3.920771815787432e-24 6.993272577339335e-16 6.992826873465582e-16 4.457038737544112e-20
6.770126513364129 4.239132930907374e-24 7.618040073678151e-16 7.617582502979086e-16 4.575706990643205e-20
6.8210952395837445 4.720613688065113e-24 8.547163423004541e-16 8.546692755045843e-16 4.7066795869686284e-20
6.872447682569556 5.327187330252537e-24 9.71804362807749e-16 9.717558628799229e-16 4.849992782582605e-20
6.924186731123532 6.094920318401767e-24 1.1202275178797177e-15 1.120177465090109e-15 5.0052789608879674e-20
6.976315295795916 6.718807353211219e-24 1.2441929102280738e-15 1.244141259723335e-15 5.165050473914008e-20
7.028836309048954 6.809222403414208e-24 1.2704289502406643e-15 1.2703757413430599e-15 5.320889760401916e-20
7.081752725421856 6.5378009894470725e-24 1.2289717158632838e-15 1.228916948288532e-15 5.476757475215898e-20
7.135067521697011 6.356537478259743e-24 1.2038936738278512e-15 1.2038371959810656e-15 5.647784678532687e-20
7.1887836970674375 6.502050950519701e-24 1.2407240989207273e-15 1.240665667613559e-15 5.843130716807398e-20
7.242904273305506 7.02551833729196e-24 1.3507051322675628e-15 1.3506444400673377e-15 6.069220022499688e-20
7.297432294932914 7.855573900472293e-24 1.5216593044975616e-15 1.5215959323163014e-15 6.33721812606017e-20
7.352370829391971 8.804870052454086e-24 1.7183822861342332e-15 1.7183155537760964e-15 6.673235813678836e-20
7.379995003818881 9.396191136567596e-24 1.840675973366632e-15 1.8406072908380936e-15 6.868252853858798e-20
7.407722967218148 1.0048627947627939e-23 1.9758816685779462e-15 1.975810942258185e-15 7.072631976134279e-20
7.463496598684601 1.1705615093238293e-23 2.319028103448878e-15 2.3189527723597147e-15 7.533108916287411e-20
7.519690156487492 1.3852701670851152e-23 2.7650555496280194e-15 2.7649748157167373e-15 8.073391128249023e-20
7.533803324048627 1.4477579451844778e-23 2.8952073220822584e-15 2.895125061118838e-15 8.226096342074223e-20
7.547942979602549 1.5130711306884595e-23 3.031498716834256e-15 3.0314148991897188e-15 8.381764453731082e-20
7.57630195363571 1.650803962411822e-23 3.319878660828663e-15 3.3197916222597133e-15 8.70385689496503e-20
7.590521371821866 1.720437696811861e-23 3.466410490448521e-15 3.4663217615523374e-15 8.872889618332842e-20
7.604767477414989 1.7930102681356144e-23 3.619413061957524e-15 3.6193226091936486e-15 9.045276387369563e-20
7.633339951266878 1.938964976004517e-23 3.928746449798083e-15 3.928652521725393e-15 9.392807268984666e-20
7.662019777021956 2.0525790779966467e-23 4.174578186978763e-15 4.174481062266879e-15 9.712471188442008e-20
7.690807358020558 2.130605749318286e-23 4.349551333771493e-15 4.349451430291305e-15 9.990348018842529e-20
7.719703099118437 2.1705224039183195e-23 4.447687889584858e-15 4.44758566670483e-15 1.0222288002724129e-19
7.748707406692464 2.164195630159903e-23 4.451385542844891e-15 4.4512811729568075e-15 1.0436988808397648e-19
7.777823177463063 2.1223369361267545e-23 4.381691842238149e-15 4.381583835990391e-15 1.0800624775770103e-19
7.807048350752435 2.0582682325571776e-23 4.265385352915665e-15 4.2652732948835785e-15 1.1205803208682228e-19
7.836380830085272 1.9697269812288085e-23 4.09723619380831e-15 4.0971201674555084e-15 1.16026352802459e-19
7.851088371676256 1.9083265651272654e-23 3.976967068871651e-15 3.976849321773273e-15 1.1774709837904384e-19
7.86582351679805 1.8432612313897807e-23 3.848580011584111e-15 3.848460640959238e-15 1.1937062487363327e-19
7.89537682495964 1.6996995626726064e-23 3.562168494806067e-15 3.562046264103993e-15 1.222307020741303e-19
7.9250411701946435 1.5447741325170814e-23 3.2496452134032756e-15 3.249519990555627e-15 1.252228476482868e-19
7.939915112024199 1.4625408671245573e-23 3.082430565814725e-15 3.0823037644819015e-15 1.2680133282434764e-19
7.954816969689239 1.384792654232591e-23 2.9240471795769796e-15 2.9239187214526438e-15 1.2845812433535258e-19
7.9847046421970465 1.2414141026055862e-23 2.6311460994151118e-15 2.631014041342909e-15 1.3205807220304233e-19
8.044817289139356 9.995788834689255e-24 2.13453210326953e-15 2.134391388585097e-15 1.4071468443288302e-19
8.07504310897143 9.097112087556781e-24 1.949924645010561e-15 1.949778691742037e-15 1.4595326852447725e-19
8.105382492623747 8.302135332400329e-24 1.7862109835623626e-15 1.78605940672143e-15 1.515768409330382e-19
8.135835866775926 7.671234787377407e-24 1.6566733521415348e-15 1.656515965540844e-15 1.5738660069153813e-19
8.166403659710703 7.194749482776824e-24 1.5596097900099731e-15 1.5594460766339728e-15 1.637133759998186e-19
8.197086301319933 6.841437937099298e-24 1.4885942328401967e-15 1.4884238039151265e-15 1.704289250705967e-19
8.227884223110665 6.531383096065934e-24 1.4264703956897244e-15 1.4262928368164493e-15 1.7755887327438834e-19
8.258797858211198 6.353339223481863e-24 1.3927985749069741e-15 1.3926117600555867e-15 1.8681485138782417e-19
8.289827641377162 6.299940873014872e-24 1.3862814358701748e-15 1.386077062985099e-15 2.043728850760042e-19
8.320974008997652 6.3501770927592195e-24 1.4025857928935609e-15 1.4023603153831043e-15 2.2547751045654257e-19
8.35223739910135 6.44371910075437e-24 1.4285941358973175e-15 1.4283455197478844e-15 2.48616149433486e-19
8.383618251362687 6.737652309685136e-24 1.49937243848959e-15 1.4991001056742761e-15 2.723328153149106e-19
8.415117007108037 7.16084962821958e-24 1.5995364678263076e-15 1.5992382852830248e-15 2.981825432827869e-19
8.446734109321913 7.727497659013138e-24 1.7325953267818229e-15 1.7322703816628417e-15 3.249451189813228e-19
8.478470002653195 8.450482359895612e-24 1.9018156659059356e-15 1.901463000190727e-15 3.526657152083042e-19
8.542299949622933 1.0028253584113398e-23 2.2738905531442137e-15 2.27347908895208e-15 4.1146419213321553e-19
8.558332380220154 1.0361749852413063e-23 2.353919929160333e-15 2.353493288570995e-15 4.2664058933723374e-19
8.574394900937412 1.0571401771284798e-23 2.4060546816778327e-15 2.4056129298394293e-15 4.417518384033598e-19
8.606610438733982 1.0572188974859248e-23 2.4152745011459067e-15 2.414802985335133e-15 4.715158107731281e-19
8.622764948673899 1.0403646917898095e-23 2.3812313152531648e-15 2.3807448579346525e-15 4.864573185125346e-19
8.638949780445296 1.0037887269237785e-23 2.301827087496003e-15 2.301326079571892e-15 5.010079241111961e-19
8.655163606183647 9.666125195287673e-24 2.2207370103642696e-15 2.2202210644110004e-15 5.159459532683461e-19
8.671407862489573 9.223387488138293e-24 2.1229975907300174e-15 2.1224666153330387e-15 5.309753969790416e-19
8.703987895363145 8.17259914029361e-24 1.8881996337677053e-15 1.8876384040453386e-15 5.612297223664872e-19
8.736690337257128 7.237114904993239e-24 1.678347337623793e-15 1.677754173439999e-15 5.931641837941972e-19
8.802464289484785 5.649268176394609e-24 1.3199755795463097e-15 1.3193138967741859e-15 6.616827721237977e-19
8.868733419248175 4.586648185750773e-24 1.0797580814114587e-15 1.0790141901432033e-15 7.438912682555619e-19
8.935501454478851 3.8774197397638e-24 9.19668221171702e-16 9.18814042320318e-16 8.541788513839209e-19
9.002772151174003 3.397723164429147e-24 8.119582202196637e-16 8.109845489503088e-16 9.736712693547551e-19
9.07054929360775 3.0631935498385082e-24 7.375262116381567e-16 7.3642676732449e-16 1.0994443136668371e-18
9.13883669454403 2.818558550388144e-24 6.837343687401961e-16 6.825023670888641e-16 1.232001651332039e-18
9.207638195451068 2.64958418980701e-24 6.475829450503182e-16 6.462157182861647e-16 1.3672267641532285e-18
9.276957666717493 2.499589767314086e-24 6.155222350559827e-16 6.140059841574385e-16 1.5162508985440786e-18
9.346799007870057 2.3998164145367523e-24 5.95402092184933e-16 5.93737313202953e-16 1.6647789819801696e-18
9.417166147792997 2.309343694529558e-24 5.772690034923303e-16 5.754456990754298e-16 1.8233044169006048e-18
9.488063044949055 2.249238096590566e-24 5.664771880831964e-16 5.645293963984377e-16 1.9477916847585156e-18
9.559493687602165 2.1941357545884015e-24 5.567597335874722e-16 5.546781758552548e-16 2.0815577322173438e-18
9.631462094041797 2.1603972389941383e-24 5.523257187414017e-16 5.501109503479971e-16 2.2147683934044113e-18
9.703972312809022 2.1295822812445922e-24 5.485464470632055e-16 5.461942639636043e-16 2.352183099601122e-18
9.777099908821425 2.115925574906864e-24 5.49135947022594e-16 5.466902679876649e-16 2.445679034929307e-18
9.924867353363874 2.1090565312216185e-24 5.556257504413546e-16 5.530121979146668e-16 2.6135525266878044e-18
10.074868099996943 2.1407588881347904e-24 5.725014064747609e-16 5.697974474330477e-16 2.703959041713041e-18
10.150790707826552 2.1685072542947238e-24 5.842923306192364e-16 5.815680432045244e-16 2.724287414711977e-18
10.22721067892732 2.2196714729201624e-24 6.02580864357841e-16 5.998387968867546e-16 2.7420674710865206e-18
10.304205975847633 2.275764862160886e-24 6.224598619851143e-16 6.197008375788112e-16 2.7590244063030626e-18
10.381780929913377 2.366293791677188e-24 6.52093629930302e-16 6.493421885703033e-16 2.7514413599986766e-18
10.459939905058707 2.467165514055103e-24 6.850099949673522e-16 6.822668603321824e-16 2.743134635169675e-18
10.538687298071551 2.6264239076340704e-24 7.347181600650091e-16 7.319955726240958e-16 2.722587440913766e-18
10.618027538840941 2.8065929164598945e-24 7.910295458693191e-16 7.883298501688821e-16 2.6996957004373085e-18
10.697971937068667 3.0770053086090658e-24 8.737740305320952e-16 8.711234555229642e-16 2.6505750091307078e-18
10.778518246224262 3.45959267595211e-24 9.898137062452668e-16 9.872152561150186e-16 2.5984501302485504e-18
10.859664048220797 4.031955550504868e-24 1.1622553633525225e-15 1.1597112825509963e-15 2.544080801526195e-18
10.941420754335242 4.903885539519039e-24 1.4242409782727205e-15 1.4217529988393595e-15 2.4879794333609767e-18
10.961955922839442 5.209824441080637e-24 1.5159349765108006e-15 1.5134615674923672e-15 2.4734090184329146e-18
10.982529632329763 5.5527153455683966e-24 1.6187404794221703e-15 1.6162815580720275e-15 2.4589213501431838e-18
11.023792963743814 6.387980098800588e-24 1.8692355658509916e-15 1.8668055462083086e-15 2.430019642682409e-18
11.065211328886559 7.484700210155908e-24 2.198384005728305e-15 2.195983320158665e-15 2.400685569640688e-18
11.08597883104876 8.188638283879589e-24 2.4096566542797337e-15 2.4072708025265763e-15 2.3858517531577885e-18
11.106785310247485 8.975569434533223e-24 2.6461826719101043e-15 2.6438117979315183e-15 2.3708739785854696e-18
11.14851549250461 1.0847796784149782e-23 3.2101698797834536e-15 3.207829376066246e-15 2.3405037172068435e-18
11.169441129330048 1.18562308559183e-23 3.5151796345786798e-15 3.5128541232853843e-15 2.3255112932948485e-18
11.190406043337886 1.2757739841378374e-23 3.789562026703761e-15 3.787251805986794e-15 2.3102207169683286e-18
11.21140851448765 1.3635855529516058e-23 4.05799961731652e-15 4.055705196159931e-15 2.2944211565895388e-18
11.22192452720434 1.4097918476686123e-23 4.1994437793523984e-15 4.197157204771442e-15 2.2865745809558924e-18
11.232450403670388 1.4301912443471254e-23 4.26420482925192e-15 4.261925209494975e-15 2.2796197569439764e-18
11.253533585369773 1.4490189662241504e-23 4.328450092693698e-15 4.326183868494914e-15 2.2662241987845685e-18
11.274656339961506 1.4552935741035287e-23 4.355352976775152e-15 4.353099950049779e-15 2.253026725371827e-18
11.285231677511122 1.4584424587120087e-23 4.368870899621449e-15 4.366624355025278e-15 2.2465445961720226e-18
11.295816934455262 1.4417215156120938e-23 4.322832999864818e-15 4.320593209688775e-15 2.239790176041944e-18
11.317017243752359 1.3979118848277077e-23 4.199341635258908e-15 4.197115486760402e-15 2.2261484985065248e-18
11.338257342390673 1.354107605530834e-23 4.075387605450823e-15 4.073175079608654e-15 2.2125258421701085e-18
11.359537305047965 1.3068554330734305e-23 3.9405570812418036e-15 3.938358610037352e-15 2.198471204452613e-18
11.402217121831576 1.200816403323016e-23 3.6344219896536996e-15 3.632253295319761e-15 2.1686943339378182e-18
11.423617126015266 1.145574378959117e-23 3.473732435903291e-15 3.4715792342594628e-15 2.1532016438283218e-18
11.445057294333186 1.0892145589420739e-23 3.3090310462045964e-15 3.306894285734461e-15 2.136760470134893e-18
11.488058425037956 9.748588869400181e-24 2.972746139386752e-15 2.9706450655559947e-15 2.1010738307576426e-18
11.53122111869469 8.7329571232861e-24 2.6730437135080915e-15 2.670977681206239e-15 2.0660323018520843e-18
11.574545982324347 7.830472596899465e-24 2.405810254643627e-15 2.403778630512703e-15 2.0316241309239198e-18
11.618033625228566 7.036345137798288e-24 2.1699473466434925e-15 2.16795067742772e-15 1.9966692157730713e-18
11.661684658998247 6.378579868721565e-24 1.974489026851662e-15 1.972531744489045e-15 1.9572823626171374e-18
11.705499697522141 5.876313988495655e-24 1.8258470093052684e-15 1.8239308150972522e-15 1.9161942080164105e-18
11.749479356995494 5.487306057667865e-24 1.7113831020828486e-15 1.7095104459658592e-15 1.872656116989651e-18
11.793624255928705 5.155326112747321e-24 1.6138860324731797e-15 1.612057168795356e-15 1.828863677823387e-18
11.83793501515603 4.9518679853558686e-24 1.5560173768767593e-15 1.5542363774805592e-15 1.78099939620014e-18
11.882412257844306 4.77935930899636e-24 1.507452827886746e-15 1.5057196476286198e-15 1.7331802581252188e-18
11.92705660950172 4.698136506771988e-24 1.4874019443917781e-15 1.4857202580968026e-15 1.6816862949753925e-18
11.971868697986617 4.641469455884807e-24 1.4749825247924214e-15 1.4733524775946723e-15 1.630047197748916e-18
12.016849153516302 4.67833757868847e-24 1.49228439983317e-15 1.4907112080614663e-15 1.5731917717035495e-18
12.061998608675935 4.733842390911953e-24 1.5156624856700155e-15 1.5141457915900069e-15 1.5166940800088004e-18
12.152807060118223 5.022113281903979e-24 1.6200653774899793e-15 1.618670425045218e-15 1.3949524447610418e-18
12.198467333490619 5.2606417265895294e-24 1.703387382483942e-15 1.7020587665295357e-15 1.3286159544057957e-18
12.244299160690385 5.527393659112155e-24 1.796485685454143e-15 1.7952226669620114e-15 1.2630184921314716e-18
12.290303186275983 5.877485835796473e-24 1.9174481137767966e-15 1.916257160872098e-15 1.1909529046978568e-18
12.3364800572276 6.2591597725359504e-24 2.0496359583956496e-15 2.0485025809559105e-15 1.1333774397388423e-18
12.382830422956244 6.69972984743064e-24 2.2021487418418426e-15 2.2010293782772665e-15 1.1193635645771364e-18
12.429354935312874 7.162441317584637e-24 2.363083674407936e-15 2.361978021647022e-15 1.1056527609132793e-18
12.476058240797144 7.609644680690019e-24 2.520061880756906e-15 2.5189696431240135e-15 1.0922376328912167e-18
12.522937033967983 8.064391799651647e-24 2.680694043340726e-15 2.679609235089946e-15 1.084808250779558e-18
12.569987951963114 8.422836831312875e-24 2.810364701424481e-15 2.809263757473209e-15 1.1009439512722565e-18
12.593579661530361 8.546475337952857e-24 2.85696993705647e-15 2.855860962148912e-15 1.108974907559381e-18
12.617215648686605 8.63485414144008e-24 2.8919312543868273e-15 2.8908142724736467e-15 1.1169819131805058e-18
12.664620788327802 8.668426322808852e-24 2.914082787794385e-15 2.912949949946692e-15 1.132837847692377e-18
12.71220403757155 8.550718233890066e-24 2.8853126752175823e-15 2.8841640985772996e-15 1.1485766402841454e-18
12.736062662318053 8.428525953823482e-24 2.8494185591933534e-15 2.848262180822226e-15 1.1563783711283079e-18
12.759966065607527 8.270174330851741e-24 2.801132270154714e-15 2.799968118704809e-15 1.1641514499037602e-18
12.807907544139693 7.834587133585156e-24 2.663567652185964e-15 2.662388102937678e-15 1.1795492482864474e-18
12.856029147395699 7.349089751231558e-24 2.507897789813705e-15 2.5067027975269374e-15 1.194992286767909e-18
12.904331552136407 6.832469786612652e-24 2.340359994825619e-15 2.3391493432756458e-15 1.2106515499728893e-18
12.95281543766539 6.3045087833424334e-24 2.1676285602130504e-15 2.166402131652498e-15 1.2264285605531946e-18
13.00148148583848 5.822571704302959e-24 2.0094496117882455e-15 2.0082071504459636e-15 1.2424613422815613e-18
13.050330381073369 5.382432831264546e-24 1.864530784806793e-15 1.8632720300398955e-15 1.2587547668979981e-18
13.099362810359226 4.983610889415305e-24 1.7328610099418702e-15 1.7315856870110169e-15 1.2753229308524309e-18
13.197981031955921 4.315086588676332e-24 1.5117029055952712e-15 1.510393550096271e-15 1.3093554990008848e-18
13.247568211189632 4.044062348481073e-24 1.4220780727602174e-15 1.4207512776875616e-15 1.3267950726558409e-18
13.297341698339563 3.799075970097119e-24 1.3409489363392732e-15 1.339604425780116e-15 1.3445105591571503e-18
13.397450398986955 3.402954420502542e-24 1.2101737351518597e-15 1.2087930363886095e-15 1.380698763250185e-18
13.447787020368724 3.243462708210899e-24 1.1577883209802988e-15 1.1563891846756857e-15 1.399136304613022e-18
13.498312765455129 3.0972310460267887e-24 1.1097432798008652e-15 1.1083254512331622e-15 1.4178285677033214e-18
13.59993447169816 2.856426505524528e-24 1.0311677056563017e-15 1.0297120029709953e-15 1.4557026853064823e-18
13.702321234386334 2.668208154620091e-24 9.704726152471855e-16 9.68972204466525e-16 1.500410780660422e-18
13.805478813227746 2.5214614748953176e-24 9.240027076708731e-16 9.224017237785432e-16 1.6009838923299201e-18
13.90941301129231 2.3912317821186973e-24 8.828764045448305e-16 8.811644028333051e-16 1.7120017115253384e-18
13.96167316792965 2.3445596245770986e-24 8.68896768626797e-16 8.671098138958818e-16 1.786954730914978e-18
14.014129675338197 2.3043457770071226e-24 8.572020721946175e-16 8.553370398171089e-16 1.8650323775086785e-18
14.119634696140762 2.2663225638741224e-24 8.494046155054354e-16 8.473758592380619e-16 2.0287562673734894e-18
14.225934008823913 2.2363612871544264e-24 8.444854834909851e-16 8.42283226924337e-16 2.202256566648245e-18
14.333033593193976 2.2069125681352412e-24 8.396391489089523e-16 8.372489439087786e-16 2.390205000173388e-18
14.44093947407611 2.1740953828381488e-24 8.333807690158175e-16 8.307959820691115e-16 2.584786946706055e-18
14.54965772165321 2.1424873122791445e-24 8.274475388031008e-16 8.246517455636494e-16 2.7957932394513566e-18
14.659194451807393 2.11203635549805e-24 8.218279898963933e-16 8.188033348256382e-16 3.0246550707549578e-18
14.769555826464039 2.0819717787971387e-24 8.162284084205335e-16 8.129568883443016e-16 3.271520076231886e-18
14.992777389284976 2.0125412926280716e-24 8.009332540790728e-16 7.971346955937532e-16 3.798558485319528e-18
15.21937263962189 1.948074158665836e-24 7.869944491037588e-16 7.82581800979429e-16 4.412648124330133e-18
15.449392566130673 1.8729643751104695e-24 7.680869008805054e-16 7.629678961471777e-16 5.119004733327512e-18
15.682888928090767 1.8056169444381002e-24 7.516594490656752e-16 7.454104253898869e-16 6.2490236757883055e-18
15.919914267052077 1.731317385834466e-24 7.316221542745154e-16 7.240159160705346e-16 7.606238203981398e-18
16.03976693895051 1.698024102903475e-24 7.229551191944649e-16 7.146218378965172e-16 8.333281297947743e-18
16.1605219186579 1.688606376473878e-24 7.24357966000545e-16 7.152324838140369e-16 9.125482186508343e-18
16.22123989475974 1.6866654893082588e-24 7.262438021743627e-16 7.167318778636175e-16 9.511924310745388e-18
16.282185999175777 1.684768455778475e-24 7.281525373007434e-16 7.182371118183188e-16 9.915425482424622e-18
16.312744867225646 1.683836701785148e-24 7.291156971651339e-16 7.189918811839423e-16 1.0123815981191642e-17
16.343361089024967 1.682916301967219e-24 7.300848331772992e-16 7.197480660600964e-16 1.033676711720274e-17
16.404766024646595 1.681110122567148e-24 7.320413897401321e-16 7.212646221729709e-16 1.0776767567161617e-17
16.466401669612416 1.679351087975174e-24 7.340229487985164e-16 7.227866648860815e-16 1.1236283912434796e-17
16.497306278852424 1.678489636266864e-24 7.350233476283293e-16 7.235497081944197e-16 1.1473639433909546e-17
16.528268890738765 1.677640444705951e-24 7.360302949152593e-16 7.243140810737007e-16 1.1716213841558736e-17
16.590368558098763 1.675979516067144e-24 7.380642564140114e-16 7.258467587889969e-16 1.2217497625014342e-17
16.65270154503456 1.6742055419417454e-24 7.400531419627292e-16 7.273227927614023e-16 1.2730349201326806e-17
16.715268728169598 1.6717820693869443e-24 7.417583758513752e-16 7.285407234709487e-16 1.321765238042694e-17
16.778070987420957 1.6694118262416533e-24 7.43489682859429e-16 7.297653336227294e-16 1.3724349236699873e-17
16.9043842704834 1.6648347434821285e-24 7.470332289448064e-16 7.32234075252367e-16 1.479915369243935e-17
17.03164849990255 1.6604823689725727e-24 7.506895792046791e-16 7.347280094821055e-16 1.5961569722573824e-17
17.159870834853997 1.6561783726893965e-24 7.543806786791175e-16 7.371745520734039e-16 1.720612660571344e-17
17.289058488411015 1.6503442794998532e-24 7.573826091162934e-16 7.389639026814031e-16 1.8418706434890302e-17
17.35401657858945 1.6475241066619872e-24 7.589291235397024e-16 7.398712591127565e-16 1.9057864426945906e-17
17.386587088641786 1.6461385617350522e-24 7.597140564713904e-16 7.403280409272779e-16 1.9386015544112494e-17
17.419218727950305 1.6447695104797698e-24 7.605068887831406e-16 7.407868669694813e-16 1.9720021813659324e-17
17.48466585346766 1.6420813109900837e-24 7.62116612360137e-16 7.417105793500217e-16 2.0406033010115614e-17
17.550358875560836 1.6394603869610604e-24 7.637590373080571e-16 7.426422522960009e-16 2.1116785012056024e-17
17.682486308455736 1.6340978475146996e-24 7.669919776256026e-16 7.444473978452005e-16 2.254457978040229e-17
17.81560845938729 1.6258286952776794e-24 7.688557682269682e-16 7.455076897791327e-16 2.3348078447835635e-17
17.882544892141226 1.6217681025269033e-24 7.698170245868202e-16 7.460554417259823e-16 2.3761582860838e-17
17.949732817065083 1.617743478566158e-24 7.707917884276831e-16 7.466146559626645e-16 2.4177132465018457e-17
18.084866926577256 1.6097254750105478e-24 7.727456475795723e-16 7.477666829229841e-16 2.4978964656588226e-17
18.221018389814958 1.602017972530292e-24 7.748354166156229e-16 7.490280425482389e-16 2.5807374067384308e-17
18.496404071615608 1.5899576892158087e-24 7.806247287687961e-16 7.531408264467685e-16 2.7483902322027663e-17
18.635790038622734 1.5885883385859544e-24 7.858300136152046e-16 7.574609246798997e-16 2.8369088935305316e-17
18.776226396166493 1.58715130775222e-24 7.910356882484179e-16 7.617517372409338e-16 2.9283951007484444e-17
18.91772105982334 1.585073603864049e-24 7.959534772141948e-16 7.657475839258375e-16 3.0205893288357324e-17
19.203636446149176 1.5809559769568838e-24 8.058842820443075e-16 7.737356266190986e-16 3.214865542520894e-17
19.4938730510763 1.5758218249307307e-24 8.154074548458734e-16 7.812068221393202e-16 3.420063270655302e-17
19.78849618389234 1.569913003595012e-24 8.246274953352104e-16 7.882543233787059e-16 3.637317195650476e-17
20.08757214094514 1.5629741909222133e-24 8.333907756475594e-16 7.94722477316504e-16 3.866829833105556e-17
20.391466406516905 1.5552692212674993e-24 8.418281976606636e-16 8.007273275372046e-16 4.1100870123458996e-17
20.699681925472166 1.5471576264988786e-24 8.500954028045082e-16 8.064571188610538e-16 4.363828394345397e-17
21.012556099387844 1.538610316071751e-24 8.58177174129506e-16 8.119746551607643e-16 4.6202518968741786e-17
21.652507708764745 1.5315064779928688e-24 8.802306221670373e-16 8.285363134925096e-16 5.169430867452764e-17
21.979755641372343 1.5286718156790883e-24 8.918802592690472e-16 8.371812538121408e-16 5.469900545690599e-17
22.311949477282987 1.5252895881318146e-24 9.033566722014337e-16 8.454689712027468e-16 5.788770099868708e-17
22.64916396703608 1.5211921700798968e-24 9.145462856151945e-16 8.532771063577316e-16 6.126917925746306e-17
22.991811201917592 1.5165760707259299e-24 9.255647726106057e-16 8.6070380867486925e-16 6.486096393573619e-17
23.339642165776596 1.5112666491924681e-24 9.362777973746398e-16 8.67608110688344e-16 6.866968668629604e-17
23.69273528050995 1.5054886722193024e-24 9.468084543273136e-16 8.740974741990375e-16 7.27109801282762e-17
24.414313559781952 1.4984617162343571e-24 9.7109027041932e-16 8.8955481374492e-16 8.153545667439946e-17
24.78366481022829 1.4965030145816453e-24 9.844928261832407e-16 8.980962145580273e-16 8.639661162521375e-17
25.15860378059443 1.4953206253167244e-24 9.985970810684906e-16 9.070067461365838e-16 9.159033493190675e-17
25.924826076583233 1.4924600616288984e-24 1.0270415239070533e-15 9.240300070640123e-16 1.0301151684304154e-16
26.714384190886577 1.490166126106147e-24 1.0566941119030607e-15 9.407744592397484e-16 1.1591965266331226e-16
27.527988831636016 1.488669886732703e-24 1.087783131636133e-15 9.573358206515899e-16 1.3044731098454298e-16
28.366372352060132 1.4893609444378592e-24 1.1214326431108234e-15 9.746057984444387e-16 1.4682684466638502e-16
29.2302894097004 1.4933492958861144e-24 1.1586811718816734e-15 9.93451968673642e-16 1.6522920320803116e-16
30.12051764570424 1.4993990390862004e-24 1.1988065096155537e-15 1.0126727915276369e-15 1.8613371808791747e-16
30.575747924857424 1.5028625252865326e-24 1.2197358188841008e-15 1.0219766511590338e-15 1.9775916772506686e-16
31.037858384806153 1.5067000300656088e-24 1.2413320747098591e-15 1.0310724407076319e-15 2.1025963400222756e-16
31.983137356627505 1.5173071159540428e-24 1.2881427421069735e-15 1.0502826117468947e-15 2.3786013036007887e-16
32.95720543894392 1.5341469897416706e-24 1.3421058966518343e-15 1.0724028153026363e-15 2.6970308134919824e-16
33.960939423588975 1.554977930076085e-24 1.401759014374895e-15 1.0957315668385266e-15 3.0602744753636824e-16
34.99524280568484 1.5769688165388826e-24 1.4648783137376016e-15 1.1179298296263237e-15 3.469484841112779e-16
36.06104659690874 1.6027874303990608e-24 1.534206039366814e-15 1.1409385489367782e-15 3.932674904300356e-16
37.159310163528254 1.6354990519814586e-24 1.6131968777952506e-15 1.1679173681963695e-15 4.452795095988808e-16
38.29102208995955 1.6736993831850362e-24 1.7011548517184378e-15 1.1971450580584552e-15 5.040097936599817e-16
39.45720106862597 1.7145651897574277e-24 1.795765857434532e-15 1.2261213947609667e-15 5.696444626735655e-16
40.65889681691763 1.7603663039834445e-24 1.899888311507077e-15 1.2564405153769565e-15 6.434477961301208e-16
41.897191022077855 1.8132011021816727e-24 2.0165096947330366e-15 1.2901899783936303e-15 7.263197163394069e-16
43.173198314866475 1.872706496586881e-24 2.1461168924727027e-15 1.326696220294166e-15 8.194206721785364e-16
44.48806727287728 1.9372279020809385e-24 2.287671635412936e-15 1.3649960895504286e-15 9.226755458625068e-16
45.8429814544115 2.007858795948225e-24 2.4432924629802063e-15 1.4056844101626416e-15 1.0376080528175647e-15
47.23916046383907 2.084317715651043e-24 2.613578347930148e-15 1.4495563262463179e-15 1.1640220216838297e-15
48.67786104940597 2.167130716478704e-24 2.8001805037479385e-15 1.4967118915074979e-15 1.3034686122404408e-15
50.16037823447602 2.25525548811576e-24 3.0027970741129085e-15 1.5473372745087705e-15 1.4554597996041382e-15
51.68804648322576 2.34902961570053e-24 3.222909004882187e-15 1.6015651452665445e-15 1.6213438596156422e-15
53.26224090184056 2.4468158719107234e-24 3.4593153711104464e-15 1.6591593182201086e-15 1.800156052890338e-15
54.884378476295105 2.5487240966326296e-24 3.7131373014779616e-15 1.7203789272460382e-15 1.992758374231923e-15
56.55591934783037 2.653726734233379e-24 3.983856615448979e-15 1.786221795995599e-15 2.1976348194533794e-15
58.27836812727644 2.761299231324018e-24 4.271597144226001e-15 1.856787169939999e-15 2.4148099742860015e-15
60.05327524940399 2.8753691273237855e-24 4.5835263974407084e-15 1.9309626566483233e-15 2.652563740792385e-15
61.88223836852342 2.996605240071604e-24 4.922264897095807e-15 2.0086222117940408e-15 2.9136426853017666e-15
62.81758386220369 3.059192048621443e-24 5.101024425112131e-15 2.049289162801324e-15 3.051735262310808e-15
63.7670670344103 3.127148903362083e-24 5.293152863514073e-15 2.091275828874572e-15 3.2018770346395016e-15
65.70913619443517 3.274567956275018e-24 5.711487080495927e-15 2.1792912398888204e-15 3.5321958406071066e-15
67.71035238438829 3.422053538676958e-24 6.150512520558628e-15 2.270865478916531e-15 3.879647041642099e-15
69.77251696707448 3.565018629916055e-24 6.602609717229347e-15 2.3650588008902552e-15 4.2375509163390924e-15
71.89748616702131 3.70554906293225e-24 7.071893420130248e-15 2.463327806999538e-15 4.608565613130709e-15
74.08717274132995 3.842841134308682e-24 7.557269079805722e-15 2.5664134930308695e-15 4.990855586774853e-15
76.34354770141287 3.9759867179659565e-24 8.05724734157928e-15 2.6723049645660113e-15 5.3849423770132676e-15
78.66864208716851 4.103960657169466e-24 8.569870821171592e-15 2.7793954984576276e-15 5.790475322713966e-15
81.06454879518883 4.227185557480478e-24 9.096026458339865e-15 2.8882856145082445e-15 6.207740843831623e-15
83.5334244626476 4.349900654765354e-24 9.645151578749604e-15 2.9993583769046023e-15 6.6457932018450026e-15
86.07749140856238 4.463966569935536e-24 1.0199525505152319e-14 3.111091802122131e-15 7.0884337030301915e-15
88.69903963417964 4.560374552841467e-24 1.0737146142879658e-14 3.2220094699211807e-15 7.515136672958478e-15
91.4004288842828 4.641969212459038e-24 1.1262114083353336e-14 3.331764347845597e-15 7.930349735507736e-15
94.18409077127889 4.708248136671008e-24 1.1770809357047556e-14 3.4399736369203595e-15 8.3308357201272e-15
97.05253096397554 4.759511350909961e-24 1.226136061398883e-14 3.5455488766467826e-15 8.715811737342045e-15
100.00833144301866 4.804120123828683e-24 1.2753208872975109e-14 3.647687139481965e-15 9.105521733493146e-15
103.05415282502196 4.835114662314797e-24 1.3226401686607499e-14 3.745387436323409e-15 9.481014250284086e-15
106.19273675747671 4.8608568236218424e-24 1.3701782698169833e-14 3.837285130503728e-15 9.864497567666103e-15
109.4269083866038 4.873282569316966e-24 1.4155172180185999e-14 3.9228644741354305e-15 1.0232307706050568e-14
112.75957890036308 4.86202987070398e-24 1.4552596943521543e-14 4.002380242606854e-15 1.0550216700914683e-14
116.1937481489129 4.831269676801289e-24 1.4900933426550342e-14 4.074529695531572e-15 1.082640373101878e-14
119.73250734487735 4.774968072906969e-24 1.517581355764472e-14 4.137262750181909e-15 1.1038550807462818e-14
123.37904184585196 4.698945867328764e-24 1.5389030775602292e-14 4.1905528532569595e-15 1.1198477922345337e-14
127.13663402165271 4.59986386803168e-24 1.5523338267248623e-14 4.2357221854069825e-15 1.1287616081841648e-14
131.0086662088879 4.4832595864878936e-24 1.559061847975212e-14 4.2717551594436905e-15 1.1318863320308432e-14
134.99862375551584 4.347255572690922e-24 1.5578080617776602e-14 4.2964271522303354e-15 1.1281653465546264e-14
139.11009815812417 4.196944706270219e-24 1.5497489031041712e-14 4.309880711779193e-15 1.1187608319262518e-14
143.3467902947586 4.037123983297038e-24 1.5361353847792936e-14 4.31397395430013e-15 1.1047379893492802e-14
147.71251375620898 3.870374060315337e-24 1.5175383057780356e-14 4.308510954098521e-15 1.0866872103681833e-14
152.21119827875228 3.7179018940489055e-24 1.5021522881339696e-14 4.291955373461004e-15 1.0729567507878694e-14
156.84689328144228 3.5775714572003956e-24 1.4894765525981122e-14 4.2644014164922465e-15 1.0630364109488877e-14
159.21741877681018 3.5048770014111706e-24 1.4812651102245872e-14 4.246984905950418e-15 1.0565666196295457e-14
161.62377151112827 3.429242148676439e-24 1.471203748912694e-14 4.227276800855158e-15 1.0484760688271784e-14
166.54613279848823 3.270684106364185e-24 1.4459144115986053e-14 4.181131781618339e-15 1.0278012334367717e-14
171.61840792845166 3.1124754438077487e-24 1.4178792130484915e-14 4.125668403727119e-15 1.0053123726757797e-14
176.84516262850022 2.95792534904792e-24 1.3885126062424613e-14 4.061192401252258e-15 9.823933661172353e-15
179.5181642894721 2.8807320357813526e-24 1.3727159944240066e-14 4.0258847657181575e-15 9.701275178521911e-15
182.2315681744764 2.799852465035946e-24 1.3543415199914601e-14 3.988665346737355e-15 9.55474985317725e-15
187.78155384880017 2.631087393525981e-24 1.3114678097663486e-14 3.908868109464235e-15 9.205809988199248e-15
190.61961427604518 2.548627893203021e-24 1.289565635086142e-14 3.866410881041447e-15 9.02924546981997e-15
193.5005680909718 2.467963756429965e-24 1.2676240053764281e-14 3.822345980901212e-15 8.853894072863069e-15
199.3937587803602 2.314319111412048e-24 1.2249101549628791e-14 3.7297921070181095e-15 8.51930944261068e-15
205.46643057848152 2.1705028551034094e-24 1.1837791073952316e-14 3.631699819881969e-15 8.206091254070351e-15
211.72404970390772 2.0418341469224742e-24 1.1475195357594149e-14 3.528594324269978e-15 7.94660103332417e-15
218.17224885259444 1.9172735514306453e-24 1.1103324246395468e-14 3.421533167594515e-15 7.681791078800951e-15
224.8168322680627 1.7902708662791755e-24 1.0683584799966656e-14 3.3116250234232562e-15 7.371959776543401e-15
231.66378096599615 1.6658288533634112e-24 1.0243725997684519e-14 3.199033111867123e-15 7.044692885817394e-15
238.71925811795668 1.5437006667485656e-24 9.781827072426648e-15 3.0837963019860394e-15 6.6980307704406115e-15
245.98961459906556 1.4260119196334248e-24 9.311279448180008e-15 2.9671676884984077e-15 6.344111759681603e-15
249.71106150874405 1.3672092499658355e-24 9.062378601189668e-15 2.908811543132788e-15 6.153567058056878e-15
253.4888082224776 1.3084528107600508e-24 8.804126765566844e-15 2.850588400145225e-15 5.953538365421616e-15
261.20898134247824 1.1971466241203943e-24 8.300512038190608e-15 2.734101574221368e-15 5.566410463969239e-15
269.1642775569489 1.0986501404530308e-24 7.849577291127355e-15 2.617115931285435e-15 5.232461359841918e-15
277.3618576987742 1.0078745798900288e-24 7.420320473734257e-15 2.500768234840999e-15 4.919552238893257e-15
285.8091006888481 9.150890540307018e-25 6.942387438362161e-15 2.3864825197034782e-15 4.555904918658681e-15
294.5136101780917 8.273427356295637e-25 6.467854781471082e-15 2.2740756777716577e-15 4.1937791036994234e-15
303.4832213917586 7.509406687605491e-25 6.049364361879505e-15 2.1631818116977204e-15 3.886182550181786e-15
312.7260081821858 6.819918946557125e-25 5.661254090983293e-15 2.05448176933428e-15 3.606772321649014e-15
322.25029029634635 6.199010593946715e-25 5.302554352723112e-15 1.9487897468044577e-15 3.353764605918656e-15
332.0646408647343 5.632203720943697e-25 4.964441774505561e-15 1.846123570835067e-15 3.1183182036704934e-15
342.17789411833206 5.103078444434724e-25 4.635041495843212e-15 1.7464010049755386e-15 2.8886404908676735e-15
352.59915334060224 4.613710085542589e-25 4.3181825613467534e-15 1.6498441534527012e-15 2.668338407894053e-15
363.337799061663 4.1699395374056335e-25 4.021700934599517e-15 1.5567266839152614e-15 2.464974250684255e-15
374.40349750202313 3.7668819912848185e-25 3.743616432813383e-15 1.4671177465047183e-15 2.276498686308663e-15
380.062092440151 3.579117749259435e-25 3.610771239440655e-15 1.4236540864136088e-15 2.1871171530270467e-15
385.80620927347337 3.3999684494132243e-25 3.4818778639394918e-15 1.3810917673324345e-15 2.1007860966070582e-15
397.5561983449763 3.0658698335626353e-25 3.235353015401538e-15 1.2986608885827324e-15 1.9366921268188063e-15
409.6640412816112 2.759286113673541e-25 3.0005026407157994e-15 1.2197320719560483e-15 1.780770568759753e-15
415.8555509384264 2.6158042735066335e-25 2.8874680067829932e-15 1.1815808987720863e-15 1.7058871080109073e-15
422.1406367649012 2.478736580195403e-25 2.7775185615434254e-15 1.1443080408984085e-15 1.633210520645016e-15
434.9972154030873 2.224998182388177e-25 2.5691269829657697e-15 1.0725046982572723e-15 1.4966222847084968e-15
448.24534984018095 1.9962174967056726e-25 2.3751611648812152e-15 1.0042870010126826e-15 1.3708741638685332e-15
461.89696517289525 1.7900088310257146e-25 2.1946724676493556e-15 9.394201368720332e-16 1.2552523307773219e-15
475.9643496848308 1.6043194053946896e-25 2.026911069244034e-15 8.777964876283e-16 1.149114581615734e-15
490.4601659075747 1.4361255048305569e-25 1.8696726230786068e-15 8.19543048895063e-16 1.0501295741835442e-15
505.39746201868155 1.2835082616894798e-25 1.7218731669802274e-15 7.646420277281817e-16 9.572311392520454e-16
520.7896835867783 1.146302538588884e-25 1.5846416256784856e-15 7.128828539602206e-16 8.717587717182653e-16
536.6506856743796 1.0235708785043707e-25 1.458072244673347e-15 6.641473560984001e-16 7.939248885749463e-16
552.9947453093008 9.134556793148186e-26 1.3408429656014183e-15 6.182692363169599e-16 7.225737292844583e-16
569.8365743358964 8.146284697653568e-26 1.232194702629605e-15 5.751202456340134e-16 6.570744569955917e-16
587.1913326576936 7.260169491151653e-26 1.131607531036303e-15 5.345873372857351e-16 5.970201937505681e-16
605.0746418833327 6.466375729936007e-26 1.0385784842002486e-15 4.965564628475749e-16 5.420220213526739e-16
623.502599388115 5.755921106148835e-26 9.526262271222553e-16 4.60913018377575e-16 4.917132087446808e-16
642.4917928037942 5.1205961072101106e-26 8.732880937863275e-16 4.2754266701336527e-16 4.4574542677296245e-16
662.0593149496696 4.552909526829254e-26 8.001204189442748e-16 3.963330626417052e-16 4.0378735630256977e-16
682.2227792184137 4.0460466710611104e-26 7.327005834530034e-16 3.6717305322763184e-16 3.655275302253715e-16
703.0003354304876 3.59382291842277e-26 6.706279337899253e-16 3.399543195773074e-16 3.306736142126177e-16
724.4106861714122 3.190632629514998e-26 6.135233321760297e-16 3.145718819266071e-16 2.989514502494225e-16
746.4731036265977 2.831396286657076e-26 5.610276365276371e-16 2.90921970761833e-16 2.7010566576580423e-16
769.2074469289008 2.5115229380134535e-26 5.128024154203726e-16 2.68904119953981e-16 2.438982954663913e-16
792.6341800345017 2.2268722935832555e-26 4.685301477989585e-16 2.484227454922388e-16 2.2010740230671968e-16
816.7743901432078 1.9737140071694865e-26 4.2791328356605754e-16 2.293860126498404e-16 1.9852727091621704e-16
841.6498066797607 1.748685993292581e-26 3.9067236577649523e-16 2.11705084863212e-16 1.7896728091328323e-16
867.2828208532309 1.5487633074129707e-26 3.5654572039725337e-16 1.9529478459624165e-16 1.6125093580101147e-16
893.6965058121084 1.371234924183749e-26 3.252904840945071e-16 1.8007455530149722e-16 1.4521592879300984e-16
920.9146374132232 1.2136697527362986e-26 2.9668072898358984e-16 1.659678516561971e-16 1.3071287732739273e-16
948.9617156232121 1.0738850757213e-26 2.7050539535148405e-16 1.529015345001029e-16 1.1760386085138111e-16
977.8629865717667 9.49926476106349e-27 2.4656840921913496e-16 1.4080625848707532e-16 1.0576215073205973e-16
1007.6444652765354 8.400468256418268e-27 2.246881931673933e-16 1.2961650478179845e-16 9.507168838559483e-17
1038.332959060126 7.426841743095365e-27 2.0469641778274412e-16 1.1927030268952665e-16 8.542611509321751e-17
1069.95609168029 6.564444635204985e-27 1.8643754630189354e-16 1.0970934955023382e-16 7.672819675165972e-17
1102.542328195006 5.8008428331705454e-27 1.6976798877710116e-16 1.008788905029541e-16 6.888909827414705e-17
1136.1210005848498 5.124941688584237e-27 1.5455496070039995e-16 9.272727881577924e-17 6.182768188462076e-17
1170.7223341557005 4.5268501877133204e-27 1.4067582110486851e-16 8.520588271723378e-17 5.5469938387634725e-17
1206.3774747455793 3.9977674242675874e-27 1.2801774631808263e-16 7.826925217788837e-17 4.9748494140194234e-17
1243.1185167600695 3.5298686462993534e-27 1.1647709035208312e-16 7.187499119781765e-17 4.4602099154265475e-17
1280.9785320615858 3.116190724275473e-27 1.0595838128676091e-16 6.598333477893029e-17 3.997504650783066e-17
1319.9915997384837 2.750537406050093e-27 9.637361637799373e-17 6.055697026374732e-17 3.581664611424638e-17
1360.1928367808064 2.4274081657131595e-27 8.764208987077768e-17 5.556113597352644e-17 3.2080953897251244e-17
1401.618429690285 2.1419273986656174e-27 7.969002784621817e-17 5.09636216137251e-17 2.872640623249307e-17
1444.305667053031 1.8897648408292265e-27 7.244965354464873e-17 4.6734351898421936e-17 2.5715301646226856e-17
1488.2929731042755 1.6670744968784416e-27 6.585865725926786e-17 4.284516897690874e-17 2.3013488282359114e-17
1533.6199423153234 1.4704481427031358e-27 5.98600249358192e-17 3.926994296535425e-17 2.059008197046495e-17
1580.327375033885 1.2968671761477055e-27 5.440164029850718e-17 3.5984506344708973e-17 1.8417133953798212e-17
1628.457314209858 1.1436575075536127e-27 4.943582628148893e-17 3.296641634902455e-17 1.646940993246436e-17
1678.0530832396191 1.0084487104556812e-27 4.491888248437688e-17 3.0194756055871374e-17 1.4724126428505475e-17
1729.1593249628888 8.891426027674658e-28 4.0810871009273173e-17 2.7650143000733086e-17 1.3160728008540099e-17
1781.8220418472597 7.838841549071441e-28 3.7075382987732356e-17 2.5314700722468908e-17 1.1760682265263444e-17
1836.0886373966016 6.910319532784985e-28 3.367915647227001e-17 2.317187693348642e-17 1.0507279538783579e-17
1892.007958820556 6.091336074255011e-28 3.0591794502649563e-17 2.1206312990632618e-17 9.385481512016948e-18
1949.6303410035755 5.369043510939338e-28 2.778552656118531e-17 1.940378526443264e-17 8.38174129675267e-18
2009.0076518130663 4.732100699549787e-28 2.5235098357728006e-17 1.7751225745592963e-17 7.483872612135047e-18
2070.1933387874215 4.170487255105894e-28 2.2917494628141144e-17 1.6236572670588984e-17 6.6809219575521624e-18
2133.242477245972 3.675335924686039e-28 2.0811658718522462e-17 1.4848634195179203e-17 5.963024523343259e-18
2198.211819864143 3.238816136149733e-28 1.8898409972452425e-17 1.3577093382123838e-17 5.321316590328583e-18
2265.1598477584885 2.8540170050242777e-28 1.7160298743140447e-17 1.24124532388704e-17 4.747845504270049e-18
2334.1468231275226 2.514834758613027e-28 1.5581420854000203e-17 1.1345958313190694e-17 4.235462540809507e-18
2405.2348434957767 2.215883107891671e-28 1.4147306626960885e-17 1.036954445463418e-17 3.7777621723267026e-18
2478.487897609897 1.9524095750518519e-28 1.2844794618404774e-17 9.475791522511963e-18 3.369003095892813e-18
2553.971923037092 1.7202163829892142e-28 1.16618816875449e-17 8.657859880557038e-18 3.0040218069878677e-18
2631.7548655177807 1.5155991218522806e-28 1.05876411336726e-17 7.909453718328891e-18 2.6781874153437067e-18
2711.906740125872 1.33529168761359e-28 9.612145341844946e-18 7.224789797916735e-18 2.3873555439282113e-18
2794.4996942916955 1.1764125213487529e-28 8.726360247099192e-18 6.598547657357946e-18 2.1278125897412495e-18
2879.6080727443887 1.0364208860429742e-28 7.922075403982845e-18 6.025842134907778e-18 1.896233269075065e-18
2967.308484432098 9.130770844061865e-29 7.191832678932909e-18 5.502189625072288e-18 1.6896430538606185e-18
3057.6798714803062 8.044048387303762e-29 6.5288414444430595e-18 5.023466029512302e-18 1.5053754149307583e-18
