Dust emission spectrum from A.P. Jones, M. Kohler, N. Ysard, M. Bocchio, and L. Verstraete (2017), A&A, 602A, 46J 
inside the DustPedia framework.

lambda    nu*dP/dnu     j_nu    j_nu(carb.) j_nu(sil)
 (um)   (erg s-1 H-1) (Jy cm2 sr-1 H-1)
0.9927057738263894 1.2424662119958773e-23 3.2739690392811254e-16 3.273969026665035e-16 1.2616090251172907e-24
1.0001793341362166 1.2631585060693834e-23 3.3535528954379676e-16 3.353552880247504e-16 1.5190462417298692e-24
1.0077091589558085 1.2838564084202412e-23 3.43416448137899e-16 3.4341644631127957e-16 1.826619441435424e-24
1.0114953028030835 1.2942053936491745e-23 3.4748535749868635e-16 3.4748535549664646e-16 2.0020399087884757e-24
1.0152956718711033 1.304553308066065e-23 3.515797057140751e-16 3.515797035204894e-16 2.193585680238209e-24
1.0229392996569957 1.3252325624819405e-23 3.5984162168715077e-16 3.5984161905630577e-16 2.6308449054137535e-24
1.0267826658714554 1.3355393559730748e-23 3.6400273917470033e-16 3.6400273629487164e-16 2.879828544623595e-24
1.0306404723013447 1.345841328130813e-23 3.6818872612653884e-16 3.6818872297520025e-16 3.1513386665847776e-24
1.03451277320114 1.3561376891013466e-23 3.723994888288132e-16 3.7239948538150146e-16 3.447311784423743e-24
1.0383996230291617 1.366427655555447e-23 3.7663493266234917e-16 3.766349288925077e-16 3.76984148721003e-24
1.0403485208654093 1.3715699978836498e-23 3.7876188020277943e-16 3.787618762610143e-16 3.941765171237497e-24
1.0423010764483396 1.3767104508960082e-23 3.8089496216560803e-16 3.8089495804441777e-16 4.1211903588625065e-24
1.0462171883269815 1.386985305462603e-23 3.851794810982672e-16 3.851794765944646e-16 4.503802733693044e-24
1.0471985131304309 1.389552688840551e-23 3.862544259576499e-16 3.8625442135300424e-16 4.604645595485266e-24
1.048180758391296 1.3921195163831804e-23 3.8733089382835673e-16 3.873308891207071e-16 4.707649625602126e-24
1.0501480137395462 1.397251456732986e-23 3.8948839250540714e-16 3.8948838758508904e-16 4.9203183420680094e-24
1.0521189612883777 1.4023810323446384e-23 3.9165196490902753e-16 3.916519597668558e-16 5.142171773890286e-24
1.0531058218030118 1.4049411397378025e-23 3.9273497265267946e-16 3.9273496739601193e-16 5.256667545296947e-24
1.0540936079674168 1.4074882877395372e-23 3.9381604144414116e-16 3.9381603607051366e-16 5.3736275696315775e-24
1.058054026499678 1.417669875460403e-23 3.981551965370019e-16 3.9815519067012933e-16 5.866872693555477e-24
1.0590464539527713 1.420213463911086e-23 3.992436974317561e-16 3.9924369143496163e-16 5.996794563151599e-24
1.06003981227728 1.4227563061163945e-23 4.0033368002518963e-16 4.0033367389572186e-16 6.1294678849456315e-24
1.0620293250338977 1.427839706337058e-23 4.0251808399581427e-16 4.025180775925228e-16 6.403291539665902e-24
1.0660195594769086 1.43799705363837e-23 4.0690460280792483e-16 4.069045958214594e-16 6.986465514772985e-24
1.070024785945596 1.4481411988925602e-23 4.1131465162047657e-16 4.113146440002209e-16 7.620255529262207e-24
1.0740450607676866 1.4582714320675564e-23 4.1574812880825352e-16 4.157481204994313e-16 8.308822331458422e-24
1.07808044048254 1.4683870517480897e-23 4.202049325420372e-16 4.2020492348538884e-16 9.056648204208764e-24
1.0861967418109137 1.4885545947653483e-23 4.2918318305326925e-16 4.291831723035136e-16 1.0749755671630847e-23
1.0902777775684922 1.4985662863449573e-23 4.3369313852176827e-16 4.3369312681593925e-16 1.1705828942272101e-23
1.0943741465085532 1.5085599670361952e-23 4.382256928601891e-16 4.382256801173963e-16 1.2742792833950442e-23
1.1026131145906286 1.528490699691094e-23 4.47358184565158e-16 4.473581694794035e-16 1.5085754497312507e-23
1.1109141095355224 1.5483416989165985e-23 4.565798339674087e-16 4.565798161309865e-16 1.7836422369989198e-23
1.1192775983109025 1.56809056316254e-23 4.658846333183812e-16 4.658846122569039e-16 2.1061477343758323e-23
1.1277040513999907 1.587652259111192e-23 4.752476296271612e-16 4.752476047893965e-16 2.483776451320546e-23
1.1361939428280308 1.607117383667631e-23 4.846960734212567e-16 4.846960441675407e-16 2.925371606173447e-23
1.1447477501889525 1.6264815513960323e-23 4.942291687587772e-16 4.942291343478102e-16 3.441096700576202e-23
1.1533659546722406 1.645749877818859e-23 5.03848989888861e-16 5.038489494626351e-16 4.042622592411824e-23
1.1707974979042381 1.6840595914019733e-23 5.233698180051403e-16 5.233697624194471e-16 5.558569320419854e-23
1.1884924949847024 1.721932600340893e-23 5.432278474140671e-16 5.432277713647546e-16 7.604931254608851e-23
1.2064549276569216 1.7596503311250487e-23 5.635168546516174e-16 5.63516751115793e-16 1.0353582431748121e-22
1.2246888378427687 1.796859505314009e-23 5.84129734373779e-16 5.841295941039045e-16 1.402698745821393e-22
1.2431983285522175 1.8334929896602658e-23 6.050469895062364e-16 6.050468003853377e-16 1.8912089852101925e-22
1.2619875648066055 1.869561061954443e-23 6.262736837269557e-16 6.262734299558485e-16 2.5377110730591705e-22
1.3004222497298317 1.9395412707252372e-23 6.695034969561366e-16 6.695030464306539e-16 4.50525482732513e-22
1.3400274889804893 2.0067119653848812e-23 7.137862550459932e-16 7.137854698119149e-16 7.852340785824299e-22
1.3808389325824078 2.071027258457495e-23 7.590987416540125e-16 7.59097397393432e-16 1.3442605804836096e-21
1.4228933163050095 2.1329037442813843e-23 8.055880755048086e-16 8.055858140595047e-16 2.2614453041082374e-21
1.466228494730424 2.1936531527185765e-23 8.537663801236944e-16 8.537626396778058e-16 3.7404458888637044e-21
1.5108834753276823 2.252624891578976e-23 9.034191311880874e-16 9.034130458298218e-16 6.08535826550484e-21
1.5568984535646726 2.3093220514102764e-23 9.543643827292662e-16 9.543546344300275e-16 9.748299238855319e-21
1.6043148490894465 2.3640026711143234e-23 1.0067160653215354e-15 1.0067006605791687e-15 1.5404742366660435e-20
1.6531753430134553 2.4169610905856384e-23 1.0606156014532008e-15 1.0605916155020794e-15 2.3985951121243686e-20
1.7035239163302658 2.4686838153676668e-23 1.1163056889933616e-15 1.1162688812442454e-15 3.6807749116251375e-20
1.755405889504358 2.5211450919652995e-23 1.1747482972803012e-15 1.1746926020065291e-15 5.569527377170196e-20
1.8088679632656115 2.5740723416880502e-23 1.2359390332097868e-15 1.2358559051422132e-15 8.3128067573794e-20
1.8639582606462262 2.6272745358167473e-23 1.2999033788976076e-15 1.2997809456437575e-15 1.2243325384990376e-19
1.9207263702978936 2.6810645362109e-23 1.3669171742117669e-15 1.3667391673619394e-15 1.7800684982754794e-19
1.979223391128241 2.736015373490331e-23 1.4374170148238015e-15 1.4371614348944015e-15 2.5557992940036154e-19
2.039501978296691 2.792735587674194e-23 1.5119011007058453e-15 1.511538587464097e-15 3.6251324174791667e-19
2.1016163906111602 2.852947684643252e-23 1.5915368106450107e-15 1.5910286431380384e-15 5.081675069721779e-19
2.1656225393682647 2.9175839495000335e-23 1.677164097435319e-15 1.6764598508737483e-15 7.042465615704635e-19
2.231578038680979 2.986516750736862e-23 1.7690759025616778e-15 1.7681107142827029e-15 9.651882789750544e-19
2.299542257339062 3.060150784733797e-23 1.8679001375446107e-15 1.8665915550186597e-15 1.3085825259507208e-18
2.369576372248914 3.13950663669379e-23 1.974701923630357e-15 1.9729462981900743e-15 1.755625440282734e-18
2.4417434235010123 3.225787852496839e-23 2.090765195416879e-15 2.0884337005236597e-15 2.331494893219367e-18
2.5161083711144245 3.321227878456414e-23 2.2181833977134357e-15 2.2151175644602985e-15 3.065833253137655e-18
2.5927381535095444 3.429587721905921e-23 2.3603152227609877e-15 2.3563221265154164e-15 3.993096245571097e-18
2.6717017477616296 3.555067421187005e-23 2.5211881027884377e-15 2.516035470742117e-15 5.152632046320977e-18
2.753070231689431 3.7040505564812394e-23 2.7068465051342294e-15 2.700257620304269e-15 6.588884829961128e-18
2.836916847834745 3.8917874193521297e-23 2.9306580605894697e-15 2.922306310379194e-15 8.351750210275488e-18
2.9233170693905177 4.1521554446372027e-23 3.2219512081558148e-15 3.2114566180693096e-15 1.0494590086505351e-17
2.967498994190263 4.343229676367328e-23 3.421155462039886e-15 3.4094497742466945e-15 1.1705687793191905e-17
3.0123486681368425 4.558800753276364e-23 3.645232912436401e-15 3.632193719540191e-15 1.3039192896211026e-17
3.0578761833420214 4.9891089825177695e-23 4.049601794331576e-15 4.035092317895536e-15 1.450947643603928e-17
3.1040917844459814 5.527498221542407e-23 4.554414976688803e-15 4.538300691594114e-15 1.6114285094691008e-17
3.127460860933648 6.074599127217929e-23 5.042883552869081e-15 5.025908104357731e-15 1.6975448511353094e-17
3.1510058709225794 6.794028892848684e-23 5.682586233071007e-15 5.664711744271397e-15 1.787448879960962e-17
3.162844764501044 7.457908682423126e-23 6.261297959693522e-15 6.242957676922924e-15 1.8340282770599885e-17
3.1747281389236908 8.224527188391176e-23 6.93085662642808e-15 6.912040701024501e-15 1.881592540358059e-17
3.1986289994194426 1.0346564263291676e-22 8.784751137441975e-15 8.764951383542202e-15 1.9799753899774482e-17
3.2227097969389145 1.5324191017881477e-22 1.3108958519872708e-14 1.3088114804590706e-14 2.0843715282001457e-17
3.2348180950136065 2.0031607119550055e-22 1.720026312379544e-14 1.7178861916431558e-14 2.1401207363881174e-17
3.240889293275058 2.3550238570639884e-22 2.0259510135067796e-14 2.0237814857766924e-14 2.1695277300867996e-17
3.2469718861334385 2.7622874087378224e-22 2.3807666219305303e-14 2.3785666657306882e-14 2.1999561998421984e-17
3.2714166318528037 4.926341886558854e-22 4.277892223163817e-14 4.275566400804876e-14 2.3258223589419613e-17
3.2744851364798273 5.061746874976123e-22 4.39959682416543e-14 4.3972561346884866e-14 2.3406894769437108e-17
3.2775565192852394 5.200978830438172e-22 4.524855437229628e-14 4.5224998031341215e-14 2.355634095507244e-17
3.283707930232385 5.067680235878393e-22 4.417160282517179e-14 4.4147778536550216e-14 2.382428862158423e-17
3.2898708863219004 4.643834784755093e-22 4.055319233238456e-14 4.0529123560155215e-14 2.4068772229351328e-17
3.29141343181113 4.543825100512264e-22 3.969844324498263e-14 3.967431306482131e-14 2.4130180161331955e-17
3.292184975758714 4.494675450088686e-22 3.92782381957036e-14 3.925407726845222e-14 2.4160927251373048e-17
3.295272960557952 4.1852566163956056e-22 3.6608583031915284e-14 3.658430238438594e-14 2.4280647529344582e-17
3.3076538914384823 3.1112436242912633e-22 2.7316403043166448e-14 2.7291641213802577e-14 2.4761829363877022e-17
3.310756385682612 2.892076116247333e-22 2.5415951750104286e-14 2.5391068567129838e-14 2.4883182974445354e-17
3.313861789986515 2.689634036630708e-22 2.3659034445982176e-14 2.3634029484969423e-14 2.5004961012762535e-17
3.3200813396944477 2.406058539184481e-22 2.1204319834935455e-14 2.117905323478425e-14 2.526660015120583e-17
3.345076488085796 1.9030944123063462e-22 1.6898020004592527e-14 1.6871588182766245e-14 2.6431821826285824e-17
3.3482140837626964 1.922450959636162e-22 1.7085902430440046e-14 1.7059312789995615e-14 2.6589640444426252e-17
3.3513546224236106 1.9420122569124872e-22 1.7275943881981822e-14 1.724919567591541e-14 2.6748206066418493e-17
3.3576445397418455 2.0830857283061964e-22 1.8565698515713467e-14 1.853861889840209e-14 2.7079617311372565e-17
3.3702598118196083 2.600884213004578e-22 2.3267720236627337e-14 2.3239945396694387e-14 2.777483993294543e-17
3.382922481734668 2.7206205206234794e-22 2.443033648902214e-14 2.4401884612171723e-14 2.845187685041553e-17
3.389271646505754 2.7825801659985313e-22 2.5033610845082992e-14 2.5004815546562113e-14 2.879529852088545e-17
3.395632727569191 2.849696634717907e-22 2.5685544302433342e-14 2.56563950778059e-14 2.914922462744282e-17
3.421196662673239 3.1727970810321873e-22 2.881308564002302e-14 2.8782469876253316e-14 3.061576376969639e-17
3.4276182099114902 3.1099811169347862e-22 2.8295646853935138e-14 2.826470239502555e-14 3.094445890958698e-17
3.4340518103208963 2.8312152072797544e-22 2.5807691498533213e-14 2.577643546545613e-14 3.1256033077078655e-17
3.4469541582030403 2.4335181990985624e-22 2.2265863339656034e-14 2.2234007881389895e-14 3.1855458266137384e-17
3.472904465399547 2.3231608058862025e-22 2.1416156991630375e-14 2.1382922717545696e-14 3.3234274084675176e-17
3.4990501388274233 2.1542601201077633e-22 2.0008647839002124e-14 1.9973999381754586e-14 3.464845724754447e-17
3.5253949054701885 1.5509787446170406e-22 1.451386408097027e-14 1.4477836631317756e-14 3.6027449652513557e-17
3.5519380250092896 9.817939731615969e-23 9.256678375448812e-15 9.219260749600762e-15 3.7417625848052044e-17
3.578680990867387 7.573296038803823e-23 7.194114623597657e-15 7.155172633050105e-15 3.894199054754932e-17
3.605625307711299 6.680114828527125e-23 6.3934305850859244e-15 6.3528805770926625e-15 4.0550007993263347e-17
3.660119384959845 6.058173262496805e-23 5.885811840241015e-15 5.84187209232931e-15 4.393974791170433e-17
3.715437065384467 5.62597575775721e-23 5.548520549686736e-15 5.500990653358546e-15 4.7529896328189784e-17
3.8285932144167436 5.46950797033971e-23 5.558491141585794e-15 5.503186489658563e-15 5.5304651927232416e-17
3.94519561050918 5.503724870748496e-23 5.763611375470203e-15 5.6997395695953434e-15 6.387180587486068e-17
4.06534921144712 5.614055965588142e-23 6.05820587756864e-15 5.984961941775282e-15 7.324393579335693e-17
4.189162171576248 5.76684415319995e-23 6.41260989963113e-15 6.329148810170667e-15 8.346108946046031e-17
4.316745939156006 5.949152679425778e-23 6.8168076081661856e-15 6.722295788995968e-15 9.451181917021746e-17
4.448215356677963 6.15633735781002e-23 7.269049873970302e-15 7.162775765219856e-15 1.0627410875044534e-16
4.58368876423945 6.3885299129349e-23 7.772943067109697e-15 7.654155898904456e-15 1.1878716820524273e-16
4.723288106065518 6.649406959128832e-23 8.336750104827862e-15 8.204596902014277e-15 1.3215320281358281e-16
4.867139040275056 6.946220828854888e-23 8.974117922135863e-15 8.828046818731138e-15 1.4607110340472724e-16
4.940699165968905 7.118242350166048e-23 9.335350192412583e-15 9.182065470669986e-15 1.5328472174259304e-16
5.015371051989984 7.2934694838644e-23 9.7097192370366e-15 9.549067687796492e-15 1.6065154924011368e-16
5.091171501069577 7.501908994198327e-23 1.0138155574453341e-14 9.969833242063721e-15 1.6832233238962026e-16
5.129500256944802 7.607640382202058e-23 1.0358442604913733e-14 1.0186231291829803e-14 1.722113130839309e-16
5.168117569889187 7.716968695254285e-23 1.0586406263342975e-14 1.0410236929611831e-14 1.761693337311424e-16
5.20702561229733 7.849779041848527e-23 1.0849671253207456e-14 1.0669205321100636e-14 1.8046593210681777e-16
5.246226572918644 7.98492668582509e-23 1.1119555041124586e-14 1.0934744100684652e-14 1.8481094043993574e-16
5.265937586045735 8.053402317476677e-23 1.1257048462454494e-14 1.1070047183868602e-14 1.8700127858589282e-16
5.285722656980489 8.122493169205954e-23 1.1396281276419742e-14 1.120707794534369e-14 1.8920333107605604e-16
5.305582063971359 8.192210078808649e-23 1.1537283118796122e-14 1.1345866154834562e-14 1.9141696396155397e-16
5.3255160863122235 8.266871090803221e-23 1.1686172682254722e-14 1.1492515101267668e-14 1.9365758098705562e-16
5.365609099470188 8.452094880105176e-23 1.2037958077105931e-14 1.1839664381633457e-14 1.9829369547247045e-16
5.406003951863644 8.642911912256545e-23 1.2402404129342677e-14 1.2199422575709502e-14 2.0298155363317107e-16
5.446702915881641 8.839605804998605e-23 1.2780152006062542e-14 1.2572431871273425e-14 2.077201347891123e-16
5.487708281020852 9.050886215205908e-23 1.3184132377710337e-14 1.2971605891392897e-14 2.1252648631743803e-16
5.529022354014368 9.344835850205251e-23 1.3714799277925046e-14 1.3497258293370551e-14 2.1754098455449665e-16
5.570647458961463 9.6537582020505e-23 1.4274849056747905e-14 1.4052237508997838e-14 2.226115477500649e-16
5.612585937458331 9.978749177876599e-23 1.4866493432538033e-14 1.463875625241123e-14 2.277371801268045e-16
5.654840148729818 1.033407007538153e-22 1.551176326244447e-14 1.527882373450679e-14 2.3293952793768363e-16
5.67608639626678 1.057725024469339e-22 1.593643624589982e-14 1.5700776730295797e-14 2.3565951560401995e-16
5.686739436050992 1.0702238922537918e-22 1.615501645609206e-14 1.5917991070681324e-14 2.370253854107394e-16
5.6974124697621304 1.0829565716118496e-22 1.637789701236323e-14 1.613950185916685e-14 2.383951531963798e-16
5.718818669136295 1.1091459169258168e-22 1.6836989617920203e-14 1.659584329401867e-14 2.411463239015302e-16
5.740305295436557 1.1379876208445274e-22 1.7339715262222924e-14 1.709578347405416e-14 2.4393178816875967e-16
5.7835210386641895 1.212964585254188e-22 1.86212947227674e-14 1.8371598237069124e-14 2.496964856982763e-16
5.827062130521658 1.2988211420970418e-22 2.008946777308529e-14 1.9833892140092895e-14 2.555756329923931e-16
5.8489554468988025 1.3593748334267865e-22 2.1105078493121013e-14 2.0846336271020782e-14 2.587422221002348e-16
5.870931020387893 1.424074611376478e-22 2.219264952281417e-14 2.1930718718587612e-14 2.619308042265589e-16
5.892989160043636 1.4932505490987958e-22 2.3358113177057558e-14 2.3092971867558213e-14 2.6514130949933874e-16
5.915130176081913 1.5718317422311042e-22 2.4679695362868907e-14 2.4411228137703752e-14 2.684672251651619e-16
5.95966208400165 1.7921057517462036e-22 2.8350107006419412e-14 2.8074108957983336e-14 2.7599804843606576e-16
6.004529249263818 2.1091355840307002e-22 3.361653111639131e-14 3.3332082942415835e-14 2.8444817397547134e-16
6.027089341400364 2.329609095382885e-22 3.727006202232871e-14 3.698075535932695e-14 2.8930666300176476e-16
6.049734195844842 2.589453597197408e-22 4.158281246754059e-14 4.128836367241409e-14 2.94448795126488e-16
6.095279466722835 3.340094122242325e-22 5.404079892894316e-14 5.3733793843104e-14 3.07005085839147e-16
6.141167624020661 4.492882043081601e-22 7.323950517275384e-14 7.291630603674147e-14 3.231991360123847e-16
6.164241091010745 5.229218655041247e-22 8.556296999592578e-14 8.522965679633551e-14 3.3331319959027886e-16
6.187401249150058 6.065118469533698e-22 9.961322530644733e-14 9.926951186728381e-14 3.4371343916351176e-16
6.1990139391386085 6.4729922646125745e-22 1.0651165526753293e-13 1.0616264682311146e-13 3.490084444214641e-16
6.204828454712694 6.687594070009281e-22 1.1014609787532344e-13 1.0979441343217983e-13 3.5168444314360244e-16
6.210648424152782 6.844083223743032e-22 1.128292392977916e-13 1.1247526316336651e-13 3.539761344250725e-16
6.233982942956859 7.374368768877691e-22 1.2202811262471543e-13 1.216660963409079e-13 3.620162838075478e-16
6.239830258556775 7.441394538057487e-22 1.2325272786720436e-13 1.2288955826485487e-13 3.631696023494821e-16
6.245683058788269 7.446022775914612e-22 1.2344506572763676e-13 1.2308074039073382e-13 3.6432533690295333e-16
6.257405133728602 7.428738490068341e-22 1.2338966285387066e-13 1.2302329241628884e-13 3.6637043758181286e-16
6.269149208991335 7.321082542642149e-22 1.218297471456933e-13 1.214625184130218e-13 3.6722873267149273e-16
6.280915325867298 7.0551070160092265e-22 1.176240090034139e-13 1.1725739139212697e-13 3.6661761128694094e-16
6.304513850009849 6.400802238192154e-22 1.0711627102965117e-13 1.0675220743765723e-13 3.640635919939364e-16
6.32820103803542 5.592481569397631e-22 9.394080170362329e-14 9.35807092022588e-14 3.600925013644962e-16
6.3519772230701035 4.851863197841705e-22 8.180633047271359e-14 8.144975973810752e-14 3.5657073460605747e-16
6.375842739491607 4.2280573413966353e-22 7.155630364487107e-14 7.120279573567546e-14 3.535079091956104e-16
6.399797922933955 3.729316655098058e-22 6.335267465988369e-14 6.300054076500443e-14 3.521338948792526e-16
6.42384311029221 3.3139566113271014e-22 5.650816136844053e-14 5.615706572563268e-14 3.5109564280785807e-16
6.447978639727206 3.0115651825209558e-22 5.1544851250765665e-14 5.1193471869197756e-14 3.5137938156789804e-16
6.472204850670314 2.759226187721612e-22 4.74033452529181e-14 4.705141754771302e-14 3.5192770520508234e-16
6.496522083828205 2.595129352959993e-22 4.47516819046902e-14 4.439813010122704e-14 3.535518034631673e-16
6.520930681187647 2.4566309000751176e-22 4.252251341669394e-14 4.2167169639332835e-14 3.5534377736110273e-16
6.57002334288761 2.31372364713195e-22 4.035039875332605e-14 3.998996484978337e-14 3.604339035426757e-16
6.619489833774732 2.295974263408003e-22 4.0342329120218153e-14 3.9975556845985336e-14 3.667722742328129e-16
6.6693287637831435 2.3453798927972433e-22 4.152070863981214e-14 4.1147052862132913e-14 3.7365577767922753e-16
6.719538636694507 2.4084263083705073e-22 4.295782169482731e-14 4.257746881724798e-14 3.8035287757933883e-16
6.770126513364129 2.5720733888931936e-22 4.622208944232245e-14 4.5834459254241183e-14 3.876301880812651e-16
6.8210952395837445 2.8216212822540145e-22 5.108839615117438e-14 5.069263233960438e-14 3.9576381156999354e-16
6.872447682569556 3.136802829819233e-22 5.722266716574268e-14 5.6817931611656365e-14 4.0473555408631873e-16
6.924186731123532 3.5355303112612153e-22 6.498195444844175e-14 6.456744577215997e-14 4.1450867628178685e-16
6.976315295795916 3.8585030424753447e-22 7.145199850456786e-14 7.10275342810704e-14 4.2446422349746253e-16
7.028836309048954 3.9040413765221413e-22 7.283955338548271e-14 7.240564435193279e-14 4.3390903354993374e-16
7.081752725421856 3.762199422897726e-22 7.072158800247473e-14 7.027843142776425e-14 4.4315657471048436e-16
7.135067521697011 3.668313212044415e-22 6.947585984828419e-14 6.90224744229934e-14 4.533854252907674e-16
7.1887836970674375 3.7451576387340134e-22 7.146525568617594e-14 7.099997698814016e-14 4.652786980358067e-16
7.242904273305506 4.0189448006178853e-22 7.726703010196734e-14 7.678773640871081e-14 4.792936932565246e-16
7.297432294932914 4.452104604132507e-22 8.623922938421291e-14 8.574289724075242e-14 4.963321434604811e-16
7.352370829391971 4.947271372386271e-22 9.655228799927707e-14 9.603363454962845e-14 5.186534496486139e-16
7.379995003818881 5.255571282179393e-22 1.029545232192572e-13 1.0242273490407388e-13 5.31788315183338e-16
7.407722967218148 5.5951504240279e-22 1.1001855390996501e-13 1.0947302964473592e-13 5.45524265229094e-16
7.463496598684601 6.456199904206345e-22 1.279053590954571e-13 1.2732884516188847e-13 5.76513933568632e-16
7.519690156487492 7.569721478227645e-22 1.5109471697173797e-13 1.5048181197096208e-13 6.12905000775884e-16
7.533803324048627 7.893569007551652e-22 1.5785455617108052e-13 1.572313412494277e-13 6.232149216528179e-16
7.547942979602549 8.231700764645952e-22 1.6492542749152401e-13 1.6429172652461866e-13 6.337009669053475e-16
7.57630195363571 8.943729287144676e-22 1.7986445807435464e-13 1.792091197174408e-13 6.553383569137694e-16
7.590521371821866 9.303346776293758e-22 1.8744775775017062e-13 1.8678107259113212e-13 6.666851590384108e-16
7.604767477414989 9.677775474365171e-22 1.9535787153651775e-13 1.9467964107783984e-13 6.782304586780162e-16
7.633339951266878 1.0429350536259165e-21 2.113203404914544e-13 2.1061895346639312e-13 7.013870250612137e-16
7.662019777021956 1.1011086233467825e-21 2.2394577094706231e-13 2.2322340195379248e-13 7.223689932698573e-16
7.690807358020558 1.1406304358480669e-21 2.3285540439242346e-13 2.32115225972802e-13 7.401784196214024e-16
7.719703099118437 1.160257689297591e-21 2.3775216805736343e-13 2.369976196442203e-13 7.54548413143022e-16
7.748707406692464 1.1558480325127481e-21 2.3773845349058437e-13 2.3697034910920383e-13 7.681043813805202e-16
7.777823177463063 1.133091840694736e-21 2.339336035841489e-13 2.3313892363759894e-13 7.946799465499722e-16
7.807048350752435 1.0988924676860726e-21 2.27725413138898e-13 2.2690043212282147e-13 8.249810160765601e-16
7.836380830085272 1.0520943105792441e-21 2.1884651678558388e-13 2.17991683631449e-13 8.548331541348802e-16
7.851088371676256 1.0198675653979724e-21 2.1254117593481963e-13 2.1167339699897393e-13 8.677789358456875e-16
7.86582351679805 9.85775272245945e-22 2.058218848241687e-13 2.0494199311308814e-13 8.798917110806784e-16
7.89537682495964 9.10744108067717e-22 1.9087043615448466e-13 1.8996959529150872e-13 9.008408629759057e-16
7.9250411701946435 8.300164601003167e-22 1.7460539763285425e-13 1.736824630140901e-13 9.229346187641267e-16
7.939915112024199 7.872886069092392e-22 1.6592783973455001e-13 1.6499319599377933e-13 9.346437407707495e-16
7.954816969689239 7.468928907118538e-22 1.5770953462649396e-13 1.5676257310039131e-13 9.469615261026493e-16
7.9847046421970465 6.72440095671815e-22 1.425219941600218e-13 1.4154821145841468e-13 9.737827016071084e-16
8.044817289139356 5.471597932164509e-22 1.1684221861366883e-13 1.1580388619713262e-13 1.038332416536226e-15
8.07504310897143 5.007076997040395e-22 1.0732442056363314e-13 1.0624710168710897e-13 1.0773188765241745e-15
8.105382492623747 4.596367738505642e-22 9.889121545597306e-14 9.777227099040457e-14 1.118944465568474e-15
8.135835866775926 4.270666076670781e-22 9.222894203104049e-14 9.106827182644e-14 1.1606702046004766e-15
8.166403659710703 4.024853797748186e-22 8.724697644238472e-14 8.604104774346465e-14 1.2059286989200704e-15
8.197086301319933 3.8425733903583434e-22 8.360863082794947e-14 8.235514427863999e-14 1.253486549309473e-15
8.227884223110665 3.682762848474473e-22 8.043246124789502e-14 7.912860882678591e-14 1.3038524211090827e-15
8.258797858211198 3.5913588518416604e-22 7.873087387396438e-14 7.736079804602237e-14 1.3700758279419912e-15
8.289827641377162 3.5665015861970716e-22 7.847970385125963e-14 7.697939467678201e-14 1.5003091744776383e-15
8.320974008997652 3.59556049599279e-22 7.941640044840923e-14 7.775961254217813e-14 1.6567879062311147e-15
8.35223739910135 3.6471611720743285e-22 8.085878638762819e-14 7.903095817712223e-14 1.8278282105059646e-15
8.383618251362687 3.8004199296158243e-22 8.457315152581394e-14 8.257230934968359e-14 2.000842176130364e-15
8.415117007108037 4.0194793661284825e-22 8.978409213427952e-14 8.759526755118495e-14 2.188824583094547e-15
8.446734109321913 4.310776617555283e-22 9.665265202203196e-14 9.427118364184576e-14 2.3814683801861746e-15
8.478470002653195 4.680586810991003e-22 1.053385232187545e-13 1.0275937467392543e-13 2.579148544829074e-15
8.542299949622933 5.484204047586996e-22 1.2435345467409067e-13 1.213593637401239e-13 2.994090933966775e-15
8.558332380220154 5.653710735009914e-22 1.2843759560310435e-13 1.2533721453231787e-13 3.100381070786494e-15
8.574394900937412 5.760439452393183e-22 1.3110780020299842e-13 1.279017732821832e-13 3.2060269208152455e-15
8.606610438733982 5.762411851422468e-22 1.3164545623369317e-13 1.282319179960471e-13 3.4135382376460724e-15
8.622764948673899 5.678358052370589e-22 1.299686938650609e-13 1.264512355007308e-13 3.51745836433007e-15
8.638949780445296 5.495055014751032e-22 1.2600925016360675e-13 1.223907726340985e-13 3.618477529508263e-15
8.655163606183647 5.309009972353517e-22 1.219714693923697e-13 1.182494782087974e-13 3.721991183572282e-15
8.671407862489573 5.087668109649676e-22 1.1710564207685008e-13 1.1327984181588226e-13 3.825800260967835e-15
8.703987895363145 4.562926587590305e-22 1.0542198587862474e-13 1.013882996745975e-13 4.033686204027268e-15
8.736690337257128 4.0972271064482636e-22 9.501811558916936e-14 9.076610609246295e-14 4.2520094967064145e-15
8.802464289484785 3.312203797457029e-22 7.739105297553922e-14 7.267609187197599e-14 4.714961103563248e-15
8.868733419248175 2.7968001941721365e-22 6.584040217281651e-14 6.057511896535378e-14 5.265283207462738e-15
8.935501454478851 2.467355100602348e-22 5.852211596024209e-14 5.251907518101953e-14 6.003040779222555e-15
9.002772151174003 2.2551748837661113e-22 5.389220063826077e-14 4.7102763290457724e-14 6.789437347803055e-15
9.07054929360775 2.1166674524929182e-22 5.0963078308166026e-14 4.3360911601955805e-14 7.602166706210225e-15
9.13883669454403 2.024043046046228e-22 4.9099841981314287e-14 4.0656233451114706e-14 8.443608530199579e-15
9.207638195451068 1.9687462786983144e-22 4.8117984630228775e-14 3.883467375657292e-14 9.283310873655865e-15
9.276957666717493 1.925647739403734e-22 4.741894113936619e-14 3.722071054648362e-14 1.0198230592882572e-14
9.346799007870057 1.905973725962531e-22 4.728781490173544e-14 3.6200934722921646e-14 1.1086880178813793e-14
9.417166147792997 1.8923486787117081e-22 4.730323332155504e-14 3.528223879284845e-14 1.2020994528706598e-14
9.488063044949055 1.8833189294871722e-22 4.743193764399196e-14 3.472801448887755e-14 1.2703923155114413e-14
9.559493687602165 1.8781412813240973e-22 4.765764548719987e-14 3.422817997010201e-14 1.3429465517097859e-14
9.631462094041797 1.8820428284992878e-22 4.8116181560987e-14 3.3987158950252137e-14 1.4129022610734854e-14
9.703972312809022 1.8873291650261465e-22 4.861459061862617e-14 3.377885488955984e-14 1.4835735729066332e-14
9.777099908821425 1.889101324203629e-22 4.902693445320534e-14 3.3784362380565124e-14 1.524257207264022e-14
9.924867353363874 1.8961798199273918e-22 4.995439049747316e-14 3.4051221082001616e-14 1.5903169415471542e-14
10.074868099996943 1.90218200293807e-22 5.086989843129196e-14 3.4814789571483916e-14 1.605510885980803e-14
10.150790707826552 1.9049731198354995e-22 5.1328451023221934e-14 3.535455308809275e-14 1.5973897935129187e-14
10.22721067892732 1.9182486314050858e-22 5.2075270258108955e-14 3.619974505947409e-14 1.587552519863486e-14
10.304205975847633 1.9335821736281108e-22 5.288671571238734e-14 3.71162634873591e-14 1.5770452225028252e-14
10.381780929913377 1.960084376880818e-22 5.4015208964561835e-14 3.84892052898256e-14 1.552600367473622e-14
10.459939905058707 1.9913249596347808e-22 5.528925776591889e-14 4.001013519712497e-14 1.5279122568793924e-14
10.538687298071551 2.0475526037386016e-22 5.727841866206247e-14 4.231134828764946e-14 1.4967070374413018e-14
10.618027538840941 2.1130932046716344e-22 5.955687938453587e-14 4.491086918743254e-14 1.464601019710333e-14
10.697971937068667 2.215818540374004e-22 6.292237103177265e-14 4.873199560710071e-14 1.419037542467195e-14
10.778518246224262 2.370096557698155e-22 6.78101232622344e-14 5.4084137007586704e-14 1.3725986254647691e-14
10.859664048220797 2.6117222996669753e-22 7.528575680838627e-14 6.202848812019747e-14 1.3257268688188813e-14
10.941420754335242 2.9909958839175648e-22 8.686782897747309e-14 7.408062972124465e-14 1.2787199256228457e-14
10.961955922839442 3.126188489309544e-22 9.096464818931212e-14 7.829668022149073e-14 1.2667967967821385e-14
10.982529632329763 3.278348248496549e-22 9.557116987312293e-14 8.302148716738393e-14 1.2549682705738977e-14
11.023792963743814 3.651239891754788e-22 1.0684171458836335e-13 9.452675848606898e-14 1.2314956102294371e-14
11.065211328886559 4.1438330697425964e-22 1.2171143916451387e-13 1.0963168057861309e-13 1.2079758585900749e-14
11.08597883104876 4.461385843186373e-22 1.3128444207270747e-13 1.1932256936261725e-13 1.19618727100902e-14
11.106785310247485 4.81676685379629e-22 1.4200820433862039e-13 1.3016449196800478e-13 1.1843712370615607e-14
11.14851549250461 5.663388694882108e-22 1.6759568940654337e-13 1.559890127721547e-13 1.160667663438863e-14
11.169441129330048 6.119132449462696e-22 1.8142232577146315e-13 1.699323560686813e-13 1.1489969702781812e-14
11.190406043337886 6.525034655885779e-22 1.9381978204847314e-13 1.8244735280967935e-13 1.1372429238793812e-14
11.21140851448765 6.919540071738882e-22 2.0592394002959394e-13 1.9467086236340507e-13 1.1253077666188875e-14
11.22192452720434 7.127161694245309e-22 2.1230165921893306e-13 2.0110777262418202e-13 1.1193886594751085e-14
11.232450403670388 7.216336382705476e-22 2.1515959193755409e-13 2.0401971068476515e-13 1.113988125278891e-14
11.253533585369773 7.293812502349874e-22 2.178777789510521e-13 2.0684266223790206e-13 1.1035116713150084e-14
11.274656339961506 7.31368250832967e-22 2.1888139582739574e-13 2.0794949050323915e-13 1.0931905324156571e-14
11.285231677511122 7.323686645529016e-22 2.1938638218099273e-13 2.0850526298941252e-13 1.0881119191580237e-14
11.295816934455262 7.242673741940569e-22 2.171630839928381e-13 2.0633339079147848e-13 1.0829693201359661e-14
11.317017243752359 7.033370354739861e-22 2.1128316661028358e-13 2.005562974549894e-13 1.0726869155294223e-14
11.338257342390673 6.824396893496797e-22 2.0539034269385938e-13 1.9476569730229458e-13 1.0624645391564798e-14
11.359537305047965 6.5999179663551885e-22 1.9900711907186616e-13 1.8848629758556824e-13 1.052082148629792e-14
11.402217121831576 6.099090164594158e-22 1.8459664066663188e-13 1.7428997366223813e-13 1.0306667004393696e-14
11.423617126015266 5.839005090163664e-22 1.770565207082883e-13 1.6685904907039562e-13 1.0197471637892715e-14
11.445057294333186 5.574071636047673e-22 1.6934015383860761e-13 1.592559564099206e-13 1.008419742868709e-14
11.488058425037956 5.037544941209465e-22 1.5361548708832889e-13 1.4376968652287995e-13 9.845800565448906e-15
11.53122111869469 4.560826138881589e-22 1.39600910285397e-13 1.2998797991442815e-13 9.61293037096886e-15
11.574545982324347 4.1369635372483177e-22 1.271027920452674e-13 1.177173282167641e-13 9.385463828503281e-15
11.618033625228566 3.7634073121214525e-22 1.1606019249123947e-13 1.0690250250072702e-13 9.157689990512449e-15
11.661684658998247 3.452110657908929e-22 1.0686006530925494e-13 9.79488667658693e-14 8.911198543385634e-15
11.705499697522141 3.2118370316230155e-22 9.97959443631784e-14 9.11366463208049e-14 8.659298042373487e-15
11.749479356995494 3.023116221794597e-22 9.42850638043447e-14 8.588634383596529e-14 8.398719968379412e-15
11.793624255928705 2.86072459320621e-22 8.95556044905109e-14 8.141570156548438e-14 8.139902925026528e-15
11.83793501515603 2.756173592682878e-22 8.660679195378832e-14 7.874146402100675e-14 7.865327932781567e-15
11.882412257844306 2.66597208050021e-22 8.408715252381988e-14 7.649296204080942e-14 7.594190483010448e-15
11.92705660950172 2.6166155426237384e-22 8.28404845243289e-14 7.553081751766188e-14 7.309667006667035e-15
11.971868697986617 2.5785280983871214e-22 8.194137483734049e-14 7.491341859839353e-14 7.027956238946971e-15
12.016849153516302 2.5818451343793677e-22 8.235504924592497e-14 7.562856903428561e-14 6.7264802116393724e-15
12.061998608675935 2.593689206882556e-22 8.304369063714831e-14 7.661329716134556e-14 6.430393475802719e-15
12.152807060118223 2.695597860910669e-22 8.695631740990504e-14 8.114491872150838e-14 5.811398688396666e-15
12.198467333490619 2.787878916205989e-22 9.02710736934552e-14 8.478680508636021e-14 5.484268607094993e-15
12.244299160690385 2.8927346544058976e-22 9.401820675265723e-14 8.885350025531715e-14 5.164706497340068e-15
12.290303186275983 3.033612850724661e-22 9.896740546994109e-14 9.414560594213476e-14 4.821799527806352e-15
12.3364800572276 3.190132854525748e-22 1.0446467654309707e-13 9.992059809943222e-14 4.5440784436648574e-15
12.382830422956244 3.3777948198833655e-22 1.1102547090997544e-13 1.0657636322003742e-13 4.44910768993803e-15
12.429354935312874 3.5748140798780943e-22 1.1794281330394616e-13 1.1358638022927152e-13 4.3564330746746445e-15
12.476058240797144 3.7644391863799107e-22 1.2466573794301442e-13 1.2039975034923456e-13 4.265987593779852e-15
12.522937033967983 3.957621376480522e-22 1.3155576159119079e-13 1.2735508459265875e-13 4.200676998532023e-15
12.569987951963114 4.110625188723542e-22 1.371551671074496e-13 1.3292489380318548e-13 4.230273304264099e-15
12.593579661530361 4.162476153323185e-22 1.391458907153099e-13 1.3490118109158172e-13 4.244709623728196e-15
12.617215648686605 4.1987355012273907e-22 1.4062141903045477e-13 1.3636250748100348e-13 4.258911549451289e-15
12.664620788327802 4.2081751725039674e-22 1.414670942746604e-13 1.3718073745841458e-13 4.2863568162458254e-15
12.71220403757155 4.151210028403538e-22 1.400764074410858e-13 1.35763582994386e-13 4.312824446699818e-15
12.736062662318053 4.095020641861878e-22 1.3843972102746976e-13 1.3411409676674525e-13 4.325624260724499e-15
12.759966065607527 4.0230731055779147e-22 1.3626266449047432e-13 1.3192448074671047e-13 4.338183743763846e-15
12.807907544139693 3.8274920268856403e-22 1.3012535029586284e-13 1.2576295672299116e-13 4.362393572871668e-15
12.856029147395699 3.6106745740049386e-22 1.2321529727359853e-13 1.1882918078334873e-13 4.386116490249784e-15
12.904331552136407 3.3809106015761786e-22 1.1580801913700855e-13 1.1139816819748471e-13 4.409850939523834e-15
12.95281543766539 3.146831084076198e-22 1.0819496278651253e-13 1.0376176846827363e-13 4.433194318238917e-15
13.00148148583848 2.933477564633192e-22 1.0123834712220808e-13 9.678166646525661e-14 4.456680656951466e-15
13.050330381073369 2.7389196747331994e-22 9.487902981323909e-14 9.03987179541619e-14 4.48031185907722e-15
13.099362810359226 2.5628379032859246e-22 8.911293389372923e-14 8.460886532621634e-14 4.504068567512904e-15
13.197981031955921 2.2679141681556703e-22 7.945176457497896e-14 7.489993631566894e-14 4.551828259310013e-15
13.247568211189632 2.148364332646112e-22 7.554635775839776e-14 7.097056391215892e-14 4.5757938462388235e-15
13.297341698339563 2.0404020329956897e-22 7.201948466906064e-14 6.741963956788925e-14 4.599845101171379e-15
13.397450398986955 1.8656776262448191e-22 6.634805473558241e-14 6.170033004601468e-14 4.647724689567747e-15
13.447787020368724 1.795211039963549e-22 6.408195693149142e-14 5.941053211100023e-14 4.671424820491198e-15
13.498312765455129 1.7306414918413882e-22 6.200918616579414e-14 5.731410309798136e-14 4.695083067812778e-15
13.59993447169816 1.6240586193281504e-22 5.862838750113149e-14 5.3887217443266655e-14 4.741170057864844e-15
13.702321234386334 1.5409671018125942e-22 5.604759024203168e-14 5.124115652374843e-14 4.806433718283251e-15
13.805478813227746 1.4807398858080445e-22 5.426248536673343e-14 4.9211806060297905e-14 5.05067930643553e-15
13.90941301129231 1.4284595232796745e-22 5.274073460304902e-14 4.742231753710194e-14 5.3184170659470755e-15
13.96167316792965 1.4117285087653506e-22 5.2318837473190615e-14 4.6808523970735096e-14 5.510313502455508e-15
14.014129675338197 1.3979148403730137e-22 5.200154898088682e-14 4.6293215674561504e-14 5.7083333063253025e-15
14.119634696140762 1.388476260071598e-22 5.203928878546198e-14 4.592343566175148e-14 6.115853123710522e-15
14.225934008823913 1.382708137803721e-22 5.22132518116454e-14 4.567651675926344e-14 6.536735052381965e-15
14.333033593193976 1.3777633477416029e-22 5.241820910346175e-14 4.543401454005351e-14 6.98419456340823e-15
14.44093947407611 1.3713241306929462e-22 5.2566008263857e-14 4.513359455396561e-14 7.432413709891389e-15
14.54965772165321 1.3660569015260407e-22 5.275832508106076e-14 4.484846134902734e-14 7.909863732033414e-15
14.659194451807393 1.3619688348298042e-22 5.299644141616881e-14 4.4577957721844754e-14 8.418483694324048e-15
14.769555826464039 1.3586666068912982e-22 5.326596130701286e-14 4.4309670839038074e-14 8.956290467974784e-15
14.992777389284976 1.3483474601419926e-22 5.3660330987323345e-14 4.3607747359489795e-14 1.0052583627833557e-14
15.21937263962189 1.342892102554118e-22 5.4250944490694476e-14 4.2968957089039637e-14 1.1281987401654841e-14
15.449392566130673 1.335458632832638e-22 5.4766032722113975e-14 4.2131571748765056e-14 1.263446097334893e-14
15.682888928090767 1.3515746509983779e-22 5.62646391124073e-14 4.1391031962442646e-14 1.487360714996465e-14
15.919914267052077 1.3711403727920695e-22 5.794181249276784e-14 4.05053420914977e-14 1.7436470401270136e-14
16.03976693895051 1.3824360016605976e-22 5.885895156907972e-14 4.011950835901806e-14 1.8739443210061672e-14
16.1605219186579 1.4048704944285878e-22 6.026443746845666e-14 4.01375696027897e-14 2.012686786566695e-14
16.22123989475974 1.4159492059820736e-22 6.096788850881932e-14 4.019442564138575e-14 2.077346286743356e-14
16.282185999175777 1.427428908869849e-22 6.169310555673639e-14 4.0251503148808316e-14 2.144160240792809e-14
16.312744867225646 1.4333228668350872e-22 6.20641063475607e-14 4.028012309741152e-14 2.178398325014918e-14
16.343361089024967 1.4393216038032138e-22 6.244082797063668e-14 4.030879620014509e-14 2.213203177049159e-14
16.404766024646595 1.4516396898751778e-22 6.321182186181942e-14 4.036629893662768e-14 2.284552292519173e-14
16.466401669612416 1.464395978842026e-22 6.400688112777786e-14 4.0424005614610383e-14 2.3582875513167463e-14
16.497306278852424 1.4709425690790492e-22 6.441369120980387e-14 4.045293366039285e-14 2.396075754941102e-14
16.528268890738765 1.477603708112926e-22 6.482682844719212e-14 4.048191057900632e-14 2.4344917868185797e-14
16.590368558098763 1.4912765544500472e-22 6.567251632350667e-14 4.054000824666254e-14 2.5132508076844133e-14
16.65270154503456 1.5048632340923492e-22 6.651983503307433e-14 4.0595785870631406e-14 2.592404916244292e-14
16.715268728169598 1.5164401837208342e-22 6.72834233809561e-14 4.064108931377073e-14 2.6642334067185377e-14
16.778070987420957 1.528376211736959e-22 6.806780250936832e-14 4.068667438720922e-14 2.7381128122159088e-14
16.9043842704834 1.5533610151537317e-22 6.970135020369553e-14 4.0778662362476624e-14 2.89226878412189e-14
17.03164849990255 1.5798912244512986e-22 7.142550265115766e-14 4.087169685131258e-14 3.0553805799845077e-14
17.159870834853997 1.6074400242589382e-22 7.321806131710988e-14 4.0962858767350315e-14 3.225520254975957e-14
17.289058488411015 1.630611864877489e-22 7.483269303367239e-14 4.1027803269634785e-14 3.380488976403761e-14
17.35401657858945 1.6426611785539678e-22 7.566890241372524e-14 4.1060842624129826e-14 3.460805978959541e-14
17.386587088641786 1.6488043228486287e-22 7.609443394112687e-14 4.107750044017783e-14 3.501693350094905e-14
17.419218727950305 1.6550274891141823e-22 7.652499627316512e-14 4.109424898819612e-14 3.543074728496901e-14
17.48466585346766 1.6677170365648078e-22 7.740145690567049e-14 4.112801428346582e-14 3.6273442622204653e-14
17.550358875560836 1.6807362157337808e-22 7.829877954398593e-14 4.1162130586721205e-14 3.713664895726473e-14
17.682486308455736 1.705080269937469e-22 8.003088005034357e-14 4.122815908850832e-14 3.880272096183527e-14
17.81560845938729 1.7040334769385355e-22 8.058388757693102e-14 4.12649278176709e-14 3.931895975926013e-14
17.882544892141226 1.7035575916581174e-22 8.086406647036558e-14 4.128411347077963e-14 3.957995299958593e-14
17.949732817065083 1.70290700785884e-22 8.113688947007375e-14 4.130381825374487e-14 3.9833071216328886e-14
18.084866926577256 1.6999169379157738e-22 8.160418875228403e-14 4.134474162472125e-14 4.025944712756278e-14
18.221018389814958 1.6969825608861233e-22 8.207661912037526e-14 4.1390176864363376e-14 4.06864422560119e-14
18.496404071615608 1.6902777978591876e-22 8.298790945490696e-14 4.154332465743583e-14 4.144458479747113e-14
18.635790038622734 1.6887833017702568e-22 8.353936465406365e-14 4.170739552050447e-14 4.183196913355917e-14
18.776226396166493 1.68721730925744e-22 8.409085503910021e-14 4.186989885396231e-14 4.222095618513792e-14
18.91772105982334 1.68471365700584e-22 8.45988281007961e-14 4.202042787079941e-14 4.2578400229996705e-14
19.203636446149176 1.6798283995648188e-22 8.562839974498869e-14 4.232024742573084e-14 4.3308152319257845e-14
19.4938730510763 1.6738829170310496e-22 8.661490705944955e-14 4.259846495319644e-14 4.401644210625311e-14
19.78849618389234 1.667127073911449e-22 8.756910862047742e-14 4.285889847861624e-14 4.4710210141861184e-14
20.08757214094514 1.6593897048983823e-22 8.848003257500133e-14 4.309585760018495e-14 4.538417497481637e-14
20.391466406516905 1.6509115378705218e-22 8.935969833506395e-14 4.331396902977192e-14 4.6045729305292044e-14
20.699681925472166 1.6412754348843534e-22 9.018090193489214e-14 4.352060230101453e-14 4.6660299633877616e-14
21.012556099387844 1.6289844296030644e-22 9.085843503681091e-14 4.3718145355556847e-14 4.714028968125407e-14
21.652507708764745 1.6060092392525342e-22 9.230509515871934e-14 4.4316358092920734e-14 4.7988737065798616e-14
21.979755641372343 1.5947751980759612e-22 9.304472696802998e-14 4.46254428590761e-14 4.84192841089539e-14
22.311949477282987 1.5832797247613488e-22 9.37701479412978e-14 4.491860362620601e-14 4.885154431509179e-14
22.64916396703608 1.5714353721191423e-22 9.447526820890813e-14 4.5191437993608776e-14 4.928383021529935e-14
22.991811201917592 1.5593392831975172e-22 9.516631159719234e-14 4.5447666173398546e-14 4.971864542379381e-14
23.339642165776596 1.5469110257766015e-22 9.58360623337098e-14 4.568221862562371e-14 5.015384370808611e-14
23.69273528050995 1.5342664429596001e-22 9.649069210487147e-14 4.5899125194803974e-14 5.059156691006749e-14
24.414313559781952 1.5104853886678434e-22 9.788823088734018e-14 4.641629198480449e-14 5.14719389025357e-14
24.78366481022829 1.4994667154494008e-22 9.864425330764632e-14 4.669972879000686e-14 5.194452451763947e-14
25.15860378059443 1.4890039247128812e-22 9.943786956077502e-14 4.699292775229907e-14 5.244494180847597e-14
25.924826076583233 1.468246909889743e-22 1.0103791602699095e-13 4.7539066563552597e-14 5.349884946343832e-14
26.714384190886577 1.4476049721295504e-22 1.026513503167585e-13 4.8059393857985985e-14 5.4591956458772496e-14
27.527988831636016 1.426776851081652e-22 1.042557389685557e-13 4.8556233910058276e-14 5.569950505849741e-14
28.366372352060132 1.406396026249867e-22 1.0589631874449571e-13 4.9059204763513093e-14 5.68371139809826e-14
29.2302894097004 1.3865514325667765e-22 1.0758173209619976e-13 4.959623893621093e-14 5.798549315998883e-14
30.12051764570424 1.3676478614797035e-22 1.0934681938991175e-13 5.012254783198714e-14 5.922427155792458e-14
30.575747924857424 1.3588356727350122e-22 1.1028424184682946e-13 5.0365513947950456e-14 5.9918727898879e-14
31.037858384806153 1.3504772568967675e-22 1.1126240802418687e-13 5.059462753605779e-14 6.06677804881291e-14
31.983137356627505 1.3347680703107744e-22 1.1331732278114695e-13 5.106670060499909e-14 6.225062217614787e-14
32.95720543894392 1.321959790127903e-22 1.1564798166869477e-13 5.1607562309114266e-14 6.40404193595805e-14
33.960939423588975 1.3101269058794989e-22 1.181034254423031e-13 5.2154661872423815e-14 6.59487635698793e-14
34.99524280568484 1.2972538130892614e-22 1.2050453745678207e-13 5.26255333502553e-14 6.787900410652677e-14
36.06104659690874 1.2845958423195107e-22 1.229629495497975e-13 5.3082915389987504e-14 6.988003415980999e-14
37.159310163528254 1.2725580661796962e-22 1.2552050682555334e-13 5.3628681290449124e-14 7.189182553510425e-14
38.29102208995955 1.261061919412633e-22 1.2817484573865053e-13 5.4199438973478236e-14 7.397540676517232e-14
39.45720106862597 1.2484569244721857e-22 1.3075830145379638e-13 5.4707831936426e-14 7.605046951737038e-14
40.65889681691763 1.2359524733349566e-22 1.3339108186482478e-13 5.520239053669561e-14 7.818869132812915e-14
41.897191022077855 1.2242933707429434e-22 1.361569573463216e-13 5.5746516647598635e-14 8.041044069872299e-14
43.173198314866475 1.2132472642908233e-22 1.3903782858586523e-13 5.6311888179900054e-14 8.272594040596515e-14
44.48806727287728 1.2015251540006464e-22 1.418880561801653e-13 5.686172605905066e-14 8.502633012111462e-14
45.8429814544115 1.1897867308565563e-22 1.4478094564826382e-13 5.740975775512369e-14 8.737118789314014e-14
47.23916046383907 1.177451014557828e-22 1.476435408234057e-13 5.797588326645355e-14 8.966765755695214e-14
48.67786104940597 1.1650334542628016e-22 1.505356340544892e-13 5.855714433813492e-14 9.197848971635433e-14
50.16037823447602 1.1518975137553562e-22 1.53371292175522e-13 5.915340555095297e-14 9.421788662456905e-14
51.68804648322576 1.1385045078661548e-22 1.5620477519635408e-13 5.976337574320758e-14 9.644139945314649e-14
53.26224090184056 1.1242230652842304e-22 1.5894298279411117e-13 6.037531059519054e-14 9.856767219892059e-14
54.884378476295105 1.1094636949887066e-22 1.6163346342355894e-13 6.099295324247424e-14 1.0064051018108467e-13
56.55591934783037 1.09397907367643e-22 1.6423152066136246e-13 6.164233057968768e-14 1.0258919008167472e-13
58.27836812727644 1.0780158486738524e-22 1.6676386855826606e-13 6.232304345556743e-14 1.0444082510269864e-13
60.05327524940399 1.0636738202687878e-22 1.6955656187371981e-13 6.300093891738533e-14 1.0655562295633452e-13
61.88223836852342 1.051208376043014e-22 1.726729306795838e-13 6.367273596550934e-14 1.0900019471407449e-13
62.81758386220369 1.0453912426198147e-22 1.7431289626962125e-13 6.402175634638995e-14 1.1029113992323126e-13
63.7670670344103 1.0412615209953613e-22 1.7624860765657793e-13 6.438241704852418e-14 1.1186619060805374e-13
65.70913619443517 1.0361707785132966e-22 1.8072845314831097e-13 6.514200330170775e-14 1.155864498466032e-13
67.71035238438829 1.0304284350670378e-22 1.852005797042477e-13 6.590503136572692e-14 1.1929554833852084e-13
69.77251696707448 1.0232178452547436e-22 1.8950554791576297e-13 6.665279085678543e-14 1.2285275705897757e-13
71.89748616702131 1.0157090692389522e-22 1.9384404744147617e-13 6.743279660552011e-14 1.2641125083595608e-13
74.08717274132995 1.0081554930524126e-22 1.9826222497880888e-13 6.827295892801581e-14 1.2998926605079313e-13
76.34354770141287 1.0007380655330747e-22 2.027973102047619e-13 6.913113473562108e-14 1.3366617546914087e-13
78.66864208716851 9.935677027264615e-23 2.074763277659363e-13 6.997986833279849e-14 1.3749645943313778e-13
81.06454879518883 9.870891883796705e-23 2.1240111776863184e-13 7.084981623582448e-14 1.415513015328073e-13
83.5334244626476 9.825239320493441e-23 2.1785767093285934e-13 7.176600591931991e-14 1.4609166501353944e-13
86.07749140856238 9.782766918665404e-23 2.2352223999591707e-13 7.270798166500549e-14 1.5081425833091154e-13
88.69903963417964 9.727608351816924e-23 2.2903108348650135e-13 7.365886639818364e-14 1.5537221708831768e-13
91.4004288842828 9.669232313773661e-23 2.345900897487403e-13 7.46301793836564e-14 1.5995991036508388e-13
94.18409077127889 9.609177099435286e-23 2.4023328514612535e-13 7.563262174956144e-14 1.6460066339656398e-13
97.05253096397554 9.549822442184225e-23 2.4602066920335705e-13 7.666106561419165e-14 1.693596035891654e-13
100.00833144301866 9.508479072706258e-23 2.5241587752367346e-13 7.77171296050918e-14 1.7469874791858163e-13
103.05415282502196 9.472267940010509e-23 2.5911282235812326e-13 7.879799732476067e-14 1.8031482503336268e-13
106.19273675747671 9.457469751309805e-23 2.6658714730545703e-13 7.9892412487878e-14 1.8669473481757903e-13
109.4269083866038 9.448934247790628e-23 2.744583128400023e-13 8.100732011405889e-14 1.9345099272594335e-13
112.75957890036308 9.427103417953e-23 2.8216370535481826e-13 8.216493535082769e-14 1.999987700039906e-13
116.1937481489129 9.399135646723169e-23 2.8989459067345435e-13 8.335212638766515e-14 2.065424642857892e-13
119.73250734487735 9.35204703495726e-23 2.972269552756036e-13 8.453809364962638e-14 2.1268886162597726e-13
123.37904184585196 9.294928431684302e-23 3.0440857105154346e-13 8.573392439851055e-14 2.186746466530329e-13
127.13663402165271 9.218657744791584e-23 3.1110560366132455e-13 8.697758787833163e-14 2.2412801578299298e-13
131.0086662088879 9.13066115077161e-23 3.175204373590404e-13 8.825429180996384e-14 2.2926614554907657e-13
134.99862375551584 9.023184574544929e-23 3.233393905211123e-13 8.952005788728043e-14 2.3381933263383184e-13
139.11009815812417 8.902324638232236e-23 3.2872407927047326e-13 9.077926613314972e-14 2.3794481313732357e-13
143.3467902947586 8.773989906036002e-23 3.338524260369881e-13 9.207191971502585e-14 2.4178050632196223e-13
147.71251375620898 8.639650185135049e-23 3.3875278978581516e-13 9.33905621139892e-14 2.453622276718259e-13
152.21119827875228 8.54447860140373e-23 3.452244961749796e-13 9.469391345147699e-14 2.505305827235026e-13
156.84689328144228 8.484121867560227e-23 3.532256655749591e-13 9.597367913737007e-14 2.572519864375891e-13
159.21741877681018 8.449762259764045e-23 3.571120475851645e-13 9.661207464234685e-14 2.604999729428176e-13
161.62377151112827 8.408736507048404e-23 3.607492307757672e-13 9.725036418401881e-14 2.634988665917484e-13
166.54613279848823 8.307576437080954e-23 3.6726397613450317e-13 9.852235601046406e-14 2.6874162012403914e-13
171.61840792845166 8.20352895021808e-23 3.7370939569328186e-13 9.976466342384677e-14 2.7394473226943507e-13
176.84516262850022 8.103059892814803e-23 3.8037473846094576e-13 1.0096376909889186e-13 2.794109693620538e-13
179.5181642894721 8.04978308383687e-23 3.835853475288451e-13 1.0154787144566436e-13 2.820374760831808e-13
182.2315681744764 7.982685821292549e-23 3.861375905992542e-13 1.0212101446202333e-13 2.840165761372308e-13
187.78155384880017 7.814870195733582e-23 3.895328875971764e-13 1.0323131296563612e-13 2.8630157463154026e-13
190.61961427604518 7.729551374609498e-23 3.9110314431983017e-13 1.037651298098593e-13 2.873380145099708e-13
193.5005680909718 7.644655570837807e-23 3.926536153207742e-13 1.0428273151568196e-13 2.883708838050923e-13
199.3937587803602 7.483600980709849e-23 3.960879375605511e-13 1.0526593201338733e-13 2.908220055471638e-13
205.46643057848152 7.333387574951638e-23 3.999585154770937e-13 1.0616489214409784e-13 2.937936233329958e-13
211.72404970390772 7.21505694340255e-23 4.0548929043282355e-13 1.0696347991872194e-13 2.9852581051410166e-13
218.17224885259444 7.0894270099483e-23 4.105632540222173e-13 1.0766169911278683e-13 3.0290155490943057e-13
224.8168322680627 6.927897855340479e-23 4.1342785394741075e-13 1.0826346173065953e-13 3.0516439221675136e-13
231.66378096599615 6.747159777705927e-23 4.1490490386132957e-13 1.087426477793158e-13 3.061622560820139e-13
238.71925811795668 6.543986336596329e-23 4.146668074176211e-13 1.0906758806294453e-13 3.0559921935467643e-13
245.98961459906556 6.326151425106822e-23 4.130720293404982e-13 1.092499418016562e-13 3.0382208753884195e-13
249.71106150874405 6.203569355878291e-23 4.1119597591306684e-13 1.0929835521295835e-13 3.018976207001086e-13
253.4888082224776 6.071228063947582e-23 4.0851195440982304e-13 1.0931863627177602e-13 2.99193318138047e-13
261.20898134247824 5.80750447086341e-23 4.026679756764667e-13 1.0924047479984061e-13 2.9342750087662607e-13
269.1642775569489 5.57336990225335e-23 3.982031786910867e-13 1.089686254411949e-13 2.892345532498919e-13
277.3618576987742 5.345399923944526e-23 3.935467893264157e-13 1.0852260984186637e-13 2.8502417948454926e-13
285.8091006888481 5.066920638577436e-23 3.844054962464645e-13 1.0794315654723771e-13 2.764623396992269e-13
294.5136101780917 4.778521559424893e-23 3.735668687895172e-13 1.0720447782805897e-13 2.6636239096145814e-13
303.4832213917586 4.524169715811455e-23 3.644542396551335e-13 1.0627155173664976e-13 2.581826879184837e-13
312.7260081821858 4.284095732534849e-23 3.556252600952203e-13 1.0516076912282497e-13 2.504644909723954e-13
322.25029029634635 4.058235255979042e-23 3.471362517428058e-13 1.0390204972564041e-13 2.4323420201716536e-13
332.0646408647343 3.840178123494186e-23 3.384881236970351e-13 1.0248940803287161e-13 2.359987156641634e-13
342.17789411833206 3.620518160678381e-23 3.2884565843778874e-13 1.009128954765642e-13 2.279327629612245e-13
352.59915334060224 3.4030783658691283e-23 3.1850968920740675e-13 9.91817287411252e-14 2.193279604662815e-13
363.337799061663 3.195395691256289e-23 3.081801480012827e-13 9.731217438328184e-14 2.1086797361800087e-13
374.40349750202313 2.9965524859802396e-23 2.9780447474217725e-13 9.531173796523852e-14 2.0249273677693867e-13
380.062092440151 2.900060995943359e-23 2.9257089513030367e-13 9.426572940457093e-14 1.9830516572573274e-13
385.80620927347337 2.805483662133502e-23 2.873071208208532e-13 9.319091127902856e-14 1.9411620954182459e-13
397.5561983449763 2.6218923819203187e-23 2.766832215458741e-13 9.095869141252899e-14 1.8572453013334503e-13
409.6640412816112 2.4432578439928018e-23 2.656847210052443e-13 8.861885190860146e-14 1.770658690966428e-13
415.8555509384264 2.3560008940812703e-23 2.6006828089213855e-13 8.7412110087362e-14 1.726561708047765e-13
422.1406367649012 2.2703609614802527e-23 2.544025759856205e-13 8.618315094509341e-14 1.6821942504052701e-13
434.9972154030873 2.1062733746617826e-23 2.4320396318426717e-13 8.367403295176128e-14 1.5952993023250584e-13
448.24534984018095 1.9514327225851202e-23 2.3218748589327614e-13 8.110496155050892e-14 1.5108252434276723e-13
461.89696517289525 1.8055518550851922e-23 2.2137292713790892e-13 7.84744519964286e-14 1.428984751414803e-13
475.9643496848308 1.6684382378730752e-23 2.107919359027496e-13 7.579099125221788e-14 1.3500094465053165e-13
490.4601659075747 1.5384336210031204e-23 2.002866193754142e-13 7.30840483315817e-14 1.272025710438325e-13
505.39746201868155 1.414907389773665e-23 1.898149891927007e-13 7.037283039576956e-14 1.1944215879693116e-13
520.7896835867783 1.2992921501606664e-23 1.796133529981052e-13 6.765913165893194e-14 1.1195422133917328e-13
536.6506856743796 1.1919888742366196e-23 1.6979829438127398e-13 6.495265567989224e-14 1.0484563870138173e-13
552.9947453093008 1.0920496382379244e-23 1.602997396236278e-13 6.225877318685715e-14 9.804096643677066e-14
569.8365743358964 9.990064076092501e-24 1.5110819828132384e-13 5.958554639573669e-14 9.152265188558715e-14
587.1913326576936 9.125759987306291e-24 1.4223881054913855e-13 5.694186092287977e-14 8.529694962625878e-14
605.0746418833327 8.32460239881351e-24 1.337032257637626e-13 5.433590143253372e-14 7.936732433122886e-14
623.502599388115 7.583535593527694e-24 1.2551031828758387e-13 5.1775082344552876e-14 7.373523594303097e-14
642.4917928037942 6.899432696741152e-24 1.1766584010522335e-13 4.9266027852919746e-14 6.839981225230359e-14
662.0593149496696 6.269126643340983e-24 1.1017254366084441e-13 4.6814693191289346e-14 6.335785046955504e-14
682.2227792184137 5.689459892918607e-24 1.0303070928197316e-13 4.442620696386097e-14 5.860450231811218e-14
703.0003354304876 5.15731581580207e-24 9.623846605584412e-14 4.210502801179951e-14 5.413343804404461e-14
724.4106861714122 4.669639255746762e-24 8.979199327881384e-14 3.985499141608723e-14 4.9937001862726606e-14
746.4731036265977 4.2234486824171e-24 8.368561629674862e-14 3.767899504975736e-14 4.6006621246991264e-14
769.2074469289008 3.8158583695179895e-24 7.791214482550694e-14 3.5579263004742094e-14 4.2332881820764876e-14
792.6341800345017 3.444096452591785e-24 7.2463204316497e-14 3.3557601086853896e-14 3.890560322964308e-14
816.7743901432078 3.1055128082022235e-24 6.732941946437468e-14 3.161525524299976e-14 3.5714164221374913e-14
841.6498066797607 2.79757638959699e-24 6.250040263126063e-14 2.9752814605245645e-14 3.2747588026014984e-14
867.2828208532309 2.5178838498453863e-24 5.79650038726256e-14 2.7970349964238714e-14 2.99946539083869e-14
893.6965058121084 2.2641753780196927e-24 5.3711781387810875e-14 2.6267598817452047e-14 2.7444182570358815e-14
920.9146374132232 2.0343270629726283e-24 4.972898390793964e-14 2.464392319126377e-14 2.5085060716675882e-14
948.9617156232121 1.8263408059254395e-24 4.600446108458849e-14 2.309826458397776e-14 2.290619650061071e-14
977.8629865717667 1.6383497376453283e-24 4.252595318867286e-14 2.162925819841364e-14 2.0896694990259224e-14
1007.6444652765354 1.4686168326452158e-24 3.928124629602118e-14 2.0235280780844802e-14 1.9045965515176376e-14
1038.332959060126 1.3155282689133265e-24 3.625820146078137e-14 1.8914469342921886e-14 1.7343732117859485e-14
1069.95609168029 1.1775903653813145e-24 3.344487926564512e-14 1.7664788760236276e-14 1.5780090505408843e-14
1102.542328195006 1.0534239164141607e-24 3.0829599208703694e-14 1.6484062588524273e-14 1.434553662017943e-14
1136.1210005848498 9.417566766664074e-25 2.8400940926944452e-14 1.5369968747581746e-14 1.303097217936271e-14
1170.7223341557005 8.414177020572194e-25 2.6147789571287446e-14 1.4320063459418903e-14 1.182772611186854e-14
1206.3774747455793 7.513335115595821e-25 2.4059434348092477e-14 1.3331858546407507e-14 1.0727575801684977e-14
1243.1185167600695 6.705222665413724e-25 2.212560592159769e-14 1.240284983585668e-14 9.722756085741017e-15
1280.9785320615858 5.980855865329641e-25 2.0336425535927403e-14 1.15304881746396e-14 8.805937361287801e-15
1319.9915997384837 5.332023704542999e-25 1.8682400242574182e-14 1.0712191789759436e-14 7.970208452814746e-15
1360.1928367808064 4.751254940822751e-25 1.7154507363215745e-14 9.945405209707446e-15 7.209102153508299e-15
1401.618429690285 4.231768962285753e-25 1.5744221146496448e-14 9.227629917783701e-15 6.5165912287127465e-15
1444.305667053031 3.767403202763494e-25 1.444344031098845e-14 8.556397000648058e-15 5.887043310340394e-15
1488.2929731042755 3.352560731779512e-25 1.3244467993996722e-14 7.929256693600677e-15 5.3152113003960496e-15
1533.6199423153234 2.982176491488177e-25 1.2140051319003607e-14 7.34382818541008e-15 4.7962231335935256e-15
1580.327375033885 2.651673848725583e-25 1.1123375590076425e-14 6.797820508964131e-15 4.325555081112291e-15
1628.457314209858 2.356919631835447e-25 1.0188038701209322e-14 6.28901383275801e-15 3.899024868451314e-15
1678.0530832396191 2.0941799013307762e-25 9.328012412898525e-15 5.81524349915489e-15 3.5127689137436383e-15
1729.1593249628888 1.8600902187674987e-25 8.53765208724163e-15 5.374427470774618e-15 3.163224616467012e-15
1781.8220418472597 1.6516260651101487e-25 7.811698773747222e-15 4.964586105664984e-15 2.8471126680822375e-15
1836.0886373966016 1.4660666598411536e-25 7.145239550980515e-15 4.5838231459746296e-15 2.5614164050058853e-15
1892.007958820556 1.3009657470269443e-25 6.5336859275001974e-15 4.2303163554078895e-15 2.3033695720923067e-15
1949.6303410035755 1.1541261615310863e-25 5.972759030699381e-15 3.902324836485115e-15 2.0704341942142666e-15
2009.0076518130663 1.0235804235881969e-25 5.4584959844050945e-15 3.598208612041778e-15 1.8602873723633146e-15
2070.1933387874215 9.075656965034593e-26 4.987218687418119e-15 3.316412134466226e-15 1.670806552951892e-15
2133.242477245972 8.045004196070846e-26 4.555498739397816e-15 3.0554502855678914e-15 1.5000484538299265e-15
2198.211819864143 7.129697346470384e-26 4.1601603107140486e-15 2.81392011459736e-15 1.3462401961166893e-15
2265.1598477584885 6.317093383020053e-26 3.798267825668324e-15 2.5904996676826247e-15 1.2077681579857003e-15
2334.1468231275226 5.595889461847799e-26 3.467102896478298e-15 2.383942018640075e-15 1.0831608778382228e-15
2405.2348434957767 4.955997065003159e-26 3.164156532951266e-15 2.1930739700724463e-15 9.710825628788204e-16
2478.487897609897 4.388416352091048e-26 2.887114848387363e-15 2.016794288824742e-15 8.703205595626203e-16
2553.971923037092 3.885108466999887e-26 2.6338358205088498e-15 1.8540658908610434e-15 7.797699296478063e-16
2631.7548655177807 3.438907420052754e-26 2.402344863524617e-15 1.7039167625350612e-15 6.98428100989556e-16
2711.906740125872 3.043430969497574e-26 2.1908247529769925e-15 1.565436945735526e-15 6.253878072414676e-16
2794.4996942916955 2.692993608330998e-26 1.9976013467188468e-15 1.437774593014983e-15 5.598267537038638e-16
2879.6080727443887 2.382536491989997e-26 1.8211359879429243e-15 1.3201348665459973e-15 5.010011213969271e-16
2967.308484432098 2.1075600329869558e-26 1.6600152798606157e-15 1.2117765679382378e-15 4.482387119223778e-16
3057.6798714803062 1.8640590689631306e-26 1.5129379534246774e-15 1.1120070618214191e-15 4.0093089160325795e-16
