Dust emission spectrum from A.P. Jones, M. Kohler, N. Ysard, M. Bocchio, and L. Verstraete (2017), A&A, 602A, 46J 
inside the DustPedia framework.

lambda    nu*dP/dnu     j_nu    j_nu(carb.) j_nu(sil)
 (um)   (erg s-1 H-1) (Jy cm2 sr-1 H-1)
0.9927057738263894 3.9495386617160314e-20 1.0407258702939282e-12 1.0407258194794632e-12 5.0814464853358506e-20
1.0001793341362166 4.015764351321125e-20 1.0661431722987427e-12 1.0661431111635854e-12 6.113515710953069e-20
1.0077091589558085 4.082276238388537e-20 1.0919607495905005e-12 1.0919606761371325e-12 7.345336815382632e-20
1.0114953028030835 4.115636899747773e-20 1.1050205527356266e-12 1.105020472262069e-12 8.04735572192706e-20
1.0152956718711033 4.1490660387468684e-20 1.1181815322314252e-12 1.1181814440963653e-12 8.813505969059908e-20
1.0229392996569957 4.216093236266074e-20 1.144799690464055e-12 1.144799584853463e-12 1.0561059222573179e-19
1.0267826658714554 4.249615343987562e-20 1.1582373957997348e-12 1.1582372802460483e-12 1.1555368687811875e-19
1.0306404723013447 4.283200561043226e-20 1.171777181568092e-12 1.1717770551776252e-12 1.263904667592814e-19
1.03451277320114 4.316848045920182e-20 1.1854194589323877e-12 1.1854193207352448e-12 1.3819714273674365e-19
1.0383996230291617 4.350556990626141e-20 1.199164648451233e-12 1.1991644973951853e-12 1.5105604756015898e-19
1.0403485208654093 4.367434267280195e-20 1.2060759693559746e-12 1.206075811448374e-12 1.5790760106058826e-19
1.0423010764483396 4.3843266214894227e-20 1.213013180459996e-12 1.2130130154039008e-12 1.6505609494562807e-19
1.0462171883269815 4.4181561999526986e-20 1.226965495457268e-12 1.2269653151639973e-12 1.8029327041922033e-19
1.0471985131304309 4.426622878238504e-20 1.230469842918789e-12 1.23046965861096e-12 1.8430782929616396e-19
1.048180758391296 4.435093248530585e-20 1.233980712107641e-12 1.2339805236998022e-12 1.8840783873792822e-19
1.0501480137395462 4.452045023360029e-20 1.2410220444962949e-12 1.2410218476251388e-12 1.968711559123653e-19
1.0521189612883777 4.469011442346572e-20 1.2480895507190679e-12 1.2480893450216192e-12 2.0569744856453847e-19
1.0531058218030118 4.4774889852646366e-20 1.251630025232769e-12 1.251629814981155e-12 2.1025161361476667e-19
1.0540936079674168 4.4859336869280526e-20 1.2551668544284556e-12 1.255166639525305e-12 2.149031506163972e-19
1.058054026499678 4.5197471568309395e-20 1.2693793164936603e-12 1.2693790819811815e-12 2.3451247882441417e-19
1.0590464539527713 4.528209144810789e-20 1.2729487557032005e-12 1.272948516027441e-12 2.396757596433675e-19
1.06003981227728 4.536674563403886e-20 1.276524739504875e-12 1.2765244945572585e-12 2.4494761648705213e-19
1.0620293250338977 4.55361565848629e-20 1.2836963714991125e-12 1.2836961156733426e-12 2.55825769792801e-19
1.0660195594769086 4.587538651359917e-20 1.2981185101002635e-12 1.2981182311171225e-12 2.7898314060234167e-19
1.070024785945596 4.6215156350070667e-20 1.312646235619284e-12 1.3126459314837546e-12 3.041355291131802e-19
1.0740450607676866 4.655546149805086e-20 1.3272800644648902e-12 1.3272797330194193e-12 3.314454712155412e-19
1.07808044048254 4.689629777676078e-20 1.342020526556355e-12 1.3420201654684255e-12 3.610879293298639e-19
1.0861967418109137 4.7579031983944075e-20 1.3718086300140975e-12 1.3718082018763214e-12 4.2813777615681577e-19
1.0902777775684922 4.791974804072293e-20 1.3868232666332345e-12 1.3868228006676579e-12 4.659655760529748e-19
1.0943741465085532 4.82609627073969e-20 1.4019458478736976e-12 1.4019453409051286e-12 5.069685691712268e-19
1.1026131145906286 4.894488072444748e-20 1.4325172530701138e-12 1.4325166535451603e-12 5.995249532335979e-19
1.1109141095355224 4.96307763787196e-20 1.4635278281612687e-12 1.463527120110376e-12 7.080508929713582e-19
1.1192775983109025 5.0318116028753686e-20 1.494967037366052e-12 1.4949662022342296e-12 8.351318224707984e-19
1.1277040513999907 5.1004462353233224e-20 1.5267669412287985e-12 1.5267659574863887e-12 9.837424098073983e-19
1.1361939428280308 5.1692724847850825e-20 1.5590187134321003e-12 1.5590175561315817e-12 1.157300518450837e-18
1.1447477501889525 5.238292592059915e-20 1.5917284713539654e-12 1.5917271116261746e-12 1.359727790168496e-18
1.1533659546722406 5.3075333474808604e-20 1.624909928277701e-12 1.6249083327576264e-12 1.595520074212072e-18
1.1707974979042381 5.446887283900655e-20 1.6927764439121607e-12 1.6927742553810608e-12 2.1885311001668963e-18
1.1884924949847024 5.587170792469581e-20 1.7626164706604283e-12 1.7626134838064997e-12 2.986853928377869e-18
1.2064549276569216 5.729326145940342e-20 1.8347803492125376e-12 1.8347762930264642e-12 4.056186073463061e-18
1.2246888378427687 5.872473178898503e-20 1.909045302630751e-12 1.9090398213627835e-12 5.481267967275515e-18
1.2431983285522175 6.016510877032917e-20 1.9854298947468626e-12 1.9854225237333895e-12 7.371013473017628e-18
1.2619875648066055 6.161667650142314e-20 2.0640621885448075e-12 2.0640523238497803e-12 9.864695027373184e-18
1.3004222497298317 6.45453899639627e-20 2.2280198387896185e-12 2.2280024199526376e-12 1.7418836980977957e-17
1.3400274889804893 6.75208380096276e-20 2.401712200446042e-12 2.401682008185458e-12 3.019226058373513e-17
1.3808389325824078 7.055495304588767e-20 2.586068138691786e-12 2.586016743973832e-12 5.139471795359191e-17
1.4228933163050095 7.367343649970519e-20 2.7826122995353225e-12 2.7825263380454527e-12 8.596148986928576e-17
1.466228494730424 7.692921179445664e-20 2.9940729051958882e-12 2.9939315635949396e-12 1.413416009474254e-16
1.5108834753276823 8.031696019297955e-20 3.2211256596010078e-12 3.2208970951614006e-12 2.285644396069426e-16
1.5568984535646726 8.383445261741775e-20 3.464593237431196e-12 3.4642293386023677e-12 3.638988288277519e-16
1.6043148490894465 8.750127044435107e-20 3.726262062591074e-12 3.725690580056052e-12 5.714825350219863e-16
1.6531753430134553 9.133772632468181e-20 4.008100002873744e-12 4.0072157928449325e-12 8.8421002881047735e-16
1.7035239163302658 9.536692073240901e-20 4.312364163148696e-12 4.3110160113862195e-12 1.3481517624752303e-15
1.755405889504358 9.965708346422691e-20 4.643603792761515e-12 4.641577186476061e-12 2.0266062854534068e-15
1.8088679632656115 1.0420558712864831e-19 5.003423972396185e-12 5.000419281515326e-12 3.0046908808597962e-15
1.8639582606462262 1.0900692262739412e-19 5.393363545181607e-12 5.3889681150536684e-12 4.395430127936673e-15
1.9207263702978936 1.1406981895756025e-19 5.815749396792987e-12 5.809402873655371e-12 6.3465231376172676e-15
1.979223391128241 1.194088621653241e-19 6.273368631632563e-12 6.264320288227939e-12 9.048343404624399e-15
2.039501978296691 1.250348767646684e-19 6.7690034331017966e-12 6.756260966680111e-12 1.2742466421685376e-14
2.1016163906111602 1.3099474142899738e-19 7.307633228165702e-12 7.289900890177123e-12 1.7732337988579423e-14
2.1656225393682647 1.3730623116592414e-19 7.893006173999031e-12 7.86861384345061e-12 2.4392330548420785e-14
2.231578038680979 1.439453537663641e-19 8.526664267694492e-12 8.493486450958677e-12 3.317781673581294e-14
2.299542257339062 1.5090767988479582e-19 9.21132636403304e-12 9.166690965209309e-12 4.463539882372873e-14
2.369576372248914 1.582014749532823e-19 9.950632155388437e-12 9.89121863484669e-12 5.941352054174792e-14
2.4417434235010123 1.6583881900031835e-19 1.0748692929280129e-11 1.067042341027762e-11 7.826951900250795e-14
2.5161083711144245 1.7385894537789018e-19 1.1611700259496791e-11 1.150962087455168e-11 1.0207938494510758e-13
2.5927381535095444 1.8233563243050432e-19 1.2548726079480556e-11 1.2416884132839361e-11 1.3184194664120388e-13
2.6717017477616296 1.9132766923184278e-19 1.3568604649430343e-11 1.3399931047967146e-11 1.686736014631971e-13
2.753070231689431 2.0092727086861116e-19 1.468336548444769e-11 1.4469559336772718e-11 2.1380614767497417e-13
2.836916847834745 2.1141354629217402e-19 1.59202121492573e-11 1.5651622885489522e-11 2.685892637677773e-13
2.9233170693905177 2.2341111107449243e-19 1.7336048923013973e-11 1.700164121091783e-11 3.344077120961455e-13
2.967498994190263 2.305640785893952e-19 1.8161497677830623e-11 1.7790350540594476e-11 3.711471372361455e-13
3.0123486681368425 2.381786947638096e-19 1.9044851139199354e-11 1.8633456326137543e-11 4.113948130618124e-13
3.0578761833420214 2.500851931060297e-19 2.0299124558847605e-11 1.9843561000778416e-11 4.555635580691986e-13
3.1040917844459814 2.638417888776431e-19 2.1739400838837235e-11 2.123593618809237e-11 5.03464650744861e-13
3.127460860933648 2.761288634028415e-19 2.292308800242362e-11 2.2394040712256923e-11 5.290472901666921e-13
3.1510058709225794 2.915640319134126e-19 2.4386675122235684e-11 2.383100861801697e-11 5.556665042187152e-13
3.162844764501044 3.0529720691130303e-19 2.5631270911630356e-11 2.5061846934601106e-11 5.694239770292512e-13
3.1747281389236908 3.2076910507271194e-19 2.7031397994338668e-11 2.644794946200237e-11 5.834485323362883e-13
3.1986289994194426 3.6237655612095027e-19 3.076758412316722e-11 3.0155199597341484e-11 6.123845258257419e-13
3.2227097969389145 4.57862751046205e-19 3.916750844632371e-11 3.852450996230344e-11 6.42998484020268e-13
3.2348180950136065 5.471122977702254e-19 4.6978135222749785e-11 4.6318811219692676e-11 6.593240030571163e-13
3.240889293275058 6.137053859435528e-19 5.27950935578623e-11 5.212715816399033e-11 6.679353938719439e-13
3.2469718861334385 6.908624259764485e-19 5.954420958904613e-11 5.88673639749514e-11 6.768456140947422e-13
3.2714166318528037 1.0947761282913373e-18 9.506717952525835e-11 9.435355133684173e-11 7.136281884165949e-13
3.2744851364798273 1.1200255196004112e-18 9.735099049261423e-11 9.663303864059665e-11 7.179518520175421e-13
3.2775565192852394 1.1459422042956193e-18 9.969705670617185e-11 9.89747605861961e-11 7.222961199757265e-13
3.283707930232385 1.1211608638521953e-18 9.772414611045727e-11 9.699410352763286e-11 7.300425828244195e-13
3.2898708863219004 1.0422252703567728e-18 9.101435301100771e-11 9.027728137461322e-11 7.370716363944871e-13
3.29141343181113 1.0235692163780016e-18 8.942708740948772e-11 8.86882512609761e-11 7.388361485116153e-13
3.292184975758714 1.0143961457073227e-18 8.864643037821495e-11 8.790671088550621e-11 7.397194927087509e-13
3.295272960557952 9.572460981700477e-19 8.373064420841878e-11 8.298749257896496e-11 7.431516294538541e-13
3.3076538914384823 7.576835157379347e-19 6.652384317790466e-11 6.576691664520119e-11 7.569265327034699e-13
3.310756385682612 7.16622005224682e-19 6.297770036387192e-11 6.221730384474576e-11 7.603965191261558e-13
3.313861789986515 6.78562503240377e-19 5.968891462284926e-11 5.892503760548333e-11 7.638770173659211e-13
3.3200813396944477 6.254767869276031e-19 5.51225567597205e-11 5.435118385485763e-11 7.713729048628737e-13
3.345076488085796 5.333206221694753e-19 4.735478431340605e-11 4.654998034890734e-11 8.048039644986976e-13
3.3482140837626964 5.371927319708115e-19 4.774333804869541e-11 4.693400416040425e-11 8.093338882911621e-13
3.3513546224236106 5.410985255298444e-19 4.81355755011486e-11 4.73216923849182e-11 8.138831162304147e-13
3.3576445397418455 5.680215591418213e-19 5.062545854042944e-11 4.980206032540177e-11 8.233982150276811e-13
3.3702598118196083 6.65115903480931e-19 5.950180592333306e-11 5.865845110911597e-11 8.433548142171032e-13
3.382922481734668 6.886134509581652e-19 6.183537244628079e-11 6.097265486175195e-11 8.627175845288505e-13
3.389271646505754 7.007142486707689e-19 6.304008067467122e-11 6.21675555083723e-11 8.725251662989051e-13
3.395632727569191 7.140389792290841e-19 6.435941149387803e-11 6.347677897640622e-11 8.826325174718209e-13
3.421196662673239 7.785925989636496e-19 7.070624013978708e-11 6.978180505142167e-11 9.244350883654002e-13
3.4276182099114902 7.672780172512663e-19 6.980951651670313e-11 6.887579048526208e-11 9.337260314410616e-13
3.4340518103208963 7.153179859898903e-19 6.520417755002215e-11 6.426168238655313e-11 9.424951634690299e-13
3.4469541582030403 6.407951744335937e-19 5.863057768762373e-11 5.7671288703119935e-11 9.592889845038075e-13
3.472904465399547 6.206700045046179e-19 5.7216729133807285e-11 5.621869689393696e-11 9.980322398703032e-13
3.4990501388274233 5.899933172574837e-19 5.479825023070623e-11 5.376065454739213e-11 1.0375956833140887e-12
3.5253949054701885 4.797435817749284e-19 4.489380118048238e-11 4.381790384323786e-11 1.0758973372445112e-12
3.5519380250092896 3.74805828340199e-19 3.533793342626122e-11 3.4223647114853024e-11 1.1142863114081846e-12
3.578680990867387 3.345280799176185e-19 3.177788560500408e-11 3.0621536945688945e-11 1.156348659315122e-12
3.605625307711299 3.1969922127886665e-19 3.059789886580628e-11 2.939731506669053e-11 1.2005837991157616e-12
3.660119384959845 3.118157812367794e-19 3.0294429321439456e-11 2.9001207100973145e-11 1.2932222204663128e-12
3.715437065384467 3.072128327392047e-19 3.0298330262633044e-11 2.8907879413098154e-11 1.3904508495348877e-12
3.8285932144167436 3.1120236028657496e-19 3.1626529703842424e-11 3.002861566884285e-11 1.5979140349995735e-12
3.94519561050918 3.184441776015346e-19 3.33481147328291e-11 3.1526220815831005e-11 1.8218939169980917e-12
4.06534921144712 3.26751312126548e-19 3.526018856530829e-11 3.319858948801742e-11 2.061599077290869e-12
4.189162171576248 3.3545370391921467e-19 3.73017491972043e-11 3.498480090072022e-11 2.316948296484088e-12
4.316745939156006 3.442388354913321e-19 3.94444392210502e-11 3.685806172955915e-11 2.5863774914910603e-12
4.448215356677963 3.5292869723312014e-19 4.167179530680429e-11 3.8806349919770265e-11 2.8654453870340193e-12
4.58368876423945 3.6146379642798284e-19 4.3979406040932e-11 4.082545987812064e-11 3.1539461628113613e-12
4.723288106065518 3.6985455658323356e-19 4.637082723795721e-11 4.29176443397664e-11 3.453182898190816e-12
4.867139040275056 3.7808926054776126e-19 4.88469585526856e-11 4.509287774305048e-11 3.754080809635112e-12
4.940699165968905 3.8231329073787407e-19 5.013918150972262e-11 4.6233203264645314e-11 3.905978245077299e-12
5.015371051989984 3.863547913062365e-19 5.14350071357229e-11 4.737673719880462e-11 4.058269936918293e-12
5.091171501069577 3.907692326480968e-19 5.280894872705014e-11 4.859449304674285e-11 4.214455680307278e-12
5.129500256944802 3.9289883783409574e-19 5.349648322971551e-11 4.920401034460687e-11 4.2924728851086364e-12
5.168117569889187 3.95028278207049e-19 5.4191354193006655e-11 4.9820054193736764e-11 4.371299999269885e-12
5.20702561229733 3.975560248784963e-19 5.494870813138081e-11 5.049069952970623e-11 4.4580086016745745e-12
5.246226572918644 4.000429929278065e-19 5.570871535456449e-11 5.1163842264620205e-11 4.544873089944291e-12
5.265937586045735 4.012712037047365e-19 5.608970232232224e-11 5.150135321833367e-11 4.588349103988565e-12
5.285722656980489 4.0248925197883276e-19 5.6471339904308804e-11 5.183949350174864e-11 4.6318464025601675e-12
5.305582063971359 4.036971586699524e-19 5.685362520032111e-11 5.217826617213129e-11 4.675359028189821e-12
5.3255160863122235 4.0497340993589037e-19 5.7247647244642345e-11 5.252836874482395e-11 4.719278499818391e-12
5.365609099470188 4.0810187778363814e-19 5.812420903498555e-11 5.331400815571486e-11 4.8102008792706935e-12
5.406003951863644 4.11220177374828e-19 5.900926536934962e-11 5.4108016442718974e-11 4.901248926630654e-12
5.446702915881641 4.1433058335891305e-19 5.990321234792108e-11 5.491083755798262e-11 4.992374789938487e-12
5.487708281020852 4.175827664653907e-19 6.082792713138712e-11 5.57439514474674e-11 5.083975683919734e-12
5.529022354014368 4.2213854189623674e-19 6.195448975656086e-11 5.677502686565059e-11 5.1794628909102846e-12
5.570647458961463 4.2678506654827213e-19 6.310798631103754e-11 5.7832933705827306e-11 5.2750526052102246e-12
5.612585937458331 4.3153361874540425e-19 6.429053977247144e-11 5.891984355452838e-11 5.370696217943076e-12
5.654840148729818 4.366157980518652e-19 6.553740052680796e-11 6.007051380053367e-11 5.4668867262743e-12
5.67608639626678 4.401751788531433e-19 6.631991786655522e-11 6.080259352590895e-11 5.5173243406462754e-12
5.686739436050992 4.419863507398176e-19 6.671778514057495e-11 6.117523013548976e-11 5.542555005085187e-12
5.6974124697621304 4.438193097042625e-19 6.712020718998716e-11 6.155241464622662e-11 5.567792543760549e-12
5.718818669136295 4.475530802499459e-19 6.793918140655733e-11 6.232089626467541e-11 5.618285141881926e-12
5.740305295436557 4.5165374472536805e-19 6.881926645952985e-11 6.315004581269239e-11 5.669220646837472e-12
5.7835210386641895 4.624197250814082e-19 7.099015165852921e-11 6.521572457414699e-11 5.774427084382234e-12
5.827062130521658 4.745217739795691e-19 7.339647913798404e-11 6.751566382424198e-11 5.880815313742064e-12
5.8489554468988025 4.8323171525619035e-19 7.502451148913874e-11 6.90859069970182e-11 5.938604492120567e-12
5.870931020387893 4.924204409716533e-19 7.673835469751573e-11 7.07418542127135e-11 5.9965004848022385e-12
5.892989160043636 5.021265538131947e-19 7.854494934057107e-11 7.249045238873405e-11 6.054496951837027e-12
5.915130176081913 5.131264246949919e-19 8.056717206979874e-11 7.445244487918958e-11 6.114727190609159e-12
5.95966208400165 5.442908097364111e-19 8.610375076137361e-11 7.9849860919529e-11 6.253889841844626e-12
6.004529249263818 5.890082732971275e-19 9.387928920750023e-11 8.746770973062786e-11 6.411579476872378e-12
6.027089341400364 6.20158121028152e-19 9.921549362156508e-11 9.27118455584301e-11 6.503648063134958e-12
6.049734195844842 6.565932091357376e-19 1.0543920274339861e-10 9.883781987072439e-11 6.601382872674248e-12
6.095279466722835 7.6178969708500165e-19 1.232531849092735e-10 1.1640834120618267e-10 6.844843703090816e-12
6.141167624020661 9.220421838680017e-19 1.50304220425471e-10 1.4313940220664594e-10 7.164818218825091e-12
6.164241091010745 1.0240677361448145e-18 1.6756284783976636e-10 1.6019529012226788e-10 7.367557717498495e-12
6.187401249150058 1.1385110951948945e-18 1.8698853585337872e-10 1.7941317073997345e-10 7.575365113405243e-12
6.1990139391386085 1.1939882929455816e-18 1.9646813135702339e-10 1.8878709569546586e-10 7.68103566155751e-12
6.204828454712694 1.2230634226028719e-18 2.014411491538945e-10 1.9370678044320857e-10 7.734368710686006e-12
6.210648424152782 1.2439944618763522e-18 2.0508071605156784e-10 1.9730132846152682e-10 7.779387590041023e-12
6.233982942956859 1.3137595068977605e-18 2.1739568238856742e-10 2.0946111806502036e-10 7.934564323547013e-12
6.239830258556775 1.3218940222742408e-18 2.1894692367592422e-10 2.1099217191090236e-10 7.954751765021838e-12
6.245683058788269 1.3213799935215358e-18 2.1906707118742883e-10 2.1109211367580844e-10 7.974957511620312e-12
6.257405133728602 1.3166499049049929e-18 2.1869256547394412e-10 2.1068302634306596e-10 8.009539130878118e-12
6.269149208991335 1.299376412025318e-18 2.1622854106899862e-10 2.082100997914405e-10 8.018441277558065e-12
6.280915325867298 1.2602589124021246e-18 2.1011262525521727e-10 2.0211698426862082e-10 7.995640986596465e-12
6.304513850009849 1.1655448185525292e-18 1.9505182324855062e-10 1.8713038405029056e-10 7.921439198260157e-12
6.32820103803542 1.0507391488376955e-18 1.7649996123961782e-10 1.6868314526224813e-10 7.816815977369727e-12
6.3519772230701035 9.461729938179424e-19 1.5953240530577859e-10 1.5181044253763827e-10 7.721962768140316e-12
6.375842739491607 8.579371654886213e-19 1.4519862756081935e-10 1.3756145256612577e-10 7.63717499469358e-12
6.399797922933955 7.879627731838035e-19 1.3385709455744958e-10 1.262687532069741e-10 7.588341350475472e-12
6.42384311029221 7.294818091839397e-19 1.2438809744162713e-10 1.1684137850428367e-10 7.546718937343447e-12
6.447978639727206 6.869233748326612e-19 1.1757129940911406e-10 1.1003827742466872e-10 7.53302198444538e-12
6.472204850670314 6.512463608091278e-19 1.1188374560779673e-10 1.0435890573493385e-10 7.524839872862872e-12
6.496522083828205 6.277992567666857e-19 1.0826077939729109e-10 1.0072159475749238e-10 7.539184639798716e-12
6.520930681187647 6.078642452584159e-19 1.0521692747469374e-10 9.766007662488895e-11 7.556850849804767e-12
6.57002334288761 5.861946457352974e-19 1.0222996048730375e-10 9.460692509817954e-11 7.6230353891242e-12
6.619489833774732 5.811375488829573e-19 1.0211108475734236e-10 9.439729262223813e-11 7.713792135104217e-12
6.6693287637831435 5.846481508949252e-19 1.0350137990294296e-10 9.568717808332718e-11 7.814201819615765e-12
6.719538636694507 5.895730480643859e-19 1.0515901519096644e-10 9.724995753746989e-11 7.909057653496525e-12
6.770126513364129 6.069427841290931e-19 1.090721741282014e-10 1.0105822792380596e-10 8.013946204395418e-12
6.8210952395837445 6.346508354670609e-19 1.1491015291079065e-10 1.0677587208697065e-10 8.134280823820008e-12
6.872447682569556 6.699065292200705e-19 1.2220671949574548e-10 1.1393729866340502e-10 8.269420832340477e-12
6.924186731123532 7.146072913839287e-19 1.3134261162838018e-10 1.229239869258433e-10 8.418624702536912e-12
6.976315295795916 7.495659206950492e-19 1.38805081802446e-10 1.3023574330980955e-10 8.569338492636458e-12
7.028836309048954 7.514580784124934e-19 1.4020310119827606e-10 1.3149560793582178e-10 8.70749326245432e-12
7.081752725421856 7.314423020151428e-19 1.3749606364793396e-10 1.2865673497048638e-10 8.839328677447605e-12
7.135067521697011 7.170892748421233e-19 1.3581281389511808e-10 1.2682497185405841e-10 8.987842041059688e-12
7.1887836970674375 7.227965505746599e-19 1.3792434198675044e-10 1.287583861631812e-10 9.165955823569283e-12
7.242904273305506 7.513705098761041e-19 1.4445624581706555e-10 1.3507423122219216e-10 9.382014594873415e-12
7.297432294932914 7.978780268968301e-19 1.5455249213666276e-10 1.448982809623498e-10 9.65421117431292e-12
7.352370829391971 8.508696057872734e-19 1.660580167207974e-10 1.56027901117863e-10 1.003011560293434e-11
7.379995003818881 8.840682313604699e-19 1.73185403386376e-10 1.629305261072675e-10 1.025487727910847e-11
7.407722967218148 9.204493659938804e-19 1.8098978672514393e-10 1.705000963848623e-10 1.0489690340281665e-11
7.463496598684601 1.01277739853751e-18 2.0064381333562082e-10 1.8962287272820968e-10 1.1020940607411182e-11
7.519690156487492 1.131610584428598e-18 2.258740714149696e-10 2.1422762467284357e-10 1.1646446742125996e-11
7.533803324048627 1.166088574688847e-18 2.331928614769526e-10 2.2136864159369073e-10 1.1824219883261809e-11
7.547942979602549 1.20192616643001e-18 2.4081072973774917e-10 2.2880598946248375e-10 1.2004740275265413e-11
7.57630195363571 1.276891971900729e-18 2.5679163039464153e-10 2.44415083844225e-10 1.2376546550416486e-11
7.590521371821866 1.3145034211284961e-18 2.648516977495977e-10 2.522802249437367e-10 1.2571472805861005e-11
7.604767477414989 1.3534979369290718e-18 2.732203043849561e-10 2.6045081901691424e-10 1.2769485368041845e-11
7.633339951266878 1.4309847963701674e-18 2.899472918814203e-10 2.767822602551951e-10 1.3165031626225215e-11
7.662019777021956 1.4888105713791694e-18 3.0279740266518615e-10 2.892787754400468e-10 1.3518627225139403e-11
7.690807358020558 1.5253651069646819e-18 3.113975374190918e-10 2.9758536976353316e-10 1.3812167655558542e-11
7.719703099118437 1.5396796548451086e-18 3.155007542116338e-10 3.0145953045534063e-10 1.4041223756293196e-11
7.748707406692464 1.5279569388222399e-18 3.1427498202000897e-10 3.0001274081712834e-10 1.426224120288069e-11
7.777823177463063 1.4979980216008607e-18 3.0927067230503886e-10 2.945143223394597e-10 1.4756349965579162e-11
7.807048350752435 1.4565233669946567e-18 3.0183789155798654e-10 2.865082826883351e-10 1.5329608869651432e-11
7.836380830085272 1.4021194411760135e-18 2.9165537037243394e-10 2.757588272951579e-10 1.5896543077276004e-11
7.851088371676256 1.3656810981178517e-18 2.8460897904195773e-10 2.6846673635993853e-10 1.6142242682019237e-11
7.86582351679805 1.3273979019914708e-18 2.771499202623213e-10 2.60779479030036e-10 1.6370441232285305e-11
7.89537682495964 1.243994100473998e-18 2.607117569334012e-10 2.439530584709003e-10 1.6758698462500876e-11
7.9250411701946435 1.1557215902948258e-18 2.4312195905357533e-10 2.2595137546201455e-10 1.717058359156076e-11
7.939915112024199 1.1096845377044492e-18 2.338755527670919e-10 2.1648598012846412e-10 1.738957263862778e-11
7.954816969689239 1.0662762719226247e-18 2.2514866150073695e-10 2.0752835180238602e-10 1.7620309698350968e-11
7.9847046421970465 9.867632319914153e-19 2.0914199568468625e-10 1.9101857136919747e-10 1.8123424315488767e-11
8.044817289139356 8.554948087672431e-19 1.8268504504185802e-10 1.6335044733519206e-10 1.933459770666595e-11
8.07504310897143 8.079672888940387e-19 1.7318411753240044e-10 1.5311921146488179e-10 2.0064906067518674e-11
8.105382492623747 7.664496985727048e-19 1.6490225889184677e-10 1.4406122399052687e-10 2.0841034901319905e-11
8.135835866775926 7.338457761175087e-19 1.5848071080759221e-10 1.3688079639703505e-10 2.1599914410557087e-11
8.166403659710703 7.098226617031168e-19 1.5386864754821903e-10 1.3144822093996124e-10 2.2420426608257805e-11
8.197086301319933 6.924792968607841e-19 1.5067310368750576e-10 1.2739754442354997e-10 2.3275559263955755e-11
8.227884223110665 6.77709085309538e-19 1.480133584058654e-10 1.238341081877878e-10 2.4179250218077565e-11
8.258797858211198 6.710731899325545e-19 1.471147297065158e-10 1.2173499930846077e-10 2.537973039805508e-11
8.289827641377162 6.762576407897188e-19 1.488082875996121e-10 1.2100192416402562e-10 2.7806363435586496e-11
8.320974008997652 6.886933833079949e-19 1.5211411287868142e-10 1.2139394082326214e-10 3.0720172055419305e-11
8.35223739910135 7.042963202477949e-19 1.5614485630235923e-10 1.2224761768743812e-10 3.389723861492113e-11
8.383618251362687 7.294532236247411e-19 1.623298455306359e-10 1.2525177747779055e-10 3.707806805284529e-11
8.415117007108037 7.617043692774172e-19 1.7014376500247677e-10 1.29618539080014e-10 4.0525225922462776e-11
8.446734109321913 8.006288697632532e-19 1.7951035373274727e-10 1.3548045032047802e-10 4.40299034122693e-11
8.478470002653195 8.466929142972844e-19 1.905517081798889e-10 1.4295174053304393e-10 4.759996764684492e-11
8.542299949622933 9.440894634067192e-19 2.1407078452467395e-10 1.590392886216461e-10 5.5031495903027814e-11
8.558332380220154 9.65252753615324e-19 2.192803074552956e-10 1.6235710315013195e-10 5.692320430516362e-11
8.574394900937412 9.804112947853622e-19 2.231419481374469e-10 1.6434182154380697e-10 5.880012659363995e-11
8.606610438733982 9.907011888087366e-19 2.2633111508646055e-10 1.6385468806497633e-10 6.247642702148417e-11
8.622764948673899 9.880450144968667e-19 2.2614797945056057e-10 1.618349740254077e-10 6.431300542515291e-11
8.638949780445296 9.761582924316672e-19 2.2384666602992004e-10 1.5775211468811792e-10 6.609455134180208e-11
8.655163606183647 9.642675710441177e-19 2.2153496252621215e-10 1.536177051633412e-10 6.791725736287093e-11
8.671407862489573 9.493195965550538e-19 2.1851008850176513e-10 1.4877010579101172e-10 6.97399827107534e-11
8.703987895363145 9.124067968196025e-19 2.108027262842167e-10 1.3742904181510232e-10 7.337368446911441e-11
8.736690337257128 8.818722636064853e-19 2.045135368414597e-10 1.273388415452768e-10 7.71746952961829e-11
8.802464289484785 8.368208199591541e-19 1.9552675006959098e-10 1.1036658482187891e-10 8.516016524771209e-11
8.868733419248175 8.225719197203223e-19 1.9364438733701845e-10 9.905519045909683e-11 9.458919687792166e-11
8.935501454478851 8.378701531901237e-19 1.9873075526359263e-10 9.149562956713462e-11 1.0723512569645802e-10
9.002772151174003 8.657780606502201e-19 2.0689608282106532e-10 8.635328691593346e-11 1.2054279590513178e-10
9.07054929360775 9.005469650438258e-19 2.1682501635132644e-10 8.27280346179339e-11 1.3409698173339254e-10
9.13883669454403 9.397500281207563e-19 2.2796737437377085e-10 8.003575304249481e-11 1.47931621331276e-10
9.207638195451068 9.803601528340078e-19 2.396091120352243e-10 7.811661719509359e-11 1.6149249484013068e-10
9.276957666717493 1.0255420842806961e-18 2.525390222487281e-10 7.639828916710317e-11 1.7614073308162494e-10
9.346799007870057 1.0690989890550567e-18 2.652468626268034e-10 7.518061141131331e-11 1.9006625121549002e-10
9.417166147792997 1.1144821271005912e-18 2.785882363224547e-10 7.405909300364957e-11 2.0452914331880517e-10
9.488063044949055 1.1421677785602737e-18 2.876582930454569e-10 7.323400741901259e-11 2.1442428562644433e-10
9.559493687602165 1.1716642278755062e-18 2.97308615477309e-10 7.245768137946325e-11 2.2485093409784573e-10
9.631462094041797 1.1988196831653012e-18 3.064894414760039e-10 7.188277762512017e-11 2.346066638508838e-10
9.703972312809022 1.2252983584383485e-18 3.156173241265508e-10 7.133317439073855e-11 2.442841497358122e-10
9.777099908821425 1.232040000313166e-18 3.1974539197649585e-10 7.094134864256112e-11 2.4880404333393483e-10
9.924867353363874 1.2352724533801018e-18 3.254294864781558e-10 7.033207904326482e-11 2.550974074348909e-10
10.074868099996943 1.2080168439749317e-18 3.2305896103200246e-10 7.00496395461549e-11 2.530093214858475e-10
10.150790707826552 1.1856408614698013e-18 3.19464396927231e-10 7.000366784263191e-11 2.4946072908459906e-10
10.22721067892732 1.1633870117200122e-18 3.1582815730053123e-10 7.01551399625271e-11 2.4567301733800406e-10
10.304205975847633 1.1412570911271195e-18 3.12152957119653e-10 7.033958540103682e-11 2.418133717186162e-10
10.381780929913377 1.1129050836736565e-18 3.066898617294112e-10 7.081035954267145e-11 2.358795021867398e-10
10.459939905058707 1.0853119489387092e-18 3.0133751807293933e-10 7.135818997144615e-11 2.2997932810149322e-10
10.538687298071551 1.0565791896097186e-18 2.9556840230422854e-10 7.238510737229976e-11 2.2318329493192882e-10
10.618027538840941 1.0286515884365408e-18 2.8992227340367777e-10 7.357677152677737e-11 2.1634550187690033e-10
10.697971937068667 9.971345550384032e-19 2.8315527331104383e-10 7.550370883164702e-11 2.0765156447939681e-10
10.778518246224262 9.691997573691695e-19 2.772948418471189e-10 7.833968193261108e-11 1.989551599145078e-10
10.859664048220797 9.471833472526763e-19 2.730359776125932e-10 8.271378069144206e-11 1.9032219692115112e-10
10.941420754335242 9.341657332200023e-19 2.713108018178988e-10 8.951476072910422e-11 1.8179604108879452e-10
10.961955922839442 9.33350858545207e-19 2.715828964731068e-10 9.192396075033688e-11 1.7965893572276988e-10
10.982529632329763 9.336348490822549e-19 2.721754005299098e-10 9.4631988864175e-11 1.7754341166573473e-10
11.023792963743814 9.384801293286236e-19 2.7461582667029277e-10 1.0125376244622528e-10 1.733620642240675e-10
11.065211328886559 9.50523200530124e-19 2.7918486277963783e-10 1.0998108550812219e-10 1.692037772715156e-10
11.08597883104876 9.607575636581853e-19 2.82720493464231e-10 1.1558938608018908e-10 1.6713110738404188e-10
11.106785310247485 9.731993327780286e-19 2.8691920100394397e-10 1.2185701033672026e-10 1.6506219066722377e-10
11.14851549250461 1.0059262724838628e-18 2.9768203492979006e-10 1.3674475072775417e-10 1.6093728420203592e-10
11.169441129330048 1.0241346789097218e-18 3.0363927711243924e-10 1.4472667613000412e-10 1.589126009824351e-10
11.190406043337886 1.0391293050551862e-18 3.0866321184103627e-10 1.5177795223896775e-10 1.568852596020686e-10
11.21140851448765 1.0532246678573855e-18 3.1343726764060807e-10 1.5859510724044667e-10 1.5484216040016132e-10
11.22192452720434 1.0608773851536723e-18 3.160108311809765e-10 1.6218035528032774e-10 1.5383047590064883e-10
11.232450403670388 1.0617027071773582e-18 3.1655331614355004e-10 1.6365637847654754e-10 1.5289693766700253e-10
11.253533585369773 1.0575060011194479e-18 3.158938602782607e-10 1.6481140744016482e-10 1.5108245283809586e-10
11.274656339961506 1.0499926334008233e-18 3.1423821439542274e-10 1.6494111673674364e-10 1.4929709765867913e-10
11.285231677511122 1.0462924504373914e-18 3.1342454492489326e-10 1.6500576588335787e-10 1.484187790415354e-10
11.295816934455262 1.0372658842630083e-18 3.110120190044059e-10 1.6347431705730894e-10 1.4753770194709693e-10
11.317017243752359 1.0165605710515382e-18 3.0537583785586277e-10 1.595924380971113e-10 1.4578339975875144e-10
11.338257342390673 9.960460115360307e-19 2.9977481503631016e-10 1.557305450247119e-10 1.4404427001159828e-10
11.359537305047965 9.747110751972736e-19 2.939043242526439e-10 1.5161426352507863e-10 1.4229006072756528e-10
11.402217121831576 9.292456670040942e-19 2.8124789739748614e-10 1.4253406174326708e-10 1.3871383565421911e-10
11.423617126015266 9.06110791081913e-19 2.747605483603053e-10 1.378529978549843e-10 1.3690755050532106e-10
11.445057294333186 8.826706866518937e-19 2.6815512900807427e-10 1.3310242203323937e-10 1.3505270697483495e-10
11.488058425037956 8.353844468920975e-19 2.547431143801041e-10 1.235388611942433e-10 1.3120425318586075e-10
11.53122111869469 7.9243256551842315e-19 2.425532219767794e-10 1.1509186864109836e-10 1.27461353335681e-10
11.574545982324347 7.533178441417176e-19 2.3144705150488406e-10 1.0762579357758145e-10 1.2382125792730257e-10
11.618033625228566 7.175471381016007e-19 2.2128526641636657e-10 1.0107909667912048e-10 1.2020616973724612e-10
11.661684658998247 6.848693333231065e-19 2.1200126224095035e-10 9.56312959081405e-11 1.1636996633280983e-10
11.705499697522141 6.562804654220541e-19 2.0391485672859444e-10 9.142154477242345e-11 1.1249331195617101e-10
11.749479356995494 6.3052768181502285e-19 1.9664921342337396e-10 8.811454565577987e-11 1.0853466776759413e-10
11.793624255928705 6.066360069808099e-19 1.899087190703231e-10 8.52756493091904e-11 1.046330697611327e-10
11.83793501515603 5.855106579353968e-19 1.8398405627700667e-10 8.342486371051491e-11 1.0055919256649177e-10
11.882412257844306 5.655807713409822e-19 1.783892522061433e-10 8.182333161135225e-11 9.656592059479106e-11
11.92705660950172 5.475411351725645e-19 1.7334825157086035e-10 8.091316932573526e-11 9.243508224512515e-11
11.971868697986617 5.30450281012056e-19 1.6856836012828214e-10 8.019065443384346e-11 8.837770569443866e-11
12.016849153516302 5.1497426878363135e-19 1.6426520204998665e-10 8.016092594162214e-11 8.410427610836451e-11
12.061998608675935 5.003594354934235e-19 1.6020305770727411e-10 8.026400005383305e-11 7.993905765344102e-11
12.152807060118223 4.746887417365901e-19 1.5312812603067758e-10 8.174123277752468e-11 7.138689325315291e-11
12.198467333490619 4.635349600022419e-19 1.5009187913655953e-10 8.314172728011755e-11 6.695015185644196e-11
12.244299160690385 4.534560963714854e-19 1.4738001965362786e-10 8.472915453997194e-11 6.265086511365597e-11
12.290303186275983 4.444284821475922e-19 1.449886190473662e-10 8.68856965129907e-11 5.8102922534375463e-11
12.3364800572276 4.386592426435001e-19 1.4364416149748575e-10 8.92453910328071e-11 5.439877046467866e-11
12.382830422956244 4.409305356857549e-19 1.4493041458565877e-10 9.198371817979245e-11 5.2946696405866334e-11
12.429354935312874 4.436931767038979e-19 1.4638641432789466e-10 9.48506741842048e-11 5.1535740143689874e-11
12.476058240797144 4.460704602778731e-19 1.4772373878776471e-10 9.755916105637002e-11 5.0164577731394704e-11
12.522937033967983 4.494382661993389e-19 1.49398307148469e-10 1.0029174687651111e-10 4.9106560271957835e-11
12.569987951963114 4.54058421157918e-19 1.5150118478643747e-10 1.023148793388767e-10 4.9186305447560785e-11
12.593579661530361 4.551526750864683e-19 1.5215132064072e-10 1.0293003235001325e-10 4.922128829070682e-11
12.617215648686605 4.554923649636512e-19 1.5255064935622284e-10 1.0329751772497205e-10 4.925313163125082e-11
12.664620788327802 4.531763584702893e-19 1.5234523278796153e-10 1.0304032614453898e-10 4.9304906643422525e-11
12.71220403757155 4.477744181386351e-19 1.5109481671059724e-10 1.0175082120628368e-10 4.9343995504313576e-11
12.736062662318053 4.438114411931257e-19 1.5003863833917156e-10 1.0068047822367145e-10 4.935816011550005e-11
12.759966065607527 4.391458034850541e-19 1.4873996994913614e-10 9.937073591942841e-11 4.936923402970774e-11
12.807907544139693 4.2754149597458994e-19 1.4535363245414542e-10 9.597337248295889e-11 4.9380259971186536e-11
12.856029147395699 4.15129168530779e-19 1.416640100321369e-10 9.22802557965324e-11 4.9383754235604494e-11
12.904331552136407 4.023061706998036e-19 1.378039416174421e-10 8.841924022722346e-11 4.93847013902186e-11
12.95281543766539 3.8942556587022955e-19 1.3389306092930994e-10 8.451469852887235e-11 4.937836240043753e-11
13.00148148583848 3.776726839499965e-19 1.303400398805733e-10 8.096895320235445e-11 4.937108667821885e-11
13.050330381073369 3.6693244403785684e-19 1.271092198083677e-10 7.774633923601601e-11 4.936288057235171e-11
13.099362810359226 3.571434171731996e-19 1.2418303039895847e-10 7.482982595904093e-11 4.935320443991751e-11
13.197981031955921 3.403060742217613e-19 1.1921931822706794e-10 6.989314363965833e-11 4.932617458740958e-11
13.247568211189632 3.332140163995806e-19 1.171733532832858e-10 6.786441046640393e-11 4.930894281688183e-11
13.297341698339563 3.267080640092487e-19 1.1531720723012178e-10 6.602725128374157e-11 4.928995594638019e-11
13.397450398986955 3.15583196514443e-19 1.1222909521681077e-10 6.298844965099437e-11 4.9240645565816374e-11
13.447787020368724 3.107837295793061e-19 1.1093753954584497e-10 6.172841442213807e-11 4.9209125123706886e-11
13.498312765455129 3.062799687253333e-19 1.0974064639658721e-10 6.056605969290588e-11 4.917458670368135e-11
13.59993447169816 2.9825467184158217e-19 1.0766970025986424e-10 5.858542050924085e-11 4.908427975062338e-11
13.702321234386334 2.9181782064350827e-19 1.0613909678870717e-10 5.695362017389509e-11 4.9185476614812065e-11
13.805478813227746 2.912157155683365e-19 1.0671751774935416e-10 5.559143962095626e-11 5.1126078128397915e-11
13.90941301129231 2.9144701604650064e-19 1.076063372721103e-10 5.435547793193823e-11 5.325085934017211e-11
13.96167316792965 2.9338571825072655e-19 1.087291190537711e-10 5.38485169762646e-11 5.4880602077506527e-11
14.014129675338197 2.955246750213434e-19 1.0993331224012461e-10 5.3383112323707795e-11 5.655019991641681e-11
14.119634696140762 3.005252669335319e-19 1.1263513538557491e-10 5.270140678696803e-11 5.99337285986069e-11
14.225934008823913 3.0566349058494417e-19 1.1542338087984631e-10 5.206948761315372e-11 6.33538932666926e-11
14.333033593193976 3.111575400893763e-19 1.183826019704995e-10 5.144450955736223e-11 6.693809241313727e-11
14.44093947407611 3.162545744787196e-19 1.2122765291915727e-10 5.080319315196887e-11 7.042445976718837e-11
14.54965772165321 3.2174901075383463e-19 1.2426231209620613e-10 5.017354301976337e-11 7.408876907644277e-11
14.659194451807393 3.2765237817528064e-19 1.2749491486715672e-10 4.955500721833767e-11 7.793990764881904e-11
14.769555826464039 3.3386894797280607e-19 1.3089193753736964e-10 4.894287524932328e-11 8.194906228804636e-11
14.992777389284976 3.4542428067094335e-19 1.3746887786556842e-10 4.767906023652646e-11 8.978981762904197e-11
15.21937263962189 3.5840554042155626e-19 1.447907768731824e-10 4.646298943169046e-11 9.832778744149197e-11
15.449392566130673 3.7209095087296783e-19 1.5259136217411584e-10 4.520788192111357e-11 1.0738348025300224e-10
15.682888928090767 4.0162601324546274e-19 1.671927087173374e-10 4.401330855880085e-11 1.2317940015853653e-10
15.919914267052077 4.339593727919135e-19 1.8338306643678183e-10 4.2802037687592356e-11 1.4058102874918944e-10
16.03976693895051 4.491889147751504e-19 1.9124783026743722e-10 4.222240344944544e-11 1.4902542681799178e-10
16.1605219186579 4.653275068367079e-19 1.9961057299818665e-10 4.1755809783976786e-11 1.578547632142099e-10
16.22123989475974 4.721945483232723e-19 2.0331735386424615e-10 4.1535624406629666e-11 1.617817294576164e-10
16.282185999175777 4.792333002576707e-19 2.0712338383638106e-10 4.13158927195331e-11 1.6580749111684792e-10
16.312744867225646 4.828181867896067e-19 2.0906440540932444e-10 4.1206198560763394e-11 1.6785820684856102e-10
16.343361089024967 4.864473538307941e-19 2.1103119314724635e-10 4.1096619664129936e-11 1.6993457348311644e-10
16.404766024646595 4.938403803928253e-19 2.1504337730148884e-10 4.087781012295349e-11 1.7416556717853534e-10
16.466401669612416 5.014161334519588e-19 2.1916259886747282e-10 4.065946901682954e-11 1.7850312985064333e-10
16.497306278852424 5.0527372824230905e-19 2.21263199472184e-10 4.055047565027067e-11 1.8071272382191335e-10
16.528268890738765 5.091784503040494e-19 2.233915891360573e-10 4.0441601225496774e-11 1.8294998791056055e-10
16.590368558098763 5.171312540349012e-19 2.2773314996913347e-10 4.0224211653257945e-11 1.8750893831587546e-10
16.65270154503456 5.248939557440457e-19 2.3202015010361436e-10 4.00065958768962e-11 1.920135542267181e-10
16.715268728169598 5.311622668217982e-19 2.356730985251879e-10 3.9786492364788495e-11 1.9588660616039934e-10
16.778070987420957 5.375496243287585e-19 2.394032397704731e-10 3.956697548152822e-11 1.9983626428894483e-10
16.9043842704834 5.506884467863789e-19 2.471011433152765e-10 3.9129712672059717e-11 2.079714306432167e-10
17.03164849990255 5.643246389547622e-19 2.5512624142700565e-10 3.869482992000131e-11 2.1643141150700432e-10
17.159870834853997 5.780874376554728e-19 2.6331583647372895e-10 3.826160262403594e-11 2.2505423384969295e-10
17.289058488411015 5.885424464020453e-19 2.7009625759223716e-10 3.782387496768265e-11 2.3227238262455446e-10
17.35401657858945 5.938748884928604e-19 2.735674378260217e-10 3.760608839403823e-11 2.359613494319834e-10
17.386587088641786 5.965675861291959e-19 2.753235914356177e-10 3.7497464535615495e-11 2.3782612690000223e-10
17.419218727950305 5.992780279979982e-19 2.770935779663817e-10 3.7389020351779373e-11 2.397045576146024e-10
17.48466585346766 6.047524260388121e-19 2.8067542524516144e-10 3.717267120472318e-11 2.435027540404383e-10
17.550358875560836 6.102986492523675e-19 2.843137367212684e-10 3.6957041360532705e-11 2.4735669536073566e-10
17.682486308455736 6.198699845998446e-19 2.90946656641202e-10 3.652716987050851e-11 2.544194867706935e-10
17.81560845938729 6.128494346836622e-19 2.898170171800873e-10 3.609303317478052e-11 2.537239840053068e-10
17.882544892141226 6.093503113069754e-19 2.8924495607633075e-10 3.58772344342014e-11 2.533677216421294e-10
17.949732817065083 6.057284885687183e-19 2.8860604365983615e-10 3.566227832132415e-11 2.5294376533851206e-10
18.084866926577256 5.974061951541808e-19 2.8678370586105105e-10 3.523488355465529e-11 2.515488223063958e-10
18.221018389814958 5.890873896260899e-19 2.8491925857923566e-10 3.4811386685358635e-11 2.5010787189387706e-10
18.496404071615608 5.713001181943263e-19 2.8049236959946197e-10 3.398617546818788e-11 2.4650619413127405e-10
18.635790038622734 5.62575519281561e-19 2.7829030167130976e-10 3.359502921687521e-11 2.446952724544345e-10
18.776226396166493 5.538987352061313e-19 2.760629469185512e-10 3.3205650726136795e-11 2.4285729619241443e-10
18.91772105982334 5.448950348443694e-19 2.7362205555870507e-10 3.281579958864226e-11 2.408062559700628e-10
19.203636446149176 5.272331216643898e-19 2.687544067737652e-10 3.204361672137171e-11 2.367107900523935e-10
19.4938730510763 5.095627719833661e-19 2.636727556463619e-10 3.127649198604847e-11 2.3239626366031335e-10
19.78849618389234 4.920052604487302e-19 2.5843538125138523e-10 3.0515922978520414e-11 2.2791945827286472e-10
20.08757214094514 4.745501015922301e-19 2.5303404211442886e-10 2.976159443828878e-11 2.232724476761402e-10
20.391466406516905 4.57283406127054e-19 2.475160315243303e-10 2.9014222279035395e-11 2.185018092452949e-10
20.699681925472166 4.400271553741576e-19 2.417756636337063e-10 2.827718813315012e-11 2.1349847550055622e-10
21.012556099387844 4.2211561821817867e-19 2.3543972415528304e-10 2.7550501158129145e-11 2.078892229971538e-10
21.652507708764745 3.8706809479921887e-19 2.2246669851024463e-10 2.6165881504352058e-11 1.9630081700589259e-10
21.979755641372343 3.703990337528535e-19 2.1610366781685317e-10 2.54915734681606e-11 1.906120943486926e-10
22.311949477282987 3.542635654129098e-19 2.0981350559508622e-10 2.4825904292043548e-11 1.8498760130304274e-10
22.64916396703608 3.3864431486856364e-19 2.035941982869138e-10 2.416867149850893e-11 1.7942552678840488e-10
22.991811201917592 3.2353437141817487e-19 1.974526848297438e-10 2.3520124426324468e-11 1.7393256040341936e-10
23.339642165776596 3.0893114874486334e-19 1.9139268086264828e-10 2.2880585199072887e-11 1.685120956635754e-10
23.69273528050995 2.94839810813949e-19 1.854260551422125e-10 2.2250899690191942e-11 1.6317515545202055e-10
24.414313559781952 2.681993619017921e-19 1.738087720585896e-10 2.104106133334924e-11 1.5276771072524029e-10
24.78366481022829 2.5574214132072513e-19 1.6824309809584958e-10 2.045660926668893e-11 1.4778648882916065e-10
25.15860378059443 2.4386266851368863e-19 1.628550725753296e-10 1.9885070666674722e-11 1.4297000190865487e-10
25.924826076583233 2.2160703198104158e-19 1.5249964115349363e-10 1.877340932323847e-11 1.3372623183025518e-10
26.714384190886577 2.0108308390267942e-19 1.4259035086141457e-10 1.7705974634072153e-11 1.2488437622734243e-10
27.527988831636016 1.821154971600779e-19 1.3307326734139209e-10 1.6683090656112874e-11 1.1639017668527922e-10
28.366372352060132 1.646744172698442e-19 1.239936280733868e-10 1.5707066573522876e-11 1.0828656149986392e-10
29.2302894097004 1.486298498093715e-19 1.153210498227958e-10 1.4779395361017016e-11 1.0054165446177875e-10
30.12051764570424 1.3406215085570127e-19 1.0718599582191513e-10 1.389472122121792e-11 9.329127460069722e-11
30.575747924857424 1.273665490734975e-19 1.033717585066439e-10 1.3466916414760427e-11 8.99048420918835e-11
31.037858384806153 1.2103787669733274e-19 9.972004752175764e-11 1.3048710873952359e-11 8.667133664780529e-11
31.983137356627505 1.0926854769733926e-19 9.276532428861319e-11 1.224503992228329e-11 8.052028436632989e-11
32.95720543894392 9.872331197667235e-20 8.636534831854755e-11 1.1487509983420626e-11 7.487783833512695e-11
33.960939423588975 8.91431287450186e-20 8.035945840195784e-11 1.0769531940063687e-11 6.958992646189416e-11
34.99524280568484 8.033569736017913e-20 7.462545844134128e-11 1.0084390762083665e-11 6.45410676792576e-11
36.06104659690874 7.230973222533211e-20 6.921568374009545e-11 9.435416464533008e-12 5.978026727556243e-11
37.159310163528254 6.496548818357936e-20 6.407959856364538e-11 8.827413206507801e-12 5.525218535713757e-11
38.29102208995955 5.830276799241258e-20 5.925917021619765e-11 8.254459226282636e-12 5.1004710989915e-11
39.45720106862597 5.2214883914555126e-20 5.468774610834794e-11 7.710397450507246e-12 4.6977348657840704e-11
40.65889681691763 4.6709195669806514e-20 5.0411243780429085e-11 7.196802661831752e-12 4.321444111859736e-11
41.897191022077855 4.175905140953721e-20 4.6441363789635474e-11 6.715485615070793e-12 3.972587817456469e-11
43.173198314866475 3.73092382197875e-20 4.275629231527014e-11 6.2633532941977366e-12 3.6492939021072405e-11
44.48806727287728 3.327302118918994e-20 3.9292097082247786e-11 5.837385631675841e-12 3.345471145057194e-11
45.8429814544115 2.963933105378291e-20 3.6067055271824174e-11 5.436948391591306e-12 3.0630106880232873e-11
47.23916046383907 2.6350481906869583e-20 3.304153126569189e-11 5.061611037946537e-12 2.797992022774536e-11
48.67786104940597 2.3396554952315617e-20 3.0231022307133296e-11 4.709884733083097e-12 2.5521137574050197e-11
50.16037823447602 2.0732606882953812e-20 2.7604770995981862e-11 4.380453562610818e-12 2.3224317433371037e-11
51.68804648322576 1.8346662126430476e-20 2.5171935756616692e-11 4.0720607587107134e-12 2.1099874997905982e-11
53.26224090184056 1.6202831078517386e-20 2.2907609538126442e-11 3.78324927330838e-12 1.912436026481806e-11
54.884378476295105 1.4287898412072937e-20 2.0815485137716244e-11 3.513044899946401e-12 1.7302440237769846e-11
56.55591934783037 1.2574617003827064e-20 1.8877403800171415e-11 3.2610535840850137e-12 1.56163502160864e-11
58.27836812727644 1.104887692891446e-20 1.7092081365562593e-11 3.026150042901802e-12 1.4065931322660792e-11
60.05327524940399 9.719071141391653e-21 1.5492834889214726e-11 2.806522845341333e-12 1.2686312043873397e-11
61.88223836852342 8.562049491248577e-21 1.4064140012303667e-11 2.6012386827089784e-12 1.1462901329594687e-11
62.81758386220369 8.037575020401575e-21 1.3402187847675419e-11 2.504026107343173e-12 1.0898161740332249e-11
63.7670670344103 7.558253580656878e-21 1.2793439909627216e-11 2.4103387848208506e-12 1.0383101124806365e-11
65.70913619443517 6.703826715004768e-21 1.1692785180793313e-11 2.2331433887055865e-12 9.459641792087729e-12
67.71035238438829 5.937896343012716e-21 1.0672277739289517e-11 2.0678929457416747e-12 8.60438479354784e-12
69.77251696707448 5.248029540217346e-21 9.719638082048855e-12 1.9135627902782858e-12 7.80607529177057e-12
71.89748616702131 4.633585304263597e-21 8.843013779691805e-12 1.7702622942172335e-12 7.07275148547457e-12
74.08717274132995 4.087882340617611e-21 8.039163143857346e-12 1.637660179769704e-12 6.401502964087641e-12
76.34354770141287 3.605029013979057e-21 7.30550992737185e-12 1.5144091274361759e-12 5.791100799935675e-12
78.66864208716851 3.1786900753633106e-21 6.637725261526282e-12 1.3995536788095875e-12 5.238171582716693e-12
81.06454879518883 2.8036009754441405e-21 6.032767737422685e-12 1.2929530303552105e-12 4.739814707067475e-12
83.5334244626476 2.4770018045720595e-21 5.49232264414153e-12 1.1943336991023628e-12 4.297988945039167e-12
86.07749140856238 2.1882149409925826e-21 4.9997583431122164e-12 1.102906486475853e-12 3.896851856636363e-12
88.69903963417964 1.9294565165040896e-21 4.5427971658879855e-12 1.0180151497548108e-12 3.5247820161331746e-12
91.4004288842828 1.699986037755849e-21 4.124421300754831e-12 9.3933602407572e-13 3.1850852766791114e-12
94.18409077127889 1.496982631236391e-21 3.7425166753326205e-12 8.665344512189765e-13 2.8759822241136438e-12
97.05253096397554 1.3178910884821775e-21 3.395125401424414e-12 7.991520052029002e-13 2.5959733962215123e-12
100.00833144301866 1.162294472930851e-21 3.0854732611012142e-12 7.368177720870906e-13 2.348655489014123e-12
103.05415282502196 1.0253848351332814e-21 2.8049286645739537e-12 6.79156207261333e-13 2.1257724573126203e-12
106.19273675747671 9.06662326125514e-22 2.555699668589012e-12 6.257690666322227e-13 1.9299306019567886e-12
109.4269083866038 8.020779237164413e-22 2.329754318704244e-12 5.764024946176401e-13 1.7533518240866038e-12
112.75957890036308 7.083205918959373e-22 2.1200824254018185e-12 5.308865741753238e-13 1.5891958512264947e-12
116.1937481489129 6.250080427058545e-22 1.927692689178263e-12 4.888694646011567e-13 1.438823224577106e-12
119.73250734487735 5.503132921562141e-22 1.7490068608923836e-12 4.4996209850223873e-13 1.2990447623901455e-12
123.37904184585196 4.840233091145643e-22 1.5851745924256132e-12 4.140044245582718e-13 1.1711701678673412e-12
127.13663402165271 4.248428792813415e-22 1.433733674457236e-12 3.8093243402455185e-13 1.0528012404326845e-12
131.0086662088879 3.7247241684968165e-22 1.2952797475382735e-12 3.504720103164711e-13 9.448077372218022e-13
134.99862375551584 3.2592103244931814e-22 1.1679147990330125e-12 3.222906866570141e-13 8.456241123759983e-13
139.11009815812417 2.848410655682936e-22 1.051794006873592e-12 2.962544783898049e-13 7.55539528483787e-13
143.3467902947586 2.4881056451668663e-22 9.467301817886037e-13 2.723259694369594e-13 6.744042123516444e-13
147.71251375620898 2.17278592474244e-22 8.519295085352447e-13 2.50326745940498e-13 6.016027625947469e-13
152.21119827875228 1.9068228373521806e-22 7.704179318931241e-13 2.300212736025521e-13 5.403966582905721e-13
156.84689328144228 1.6810496818823345e-22 6.998837381366102e-13 2.1128167304936707e-13 4.886020650872432e-13
159.21741877681018 1.5781030843576444e-22 6.669532306713196e-13 2.0248115651103374e-13 4.644720741602858e-13
161.62377151112827 1.4806573688768053e-22 6.352274285405956e-13 1.9404371629999495e-13 4.411837122406007e-13
166.54613279848823 1.301487131066378e-22 5.753655621028232e-13 1.781981997901248e-13 3.971673623126983e-13
171.61840792845166 1.1444453304648134e-22 5.213487700809954e-13 1.636072553001685e-13 3.577415147808269e-13
176.84516262850022 1.0074907998147587e-22 4.729374514696142e-13 1.5016782807090768e-13 3.227696233987065e-13
179.5181642894721 9.452648596858392e-23 4.5043418677633725e-13 1.4385669310339446e-13 3.0657749367294286e-13
182.2315681744764 8.857442625266476e-23 4.2845122941813796e-13 1.3780514735246597e-13 2.906460820656719e-13
187.78155384880017 7.753330876320183e-23 3.8646545484506833e-13 1.264424685967045e-13 2.6002298624836375e-13
190.61961427604518 7.255221466880182e-23 3.671027969041636e-13 1.211100148489591e-13 2.459927820552045e-13
193.5005680909718 6.790974685943292e-23 3.488058732376953e-13 1.159973902198427e-13 2.3280848301785246e-13
199.3937587803602 5.959937830388154e-23 3.154443281132329e-13 1.0639836271404493e-13 2.0904596539918804e-13
205.46643057848152 5.242706344243054e-23 2.8593402777291795e-13 9.7573241544964e-14 1.8836078622795393e-13
211.72404970390772 4.6348385161021607e-23 2.6047990970930437e-13 8.945657839990654e-14 1.7102333130939789e-13
218.17224885259444 4.0988296381498e-23 2.373716284207518e-13 8.200171464100453e-14 1.5536991377974723e-13
224.8168322680627 3.613245528465284e-23 2.1562332121668741e-13 7.516547462126162e-14 1.4045784659542589e-13
231.66378096599615 3.1809158618800065e-23 1.9560491130284666e-13 6.888674285653918e-14 1.267181684463075e-13
238.71925811795668 2.794792045892491e-23 1.7709503587826473e-13 6.310805566558503e-14 1.139869802126797e-13
245.98961459906556 2.4527607065905164e-23 1.601553258015589e-13 5.780280195581848e-14 1.0235252384574041e-13
249.71106150874405 2.294059238419603e-23 1.5205889919655512e-13 5.5320186525769e-14 9.673871267078609e-14
253.4888082224776 2.1429983036895713e-23 1.4419494970642577e-13 5.294678152174501e-14 9.124816818468077e-14
261.20898134247824 1.87069363344506e-23 1.2970604194441318e-13 4.849836509886092e-14 8.120767684555225e-14
269.1642775569489 1.6398910723067808e-23 1.1716606813333503e-13 4.440230679874226e-14 7.276376133459279e-14
277.3618576987742 1.4392243578028044e-23 1.059606639713688e-13 4.064180415756909e-14 6.531885981379969e-14
285.8091006888481 1.2532589549828851e-23 9.507937164983465e-14 3.7205389946224996e-14 5.787398170360966e-14
294.5136101780917 1.0887678819035385e-23 8.511578391418839e-14 3.405744925337782e-14 5.1058334660810576e-14
303.4832213917586 9.505149163195186e-24 7.657077715219163e-14 3.116354687319973e-14 4.5407230278991885e-14
312.7260081821858 8.313567679409605e-24 6.901140527408156e-14 2.850849796786716e-14 4.050290730621441e-14
322.25029029634635 7.286963262377346e-24 6.233175146173101e-14 2.608040038036194e-14 3.6251351081369065e-14
332.0646408647343 6.392776492570683e-24 5.6348399751203354e-14 2.385760402166263e-14 3.249079572954072e-14
342.17789411833206 5.600819344374296e-24 5.087131298208344e-14 2.1819557323772124e-14 2.905175565831132e-14
352.59915334060224 4.902984533842059e-24 4.588927765299697e-14 1.9951850938213793e-14 2.5937426714783162e-14
363.337799061663 4.295678445435297e-24 4.142969907303384e-14 1.824223316441656e-14 2.318746590861727e-14
374.40349750202313 3.765859746037104e-24 3.742600501303831e-14 1.6677335109181752e-14 2.074866990385656e-14
380.062092440151 3.526385649683889e-24 3.557572780523762e-14 1.5945418447939767e-14 1.9630309357297857e-14
385.80620927347337 3.3023204941465757e-24 3.381877449535476e-14 1.5245288740669542e-14 1.8573485754685224e-14
397.5561983449763 2.8962054094408834e-24 3.056309436910534e-14 1.3934774838905462e-14 1.6628319530199874e-14
409.6640412816112 2.537993950520152e-24 2.7598651379135036e-14 1.2734487239897528e-14 1.486416413923751e-14
415.8555509384264 2.37512332338995e-24 2.621791193596804e-14 1.2172797471834228e-14 1.4045114464133814e-14
422.1406367649012 2.2223504605154576e-24 2.4902281685170702e-14 1.1635360911676574e-14 1.3266920773494116e-14
434.9972154030873 1.9463360930489276e-24 2.2473656896227518e-14 1.0630447820630549e-14 1.1843209075596966e-14
448.24534984018095 1.7052783499264955e-24 2.0289927919889974e-14 9.711986666335939e-15 1.0577941253554037e-14
461.89696517289525 1.494556512362125e-24 1.8324278473797538e-14 8.871005470471813e-15 9.453273003325726e-15
475.9643496848308 1.3102941844899742e-24 1.655437051735611e-14 8.100650388661022e-15 8.453720128695087e-15
490.4601659075747 1.1483454335932736e-24 1.4950155900754617e-14 7.396952264818929e-15 7.553203635935693e-15
505.39746201868155 1.0057107869423564e-24 1.3491977180568898e-14 6.755003595208523e-15 6.73697358536038e-15
520.7896835867783 8.808570384812265e-25 1.2176913881456908e-14 6.16869257817681e-15 6.008221303280099e-15
536.6506856743796 7.718975160460962e-25 1.099564639357123e-14 5.6332508124774765e-15 5.362395581093755e-15
552.9947453093008 6.765032662126759e-25 9.930253500509762e-15 5.1438644443874644e-15 4.786389056122299e-15
569.8365743358964 5.92898892545472e-25 8.96809897645635e-15 4.69649055397033e-15 4.271608422486021e-15
587.1913326576936 5.196283948640887e-25 8.099196660424437e-15 4.287575642542237e-15 3.811621017882201e-15
605.0746418833327 4.5541518879577795e-25 7.314521089017664e-15 3.9138628842707166e-15 3.400658204746946e-15
623.502599388115 3.991411555059408e-25 6.6059337167191864e-15 3.57236424870082e-15 3.0335694680183666e-15
642.4917928037942 3.4982561176956653e-25 5.966073778592301e-15 3.2603389781253358e-15 2.705734800466967e-15
662.0593149496696 3.066083668347695e-25 5.38828222871594e-15 2.9752809344646336e-15 2.4130012942513072e-15
682.2227792184137 2.687353445987169e-25 4.866541584659587e-15 2.714889295977124e-15 2.1516522886824624e-15
703.0003354304876 2.355458393989334e-25 4.395420230060922e-15 2.4770601153354975e-15 1.9183601147254242e-15
724.4106861714122 2.0646084259061868e-25 3.9700134367810856e-15 2.2598703687913528e-15 1.710143067989732e-15
746.4731036265977 1.8097246522151168e-25 3.585882870521034e-15 2.061546643706501e-15 1.5243362268145328e-15
769.2074469289008 1.5863560372684717e-25 3.2390196215823102e-15 1.880464952640417e-15 1.358554668941893e-15
792.6341800345017 1.3906039968777866e-25 2.9258071873469695e-15 1.7151464961063036e-15 1.2106606912406661e-15
816.7743901432078 1.2190528794072871e-25 2.642981296038573e-15 1.5642381469863712e-15 1.0787431490522013e-15
841.6498066797607 1.0687070605669552e-25 2.387588836847739e-15 1.4264965996112182e-15 9.610922372365212e-16
867.2828208532309 9.369404159233111e-26 2.1569602919034226e-15 1.3007827554813153e-15 8.561775364221073e-16
893.6965058121084 8.21455015073526e-26 1.9486923414978655e-15 1.1860586971277216e-15 7.626336443701443e-16
920.9146374132232 7.202379354714621e-26 1.7606166360787344e-15 1.081375791421349e-15 6.792408446573849e-16
948.9617156232121 6.315231344101659e-26 1.5907699902849295e-15 9.858635605878828e-16 6.049064296970465e-16
977.8629865717667 5.537632061290067e-26 1.43737979995023e-15 8.98725962358597e-16 5.38653837591633e-16
1007.6444652765354 4.856028965623993e-26 1.2988470891738038e-15 8.19235606534656e-16 4.79611482639148e-16
1038.332959060126 4.258545055401172e-26 1.1737276058392566e-15 7.467269176711878e-16 4.270006881680691e-16
1069.95609168029 3.734778295593026e-26 1.0607186747796962e-15 6.805923824937534e-16 3.80126292285943e-16
1102.542328195006 3.275617628664409e-26 9.58645205212759e-16 6.202774926134473e-16 3.3836771259931146e-16
1136.1210005848498 2.8730757045151275e-26 8.664451804197553e-16 5.652745236178202e-16 3.0117065680193506e-16
1170.7223341557005 2.520150572976738e-26 7.831587891369801e-16 5.15118562033812e-16 2.68040227103168e-16
1206.3774747455793 2.2107106963569714e-26 7.079206243738592e-16 4.693857809383578e-16 2.385348434355014e-16
1243.1185167600695 1.9393873289279068e-26 6.399507057466405e-16 4.2769001421488786e-16 2.122606915317526e-16
1280.9785320615858 1.701473434797453e-26 5.785440844461802e-16 3.896778461767115e-16 1.8886623826946874e-16
1319.9915997384837 1.4928405333585497e-26 5.230630223714042e-16 3.5502555206986396e-16 1.6803747030154028e-16
1360.1928367808064 1.3098732430408987e-26 4.729325298787972e-16 3.2343797199196777e-16 1.494945578868294e-16
1401.618429690285 1.1494074814304795e-26 4.27635008819203e-16 2.9464663792686376e-16 1.329883708923393e-16
1444.305667053031 1.008668857068895e-26 3.8670266086573956e-16 2.6840609462414557e-16 1.18296566241594e-16
1488.2929731042755 8.852232483630365e-27 3.497121131721566e-16 2.4449129223367175e-16 1.0522082093848482e-16
1533.6199423153234 7.769384103926382e-27 3.162814877252582e-16 2.2269710323649004e-16 9.358438448876817e-17
1580.327375033885 6.819468213681123e-27 2.860665021145774e-16 2.0283691710435206e-16 8.322958501022547e-17
1628.457314209858 5.986117519911491e-27 2.5875637055707355e-16 1.8474039808822453e-16 7.401597246884903e-17
1678.0530832396191 5.2549741698998996e-27 2.34069977727978e-16 1.6825159672094213e-16 6.581838100703586e-17
1729.1593249628888 4.613455093044475e-27 2.117535703758786e-16 1.532282751666845e-16 5.852529520919403e-17
1781.8220418472597 4.050538817806437e-27 1.915784073918926e-16 1.3954102700462413e-16 5.2037380387268447e-17
1836.0886373966016 3.556562262023589e-27 1.7333788453308855e-16 1.2707176930916425e-16 4.6266115223924326e-17
1892.007958820556 3.123051745908448e-27 1.5684532271297638e-16 1.1571260964019106e-16 4.113271307278533e-17
1949.6303410035755 2.742575184335281e-27 1.4193197629173889e-16 1.0536500707520525e-16 3.65669692165336e-17
2009.0076518130663 2.4086239058751203e-27 1.2844583205365104e-16 9.593944962320312e-17 3.250638243044793e-17
2070.1933387874215 2.115492254246598e-27 1.1624968356686562e-16 8.735435320391785e-17 2.889533036294776e-17
2133.242477245972 1.8581700575970295e-27 1.0521922858790136e-16 7.953501627766965e-17 2.5684212310231712e-17
2198.211819864143 1.6322647474998342e-27 9.524223384444484e-17 7.241335878309056e-17 2.2828875061354244e-17
2265.1598477584885 1.4339267463385523e-27 8.621746576713063e-17 6.592741277091431e-17 2.0290052996216317e-17
2334.1468231275226 1.2597791497368826e-27 7.805343491423152e-17 6.002067536250474e-17 1.803275955172678e-17
2405.2348434957767 1.1068607634971337e-27 7.06675300640972e-17 5.4641628545998445e-17 1.602590151809875e-17
2478.487897609897 9.725749731436671e-28 6.398516961124395e-17 4.974333844038606e-17 1.424183117085789e-17
2553.971923037092 8.546424367605981e-28 5.793886793089368e-17 4.528298482480758e-17 1.2655883106086122e-17
2631.7548655177807 7.510633397140259e-28 5.2467628114162944e-17 4.1221525502881236e-17 1.1246102611281707e-17
2711.906740125872 6.600841696077205e-28 4.751639686651386e-17 3.7523415271683263e-17 9.992981594830605e-18
2794.4996942916955 5.801662302288624e-28 4.3035410081950913e-17 3.415624774073732e-17 8.879162341213601e-18
2879.6080727443887 5.09959701269855e-28 3.8979716260608487e-17 3.109051003322762e-17 7.889206227380863e-18
2967.308484432098 4.482805059314916e-28 3.5308720883991494e-17 2.829932913320913e-17 7.00939175078237e-18
3057.6798714803062 3.9408897530065333e-28 3.198569067289528e-17 2.5758193250314546e-17 6.2274974225807284e-18
