Dust emission spectrum from A.P. Jones, M. Kohler, N. Ysard, M. Bocchio, and L. Verstraete (2017), A&A, 602A, 46J 
inside the DustPedia framework.

lambda    nu*dP/dnu     j_nu    j_nu(carb.) j_nu(sil)
 (um)   (erg s-1 H-1) (Jy cm2 sr-1 H-1)
0.9927057738263894 1.1204656631144692e-26 2.9524906634857763e-19 2.952490663485771e-19 5.936677104734075e-34
1.0001793341362166 1.1389287862904912e-26 3.023736063692651e-19 3.0237360636926433e-19 7.154906165509556e-34
1.0077091589558085 1.1573642386242791e-26 3.095812844983477e-19 3.09581284498347e-19 8.612327651133309e-34
1.0114953028030835 1.1665693162997663e-26 3.1321593767929124e-19 3.1321593767929023e-19 9.444392558576774e-34
1.0152956718711033 1.1757647572833706e-26 3.1687093566722547e-19 3.168709356672245e-19 1.0353581009449244e-33
1.0229392996569957 1.1941140903312828e-26 3.242389018419106e-19 3.242389018419094e-19 1.2431324110852122e-33
1.0267826658714554 1.2032456769722032e-26 3.2794594959643315e-19 3.279459495964318e-19 1.361568608622957e-33
1.0306404723013447 1.2123635876973385e-26 3.316725349610429e-19 3.3167253496104144e-19 1.4908160008369908e-33
1.03451277320114 1.2214669423091525e-26 3.354184966562259e-19 3.354184966562242e-19 1.6318145074393603e-33
1.0383996230291617 1.230554865562527e-26 3.391836714107414e-19 3.391836714107396e-19 1.785581356293724e-33
1.0403485208654093 1.2350927683111519e-26 3.4107341212786707e-19 3.410734121278651e-19 1.867593391685498e-33
1.0423010764483396 1.2396264873321882e-26 3.4296789400020713e-19 3.429678940002051e-19 1.9532170511447886e-33
1.0462171883269815 1.2486809427764505e-26 3.4677099728573624e-19 3.4677099728573426e-19 2.135911767345633e-33
1.0471985131304309 1.2509417735665935e-26 3.477247034501284e-19 3.477247034501261e-19 2.1840869799250086e-33
1.048180758391296 1.2532014643477023e-26 3.4867957644463753e-19 3.4867957644463537e-19 2.2333043842000104e-33
1.0501480137395462 1.257717372497178e-26 3.505928122525935e-19 3.5059281225259083e-19 2.334952203711802e-33
1.0521189612883777 1.2622285606762992e-26 3.525106832960057e-19 3.525106832960035e-19 2.4410323487824152e-33
1.0531058218030118 1.2644788775130418e-26 3.5347037917378823e-19 3.534703791737857e-19 2.4957952578409025e-33
1.0540936079674168 1.2667165925130601e-26 3.54428039253013e-19 3.5442803925301045e-19 2.5517475871983165e-33
1.058054026499678 1.2756545216142906e-26 3.5826992275031905e-19 3.582699227503163e-19 2.787831006960858e-33
1.0590464539527713 1.2778857057974116e-26 3.5923319067315135e-19 3.592331906731483e-19 2.8500472021197873e-33
1.06003981227728 1.2801155446809732e-26 3.6019757189370636e-19 3.601975718937035e-19 2.9135939881236135e-33
1.0620293250338977 1.2845711346187756e-26 3.621296631325226e-19 3.6212966313251957e-19 3.04478832417164e-33
1.0660195594769086 1.2934656010434906e-26 3.6600708277297645e-19 3.6600708277297322e-19 3.3243728272025496e-33
1.070024785945596 1.3023370967529137e-26 3.6990200241039443e-19 3.699020024103906e-19 3.6284767406583394e-33
1.0740450607676866 1.3111848040941068e-26 3.7381424118763643e-19 3.738142411876325e-19 3.959141525024753e-33
1.07808044048254 1.3200079120280553e-26 3.777436166904187e-19 3.7774361669041454e-19 4.318568882811269e-33
1.0861967418109137 1.3375614801055736e-26 3.856485315217111e-19 3.8564853152170605e-19 5.1333914184576475e-33
1.0902777775684922 1.346254789745524e-26 3.8961337268487e-19 3.8961337268486446e-19 5.594102982160003e-33
1.0943741465085532 1.354919704606652e-26 3.9359431464147203e-19 3.9359431464146587e-19 6.0942341694609406e-33
1.1026131145906286 1.3721612710888568e-26 4.0160373582187213e-19 4.016037358218649e-19 7.225783233811439e-33
1.1109141095355224 1.3892800968704935e-26 4.0967525217928205e-19 4.096752521792734e-19 8.556637105814828e-33
1.1192775983109025 1.406254276618565e-26 4.178025640901303e-19 4.1780256409012004e-19 1.0119877597477289e-32
1.1277040513999907 1.4230047362291355e-26 4.2596206062133456e-19 4.2596206062132252e-19 1.1953722411912753e-32
1.1361939428280308 1.439612687534769e-26 4.34177754522897e-19 4.34177754522883e-19 1.4102255832252273e-32
1.1447477501889525 1.4560725972259784e-26 4.424480245483002e-19 4.4244802454828365e-19 1.661627028473922e-32
1.1533659546722406 1.4723880676893687e-26 4.507739910106524e-19 4.507739910106325e-19 1.9554236781007324e-32
1.1707974979042381 1.5046387008754635e-26 4.676096303605895e-19 4.676096303605626e-19 2.6980943174728866e-32
1.1884924949847024 1.536242124854525e-26 4.846470195327756e-19 4.846470195327387e-19 3.7046680414550926e-32
1.2064549276569216 1.5674466070012853e-26 5.0196483141453405e-19 5.019648314144835e-19 5.062279624556912e-32
1.2246888378427687 1.5979101736555802e-26 5.194545497464921e-19 5.194545497464234e-19 6.884316197600568e-32
1.2431983285522175 1.6275615267484982e-26 5.370902466214612e-19 5.370902466213684e-19 9.317835938729752e-32
1.2619875648066055 1.6563897033129873e-26 5.548646162414042e-19 5.548646162412785e-19 1.2552592151630084e-31
1.3004222497298317 1.7110962952507774e-26 5.906473714120687e-19 5.906473714118442e-19 2.2467169294639503e-31
1.3400274889804893 1.7618167625637656e-26 6.266771767548862e-19 6.266771767544916e-19 3.949139031083965e-31
1.3808389325824078 1.8083639774385012e-26 6.628241198275781e-19 6.628241198268959e-19 6.820154824545524e-31
1.4228933163050095 1.850967505634036e-26 6.991020362187253e-19 6.991020362175673e-19 1.1578074584610061e-30
1.466228494730424 1.8906600435400803e-26 7.358419353657976e-19 7.358419353638642e-19 1.933062277932912e-30
1.5108834753276823 1.926666507571354e-26 7.7269295428021095e-19 7.726929542770356e-19 3.1755269212752564e-30
1.5568984535646726 1.9583603609951383e-26 8.093238342141224e-19 8.0932383420898385e-19 5.138014454149164e-30
1.6043148490894465 1.9858014974758538e-26 8.456582111669813e-19 8.456582111587783e-19 8.202955753999471e-30
1.6531753430134553 2.0090754809405712e-26 8.816264390364465e-19 8.816264390235384e-19 1.2908147698002223e-29
1.7035239163302658 2.0284629179131424e-26 9.172437073887794e-19 9.172437073687532e-19 2.002581227584892e-29
1.755405889504358 2.0455785790209862e-26 9.531541680469998e-19 9.531541680163538e-19 3.064616453606333e-29
1.8088679632656115 2.0600246537213402e-26 9.8911939562623e-19 9.891193955799504e-19 4.627943623311824e-29
1.8639582606462262 2.071532139829601e-26 1.0249372843795235e-18 1.0249372843105297e-18 6.899418902833515e-29
1.9207263702978936 2.080297303425314e-26 1.0606212842370773e-18 1.0606212841354918e-18 1.0158538561205783e-28
1.979223391128241 2.0867760746730764e-26 1.0963269669189618e-18 1.0963269667711753e-18 1.4778577902635117e-28
2.039501978296691 2.091513780526184e-26 1.1322811944228657e-18 1.1322811942103467e-18 2.125188538482775e-28
2.1016163906111602 2.0960366127589342e-26 1.1692886776795795e-18 1.1692886773773512e-18 3.02228510933362e-28
2.1656225393682647 2.101229306162814e-26 1.2078851590128537e-18 1.2078851585876151e-18 4.252383156902026e-28
2.231578038680979 2.1071550735699315e-26 1.248182272104587e-18 1.2481822715123912e-18 5.921965122312248e-28
2.299542257339062 2.114343387080531e-26 1.2905842167146085e-18 1.2905842158979913e-18 8.16616835210433e-28
2.369576372248914 2.1239652965868878e-26 1.3359418667485775e-18 1.335941865633029e-18 1.1155483894176409e-27
2.4417434235010123 2.137403583456698e-26 1.3853387839474974e-18 1.3853387824371612e-18 1.510336969857514e-27
2.5161083711144245 2.1570264806359866e-26 1.4406359644309422e-18 1.4406359624032972e-18 2.0276449245562057e-27
2.5927381535095444 2.1867100461817444e-26 1.5049403684297242e-18 1.5049403657290795e-18 2.700644916368994e-27
2.6717017477616296 2.2310829977588024e-26 1.582242822389266e-18 1.582242818818924e-18 3.5703423609953914e-27
2.753070231689431 2.2971145076850994e-26 1.678685612468379e-18 1.678685607780971e-18 4.6874081662488015e-27
2.836916847834745 2.400594945833179e-26 1.807735667480915e-18 1.8077356613661863e-18 6.1147285393369815e-27
2.9233170693905177 2.57630301739618e-26 1.999135805523864e-18 1.9991357975945094e-18 7.92935520126651e-27
2.967498994190263 2.72557827349754e-26 2.1469338930729666e-18 2.1469338840731853e-18 8.99978134943557e-27
3.0123486681368425 2.8999309878499415e-26 2.31879488769225e-18 2.318794877484761e-18 1.0207489576628888e-26
3.0578761833420214 3.290147729335042e-26 2.6705746847821417e-18 2.6705746732088084e-18 1.15733334903344e-26
3.1040917844459814 3.793049020943704e-26 3.1253052603389743e-18 3.1253052472302234e-18 1.3108750868679283e-26
3.127460860933648 4.3250774443363404e-26 3.590502262314354e-18 3.590502248361625e-18 1.3952729750657844e-26
3.1510058709225794 5.0339749911205253e-26 4.210461485124913e-18 4.2104614702757515e-18 1.4849162206279435e-26
3.162844764501044 5.693828628181822e-26 4.780262013197007e-18 4.780261997874552e-18 1.5322455627350863e-26
3.1747281389236908 6.461223959770529e-26 5.444910797987328e-18 5.444910782177168e-18 1.5810159536769884e-26
3.1986289994194426 8.601817265846037e-26 7.303373572839398e-18 7.30337355600311e-18 1.6836292546323307e-26
3.2227097969389145 1.3647698613976267e-25 1.1674816296245343e-17 1.1674816278273708e-17 1.7971636809704002e-26
3.2348180950136065 1.8432808666109794e-25 1.5827444961130346e-17 1.5827444942524144e-17 1.8606204639507857e-26
3.240889293275058 2.201027548502594e-25 1.8934729596346564e-17 1.8934729577392104e-17 1.895445553765151e-26
3.2469718861334385 2.6148822370255254e-25 2.253720713672588e-17 2.2537207117401567e-17 1.932432145071911e-26
3.2714166318528037 4.822469364836595e-25 4.187692341972367e-17 4.187692339881397e-17 2.0909684065923528e-26
3.2744851364798273 4.960463265470806e-25 4.311562582682007e-17 4.311562580572795e-17 2.1092131433904422e-26
3.2775565192852394 5.102420712587845e-25 4.4391098016526804e-17 4.439109799525047e-17 2.1276336491473814e-26
3.283707930232385 4.9658662776866295e-25 4.328415817318583e-17 4.3284158151610825e-17 2.157501205646204e-26
3.2898708863219004 4.532868178987538e-25 3.958415482034032e-17 3.958415479852099e-17 2.1819319449087293e-26
3.29141343181113 4.430757101303289e-25 3.871059194126164e-17 3.8710591919380904e-17 2.1880752677688993e-26
3.292184975758714 4.380583434263122e-25 3.828120661387134e-17 3.8281206591959827e-17 2.1911522932385937e-26
3.295272960557952 4.0638834954017913e-25 3.5546928183718336e-17 3.554692816169407e-17 2.202425421622729e-26
3.3076538914384823 2.966761105844059e-25 2.604786120485424e-17 2.6047861182379782e-17 2.2474452172629508e-26
3.310756385682612 2.7434740398731944e-25 2.411001682609849e-17 2.4110016803510213e-17 2.258827814557523e-26
3.313861789986515 2.5374589016800956e-25 2.232044461904474e-17 2.232044459634212e-17 2.2702618667210413e-26
3.3200813396944477 2.248542662737498e-25 1.9816150358230172e-17 1.9816150335261618e-17 2.296854973220638e-26
3.345076488085796 1.7331215281822748e-25 1.538879104695714e-17 1.5388791022685124e-17 2.4272006091496528e-26
3.3482140837626964 1.7524419110254053e-25 1.557493644075099e-17 1.5574936416289107e-17 2.446187819883558e-26
3.3513546224236106 1.771975894855079e-25 1.576331766742313e-17 1.5763317642769902e-17 2.4653225884630935e-26
3.3576445397418455 1.9147611107986325e-25 1.706548944656523e-17 1.7065489421494304e-17 2.507092734552727e-26
3.3702598118196083 2.4414337228304935e-25 2.1841263273101913e-17 2.1841263247116542e-17 2.5985377158071896e-26
3.382922481734668 2.5613571038434025e-25 2.300019993273497e-17 2.300019990589769e-17 2.6837287211440483e-26
3.389271646505754 2.6234854970263033e-25 2.3602308315422057e-17 2.360230828814817e-17 2.7273881144553794e-26
3.395632727569191 2.690429169146453e-25 2.42499979733846e-17 2.424999794565461e-17 2.7729986138668097e-26
3.421196662673239 3.0118586523360814e-25 2.7351557338539876e-17 2.7351557308880518e-17 2.965935820997256e-26
3.4276182099114902 2.947044210241467e-25 2.681319246018924e-17 2.6813192430118498e-17 3.007074435344178e-26
3.4340518103208963 2.6631000652096735e-25 2.4275252808736355e-17 2.427525277829294e-17 3.044342199369157e-26
3.4469541582030403 2.258715328698669e-25 2.0666476564925773e-17 2.0666476533790524e-17 3.113524749030765e-26
3.472904465399547 2.1453521447381296e-25 1.977702026378508e-17 1.9777020230853132e-17 3.2931949332773446e-26
3.4990501388274233 1.971989487374559e-25 1.8315728368549162e-17 1.831572833374856e-17 3.4800605969775914e-26
3.5253949054701885 1.3551336220847723e-25 1.2681170048753754e-17 1.268117001221549e-17 3.6538262357375985e-26
3.5519380250092896 7.754012923889883e-26 7.310739902424332e-18 7.310739864140384e-18 3.8283947660549795e-26
3.578680990867387 5.455298275080248e-26 5.1821612275228916e-18 5.182161187158559e-18 4.036433298566494e-26
3.605625307711299 4.5254005534222316e-26 4.331188168271917e-18 4.3311881256053024e-18 4.2666614424261955e-26
3.660119384959845 3.846743479977255e-26 3.737299568663829e-18 3.7372995209029824e-18 4.776084697186037e-26
3.715437065384467 3.366072806868215e-26 3.3197306467057124e-18 3.3197305932616163e-18 5.344409561729446e-26
3.8285932144167436 3.12135933345656e-26 3.172140583542621e-18 3.172140516614714e-18 6.692790994957955e-26
3.94519561050918 3.0735064414592905e-26 3.2186377598062194e-18 3.218637676073184e-18 8.373303509393516e-26
4.06534921144712 3.1064780815784676e-26 3.3522437053912104e-18 3.3522436006918165e-18 1.0469939382923122e-25
4.189162171576248 3.1862463604186844e-26 3.543039210127946e-18 3.543039079207639e-18 1.3092030670652132e-25
4.316745939156006 3.300127727778364e-26 3.7814352757225115e-18 3.781435112001206e-18 1.63721306087313e-25
4.448215356677963 3.4438581444261827e-26 4.066310072977853e-18 4.0663098683374735e-18 2.0464037886540246e-25
4.58368876423945 3.617940090561962e-26 4.401958310817789e-18 4.401958055001053e-18 2.5581673488263117e-25
4.723288106065518 3.826399280037414e-26 4.797380397235378e-18 4.7973800772281284e-18 3.2000724959764853e-25
4.867139040275056 4.0773051667314763e-26 5.267643841495052e-18 5.267643441346691e-18 4.0014835956341503e-25
4.940699165968905 4.228814736418318e-26 5.545957066547335e-18 5.5459566189959575e-18 4.475513773458051e-25
5.015371051989984 4.385723265784401e-26 5.838667270263651e-18 5.838666769746024e-18 5.005176266246603e-25
5.091171501069577 4.5773643903993544e-26 6.185896462716356e-18 6.1858959025653306e-18 5.601510215620989e-25
5.129500256944802 4.675725208907291e-26 6.3663933597759354e-18 6.366392767246223e-18 5.925297165272954e-25
5.168117569889187 4.77828425795677e-26 6.5550166644546486e-18 6.555016037645285e-18 6.268093626258817e-25
5.20702561229733 4.904265319824914e-26 6.778492257544666e-18 6.7784915939003986e-18 6.636442659093256e-25
5.246226572918644 5.0334673885703863e-26 7.009446658323406e-18 7.009445955741888e-18 7.025815177291827e-25
5.265937586045735 5.099308535036356e-26 7.1278151818321e-18 7.127814458958411e-18 7.228736923664159e-25
5.285722656980489 5.165994176898794e-26 7.248159091778039e-18 7.248158348043698e-18 7.437343402311794e-25
5.305582063971359 5.23353799262503e-26 7.370515276467587e-18 7.370514511289104e-18 7.651784824935209e-25
5.3255160863122235 5.306123060350737e-26 7.500814960757758e-18 7.500814173450082e-18 7.8730767311825055e-25
5.365609099470188 5.487049651385638e-26 7.814970679737218e-18 7.814969845608453e-18 8.34128763394297e-25
5.406003951863644 5.674879699887864e-26 8.1433378169229e-18 8.143336933279651e-18 8.836432539218145e-25
5.446702915881641 5.869947561587021e-26 8.48667053255664e-18 8.486669596560155e-18 9.359964842442088e-25
5.487708281020852 6.080769943735281e-26 8.857660342908674e-18 8.857659351363809e-18 9.915448677801306e-25
5.529022354014368 6.374050913155131e-26 9.354774151466492e-18 9.354773099341499e-18 1.0521249901758653e-24
5.570647458961463 6.684659882405571e-26 9.884493564047376e-18 9.884492447763629e-18 1.116283746883625e-24
5.612585937458331 7.013846000640929e-26 1.0449335247000326e-17 1.0449334062781642e-17 1.1842186858676116e-24
5.654840148729818 7.375769358486215e-26 1.1071261113255624e-17 1.1071259856728515e-17 1.256527107993199e-24
5.67608639626678 7.622390739163199e-26 1.148443510797666e-17 1.1484433811986576e-17 1.295990081040998e-24
5.686739436050992 7.749519385107675e-26 1.1697889955490793e-17 1.169788863932015e-17 1.3161706525401193e-24
5.6974124697621304 7.879274625648085e-26 1.1916077868101575e-17 1.1916076531445297e-17 1.3366562828369282e-24
5.718818669136295 8.146918144141436e-26 1.2367135299126688e-17 1.2367133920566631e-17 1.37856005307186e-24
5.740305295436557 8.441986523992548e-26 1.286320166338194e-17 1.2863200241074302e-17 1.4223076373498328e-24
5.7835210386641895 9.207706227643995e-26 1.4135566155024118e-17 1.4135564636487315e-17 1.5185368050824846e-24
5.827062130521658 1.0089970280372167e-25 1.5606624053843746e-17 1.560662243144737e-17 1.622396374694657e-24
5.8489554468988025 1.0709055900516404e-25 1.6626427075883652e-17 1.662642539331835e-17 1.6825652963663632e-24
5.870931020387893 1.137346412577762e-25 1.7724303290521522e-17 1.7724301545560574e-17 1.744960954377414e-24
5.892989160043636 1.208684458966376e-25 1.890679926749471e-17 1.890679745783263e-17 1.8096620861494358e-24
5.915130176081913 1.2898244302559256e-25 2.0251833039787232e-17 2.0251831160921573e-17 1.8788656571050367e-24
5.95966208400165 1.5167278989921506e-25 2.399378395730894e-17 2.3993781912068382e-17 2.0452405605918514e-24
6.004529249263818 1.843825036540357e-25 2.9387869695691424e-17 2.9387867442997124e-17 2.25269430307071e-24
6.027089341400364 2.07121846924854e-25 3.313622056321791e-17 3.313621818002606e-17 2.3831918448428792e-24
6.049734195844842 2.339954711639896e-25 3.7576227688331864e-17 3.757622515977486e-17 2.528557008765257e-24
6.095279466722835 3.1162675426476285e-25 5.041941380021816e-17 5.0419410882142736e-17 2.9180754359703724e-24
6.141167624020661 4.311064006709768e-25 7.027564747792298e-17 7.027564400025403e-17 3.477668957417732e-24
6.164241091010745 5.074057596150267e-25 8.302415073778933e-17 8.302414689396432e-17 3.843824988919369e-24
6.187401249150058 5.943258932756351e-25 9.76118099089218e-17 9.761180566220885e-17 4.24671292865498e-24
6.1990139391386085 6.367666441866327e-25 1.0477854216241643e-16 1.047785377082733e-16 4.454143166914344e-24
6.204828454712694 6.591232222845929e-25 1.0855899774065769e-16 1.0855899317877666e-16 4.561880979174238e-24
6.210648424152782 6.754425856523454e-25 1.1135117829091573e-16 1.1135117363908676e-16 4.651828967784033e-24
6.233982942956859 7.308857420219888e-25 1.2094405696073104e-16 1.209440519886281e-16 4.972102927168836e-24
6.239830258556775 7.379724563310045e-25 1.2223128053280354e-16 1.222312755156142e-16 5.017189410276106e-24
6.245683058788269 7.3858556474231725e-25 1.2244757547615732e-16 1.2244757041349245e-16 5.062664817375504e-24
6.257405133728602 7.370591649081316e-25 1.224238570020429e-16 1.2242385185936327e-16 5.142679585249332e-24
6.269149208991335 7.261504799866187e-25 1.208383170811325e-16 1.2083831191015715e-16 5.1709753286176066e-24
6.280915325867298 6.987993831765754e-25 1.165050859637224e-16 1.1650508082879225e-16 5.134930150106876e-24
6.304513850009849 6.3135277499898765e-25 1.056557482101101e-16 1.0565574320714164e-16 5.002968528461313e-24
6.32820103803542 5.477535062415622e-25 9.200996529675712e-17 9.20099605001489e-17 4.796608234071642e-24
6.3519772230701035 4.710876804077992e-25 7.942918605414856e-17 7.942918145198303e-17 4.602165522708478e-24
6.375842739491607 4.0659220664995865e-25 6.881230089720599e-17 6.881229646503017e-17 4.4321758482703164e-24
6.399797922933955 3.5489944488709635e-25 6.028940727832711e-17 6.028940295725233e-17 4.3210747896650124e-24
6.42384311029221 3.1192348676215717e-25 5.318785002892367e-17 5.3187845800494756e-17 4.228428942598487e-24
6.447978639727206 2.8060484388698767e-25 4.802730162490333e-17 4.802729743450645e-17 4.190396865539993e-24
6.472204850670314 2.5451605528423163e-25 4.372571010936815e-17 4.3725705943396884e-17 4.165971274353372e-24
6.496522083828205 2.375594864622361e-25 4.0965921638833415e-17 4.0965917449721086e-17 4.1891123334119166e-24
6.520930681187647 2.2327588623411902e-25 3.864744951194844e-17 3.8647445290827625e-17 4.221120813124983e-24
6.57002334288761 2.0866551444291047e-25 3.6390416479843256e-17 3.6390412120131856e-17 4.3597113997738935e-24
6.619489833774732 2.0715135808960047e-25 3.639835340900666e-17 3.639834883518997e-17 4.573816690436437e-24
6.6693287637831435 2.1274480868612413e-25 3.766262021439087e-17 3.7662615381496254e-17 4.832894636350743e-24
6.719538636694507 2.1989484348689316e-25 3.9221476053851214e-17 3.9221470954217065e-17 5.099634142796545e-24
6.770126513364129 2.3780529905241264e-25 4.273539724847756e-17 4.2735391819312814e-17 5.4291647385668704e-24
6.8210952395837445 2.6488028353472502e-25 4.7959337927332747e-17 4.7959332090667334e-17 5.836665416413606e-24
6.872447682569556 2.9898334285845812e-25 5.45415993439301e-17 5.4541593019447604e-17 6.324482519645965e-24
6.924186731123532 3.421436443071014e-25 6.288494441236108e-17 6.288493751425867e-17 6.898102415730177e-24
6.976315295795916 3.7722192545882705e-25 6.9854189972293e-17 6.985418248791545e-17 7.484377543222618e-24
7.028836309048954 3.8232012573333216e-25 7.133128090334311e-17 7.133127291711973e-17 7.986223387741859e-24
7.081752725421856 3.6708306829544354e-25 6.900404417870857e-17 6.900403574413889e-17 8.43456964045019e-24
7.135067521697011 3.5691057334181956e-25 6.759692408611802e-17 6.759691511590458e-17 8.97021342749324e-24
7.1887836970674375 3.6510011057783957e-25 6.966855676151556e-17 6.966854707218176e-17 9.689333795915882e-24
7.242904273305506 3.9452787324027884e-25 7.585074831840204e-17 7.585073767052787e-17 1.0647874168218044e-23
7.297432294932914 4.411836643369999e-25 8.5459221227664e-17 8.545920936115722e-17 1.1866506774280544e-23
7.352370829391971 4.94539232455413e-25 9.651561599287248e-17 9.651560267450264e-17 1.33183698358816e-23
7.379995003818881 5.27772701828716e-25 1.0338854515998922e-16 1.0338853097322095e-16 1.4186768270635395e-23
7.407722967218148 5.64441385483572e-25 1.1098723053299993e-16 1.1098721540185066e-16 1.5131149301488322e-23
7.463496598684601 6.575665780416642e-25 1.3027212685715176e-16 1.3027210944851623e-16 1.740863559360895e-23
7.519690156487492 7.782348967026391e-25 1.5533884805804845e-16 1.5533882776270226e-16 2.0295346151433904e-23
7.533803324048627 8.13353261619999e-25 1.6265331689695194e-16 1.6265329575634047e-16 2.1140611533421134e-23
7.547942979602549 8.500599714277422e-25 1.703129258333565e-16 1.7031290381170028e-16 2.2021656196569204e-23
7.57630195363571 9.2746881439072e-25 1.865202650096184e-16 1.8652024111868708e-16 2.389093127114314e-23
7.590521371821866 9.66605320881432e-25 1.9475572004937105e-16 1.947556951772562e-16 2.4872114899558906e-23
7.604767477414989 1.0073940235133538e-24 2.0335494737760193e-16 2.0335492148359812e-16 2.589400366604877e-23
7.633339951266878 1.0894294827799762e-24 2.207410791708505e-16 2.2074105117847514e-16 2.7992375407027224e-23
7.662019777021956 1.1532980521101506e-24 2.3456016594124125e-16 2.3456013607789637e-16 2.986334494744124e-23
7.690807358020558 1.197175149838183e-24 2.4439879463400765e-16 2.443987632023218e-16 3.1431685724486545e-23
7.719703099118437 1.2196421870412783e-24 2.4992083818796744e-16 2.4992080553688367e-16 3.265108382062435e-23
7.748707406692464 1.2161278421650285e-24 2.501369940602175e-16 2.501369606449667e-16 3.341525070720671e-23
7.777823177463063 1.1926488356097835e-24 2.4622950223838113e-16 2.462294683939727e-16 3.38444083835515e-23
7.807048350752435 1.1566897173889543e-24 2.397028385503176e-16 2.397028045200855e-16 3.40302321392768e-23
7.836380830085272 1.1069784138247879e-24 2.3026297888542624e-16 2.3026294497067e-16 3.3914756207240767e-23
7.851088371676256 1.0724967655994046e-24 2.2350914126564806e-16 2.235091076244004e-16 3.364124771413514e-23
7.86582351679805 1.0359551457596575e-24 2.162990355882568e-16 2.1629900230347223e-16 3.32847846449484e-23
7.89537682495964 9.55322719233575e-25 2.002130592700392e-16 2.002130269555462e-16 3.2314492923321106e-23
7.9250411701946435 8.683014378155254e-25 1.826591701526439e-16 1.8265913888848695e-16 3.126415686602219e-23
7.939915112024199 8.221087611934572e-25 1.7326648648861146e-16 1.732664557756907e-16 3.071292081366033e-23
7.954816969689239 7.784356655065169e-25 1.6436992247535057e-16 1.6436989229631704e-16 3.017903355178031e-23
7.9847046421970465 6.978967493373448e-25 1.479174681485673e-16 1.479174389755934e-16 2.9172973873067593e-23
8.044817289139356 5.620555135815412e-25 1.2002309746639816e-16 1.2002306999594897e-16 2.747044919138858e-23
8.07504310897143 5.115812462372747e-25 1.0965511586119089e-16 1.0965508900045186e-16 2.686073900939989e-23
8.105382492623747 4.669333640227962e-25 1.0046108260296231e-16 1.0046105623840213e-16 2.6364560142384494e-23
8.135835866775926 4.3150556368282225e-25 9.318757520372244e-17 9.318754900916423e-17 2.6194558222335444e-23
8.166403659710703 4.0475545313250326e-25 8.77390614887315e-17 8.773903530538913e-17 2.618334232877695e-23
8.197086301319933 3.8492772793401323e-25 8.37544973923712e-17 8.375447099801788e-17 2.6394353326943297e-23
8.227884223110665 3.6753082465671996e-25 8.026965087869798e-17 8.026962421487911e-17 2.666381885254051e-23
8.258797858211198 3.5755347410027496e-25 7.838397284679826e-17 7.838394563820798e-17 2.7208590288521094e-23
8.289827641377162 3.545807624298839e-25 7.802433997098888e-17 7.802431177223314e-17 2.8198755713685984e-23
8.320974008997652 3.57433435062591e-25 7.89475711623185e-17 7.894754167787571e-17 2.9484442804866076e-23
8.35223739910135 3.6272094741075164e-25 8.041645055220597e-17 8.041641960376063e-17 3.094844532565241e-23
8.383618251362687 3.792751487450799e-25 8.44025008258385e-17 8.440246794487538e-17 3.2880963134832283e-23
8.415117007108037 4.0309797328518572e-25 9.0040978634101e-17 9.004094362694e-17 3.500716102513259e-23
8.446734109321913 4.3498815984059035e-25 9.752943141512118e-17 9.75293938325032e-17 3.758261794138418e-23
8.478470002653195 4.756709630011967e-25 1.0705169843859822e-16 1.0705165786874228e-16 4.056985592328203e-23
8.542299949622933 5.644567596281625e-25 1.2798967263953056e-16 1.2798962548991273e-16 4.7149617807960655e-23
8.558332380220154 5.832281532467388e-25 1.3249425943776846e-16 1.3249421069865783e-16 4.87391106371756e-23
8.574394900937412 5.950362248430337e-25 1.3543044957768966e-16 1.3543039949491967e-16 5.0082769968761645e-23
8.606610438733982 5.951189332614973e-25 1.3595818123131719e-16 1.3595812932090957e-16 5.1910407636788387e-23
8.622764948673899 5.856603997759061e-25 1.340484634912843e-16 1.3404841101721276e-16 5.247407154453784e-23
8.638949780445296 5.65110947293045e-25 1.2958779582094578e-16 1.2958774322767176e-16 5.2593273989767936e-23
8.655163606183647 5.442231263235528e-25 1.250321523987766e-16 1.2503209970589044e-16 5.269288616544657e-23
8.671407862489573 5.193433783688829e-25 1.1954010849665335e-16 1.1954005585068175e-16 5.2645971640494223e-23
8.703987895363145 4.6028471722821155e-25 1.0634431220469194e-16 1.0634426005954135e-16 5.214515061416167e-23
8.736690337257128 4.077057990596711e-25 9.455037696216034e-17 9.4550325154534e-17 5.180762635666026e-23
8.802464289484785 3.184626840528264e-25 7.441016301951886e-17 7.441011120462465e-17 5.1814894231784585e-23
8.868733419248175 2.587502936765142e-25 6.091326592974177e-17 6.091321247658513e-17 5.345315664910459e-23
8.935501454478851 2.189042601257799e-25 5.192094357291513e-17 5.192088669169569e-17 5.688121944618935e-23
9.002772151174003 1.919652115648941e-25 4.587417043216058e-17 4.5874109133280335e-17 6.129888023270007e-23
9.07054929360775 1.7319004402533346e-25 4.1699029129316285e-17 4.169896266536914e-17 6.646394714881243e-23
9.13883669454403 1.5947038264848352e-25 3.868480269742955e-17 3.8684730416260495e-17 7.228116907796891e-23
9.207638195451068 1.500075643776822e-25 3.6663239723890514e-17 3.6663161059557396e-17 7.866433310588028e-23
9.276957666717493 1.4160984757384304e-25 3.487132609694201e-17 3.4871240356181963e-17 8.574076005701847e-23
9.346799007870057 1.3603956598755804e-25 3.375184939909571e-17 3.375175610356461e-17 9.329553110232553e-23
9.417166147792997 1.3099138473300928e-25 3.274405031612625e-17 3.274394883475915e-17 1.0148136709886929e-22
9.488063044949055 1.2766148925432393e-25 3.2151919162725575e-17 3.2151810174019563e-17 1.0898870600733918e-22
9.559493687602165 1.2461238466090184e-25 3.162026685924827e-17 3.1620149739205556e-17 1.1712004269620577e-22
9.631462094041797 1.2276773030297315e-25 3.1386716134395217e-17 3.1386590465304145e-17 1.2566909105886879e-22
9.703972312809022 1.210882752569018e-25 3.1190409385997326e-17 3.1190274663605195e-17 1.3472239213945726e-22
9.777099908821425 1.203863786799217e-25 3.1243295534120723e-17 3.1243152906413536e-17 1.426277071870725e-22
9.924867353363874 1.2014301244584643e-25 3.1651380824696285e-17 3.165122241329875e-17 1.5841139752688813e-22
10.074868099996943 1.2209612845485692e-25 3.265206822354086e-17 3.2651896232257725e-17 1.7199128313088018e-22
10.150790707826552 1.2375118965458267e-25 3.334407615052966e-17 3.3343898037444424e-17 1.7811308522705271e-22
10.22721067892732 1.267282690040996e-25 3.440330283409018e-17 3.440311839815055e-17 1.8443593962877028e-22
10.304205975847633 1.299856518466255e-25 3.5553256073946546e-17 3.555306511616415e-17 1.9095778239212608e-22
10.381780929913377 1.3519156687855177e-25 3.725554277827668e-17 3.725534621232022e-17 1.9656595647580335e-22
10.459939905058707 1.409835829628136e-25 3.9144176953536656e-17 3.9143974588107124e-17 2.0236542953993676e-22
10.538687298071551 1.5007330457290616e-25 4.198163970796585e-17 4.1981431721785975e-17 2.0798617987326802e-22
10.618027538840941 1.6034653872287188e-25 4.519317673888352e-17 4.519296302701472e-17 2.1371186880876983e-22
10.697971937068667 1.757192457682918e-25 4.98988133648772e-17 4.9898594864456756e-17 2.1850042045540637e-22
10.778518246224262 1.9742610466249763e-25 5.648499192517595e-17 5.648476808270874e-17 2.2384246718847426e-22
10.859664048220797 2.2984789044654495e-25 6.625617273814176e-17 6.625594250730125e-17 2.3023084048486668e-22
10.941420754335242 2.7918412638527167e-25 8.10837590063679e-17 8.108352070138899e-17 2.383049789085435e-22
10.961955922839442 2.9648444914632613e-25 8.626992167114694e-17 8.626968074003062e-17 2.409311163516676e-22
10.982529632329763 3.1587133734043965e-25 9.208354619695447e-17 9.208330249496589e-17 2.4370198851394635e-22
11.023792963743814 3.6308570654739658e-25 1.0624527716640224e-16 1.062450272497776e-16 2.4991662467298864e-22
11.065211328886559 4.250633956254869e-25 1.248483632110856e-16 1.2484810548059792e-16 2.5773048765341217e-22
11.08597883104876 4.6483761683462455e-25 1.3678697455352845e-16 1.3678671195008154e-16 2.626034468794546e-22
11.106785310247485 5.092993163187276e-25 1.5015192467600443e-16 1.5015165674163368e-16 2.679343707771243e-22
11.14851549250461 6.150742546756958e-25 1.820178682804234e-16 1.8201758811609054e-16 2.8016433290641465e-22
11.169441129330048 6.720486483503674e-25 1.9925149491738433e-16 1.992512081796634e-16 2.8673772097777647e-22
11.190406043337886 7.229932176424223e-25 2.1475807448712434e-16 2.1475778125149008e-16 2.9323563421446104e-22
11.21140851448765 7.726211884722584e-25 2.2993030986317096e-16 2.2993001046528246e-16 2.9939788839635067e-22
11.22192452720434 7.9873448905991805e-25 2.3792452672951926e-16 2.379242241536053e-16 3.0257591394706946e-22
11.232450403670388 8.1027974954406705e-25 2.415899855846291e-16 2.415896813819976e-16 3.042026314668603e-22
11.253533585369773 8.209680335242557e-25 2.4523620764373954e-16 2.4523590099533195e-16 3.066484075854401e-22
11.274656339961506 8.245703666271694e-25 2.467746071827799e-16 2.467742982736985e-16 3.089090815129892e-22
11.285231677511122 8.263782400652916e-25 2.475476371066455e-16 2.4754732722358426e-16 3.098830611120104e-22
11.295816934455262 8.169677403048689e-25 2.449582023554324e-16 2.449578926621966e-16 3.0969323576616063e-22
11.317017243752359 7.922914733673535e-25 2.3800517096127383e-16 2.380048622991883e-16 3.086620855287958e-22
11.338257342390673 7.6761579054500515e-25 2.3102535321106086e-16 2.310250456435142e-16 3.0756754665976714e-22
11.359537305047965 7.4099150621788855e-25 2.2343093605234793e-16 2.234306298449932e-16 3.0620735472368097e-22
11.402217121831576 6.812235173205033e-25 2.0618087197738564e-16 2.06180569417429e-16 3.0255995664613834e-22
11.423617126015266 6.500809202737048e-25 1.9712444867774234e-16 1.971241481946438e-16 3.0048309855125563e-22
11.445057294333186 6.183062955069858e-25 1.8784129454563956e-16 1.8784099623162046e-16 2.983140191016352e-22
11.488058425037956 5.538298963007638e-25 1.6888553904175072e-16 1.6888524532459727e-16 2.937171534982592e-22
11.53122111869469 4.965625249733266e-25 1.5199128050272584e-16 1.5199099115059497e-16 2.893521308669667e-22
11.574545982324347 4.456715408959459e-25 1.3692674995310496e-16 1.3692646474522843e-16 2.852078765222976e-22
11.618033625228566 4.008913547865151e-25 1.2363139024239422e-16 1.2363110879709576e-16 2.814452984583133e-22
11.661684658998247 3.6381733478768477e-25 1.126196347935168e-16 1.1261935617624576e-16 2.7861727107548e-22
11.705499697522141 3.3552636609089373e-25 1.0425239585043931e-16 1.0425211948766905e-16 2.763627702824956e-22
11.749479356995494 3.136319137711571e-25 9.781564065518562e-17 9.781536584660181e-17 2.7480858383733377e-22
11.793624255928705 2.94955983033797e-25 9.233661087619592e-17 9.233633739996728e-17 2.734762286877332e-22
11.83793501515603 2.8354405105745686e-25 8.909758334838301e-17 8.909731053733427e-17 2.728110487604015e-22
11.882412257844306 2.73879565350605e-25 8.638407338636795e-17 8.63838010930885e-17 2.7229327946176226e-22
11.92705660950172 2.6937586382185717e-25 8.528278883410712e-17 8.528251664066185e-17 2.7219344526063866e-22
11.971868697986617 2.662601651141311e-25 8.461309383254832e-17 8.461282159795547e-17 2.7223459283499668e-22
12.016849153516302 2.684349542153642e-25 8.562470916385188e-17 8.562443651787477e-17 2.726459770887122e-22
12.061998608675935 2.7166462257350182e-25 8.69804786717959e-17 8.698020545947218e-17 2.7321232370650134e-22
12.152807060118223 2.8815652030010933e-25 9.29553707038664e-17 9.295509551230125e-17 2.7519156513478583e-22
12.198467333490619 3.01747422299909e-25 9.77053330290067e-17 9.770505638600209e-17 2.766430046274071e-22
12.244299160690385 3.169380953244617e-25 1.0300962561022885e-16 1.0300934725126184e-16 2.783589670180723e-22
12.290303186275983 3.3685044417175514e-25 1.0989277845098907e-16 1.0989249798972583e-16 2.804612632663296e-22
12.3364800572276 3.585513453073143e-25 1.1741188226215481e-16 1.1741159834971337e-16 2.83912441454613e-22
12.382830422956244 3.835843104690763e-25 1.260811593789405e-16 1.260808677074762e-16 2.9167146429555676e-22
12.429354935312874 4.0987500245819995e-25 1.3522888131438284e-16 1.3522858157595845e-16 2.997384243652371e-22
12.476058240797144 4.352954036407555e-25 1.4415539747439148e-16 1.441550893488361e-16 3.0812555539605824e-22
12.522937033967983 4.611461782592484e-25 1.5329014808312097e-16 1.5328983093726297e-16 3.1714585807577357e-22
12.569987951963114 4.815457783989171e-25 1.6067261955035984e-16 1.6067229208233997e-16 3.274680198505551e-22
12.593579661530361 4.885996446965399e-25 1.6333218560352756e-16 1.6333185342612886e-16 3.3217739871653405e-22
12.617215648686605 4.936573045970416e-25 1.6533261184681118e-16 1.653322752717524e-16 3.365750587850042e-22
12.664620788327802 4.95664223945428e-25 1.6662846631391781e-16 1.6662812227385414e-16 3.4404006364416803e-22
12.71220403757155 4.891021994839539e-25 1.6504026177059899e-16 1.650399116981641e-16 3.5007243485265466e-22
12.736062662318053 4.822323931400653e-25 1.6302754934677451e-16 1.6302719690003699e-16 3.5244673755132506e-22
12.759966065607527 4.73313456294595e-25 1.6031265403672666e-16 1.6031229957901153e-16 3.544577151232189e-22
12.807907544139693 4.4873680493741965e-25 1.5255951814650945e-16 1.5255916099770869e-16 3.5714880071475275e-22
12.856029147395699 4.213264102106234e-25 1.4377883638994785e-16 1.4377847725794663e-16 3.5913200120332514e-22
12.904331552136407 3.921469370917095e-25 1.343240485982212e-16 1.3432368738629108e-16 3.6121193010554927e-22
12.95281543766539 3.6232295496372152e-25 1.245745881543157e-16 1.245742249935753e-16 3.6316074041267357e-22
13.00148148583848 3.3509723594065724e-25 1.1564666694866893e-16 1.1564630163576555e-16 3.653129033625186e-22
13.050330381073369 3.102313110901808e-25 1.0746735687600169e-16 1.0746698920795497e-16 3.676680467576656e-22
13.099362810359226 2.8770111591193115e-25 1.0003711311800329e-16 1.0003674270334209e-16 3.7041466120725725e-22
13.197981031955921 2.499584634507831e-25 8.756786861896763e-17 8.756749045345989e-17 3.781655077140841e-22
13.247568211189632 2.3466840873165756e-25 8.252019125080122e-17 8.25198083094187e-17 3.8294138253111384e-22
13.297341698339563 2.2085065080340725e-25 7.795302005426718e-17 7.795263204209692e-17 3.880121702777355e-22
13.397450398986955 1.9853291094345026e-25 7.060315381818299e-17 7.060275405382984e-17 3.997643531308317e-22
13.447787020368724 1.8955962367695661e-25 6.766531271255496e-17 6.766490635893791e-17 4.063536170235039e-22
13.498312765455129 1.8133618981062103e-25 6.497307273384805e-17 6.497265951503633e-17 4.132188117230805e-22
13.59993447169816 1.678170753003556e-25 6.058183124009405e-17 6.058140293161548e-17 4.283084785499721e-22
13.702321234386334 1.5727750888385767e-25 5.720450074398797e-17 5.720405587736131e-17 4.448666266735561e-22
13.805478813227746 1.4908080033636503e-25 5.4631436785390923e-17 5.463096754383721e-17 4.692415537410923e-22
13.90941301129231 1.4181633227652818e-25 5.2360584399350843e-17 5.2360088562353026e-17 4.95836997832082e-22
13.96167316792965 1.392287223633293e-25 5.1598340981989456e-17 5.159782887012391e-17 5.121118655484407e-22
14.014129675338197 1.370072872158453e-25 5.096584535143866e-17 5.096531619627057e-17 5.291551681001975e-22
14.119634696140762 1.3497467916566548e-25 5.0587730664296325e-17 5.0587164672444114e-17 5.659918522062379e-22
14.225934008823913 1.333989378627641e-25 5.037355421295179e-17 5.037294853141713e-17 6.056815346629877e-22
14.333033593193976 1.3185009544003251e-25 5.016351962342393e-17 5.016287091531408e-17 6.487081098406151e-22
14.44093947407611 1.3010778147544323e-25 4.9873305392608375e-17 4.9872611037231994e-17 6.943553763799682e-22
14.54965772165321 1.2843163211673684e-25 4.960143161193816e-17 4.9600687697115183e-17 7.439148229632314e-22
14.659194451807393 1.2681853108134728e-25 4.934717066251427e-17 4.934637288651789e-17 7.977759964028382e-22
14.769555826464039 1.2522451480829446e-25 4.909375211428692e-17 4.9092895921009975e-17 8.561932769440686e-22
14.992777389284976 1.2149884726556724e-25 4.83530288117427e-17 4.835204380561774e-17 9.850061249567792e-22
15.21937263962189 1.1804166517752844e-25 4.7687165729513004e-17 4.768602866438721e-17 1.1370651257843018e-21
15.449392566130673 1.1396053148759952e-25 4.673425325980524e-17 4.6732937194127145e-17 1.3160656781350141e-21
15.682888928090767 1.102612236919764e-25 4.590059420350072e-17 4.5899012539607735e-17 1.58166389297697e-21
15.919914267052077 1.0613151813118125e-25 4.484918280545916e-17 4.484727182230458e-17 1.910983154586226e-21
16.03976693895051 1.0428076294849162e-25 4.439884644641119e-17 4.439675030037321e-17 2.096146037971521e-21
16.1605219186579 1.037913027746805e-25 4.45231393259383e-17 4.4520838302567047e-17 2.301023371254087e-21
16.22123989475974 1.0370674369923906e-25 4.4654011321561185e-17 4.465160526199158e-17 2.4060595695849786e-21
16.282185999175777 1.0362272677270969e-25 4.478547254536878e-17 4.4782956076817484e-17 2.5164685512899158e-21
16.312744867225646 1.0358091346028633e-25 4.485142166727427e-17 4.484884788694145e-17 2.573780332819279e-21
16.343361089024967 1.0353922599105074e-25 4.491751517685125e-17 4.4914882628408364e-17 2.6325484428706668e-21
16.404766024646595 1.034562157969333e-25 4.5050131441473743e-17 4.504737682670575e-17 2.75461476799901e-21
16.466401669612416 1.033736712841362e-25 4.5183313702198224e-17 4.5180430700704477e-17 2.8830014937409988e-21
16.497306278852424 1.033325660247015e-25 4.5250114720652255e-17 4.524716504596572e-17 2.9496746865347464e-21
16.528268890738765 1.032915681131044e-25 4.531705442632749e-17 4.5314036364186597e-17 3.0180621408942516e-21
16.590368558098763 1.032098824023821e-25 4.5451346140939304e-17 4.5448185969976896e-17 3.160170962417296e-21
16.65270154503456 1.0312038075077157e-25 4.558255235882909e-17 4.557924456055677e-17 3.3077982723232986e-21
16.715268728169598 1.0299645586521095e-25 4.569882954244308e-17 4.569537516770025e-17 3.454374742831434e-21
16.778070987420957 1.0287338860328501e-25 4.5815718964638296e-17 4.581211092202256e-17 3.608042615721244e-21
16.9043842704834 1.0262971025709086e-25 4.605129976965039e-17 4.6047361633966636e-17 3.9381356837548165e-21
17.03164849990255 1.0238911888960084e-25 4.628922655886502e-17 4.6284925311858703e-17 4.3012470063371446e-21
17.159870834853997 1.0214216446319323e-25 4.6525227366888613e-17 4.652052904464123e-17 4.698322247396642e-21
17.289058488411015 1.0181082795973118e-25 4.672343308864005e-17 4.671832511317366e-17 5.107975466400119e-21
17.35401657858945 1.0164710311634836e-25 4.6823561832268226e-17 4.6818234888039553e-17 5.326944228692873e-21
17.386587088641786 1.0156571113435495e-25 4.6873878176423755e-17 4.6868438014475067e-17 5.440161948667916e-21
17.419218727950305 1.0148462704242466e-25 4.692436081748552e-17 4.691880486985077e-17 5.555947634745087e-21
17.48466585346766 1.0132336571125373e-25 4.7025820044336594e-17 4.702002457541568e-17 5.7954689209356326e-21
17.550358875560836 1.0116328588185028e-25 4.712792968377887e-17 4.7121883668408765e-17 6.046015370079772e-21
17.682486308455736 1.0083630156119121e-25 4.732925538608174e-17 4.7322690189551714e-17 6.565196530040317e-21
17.81560845938729 1.0041703737518173e-25 4.7487302099182894e-17 4.748034792247211e-17 6.954176710805003e-21
17.882544892141226 1.0021027431694407e-25 4.75675746042238e-17 4.756041700347596e-17 7.157600747853065e-21
17.949732817065083 1.000053578308764e-25 4.764865977585785e-17 4.764129407801177e-17 7.365697846073152e-21
18.084866926577256 9.960086278922033e-26 4.7813204431666125e-17 4.7805417426609577e-17 7.787005056571467e-21
18.221018389814958 9.921124072714538e-26 4.798471949746928e-17 4.7976486768711424e-17 8.232728757872901e-21
18.496404071615608 9.862695909474438e-26 4.8423076736462676e-17 4.8413889242743435e-17 9.187493719222227e-21
18.635790038622734 9.860382475650144e-26 4.877654145433615e-17 4.8766833442911504e-17 9.708011424663276e-21
18.776226396166493 9.857349316316864e-26 4.912899647722246e-17 4.911873788288321e-17 1.0258594339251036e-20
18.91772105982334 9.850402096521361e-26 4.946433895290988e-17 4.94535045711902e-17 1.0834381719674712e-20
19.203636446149176 9.835627507266946e-26 5.0136611820186265e-17 5.012452387784366e-17 1.2087942342612336e-20
19.4938730510763 9.813533956136308e-26 5.0780035024381074e-17 5.076655325497601e-17 1.348176940507788e-20
19.78849618389234 9.785424855884038e-26 5.139985700621788e-17 5.1384823841254976e-17 1.5033164962920218e-20
20.08757214094514 9.749723789630728e-26 5.1986334250315205e-17 5.19695765394984e-17 1.675771081678161e-20
20.391466406516905 9.70786751460855e-26 5.254625052176618e-17 5.2527571892467346e-17 1.8678629298819142e-20
20.699681925472166 9.662329320563682e-26 5.3090270797953135e-17 5.3069482020427216e-17 2.0788777525934812e-20
21.012556099387844 9.613789207110363e-26 5.36219884154863e-17 5.35989160829089e-17 2.3072332577413466e-20
21.652507708764745 9.573368806565322e-26 5.502276681115507e-17 5.4994391143738796e-17 2.8375667416274994e-20
21.979755641372343 9.554738786167566e-26 5.57456663912491e-17 5.571418840236891e-17 3.147798888017684e-20
22.311949477282987 9.530815588247696e-26 5.644649986570906e-17 5.641157542040984e-17 3.4924445299197967e-20
22.64916396703608 9.500490377329443e-26 5.711729495460911e-17 5.707854308010346e-17 3.875187450564959e-20
22.991811201917592 9.464843376171894e-26 5.776383906063008e-17 5.772083069733328e-17 4.300836329678849e-20
23.339642165776596 9.422713293741943e-26 5.83767083900882e-17 5.832897258818627e-17 4.773580190191568e-20
23.69273528050995 9.375362508440138e-26 5.896206759423163e-17 5.890907936985029e-17 5.2988224381326767e-20
24.414313559781952 9.301858740695686e-26 6.02814501167526e-17 6.021614872287673e-17 6.530139387584972e-20
24.78366481022829 9.270710770682691e-26 6.098850559220754e-17 6.091598079644943e-17 7.252479575813136e-20
25.15860378059443 9.241462935376062e-26 6.171584712886903e-17 6.163527917559615e-17 8.056795327285507e-20
25.924826076583233 9.170935596385483e-26 6.31101086905146e-17 6.301064811549379e-17 9.946057502077772e-20
26.714384190886577 9.09183417315291e-26 6.447125235811037e-17 6.434842442825005e-17 1.2282792986034153e-19
27.527988831636016 9.005222487472098e-26 6.580188936314122e-17 6.565021564652486e-17 1.5167371661635623e-19
28.366372352060132 8.918887686914281e-26 6.715586191311042e-17 6.69685493846146e-17 1.8731252849583792e-19
29.2302894097004 8.839591044065161e-26 6.858588099989473e-17 6.835462288052484e-17 2.3125811936988383e-19
30.12051764570424 8.756784779472764e-26 7.001265389186927e-17 6.972692998931474e-17 2.857239025545188e-19
30.575747924857424 8.71047738764156e-26 7.069496437979767e-17 7.0377124316611e-17 3.1784006318668117e-19
31.037858384806153 8.661001748361269e-26 7.135580443899545e-17 7.100204686256792e-17 3.537575764275575e-19
31.983137356627505 8.565641869220682e-26 7.271942040808585e-17 7.228095758530857e-17 4.384628227772979e-19
32.95720543894392 8.486363427444797e-26 7.424059411035955e-17 7.369616616704691e-17 5.444279433126721e-19
33.960939423588975 8.409334823679271e-26 7.580725530562585e-17 7.513096461440951e-17 6.762906912162933e-19
34.99524280568484 8.317489964595888e-26 7.726285102205271e-17 7.642363158137512e-17 8.392194406775966e-19
36.06104659690874 8.225710732051318e-26 7.87374223421221e-17 7.76964178353251e-17 1.0410045067970132e-18
37.159310163528254 8.155567200372829e-26 8.044355347287572e-17 7.915376458036793e-17 1.2897888925077514e-18
38.29102208995955 8.094468747167578e-26 8.227250914751069e-17 8.067524195176885e-17 1.59726719574183e-18
39.45720106862597 8.02594377919916e-26 8.406047141557798e-17 8.208560514338476e-17 1.9748662721932154e-18
40.65889681691763 7.961539048312758e-26 8.592549712675506e-17 8.34855211953781e-17 2.439975931376931e-18
41.897191022077855 7.914658265773602e-26 8.802104247691071e-17 8.500949106997856e-17 3.011551406932142e-18
43.173198314866475 7.881406690476676e-26 9.032072065594319e-17 8.660626162477348e-17 3.714459031169703e-18
44.48806727287728 7.856448111661455e-26 9.277676354359319e-17 8.820423303027203e-17 4.57253051332118e-18
45.8429814544115 7.844837022546057e-26 9.546105139053372e-17 8.983929946018379e-17 5.6217519303499214e-18
47.23916046383907 7.851941525673342e-26 9.845746743223096e-17 9.156167008463133e-17 6.895797347599596e-18
48.67786104940597 7.880132729584052e-26 1.0182031876776327e-16 9.337596106225025e-17 8.444357705513038e-18
50.16037823447602 7.931635181370116e-26 1.0560706332854596e-16 9.529391495305934e-17 1.0313148375486595e-17
51.68804648322576 8.009729961258227e-26 1.098948716792373e-16 9.732665231786387e-17 1.2568219361373459e-17
53.26224090184056 8.115127127713876e-26 1.1473190252560317e-16 9.946286124515645e-17 1.52690412804467e-17
54.884378476295105 8.252503869704757e-26 1.2022752870613582e-16 1.0172850238449343e-16 1.849902632164238e-17
56.55591934783037 8.428791854836584e-26 1.2653562915110654e-16 1.0420315595059537e-16 2.2332473200511176e-17
58.27836812727644 8.647846557781558e-26 1.3377802825886384e-16 1.0691039988442548e-16 2.686762837443836e-17
60.05327524940399 8.914907080717089e-26 1.4210944795539831e-16 1.0979752435725261e-16 3.231192359814574e-17
61.88223836852342 9.237726193341668e-26 1.5174015837128296e-16 1.1288487692388969e-16 3.8855281447393315e-17
62.81758386220369 9.423466355938296e-26 1.571308086804326e-16 1.1454988845773887e-16 4.258092022269367e-17
63.7670670344103 9.63295917706002e-26 1.630517990280222e-16 1.163087286705729e-16 4.67430703574493e-17
65.70913619443517 1.0123772761533918e-25 1.7657840089277816e-16 1.2013575076812135e-16 5.644265012465686e-17
67.71035238438829 1.0690735041455745e-25 1.9214632086635966e-16 1.242951042881256e-16 6.785121657823408e-17
69.77251696707448 1.1332156281947556e-25 2.098777396462311e-16 1.2878206921600503e-16 8.109567043022608e-17
71.89748616702131 1.206398983732222e-25 2.3023646132367257e-16 1.3375883490422269e-16 9.647762641944992e-17
74.08717274132995 1.2894869431833596e-25 2.535884119051907e-16 1.393471977231034e-16 1.1424121418208733e-16
76.34354770141287 1.3826938858768191e-25 2.8019979508126493e-16 1.454948696562725e-16 1.3470492542499235e-16
78.66864208716851 1.4863457922205112e-25 3.103780103902626e-16 1.5218253638330894e-16 1.5819547400695368e-16
81.06454879518883 1.6015899880331693e-25 3.44628943027638e-16 1.5954293245155732e-16 1.850860105760806e-16
83.5334244626476 1.7307634691501377e-25 3.837668335856761e-16 1.6769955293480085e-16 2.1606728065087518e-16
86.07749140856238 1.871986453412288e-25 4.2772214526584123e-16 1.7665259021876382e-16 2.5106955504707743e-16
88.69903963417964 2.022139373968653e-25 4.761013756215341e-16 1.8640468374410297e-16 2.896966918774312e-16
91.4004288842828 2.1819553543335664e-25 5.29375120785662e-16 1.9703405442086832e-16 3.3234106636479385e-16
94.18409077127889 2.350778652520617e-25 5.877041004682889e-16 2.0861440770806004e-16 3.7908969276022886e-16
97.05253096397554 2.5280743688205075e-25 6.51277604142368e-16 2.2116541762560163e-16 4.301121865167663e-16
100.00833144301866 2.7174494305794767e-25 7.213849632533292e-16 2.347181900147933e-16 4.86666773238536e-16
103.05415282502196 2.914889310247237e-25 7.973646869187349e-16 2.4927893426561746e-16 5.480857526531174e-16
106.19273675747671 3.1244537937999987e-25 8.807210022125601e-16 2.6481157185070606e-16 6.159094303618538e-16
109.4269083866038 3.3407043489903052e-25 9.703571379338634e-16 2.813260917864277e-16 6.890310461474353e-16
112.75957890036308 3.55478848864658e-25 1.0639877884430502e-15 2.9887984861640193e-16 7.651079398266484e-16
116.1937481489129 3.766498697137459e-25 1.1616893713619597e-15 3.1738791621449633e-16 8.443014551474632e-16
119.73250734487735 3.9676244953764184e-25 1.2609912503963635e-15 3.3667140187817684e-16 9.243198485181871e-16
123.37904184585196 4.158814933997285e-25 1.362010391613665e-15 3.56693636832462e-16 1.0053167547812028e-15
127.13663402165271 4.332912751101148e-25 1.4622448021836707e-15 3.775278213601323e-16 1.0847169808235386e-15
131.0086662088879 4.4905083841815505e-25 1.5615826308363998e-15 3.9901636983469364e-16 1.1625662610017062e-15
134.99862375551584 4.625245377498984e-25 1.6574237277491776e-15 4.208436513750753e-16 1.2365800763741027e-15
139.11009815812417 4.737949699542607e-25 1.749518486354855e-15 4.428897265125645e-16 1.3066287598422903e-15
143.3467902947586 4.830187349916639e-25 1.8378979030662946e-15 4.652081795070381e-16 1.3726897235592565e-15
147.71251375620898 4.9018138224448065e-25 1.921956412333485e-15 4.876262957547772e-16 1.4343301165787067e-15
152.21119827875228 4.979389334019382e-25 2.0118339038423023e-15 5.097845857942256e-16 1.5020493180480762e-15
156.84689328144228 5.061808577781917e-25 2.1074198742199564e-15 5.314796725183155e-16 1.5759402017016417e-15
159.21741877681018 5.094527425758292e-25 2.1530985897136045e-15 5.42144936394847e-16 1.610953653318757e-15
161.62377151112827 5.119102026108911e-25 2.1961826448402825e-15 5.526695082251773e-16 1.643513136615105e-15
166.54613279848823 5.144129681739052e-25 2.2741331782808484e-15 5.73203641214854e-16 1.7009295370659949e-15
171.61840792845166 5.151468647734525e-25 2.3467366872967273e-15 5.928042842267378e-16 1.7539324030699887e-15
176.84516262850022 5.145934804950986e-25 2.415610437861842e-15 6.112638977873947e-16 1.8043465400744472e-15
179.5181642894721 5.135749901736044e-25 2.44726893925155e-15 6.200341046025715e-16 1.8272348346489784e-15
182.2315681744764 5.11307241440024e-25 2.473289700804404e-15 6.284764019947326e-16 1.844813298809672e-15
187.78155384880017 5.035712823007864e-25 2.5100554557224467e-15 6.443129582711795e-16 1.8657424974512675e-15
190.61961427604518 4.991360387503713e-25 2.525549863603528e-15 6.51667516264261e-16 1.873882347339266e-15
193.5005680909718 4.944342673496333e-25 2.5395703026033793e-15 6.586227680461417e-16 1.8809475345572376e-15
199.3937587803602 4.847864576651568e-25 2.5658512348377994e-15 6.712882417853498e-16 1.8945629930524507e-15
205.46643057848152 4.748683699724869e-25 2.589903320396586e-15 6.821697085233956e-16 1.9077336118731905e-15
211.72404970390772 4.661606405048188e-25 2.619842765327755e-15 6.911458135187732e-16 1.928696951808982e-15
218.17224885259444 4.562306328969564e-25 2.6421251388009704e-15 6.98216431802515e-16 1.943908706998455e-15
224.8168322680627 4.43381060376992e-25 2.6459119937988517e-15 7.034271844015588e-16 1.942484809397293e-15
231.66378096599615 4.288368014550104e-25 2.637057632276603e-15 7.06651632764876e-16 1.930405999511726e-15
238.71925811795668 4.125431284266825e-25 2.6141243759953547e-15 7.077451650158097e-16 1.906379210979546e-15
245.98961459906556 3.9513167228115983e-25 2.580049555534111e-15 7.068541631974282e-16 1.8731953923366827e-15
249.71106150874405 3.8554701260193063e-25 2.5555510225253722e-15 7.057569732019689e-16 1.8497940493234036e-15
253.4888082224776 3.753682953065631e-25 2.5257235327684708e-15 7.04243373744492e-16 1.8214801590239792e-15
261.20898134247824 3.5513613725349536e-25 2.46236486247878e-15 6.998045491312059e-16 1.762560313347574e-15
269.1642775569489 3.367950878534869e-25 2.406315692353017e-15 6.93347734226247e-16 1.7129679581267694e-15
277.3618576987742 3.189794831018602e-25 2.3484370341200226e-15 6.851101658146259e-16 1.663326868305396e-15
285.8091006888481 2.984880348154233e-25 2.2645004595743724e-15 6.754595790829754e-16 1.5890408804913972e-15
294.5136101780917 2.7779416236165215e-25 2.1716904299985764e-15 6.643526387640207e-16 1.5073377912345556e-15
303.4832213917586 2.5940371827509844e-25 2.0896825461090962e-15 6.516951011507237e-16 1.4379874449583716e-15
312.7260081821858 2.421793030225092e-25 2.0103443761304513e-15 6.377059281635191e-16 1.3726384479669323e-15
322.25029029634635 2.2611015059993646e-25 1.9341172999919505e-15 6.226764559233122e-16 1.3114408440686386e-15
332.0646408647343 2.108359534101431e-25 1.8583894804530384e-15 6.066761652789996e-16 1.2517133151740383e-15
342.17789411833206 1.9585741475997824e-25 1.778940407375284e-15 5.89747518745133e-16 1.1891928886301511e-15
352.59915334060224 1.8138420627790702e-25 1.697657854374843e-15 5.720385566733569e-16 1.125619297701486e-15
363.337799061663 1.677968946343264e-25 1.618318255985117e-15 5.537275743274771e-16 1.0645906816576402e-15
374.40349750202313 1.550272735039714e-25 1.540697717545886e-15 5.349325212829353e-16 1.0057651962629512e-15
380.062092440151 1.4892324113565916e-25 1.5024030882699692e-15 5.253930241470041e-16 9.770100641229656e-16
385.80620927347337 1.4300098913995695e-25 1.464460585491018e-15 5.157785084233645e-16 9.486820770676534e-16
397.5561983449763 1.316823300572344e-25 1.3896181075982075e-15 4.963725311578647e-16 8.93245576440343e-16
409.6640412816112 1.2092964996585452e-25 1.3150130835120554e-15 4.767842372313314e-16 8.382288462807237e-16
415.8555509384264 1.1576971450025973e-25 1.2779295077982959e-15 4.669539848888644e-16 8.109755229094317e-16
422.1406367649012 1.1076228370956766e-25 1.2411334926844507e-15 4.571180614110889e-16 7.840154312733618e-16
434.9972154030873 1.0130222506002461e-25 1.1697010896289142e-15 4.375244175409442e-16 7.3217667208797e-16
448.24534984018095 9.254296257110454e-26 1.1011047200251639e-15 4.180962670165834e-16 6.830084530085804e-16
461.89696517289525 8.444406859483457e-26 1.0353416652988273e-15 3.9884273756889664e-16 6.364989277299304e-16
475.9643496848308 7.697104831332273e-26 9.724589088243886e-16 3.798185841924825e-16 5.926403246319058e-16
490.4601659075747 7.002802075598242e-26 9.116854537813437e-16 3.6117549307522924e-16 5.505099607061143e-16
505.39746201868155 6.356717610326414e-26 8.52776862447635e-16 3.430045391657313e-16 5.097723232819036e-16
520.7896835867783 5.762892364816833e-26 7.9665871950656745e-16 3.2530669176687247e-16 4.713520277396947e-16
536.6506856743796 5.22086593209933e-26 7.437100711460079e-16 3.081177288808445e-16 4.3559234226516313e-16
552.9947453093008 4.724642041805744e-26 6.93520571407671e-16 2.914485593793055e-16 4.020720120283657e-16
569.8365743358964 4.2704694023919126e-26 6.459447429924459e-16 2.7532033009361846e-16 3.7062441289882755e-16
587.1913326576936 3.855521355096479e-26 6.009414803353843e-16 2.597554458936734e-16 3.4118603444171076e-16
605.0746418833327 3.4770505459956145e-26 5.584565506810582e-16 2.4477077314070833e-16 3.136857775403499e-16
623.502599388115 3.1324170390261997e-26 5.184266029069225e-16 2.3037788386150465e-16 2.8804871904541766e-16
642.4917928037942 2.819085489710319e-26 4.807787495802201e-16 2.1658348706179363e-16 2.6419526251842626e-16
662.0593149496696 2.5346328135366358e-26 4.454319719480986e-16 2.0339042795480872e-16 2.4204154399328993e-16
682.2227792184137 2.2767607839641152e-26 4.1229973117337485e-16 1.907974068752918e-16 2.2150232429808305e-16
703.0003354304876 2.043301445162471e-26 3.812917490327154e-16 1.7880001102618716e-16 2.0249173800652842e-16
724.4106861714122 1.8322172439062654e-26 3.523150921084344e-16 1.673912141522763e-16 1.8492387795615813e-16
746.4731036265977 1.6415971164970993e-26 3.2527461971291923e-16 1.565603598403612e-16 1.6871425987255792e-16
769.2074469289008 1.4696576559843077e-26 3.0007450237580065e-16 1.4629451771792902e-16 1.5377998465787163e-16
792.6341800345017 1.3147421494620906e-26 2.766195149043753e-16 1.3657967288106875e-16 1.4003984202330655e-16
816.7743901432078 1.1753155509380786e-26 2.548156089490504e-16 1.274003013438714e-16 1.2741530760517894e-16
841.6498066797607 1.0499561835686553e-26 2.3456976711072453e-16 1.1873913088967259e-16 1.1583063622105195e-16
867.2828208532309 9.373520845477342e-27 2.1579080073196991e-16 1.1057778794341714e-16 1.0521301278855269e-16
893.6965058121084 8.363001880757511e-27 1.983908725118164e-16 1.0289757642525119e-16 9.549329608656524e-17
920.9146374132232 7.456973920926152e-27 1.8228521011454075e-16 9.567936151124977e-17 8.660584860329099e-17
948.9617156232121 6.645312653809629e-27 1.673915549525258e-16 8.89034167517413e-17 7.848813820078451e-17
977.8629865717667 5.918768675774989e-27 1.5363098235810198e-16 8.254988325377224e-17 7.108109910432974e-17
1007.6444652765354 5.2689146502686766e-27 1.4092820502209053e-16 7.659895132794428e-17 6.432925369414618e-17
1038.332959060126 4.688078173370972e-27 1.2921142547121945e-16 7.103090723762377e-17 5.818051823359565e-17
1069.95609168029 4.1692924072902815e-27 1.1841255268748903e-16 6.58263768147273e-17 5.258617587276174e-17
1102.542328195006 3.7062405513010796e-27 1.084671697568849e-16 6.096640444325105e-17 4.750076531363383e-17
1136.1210005848498 3.2931972644625176e-27 9.931429559899533e-17 5.64323882767591e-17 4.288190732223623e-17
1170.7223341557005 2.9249807473541404e-27 9.089632996178884e-17 5.220613283101477e-17 3.8690197130774055e-17
1206.3774747455793 2.596914582415394e-27 8.315920285990381e-17 4.827009679348514e-17 3.488910606641866e-17
1243.1185167600695 2.3047848698355055e-27 7.60523017782509e-17 4.460744437082003e-17 3.1444857407430876e-17
1280.9785320615858 2.0447920858308122e-27 6.952811257500529e-17 4.120189574163424e-17 2.832621683337106e-17
1319.9915997384837 1.8135122617713147e-27 6.35420316874445e-17 3.803772237526692e-17 2.5504309312177566e-17
1360.1928367808064 1.6078703727977172e-27 5.805250295510056e-17 3.509991829701641e-17 2.2952584658084134e-17
1401.618429690285 1.4251099509176145e-27 5.302096221529149e-17 3.237426558567137e-17 2.0646696629620116e-17
1444.305667053031 1.2627562938329026e-27 4.841144994494362e-17 2.9847185149508945e-17 1.856426479543469e-17
1488.2929731042755 1.1185882269367915e-27 4.4190417878760225e-17 2.7505660455399892e-17 1.6684757423360336e-17
1533.6199423153234 9.906177736632917e-28 4.0326756796973224e-17 2.5337375448397053e-17 1.4989381348576156e-17
1580.327375033885 8.770676285412204e-28 3.679167652858371e-17 2.3330747484878328e-17 1.3460929043705378e-17
1628.457314209858 7.763489516026949e-28 3.355851874513027e-17 2.147482416779624e-17 1.2083694577334033e-17
1678.0530832396191 6.87040738956694e-28 3.0602550129922005e-17 1.9759204104564823e-17 1.0843346025357173e-17
1729.1593249628888 6.0787470441961935e-28 2.790091946404806e-17 1.8174094079402664e-17 9.72682538464541e-18
1781.8220418472597 5.377207522683614e-28 2.543258810118775e-17 1.6710339140421996e-17 8.722248960765752e-18
1836.0886373966016 4.7557112984635766e-28 2.3178138752919054e-17 1.535933694505425e-17 7.8188018078648e-18
1892.007958820556 4.205274671081303e-28 2.1119652075780495e-17 1.4112984046679772e-17 7.006668029100726e-18
1949.6303410035755 3.7178936618571265e-28 1.924060270376171e-17 1.2963672520174765e-17 6.2769301835869455e-18
2009.0076518130663 3.286455141003617e-28 1.752583556376505e-17 1.19043364142145e-17 5.6214991495505535e-18
2070.1933387874215 2.9046329618906937e-28 1.596142278563598e-17 1.0928373320491702e-17 5.033049465144284e-18
2133.242477245972 2.5667932383076247e-28 1.453451493178346e-17 1.0029581854336005e-17 4.50493307744745e-18
2198.211819864143 2.2679300407662276e-28 1.3233314241231581e-17 9.202180557808588e-18 4.0311336834229955e-18
2265.1598477584885 2.0035999133274696e-28 1.2047010586798245e-17 8.440793444561103e-18 3.606217142237142e-18
2334.1468231275226 1.7698557574158937e-28 1.0965677690243725e-17 7.740411562243825e-18 3.2252661279998996e-18
2405.2348434957767 1.5631962080468665e-28 9.980226842553602e-18 7.09637924958674e-18 2.8838475929668616e-18
2478.487897609897 1.3805157513821914e-28 9.082336780440172e-18 6.504372359574634e-18 2.577964420865541e-18
2553.971923037092 1.219057181023113e-28 8.264367643528418e-18 5.9603676372512665e-18 2.3040000062771525e-18
2631.7548655177807 1.0763755741705769e-28 7.519322319506866e-18 5.46062973947915e-18 2.0586925800277154e-18
2711.906740125872 9.503053735817015e-29 6.840807484040094e-18 5.0016997758373115e-18 1.8391077082027817e-18
2794.4996942916955 8.389272762943487e-29 6.2229715352476464e-18 4.580369176369942e-18 1.642602358877706e-18
2879.6080727443887 7.40541845994233e-29 5.66046904570747e-18 4.1936708486513005e-18 1.4667981970561724e-18
2967.308484432098 6.536448503309951e-29 5.1484200789946026e-18 3.838862302876119e-18 1.3095577761184852e-18
3057.6798714803062 5.769035040127777e-29 4.682358092708492e-18 3.5134021705027335e-18 1.1689559222057587e-18
