Dust emission spectrum from A.P. Jones, M. Kohler, N. Ysard, M. Bocchio, and L. Verstraete (2017), A&A, 602A, 46J 
inside the DustPedia framework.

lambda    nu*dP/dnu     j_nu    j_nu(carb.) j_nu(sil)
 (um)   (erg s-1 H-1) (Jy cm2 sr-1 H-1)
0.9927057738263894 1.3821234155778998e-24 3.6419737030905576e-17 3.6419737030905576e-17 1.5101698859767205e-38
1.0001793341362166 1.4047990882262763e-24 3.729593734431199e-17 3.729593734431199e-17 2.0227001943944772e-38
1.0077091589558085 1.427437654823623e-24 3.818227382305229e-17 3.818227382305229e-17 2.7047733494769764e-38
1.0114953028030835 1.4387402271281232e-24 3.862919785565954e-17 3.862919785565954e-17 3.125860354266694e-38
1.0152956718711033 1.4500301768405748e-24 3.9078601058157765e-17 3.9078601058157765e-17 3.6110733314425895e-38
1.0229392996569957 1.472556637056629e-24 3.998446637262247e-17 3.998446637262247e-17 4.813482050263176e-38
1.0267826658714554 1.4837656568565404e-24 4.0440198259497634e-17 4.0440198259497634e-17 5.554148013954666e-38
1.0306404723013447 1.4949570875332696e-24 4.089830904785641e-17 4.089830904785641e-17 6.40633172952477e-38
1.03451277320114 1.5061298470710178e-24 4.135877865991156e-17 4.135877865991156e-17 7.38646550143792e-38
1.0383996230291617 1.517282859734637e-24 4.1821586776476276e-17 4.1821586776476276e-17 8.513351547368592e-38
1.0403485208654093 1.522851626589567e-24 4.2053861359386136e-17 4.2053861359386136e-17 9.138431790145592e-38
1.0423010764483396 1.52841505627562e-24 4.228671284180022e-17 4.228671284180022e-17 9.808496512456644e-38
1.0462171883269815 1.5395253741334281e-24 4.275413606840974e-17 4.275413606840974e-17 1.1296492175818105e-37
1.0471985131304309 1.5422994111875758e-24 4.287134834880928e-17 4.287134834880928e-17 1.170183408509911e-37
1.048180758391296 1.5450719983832194e-24 4.29887025589413e-17 4.29887025589413e-17 1.2121442946876587e-37
1.0501480137395462 1.550612757632166e-24 4.3223835441951e-17 4.3223835441951e-17 1.3005448583732033e-37
1.0521189612883777 1.5561475210280226e-24 4.34595320559897e-17 4.34595320559897e-17 1.3952653366686341e-37
1.0531058218030118 1.5589083279436991e-24 4.357747112859561e-17 4.357747112859561e-17 1.4451321765442952e-37
1.0540936079674168 1.5616535464352105e-24 4.3695157048307086e-17 4.3695157048307086e-17 1.4967452857966322e-37
1.058054026499678 1.5726180423043977e-24 4.4167267468245764e-17 4.4167267468245764e-17 1.7219133470101376e-37
1.0590464539527713 1.5753549915055727e-24 4.42856350512414e-17 4.42856350512414e-17 1.7832110772435625e-37
1.06003981227728 1.5780902388097959e-24 4.4404137939759866e-17 4.4404137939759866e-17 1.8466495974540584e-37
1.0620293250338977 1.5835555639917358e-24 4.4641548255725334e-17 4.4641548255725334e-17 1.9802448691938993e-37
1.0660195594769086 1.5944650922397482e-24 4.5117977356584774e-17 4.5117977356584774e-17 2.27652203814842e-37
1.070024785945596 1.6053456157857155e-24 4.5596532519916895e-17 4.5596532519916895e-17 2.616202109364595e-37
1.0740450607676866 1.6161961315273336e-24 4.6077191302921925e-17 4.6077191302921925e-17 3.0055106545161814e-37
1.07808044048254 1.6270156446838117e-24 4.655993107575356e-17 4.655993107575356e-17 3.4515473995292915e-37
1.0861967418109137 1.648538445799124e-24 4.753100625545346e-17 4.753100625545346e-17 4.547303382505191e-37
1.0902777775684922 1.6591959464109176e-24 4.801802255785599e-17 4.801802255785599e-17 5.216732141334692e-37
1.0943741465085532 1.6698177914997326e-24 4.850699174179292e-17 4.850699174179292e-17 5.982676751171026e-37
1.1026131145906286 1.6909507434231427e-24 4.9490693984579755e-17 4.9490693984579755e-17 7.860498759456897e-37
1.1109141095355224 1.7119298524156114e-24 5.0481921937947675e-17 5.0481921937947675e-17 1.0313926231751396e-36
1.1192775983109025 1.7327281692149792e-24 5.147989833744539e-17 5.147989833744539e-17 1.3515186106752637e-36
1.1277040513999907 1.7532482916530785e-24 5.248171253965002e-17 5.248171253965002e-17 1.768661027436763e-36
1.1361939428280308 1.7735903829551673e-24 5.349032393105256e-17 5.349032393105256e-17 2.3115433902103124e-36
1.1447477501889525 1.7937476815876473e-24 5.450553219451717e-17 5.450553219451717e-17 3.0171598105393426e-36
1.1533659546722406 1.813724704053816e-24 5.552747549251659e-17 5.552747549251659e-17 3.933123996005411e-36
1.1707974979042381 1.8532036260514646e-24 5.759361779386762e-17 5.759361779386762e-17 6.658296395229917e-36
1.1884924949847024 1.891876548166363e-24 5.968410288707641e-17 5.968410288707641e-17 1.1214645727913305e-35
1.2064549276569216 1.930050028518714e-24 6.180862766614278e-17 6.180862766614278e-17 1.8794669563157233e-35
1.2246888378427687 1.9673030931988995e-24 6.395381663755431e-17 6.395381663755431e-17 3.1339080022186574e-35
1.2431983285522175 2.0035486855888973e-24 6.611648407607816e-17 6.611648407607816e-17 5.199160090854414e-35
1.2619875648066055 2.038773794762045e-24 6.829572998256656e-17 6.829572998256656e-17 8.581521369609558e-35
1.3004222497298317 2.10557413708269e-24 7.268158038989018e-17 7.268158038989018e-17 2.3019339653304804e-34
1.3400274889804893 2.167447559185877e-24 7.709598103597985e-17 7.709598103597985e-17 6.046650015696598e-34
1.3808389325824078 2.2241699599869387e-24 8.152305146906843e-17 8.152305146906843e-17 1.5548123531496626e-33
1.4228933163050095 2.2760305723614838e-24 8.596464296594645e-17 8.596464296594642e-17 3.912452411889521e-33
1.466228494730424 2.324306572145646e-24 9.046164868585685e-17 9.046164868585681e-17 9.633165195093492e-33
1.5108834753276823 2.3680500638751943e-24 9.497105973185142e-17 9.497105973185137e-17 2.3201621948694184e-32
1.5568984535646726 2.406497109528033e-24 9.94523534329883e-17 9.945235343298825e-17 5.465486192619237e-32
1.6043148490894465 2.439728269956958e-24 1.0389639886604036e-16 1.0389639886604021e-16 1.259267787716745e-31
1.6531753430134553 2.4678554489834558e-24 1.0829491635253962e-16 1.0829491635253939e-16 2.838065636668097e-31
1.7035239163302658 2.491230280659686e-24 1.1265008980012937e-16 1.1265008980012878e-16 6.257932464381143e-31
1.755405889504358 2.511844190282941e-24 1.170414465622082e-16 1.170414465622069e-16 1.3506351430362935e-30
1.8088679632656115 2.529213504136247e-24 1.214400093757008e-16 1.2144000937569795e-16 2.8538778904875057e-30
1.8639582606462262 2.5430136036399226e-24 1.258213380782635e-16 1.2582133807825757e-16 5.9053034588254165e-30
1.9207263702978936 2.553491011821965e-24 1.3018749347927897e-16 1.3018749347926696e-16 1.1970231618624946e-29
1.979223391128241 2.5612113417243584e-24 1.3455804367275062e-16 1.3455804367272683e-16 2.3779412733436714e-29
2.039501978296691 2.5668496144649344e-24 1.389613386453058e-16 1.3896133864525954e-16 4.6315405187734905e-29
2.1016163906111602 2.5722847374980336e-24 1.434967023484127e-16 1.4349670234832425e-16 8.849410000659804e-29
2.1656225393682647 2.5786076932517438e-24 1.4823046463610525e-16 1.4823046463593935e-16 1.6595277121369035e-28
2.231578038680979 2.5859004237873502e-24 1.5317691169880527e-16 1.5317691169849971e-16 3.0555322194927414e-28
2.299542257339062 2.5948170848492415e-24 1.5838628651478797e-16 1.5838628651423537e-16 5.525875036878966e-28
2.369576372248914 2.6067996921481314e-24 1.639637357806296e-16 1.6396373577964753e-16 9.820574640037726e-28
2.4417434235010123 2.6235507223552545e-24 1.700430651217648e-16 1.700430651200489e-16 1.71592594828974e-27
2.5161083711144245 2.6479833131491905e-24 1.7685364683195547e-16 1.7685364682900612e-16 2.9493387140622864e-27
2.5927381535095444 2.6848651726600623e-24 1.8477813229890585e-16 1.8477813229391616e-16 4.989707140783384e-27
2.6717017477616296 2.7398928995377213e-24 1.9430813998240772e-16 1.9430813997409508e-16 8.312678212114245e-27
2.753070231689431 2.8216424660976924e-24 2.0620002161500071e-16 2.0620002160135904e-16 1.36416781930393e-26
2.836916847834745 2.94954158603263e-24 2.2211125358921506e-16 2.2211125356714874e-16 2.206630511800787e-26
2.9233170693905177 3.1663811158428302e-24 2.457019154918215e-16 2.4570191545661816e-16 3.5203367065511684e-26
2.967498994190263 3.3503935162467146e-24 2.639099916925749e-16 2.6390999164832647e-16 4.4248476722554057e-26
3.0123486681368425 3.565297804044832e-24 2.850824504361397e-16 2.850824503807032e-16 5.543648087419345e-26
3.0578761833420214 4.045768703435983e-24 3.283903450154096e-16 3.283903449460855e-16 6.932407016205281e-26
3.1040917844459814 4.665037593084567e-24 3.843785421396655e-16 3.8437854205323485e-16 8.643061455198345e-26
3.127460860933648 5.3198656136070334e-24 4.4163346822556927e-16 4.4163346812900703e-16 9.65622034628712e-26
3.1510058709225794 6.1924179306114055e-24 5.179393469897356e-16 5.179393468818569e-16 1.0787870176974846e-25
3.162844764501044 7.004391272455601e-24 5.88054676594298e-16 5.880546764800376e-16 1.142603413052183e-25
3.1747281389236908 7.948791074572602e-24 6.698492208653104e-16 6.698492207443158e-16 1.2099466827038405e-25
3.1986289994194426 1.0583326072068978e-23 8.985773768339693e-16 8.98577376698074e-16 1.358955138576077e-25
3.2227097969389145 1.6793053990964133e-23 1.436548578209809e-15 1.4365485780549249e-15 1.5488423225161796e-25
3.2348180950136065 2.26818597884066e-23 1.9475918939967297e-15 1.9475918938295977e-15 1.6713182888303327e-25
3.240889293275058 2.7084389954553224e-23 2.3299826502415358e-15 2.3299826500668737e-15 1.7466125393057782e-25
3.2469718861334385 3.2177361406438176e-23 2.7733098219945095e-15 2.773309821811307e-15 1.8320297826780732e-25
3.2714166318528037 5.934480811144255e-23 5.153330786841159e-15 5.153330786618671e-15 2.2248816018080216e-25
3.2744851364798273 6.104290773851826e-23 5.305760830355136e-15 5.30576083012851e-15 2.2662663641063174e-25
3.2775565192852394 6.278978185558195e-23 5.4627156751521726e-15 5.4627156749213345e-15 2.308388904656411e-25
3.283707930232385 6.110904481570267e-23 5.326469569872079e-15 5.32646956963643e-15 2.3564726316906154e-25
3.2898708863219004 5.578022036953854e-23 4.871116458351756e-15 4.871116458114178e-15 2.3757737358979193e-25
3.29141343181113 5.452357076793851e-23 4.763609583918138e-15 4.763609583680077e-15 2.3806160883388294e-25
3.292184975758714 5.390610061257031e-23 4.7107665137876025e-15 4.710766513549298e-15 2.3830398352280174e-25
3.295272960557952 5.0008538798548283e-23 4.374264024192783e-15 4.374264023954138e-15 2.3864581644520544e-25
3.3076538914384823 3.650691387404544e-23 3.205269961695011e-15 3.2052699614553377e-15 2.396736637508852e-25
3.310756385682612 3.375915563127617e-23 2.9667997527053938e-15 2.9667997524654625e-15 2.3993105627906833e-25
3.313861789986515 3.12239802848697e-23 2.746578958473485e-15 2.7465789582332966e-15 2.4018865301618826e-25
3.3200813396944477 2.7668620799001876e-23 2.4384040340616133e-15 2.438404033819165e-15 2.424479753362594e-25
3.345076488085796 2.1325827711394504e-23 1.8935700769827554e-15 1.893570076720578e-15 2.6217759607541387e-25
3.3482140837626964 2.1563549642492658e-23 1.9164738814211864e-15 1.916473881155274e-15 2.6591207487935108e-25
3.3513546224236106 2.1803899754512043e-23 1.9396527865698318e-15 1.9396527863001352e-15 2.6969643394741525e-25
3.3576445397418455 2.3560853411380973e-23 2.0998833378033718e-15 2.0998833375243217e-15 2.790499662780251e-25
3.3702598118196083 3.0041661215403206e-23 2.687551276248641e-15 2.687551275946984e-15 3.016574165001394e-25
3.382922481734668 3.15170043034067e-23 2.8301301648703725e-15 2.8301301645501955e-15 3.201765872378794e-25
3.389271646505754 3.228132702611671e-23 2.9042044797464882e-15 2.904204479416655e-15 3.298334816629667e-25
3.395632727569191 3.31048255541618e-23 2.98388064552676e-15 2.9838806451864975e-15 3.402634723832231e-25
3.421196662673239 3.7058573842149904e-23 3.365396004031907e-15 3.3653960036458384e-15 3.860680811424515e-25
3.4276182099114902 3.626091070615313e-23 3.299138757969828e-15 3.2991387575756254e-15 3.942024151630844e-25
3.4340518103208963 3.276713188274951e-23 2.9868588892408854e-15 2.986858888840564e-15 4.0032230757374458e-25
3.4469541582030403 2.7791528317429904e-23 2.542830260095425e-15 2.542830259685779e-15 4.0964678654504936e-25
3.472904465399547 2.639673840230589e-23 2.4333945900707177e-15 2.433394589622834e-15 4.478834450670765e-25
3.4990501388274233 2.42636905958411e-23 2.2535980491641215e-15 2.2535980486761543e-15 4.879672986709699e-25
3.5253949054701885 1.667388124720973e-23 1.5603208423336256e-15 1.5603208418150371e-15 5.185885195321818e-25
3.5519380250092896 9.541538691504139e-24 8.996078330949088e-16 8.996078325474185e-16 5.474903315680238e-25
3.578680990867387 6.713765198753859e-24 6.377618958545941e-16 6.377618952626938e-16 5.919002279962595e-25
3.605625307711299 5.570006735822047e-24 5.330963963652574e-16 5.330963957190681e-16 6.461891533103583e-25
3.660119384959845 4.735552991809433e-24 4.600821511960747e-16 4.600821504209732e-16 7.751014569778499e-25
3.715437065384467 4.144847982323761e-24 4.0877840921268087e-16 4.0877840828521267e-16 9.274681007493274e-25
3.8285932144167436 3.844872285362989e-24 3.9074243340743323e-16 3.907424320823052e-16 1.3251281223220264e-24
3.94519561050918 3.7870629779492586e-24 3.9658885158556187e-16 3.965888497090398e-16 1.8765220096986078e-24
4.06534921144712 3.8286511981397946e-24 4.131550760075256e-16 4.1315507337441163e-16 2.6331139996440883e-24
4.189162171576248 3.927751518524998e-24 4.367577413550975e-16 4.367577376934399e-16 3.66165756285545e-24
4.316745939156006 4.0687300099607124e-24 4.66213445544843e-16 4.662134404966371e-16 5.048205953824871e-24
4.448215356677963 4.246304970276194e-24 5.013793236958953e-16 5.013793167933577e-16 6.902537647918858e-24
4.58368876423945 4.461050932978369e-24 5.42777374358219e-16 5.427773649940653e-16 9.364153594916684e-24
4.723288106065518 4.717871276974575e-24 5.915070938602195e-16 5.915070812502953e-16 1.2609924199675865e-23
4.867139040275056 5.0266356712630485e-24 6.494124269436113e-16 6.494124100793432e-16 1.6864268109683808e-23
4.940699165968905 5.212946138231538e-24 6.836614341100792e-16 6.836614146511558e-16 1.9458923411108303e-23
5.015371051989984 5.405813094208622e-24 7.196702133159662e-16 7.196701909026804e-16 2.241328571050679e-23
5.091171501069577 5.641298141297526e-24 7.623707278051366e-16 7.623707020142422e-16 2.5790894381018117e-23
5.129500256944802 5.762127589738965e-24 7.845621627980326e-16 7.845621351501504e-16 2.7647881956006325e-23
5.168117569889187 5.88809379318923e-24 8.077492014410116e-16 8.077491718129985e-16 2.9628013310974236e-23
5.20702561229733 6.042838947915938e-24 8.352186178928e-16 8.352185861363067e-16 3.175649317474858e-23
5.246226572918644 6.2015166444541914e-24 8.636034916748036e-16 8.636034576514951e-16 3.4023308617136295e-23
5.265937586045735 6.282369405874113e-24 8.781498064177786e-16 8.781497712066935e-16 3.521108496016085e-23
5.285722656980489 6.3642530420446136e-24 8.929378735142815e-16 8.929378370777942e-16 3.6436487128544027e-23
5.305582063971359 6.447184196267502e-24 9.079721915796293e-16 9.079721538790464e-16 3.770058278294601e-23
5.3255160863122235 6.536308605802891e-24 9.239823656727491e-16 9.239823266632e-16 3.900954920894547e-23
5.365609099470188 6.758517878983958e-24 9.625868621291122e-16 9.625868203359783e-16 4.179313398744899e-23
5.406003951863644 6.989183088085146e-24 1.002933664862119e-15 1.0029336201056465e-15 4.475647239214664e-23
5.446702915881641 7.228713975649496e-24 1.045115194672007e-15 1.0451151467620772e-15 4.790992962674521e-23
5.487708281020852 7.487588310855147e-24 1.0906927027130345e-15 1.0906926514349988e-15 5.1278035382403827e-23
5.529022354014368 7.847877990124345e-24 1.1517812952256106e-15 1.1517812402408009e-15 5.498480952127499e-23
5.570647458961463 8.229437805663067e-24 1.2168730564722762e-15 1.2168729975379091e-15 5.893436716541679e-23
5.612585937458331 8.633802484670226e-24 1.286277123998153e-15 1.2862770608572415e-15 6.31409118224865e-23
5.654840148729818 9.078394976384422e-24 1.362695556053129e-15 1.3626954884066182e-15 6.764651066077147e-23
5.67608639626678 9.381467248240386e-24 1.4134784678048803e-15 1.4134783976769523e-15 7.012792800553501e-23
5.686739436050992 9.537694431178831e-24 1.4397137982444971e-15 1.4397137268449098e-15 7.139958699261459e-23
5.6974124697621304 9.697148915540331e-24 1.4665307032200439e-15 1.4665306305277531e-15 7.269229030473434e-23
5.718818669136295 1.0026051137658708e-23 1.5219685375696797e-15 1.5219684622275932e-15 7.534208663121316e-23
5.740305295436557 1.0388684265163917e-23 1.5829418862517512e-15 1.5829418081308096e-15 7.812094142032577e-23
5.7835210386641895 1.132996519510368e-23 1.7393634048475531e-15 1.739363320550544e-15 8.429700912876202e-23
5.827062130521658 1.2414554658516738e-23 1.920216630650163e-15 1.920216539641226e-15 9.10089369579469e-23
5.8489554468988025 1.317581801619309e-23 2.0456217564499283e-15 2.0456216614988026e-15 9.495112584618928e-23
5.870931020387893 1.3992807248283755e-23 2.180626384465184e-15 2.1806262854138305e-15 9.905135275292058e-23
5.892989160043636 1.4870010020070405e-23 2.326035488166455e-15 2.3260353848510412e-15 1.0331541445109429e-22
5.915130176081913 1.5867792580507773e-23 2.491438978145697e-15 2.491438870247269e-15 1.0789842834421948e-22
5.95966208400165 1.8658494882539847e-23 2.951669152243454e-15 2.9516690331931345e-15 1.1905031981498934e-22
6.004529249263818 2.2681899187817807e-23 3.615162418192976e-15 3.615162285032332e-15 1.3316064455175394e-22
6.027089341400364 2.5479155947028087e-23 4.076262083215504e-15 4.076261941067382e-15 1.4214812189056226e-22
6.049734195844842 2.878501101985863e-23 4.622448984644308e-15 4.622448832430906e-15 1.5221340244857688e-22
6.095279466722835 3.833543884156632e-23 6.20245318386145e-15 6.2024530043651175e-15 1.7949633324544152e-22
6.141167624020661 5.303477792960856e-23 8.64532132218471e-15 8.645321103060949e-15 2.191237590397747e-22
6.164241091010745 6.242213996818852e-23 1.0213808298168141e-14 1.0213808052981668e-14 2.451864729988794e-22
6.187401249150058 7.311610440651813e-23 1.2008555180516e-14 1.2008554906550096e-14 2.739659057358855e-22
6.1990139391386085 7.833775960592285e-23 1.2890304984902254e-14 1.2890304696114008e-14 2.887882506426034e-22
6.204828454712694 8.108836995368294e-23 1.3355427138621769e-14 1.3355426842124337e-14 2.964974296757781e-22
6.210648424152782 8.309622070801155e-23 1.369896166440649e-14 1.3698961361496217e-14 3.0291027221179538e-22
6.233982942956859 8.991767084383866e-23 1.4879217474167545e-14 1.4879217148461055e-14 3.257064872234979e-22
6.239830258556775 9.078956803538537e-23 1.503758719554126e-14 1.5037586866672426e-14 3.2886883137242405e-22
6.245683058788269 9.086496901455901e-23 1.506419253594632e-14 1.5064192203886882e-14 3.3205943210376188e-22
6.257405133728602 9.067709250390953e-23 1.5061259576689865e-14 1.5061259239043732e-14 3.37646131308182e-22
6.269149208991335 8.933482074109904e-23 1.4866160241742162e-14 1.4866159902267405e-14 3.3947476065361143e-22
6.280915325867298 8.596945673793078e-23 1.4332981952527405e-14 1.4332981615897753e-14 3.366296514852822e-22
6.304513850009849 7.767054058290912e-23 1.299802488265636e-14 1.2998024556068941e-14 3.26587421717127e-22
6.32820103803542 6.738404323395625e-23 1.1318966303024014e-14 1.131896599191608e-14 3.1110793576171385e-22
6.3519772230701035 5.795045546412094e-23 9.770914631004018e-15 9.770914334532945e-15 2.9647107702395876e-22
6.375842739491607 5.0014082065787265e-23 8.46446146266502e-15 8.464461179042346e-15 2.836226750977242e-22
6.399797922933955 4.365297526018258e-23 7.415655454770123e-15 7.415655179772289e-15 2.7499783571713714e-22
6.42384311029221 3.8364203134663557e-23 6.541698747941815e-15 6.541698480222097e-15 2.6771971879224652e-22
6.447978639727206 3.4509788060893396e-23 5.906569456368792e-15 5.90656919198234e-15 2.643864532719664e-22
6.472204850670314 3.1298751604930306e-23 5.3771073024605834e-15 5.377107040420771e-15 2.620398122371619e-22
6.496522083828205 2.921141045920388e-23 5.037358724976766e-15 5.037358461842456e-15 2.631343105066179e-22
6.520930681187647 2.745289354397718e-23 4.751898358093375e-15 4.751898093225447e-15 2.6486792871998444e-22
6.57002334288761 2.565314586996637e-23 4.473804235062781e-15 4.473803961327372e-15 2.737354088807177e-22
6.619489833774732 2.5464773984733832e-23 4.474389410355272e-15 4.4743891222628466e-15 2.8809242511213553e-22
6.6693287637831435 2.6150879412617086e-23 4.629540178547113e-15 4.629539872822981e-15 3.0572413180989496e-22
6.719538636694507 2.7028357209433286e-23 4.820904611744166e-15 4.8209042878296124e-15 3.2391455118256355e-22
6.770126513364129 2.9229759329885394e-23 5.252807155339007e-15 5.252806808625218e-15 3.467137891217916e-22
6.8210952395837445 3.255882138891329e-23 5.895114187696246e-15 5.895113812474986e-15 3.7522125892808846e-22
6.872447682569556 3.675270635077896e-23 6.704558740378648e-15 6.7045583307690334e-15 4.0960961416860504e-22
6.924186731123532 4.2061051706639455e-23 7.730691311989888e-15 7.730690861698852e-15 4.502910352901322e-22
6.976315295795916 4.63749480518933e-23 8.587741625123954e-15 8.587741133293905e-15 4.918300475607007e-22
7.028836309048954 4.699992163024672e-23 8.768998508283214e-15 8.768997981277763e-15 5.270054493417858e-22
7.081752725421856 4.512259574394413e-23 8.482117153023087e-15 8.482116594914171e-15 5.581089148628952e-22
7.135067521697011 4.386836235509328e-23 8.308429565799313e-15 8.308428970218068e-15 5.955812436752207e-22
7.1887836970674375 4.4873536009675813e-23 8.56278702745966e-15 8.562786380897322e-15 6.465623368330485e-22
7.242904273305506 4.849213356013351e-23 9.32295248972667e-15 9.322951774542962e-15 7.151837065093851e-22
7.297432294932914 5.42307680967025e-23 1.0504738916584511e-14 1.0504738113750589e-14 8.028339263165223e-22
7.352370829391971 6.079392945927529e-23 1.1864707924700804e-14 1.1864707017633098e-14 9.070677070110665e-22
7.379995003818881 6.488227017898664e-23 1.2710175227402781e-14 1.2710174257859556e-14 9.695432273801795e-22
7.407722967218148 6.939336877060626e-23 1.3644955907346236e-14 1.3644954869741162e-14 1.03760507266175e-21
7.463496598684601 8.085073360366666e-23 1.601753704678599e-14 1.6017535844476514e-14 1.2023094737421835e-21
7.519690156487492 9.56977582846707e-23 1.910166146065073e-14 1.9101660048835434e-14 1.4118152970279817e-21
7.533803324048627 1.0001884975406477e-22 2.0001638196315687e-14 2.0001636723053114e-14 1.473262567502829e-21
7.547942979602549 1.0453544095772986e-22 2.0944095006483248e-14 2.0944093469123708e-14 1.5373595389572773e-21
7.57630195363571 1.1406038689608339e-22 2.293831691250227e-14 2.2938315239039298e-14 1.6734629702629722e-21
7.590521371821866 1.188760200768063e-22 2.3951642295482256e-14 2.395164055058104e-14 1.744901209030978e-21
7.604767477414989 1.2389501686491232e-22 2.5009742014393996e-14 2.5009740195040285e-14 1.81935371510847e-21
7.633339951266878 1.3398944761561105e-22 2.7149049784023112e-14 2.714904781172416e-14 1.9722989522453774e-21
7.662019777021956 1.4184804303762482e-22 2.884935117376564e-14 2.884934906537103e-14 2.1083946031059293e-21
7.690807358020558 1.472462581776686e-22 3.0059768629389175e-14 3.00597664072263e-14 2.2221628804890158e-21
7.719703099118437 1.5000945557668072e-22 3.07389243109019e-14 3.0738922000724176e-14 2.3101777250598825e-21
7.748707406692464 1.495750018771363e-22 3.076505615519092e-14 3.07650537912791e-14 2.363911822018762e-21
7.777823177463063 1.4668336563874461e-22 3.0283660227121305e-14 3.02836578374163e-14 2.389705002097718e-21
7.807048350752435 1.4225569908953084e-22 2.9479897987416826e-14 2.9479895591129673e-14 2.3962871473862685e-21
7.836380830085272 1.3613544684503781e-22 2.831758337014744e-14 2.831758099006855e-14 2.3800788873579388e-21
7.851088371676256 1.318905824811368e-22 2.7486097652620642e-14 2.7486095296603008e-14 2.35601762801451e-21
7.86582351679805 1.2739217197824264e-22 2.659845269669616e-14 2.6598450370871822e-14 2.3258243361552523e-21
7.89537682495964 1.1746619351628627e-22 2.4618137401327657e-14 2.4618135154798994e-14 2.2465286651819686e-21
7.9250411701946435 1.067538213169546e-22 2.245713707607763e-14 2.245713491525111e-14 2.1608265189770217e-21
7.939915112024199 1.0106740616803431e-22 2.1300824406531198e-14 2.1300822290706766e-14 2.115824428791562e-21
7.954816969689239 9.569114551067184e-23 2.0205582639808976e-14 2.0205580567830492e-14 2.071978479613636e-21
7.9847046421970465 8.577648150341851e-23 1.8180110428548674e-14 1.818010844013937e-14 1.9884093018809595e-21
8.044817289139356 6.90526875940909e-23 1.4745727518283533e-14 1.4745725676271316e-14 1.842012219829384e-21
8.07504310897143 6.283773219631931e-23 1.3468982405281583e-14 1.3468980619830247e-14 1.7854513350076173e-21
8.105382492623747 5.733992229711987e-23 1.2336729636773546e-14 1.233672790009575e-14 1.736677796250047e-21
8.135835866775926 5.297673573979279e-23 1.1440810875450128e-14 1.1440809163341983e-14 1.7121081426912444e-21
8.166403659710703 4.9681440301026515e-23 1.0769473052642277e-14 1.0769471354104558e-14 1.6985377187567064e-21
8.197086301319933 4.723803704362156e-23 1.0278288009090803e-14 1.0278286308141629e-14 1.7009491765619603e-21
8.227884223110665 4.5093780420606794e-23 9.84859437176079e-15 9.84859266488877e-15 1.706872018807495e-21
8.258797858211198 4.3862568528024087e-23 9.61568724550347e-15 9.615685516002603e-15 1.7295008667277647e-21
8.289827641377162 4.3493346190972196e-23 9.570568934493113e-15 9.570567164578313e-15 1.7699147963915038e-21
8.320974008997652 4.384097374960612e-23 9.683308989592088e-15 9.683307164061457e-15 1.8255306296982592e-21
8.35223739910135 4.4488177017258e-23 9.86317805134865e-15 9.86317616101149e-15 1.8903371617303812e-21
8.383618251362687 4.652183533797348e-23 1.0352798643741262e-14 1.0352796654898775e-14 1.9888424884999055e-21
8.415117007108037 4.944991093458638e-23 1.104574735921384e-14 1.1045745261878466e-14 2.0973353723139484e-21
8.446734109321913 5.337069987271011e-23 1.196633493362221e-14 1.1966332696216648e-14 2.2374055623047635e-21
8.478470002653195 5.837344729901191e-23 1.3137183395950758e-14 1.3137180989869411e-14 2.406081346337623e-21
8.542299949622933 6.929200052414308e-23 1.571185092984892e-14 1.5711848149630823e-14 2.7802181001410677e-21
8.558332380220154 7.160014997755024e-23 1.6265690869170536e-14 1.6265688001153993e-14 2.8680165444567354e-21
8.574394900937412 7.305142953051275e-23 1.6626530504458046e-14 1.662652756744562e-14 2.937012426104887e-21
8.606610438733982 7.305804340406877e-23 1.6690510333959237e-14 1.6690507324097495e-14 3.009861743675824e-21
8.622764948673899 7.189229704507625e-23 1.6455017206966596e-14 1.6455014187779574e-14 3.019187022632719e-21
8.638949780445296 6.936174257449029e-23 1.5905611769837102e-14 1.5905608774578172e-14 2.99525892883112e-21
8.655163606183647 6.678958049574099e-23 1.5344524338036096e-14 1.5344521369219993e-14 2.968816100650148e-21
8.671407862489573 6.372610220981994e-23 1.4668185808310912e-14 1.466818287751605e-14 2.930794871346142e-21
8.703987895363145 5.645474807272144e-23 1.3043321078822793e-14 1.3043318256231564e-14 2.822591231491809e-21
8.736690337257128 4.9981085489111675e-23 1.159103079934809e-14 1.159102807711404e-14 2.7222340483276646e-21
8.802464289484785 3.8991829594610314e-23 9.110607119303724e-15 9.110604559279608e-15 2.560024117313878e-21
8.868733419248175 3.163615933252755e-23 7.447573330398289e-15 7.447570843624672e-15 2.4867736168817735e-21
8.935501454478851 2.672500352384578e-23 6.338786641933161e-15 6.338784161405562e-15 2.480527596392312e-21
9.002772151174003 2.340194672209318e-23 5.592392932147138e-15 5.592390412156626e-15 2.519990511634041e-21
9.07054929360775 2.1083325205948344e-23 5.0762397853371385e-15 5.076237193295912e-15 2.5920412281209622e-21
9.13883669454403 1.938665699898218e-23 4.702873276610272e-15 4.702870589446054e-15 2.6871642167054495e-21
9.207638195451068 1.8213609724694624e-23 4.45157510785644e-15 4.451572300865454e-15 2.8069909854862955e-21
9.276957666717493 1.717153165129804e-23 4.228477680439077e-15 4.228474746147123e-15 2.934291953976218e-21
9.346799007870057 1.6477158883078686e-23 4.088035573397134e-15 4.088032488839471e-15 3.0845576628449473e-21
9.417166147792997 1.584690009331881e-23 3.961265812006478e-15 3.961262568593982e-15 3.2434124955995823e-21
9.488063044949055 1.5427878143462693e-23 3.885556198806386e-15 3.885552779645534e-15 3.4191608521764616e-21
9.559493687602165 1.5043256076385462e-23 3.817211048979807e-15 3.8172074441483695e-15 3.604831438417159e-21
9.631462094041797 1.4806641267537218e-23 3.785456041429787e-15 3.785452234532355e-15 3.806897432733875e-21
9.703972312809022 1.4590189409587993e-23 3.758200203436738e-15 3.758196183251496e-15 4.020185242476541e-21
9.777099908821425 1.4493816063820405e-23 3.761510094951067e-15 3.7615058465960745e-15 4.248354992233677e-21
9.924867353363874 1.444331810645768e-23 3.805056594246632e-15 3.805051871764602e-15 4.722482031687303e-21
10.074868099996943 1.4662291265868555e-23 3.921124615376965e-15 3.921119401639856e-15 5.2137371092761005e-21
10.150790707826552 1.4854942895549764e-23 4.002582508528137e-15 4.002577036978548e-15 5.4715495893234884e-21
10.22721067892732 1.521003477420171e-23 4.129113705774488e-15 4.129107958383785e-15 5.747390703002757e-21
10.304205975847633 1.5599390800171505e-23 4.266695037775906e-15 4.266689001913113e-15 6.035862792207513e-21
10.381780929913377 1.6228219362421868e-23 4.472106763989911e-15 4.472100432876884e-15 6.331113027531919e-21
10.459939905058707 1.6928897396616836e-23 4.700318586003191e-15 4.700311944621727e-15 6.64138146400873e-21
10.538687298071551 1.80349471907003e-23 5.045112168795825e-15 5.04510519015392e-15 6.978641905796175e-21
10.618027538840941 1.9286282567083666e-23 5.435779179472451e-15 5.435771847176578e-15 7.332295873093805e-21
10.697971937068667 2.1164493906001628e-23 6.010059551303995e-15 6.010051840564868e-15 7.710739126486454e-21
10.778518246224262 2.3821340978713005e-23 6.8154525721393224e-15 6.815444425240697e-15 8.146898625938422e-21
10.859664048220797 2.779545720987112e-23 8.012345080283208e-15 8.01233640362559e-15 8.676657616276368e-21
10.941420754335242 3.384909075349133e-23 9.830829398420837e-15 9.830820050459817e-15 9.347961018083275e-21
10.961955922839442 3.597304811186436e-23 1.0467301242336996e-14 1.0467291676926835e-14 9.565410159435923e-21
10.982529632329763 3.835353654877735e-23 1.118091209016377e-14 1.1180902296080768e-14 9.794083002818461e-21
11.023792963743814 4.415226423196752e-23 1.2919730703409733e-14 1.2919720399336407e-14 1.0304073322875064e-20
11.065211328886559 5.176617370864969e-23 1.5204607415595885e-14 1.5204596475536836e-14 1.0940059046945241e-20
11.08597883104876 5.66532120637311e-23 1.6671244314752292e-14 1.6671232981275824e-14 1.1333476468562074e-20
11.106785310247485 6.211656059602533e-23 1.8313241013482772e-14 1.831322925033034e-14 1.1763152434019125e-20
11.14851549250461 7.5115237587975e-23 2.222872330813068e-14 2.2228710562093323e-14 1.2746037353281247e-20
11.169441129330048 8.211723987862723e-23 2.4346426176837912e-14 2.434641290462533e-14 1.3272212589639579e-20
11.190406043337886 8.837758505463683e-23 2.6251698537430663e-14 2.625168474304358e-14 1.379438708325922e-20
11.21140851448765 9.447603400571625e-23 2.8115853017869694e-14 2.8115838724078612e-14 1.4293791084600655e-20
11.22192452720434 9.768512170509597e-23 2.909813795264441e-14 2.90981234017968e-14 1.4550847610901674e-20
11.232450403670388 9.910290891897706e-23 2.954815340085008e-14 2.954813871498232e-14 1.468586775558348e-20
11.253533585369773 1.0041345202422028e-22 2.999509501621639e-14 2.999508012373416e-14 1.4892482223905345e-20
11.274656339961506 1.008526655701753e-22 3.01828418006554e-14 3.0182826716010086e-14 1.5084645316458495e-20
11.285231677511122 1.0107309522142033e-22 3.027718384155509e-14 3.027716867306628e-14 1.5168488810523883e-20
11.295816934455262 9.991410087906294e-23 2.995807219041635e-14 2.995805702560668e-14 1.5164809666308583e-20
11.317017243752359 9.6876216674334e-23 2.9101714819245137e-14 2.910169971062431e-14 1.5108620819317282e-20
11.338257342390673 9.383851520931137e-23 2.824209244789061e-14 2.8242077399959014e-14 1.5047931592419712e-20
11.359537305047965 9.056122695502044e-23 2.7306898309654136e-14 2.7306883340449252e-14 1.4969204886940698e-20
11.402217121831576 8.320508122928113e-23 2.518306512417588e-14 2.5183050374800447e-14 1.474937542913378e-20
11.423617126015266 7.937231155344731e-23 2.4068116241073094e-14 2.406810161760287e-14 1.4623470221009925e-20
11.445057294333186 7.546165789272368e-23 2.292523238099432e-14 2.292521788568409e-14 1.4495310227553446e-20
11.488058425037956 6.752591045665452e-23 2.059143044268584e-14 2.0591416209003716e-14 1.423368212250428e-20
11.53122111869469 6.047751558703818e-23 1.851137484889996e-14 1.851136085965068e-14 1.398924928093459e-20
11.574545982324347 5.421400849812119e-23 1.6656544796767556e-14 1.665653103553921e-14 1.376122834209374e-20
11.618033625228566 4.870227371233339e-23 1.501935558133398e-14 1.5019342013762944e-14 1.3567571036067824e-20
11.661684658998247 4.413699888150842e-23 1.3662605433075686e-14 1.3662591963434103e-14 1.3469641585790817e-20
11.705499697522141 4.0651355638198645e-23 1.2630903702817811e-14 1.2630890275638069e-14 1.342717974023845e-20
11.749479356995494 3.79521347122482e-23 1.1836526221050238e-14 1.1836512767248612e-14 1.3453801623079688e-20
11.793624255928705 3.5648761468556e-23 1.1159922175788554e-14 1.115990867291425e-14 1.3502874303058184e-20
11.83793501515603 3.423822206096783e-23 1.0758620512053593e-14 1.0758606885104329e-14 1.362694926493552e-20
11.882412257844306 3.3042555458207587e-23 1.0421918597398674e-14 1.0421904830216665e-14 1.3767182012402455e-20
11.92705660950172 3.24812532442474e-23 1.028337068583181e-14 1.0283356723433613e-14 1.3962398198049357e-20
11.971868697986617 3.2090565643701795e-23 1.019785306895682e-14 1.0197838894035783e-14 1.4174921035137957e-20
12.016849153516302 3.2350165665786343e-23 1.031897479459044e-14 1.0318960347211023e-14 1.4447379418420024e-20
12.061998608675935 3.273939936670959e-23 1.048236830164744e-14 1.0482353564939046e-14 1.4736708395015415e-20
12.152807060118223 3.475096854369279e-23 1.1210189378789977e-14 1.1210173933392874e-14 1.5445397101933333e-20
12.198467333490619 3.6413650049657845e-23 1.1790681682667017e-14 1.1790665808019911e-14 1.5874647106367998e-20
12.244299160690385 3.8272976302401706e-23 1.2439290252765254e-14 1.2439273923728474e-14 1.632903678251214e-20
12.290303186275983 4.0712552191650215e-23 1.3281904642198157e-14 1.3281887786608085e-14 1.6855590070494945e-20
12.3364800572276 4.337207033684018e-23 1.4202697835341502e-14 1.420268041624502e-14 1.7419096481208158e-20
12.382830422956244 4.644103928178621e-23 1.526480597772668e-14 1.526478788866348e-14 1.808906319894172e-20
12.429354935312874 4.966479922389089e-23 1.6385764439086814e-14 1.638574565470447e-14 1.878438234420006e-20
12.476058240797144 5.27814307747551e-23 1.747945893515867e-14 1.7479439429072653e-14 1.9506086018192832e-20
12.522937033967983 5.595123365237388e-23 1.8598815942445008e-14 1.8598795695531986e-14 2.0246913022904493e-20
12.569987951963114 5.845108306538773e-23 1.9502795067370577e-14 1.950277410812159e-14 2.0959248982995015e-20
12.593579661530361 5.93143648616402e-23 1.9827981775454984e-14 1.9827960494687136e-14 2.1280767845214755e-20
12.617215648686605 5.993233072466263e-23 2.00721607489706e-14 2.0072139170623722e-14 2.15783468770321e-20
12.664620788327802 6.017172319805448e-23 2.022805251536833e-14 2.0228030443715075e-14 2.2071653254906884e-20
12.71220403757155 5.93579497810926e-23 2.002945719805332e-14 2.0029434743037653e-14 2.2455015669632334e-20
12.736062662318053 5.850999158011976e-23 1.9780381150871364e-14 1.978035855339051e-14 2.2597480853221836e-20
12.759966065607527 5.741014978310908e-23 1.9444985892494527e-14 1.9444963180401836e-14 2.2712092694117266e-20
12.807907544139693 5.438214997460226e-23 1.8488598449270402e-14 1.8488575609785885e-14 2.2839484515467968e-20
12.856029147395699 5.1005822580979615e-23 1.7405882095402684e-14 1.7405859183277322e-14 2.2912125364630938e-20
12.904331552136407 4.7411880828491857e-23 1.6240228297511928e-14 1.624020530642594e-14 2.2991085984787884e-20
12.95281543766539 4.37379977863092e-23 1.5038084080180342e-14 1.503806101962854e-14 2.3060551804417922e-20
13.00148148583848 4.0383944393025486e-23 1.3937054879559937e-14 1.3937031735572292e-14 2.3143987647176727e-20
13.050330381073369 3.7320382101422354e-23 1.2928169010240331e-14 1.2928145768861856e-14 2.3241378472979427e-20
13.099362810359226 3.4544032384991733e-23 1.2011372511697922e-14 1.2011349144015759e-14 2.3367682162661628e-20
13.197981031955921 2.988924256125041e-23 1.047108879447639e-14 1.047106500091094e-14 2.3793565449180818e-20
13.247568211189632 2.8001860956842263e-23 9.846740488104072e-15 9.846716413045804e-15 2.4075058266675836e-20
13.297341698339563 2.629557008909379e-23 9.281471868145802e-15 9.281447489727632e-15 2.4378418168588576e-20
13.397450398986955 2.3536259232206686e-23 8.370068836342423e-15 8.37004372735801e-15 2.5108984410123095e-20
13.447787020368724 2.2425115202139887e-23 8.00488207000131e-15 8.004856540527805e-15 2.5529473505322995e-20
13.498312765455129 2.1406194050440232e-23 7.66987662223758e-15 7.669850651113542e-15 2.5971124036906716e-20
13.59993447169816 1.9728054653741868e-23 7.12181210159494e-15 7.12178513924438e-15 2.6962350558746885e-20
13.702321234386334 1.841598644348142e-23 6.698206995288504e-15 6.698178968616626e-15 2.8026671878297836e-20
13.805478813227746 1.7391741733434656e-23 6.373294461488182e-15 6.373265164095708e-15 2.9297392473470253e-20
13.90941301129231 1.6482128252800115e-23 6.085433557672833e-15 6.085402901836879e-15 3.065583595334886e-20
13.96167316792965 1.6155631306710245e-23 5.987297439730708e-15 5.987266022590861e-15 3.1417139845293e-20
14.014129675338197 1.5874128070079303e-23 5.905075363137512e-15 5.905043153284856e-15 3.220985265807722e-20
14.119634696140762 1.560724275265546e-23 5.849504497169904e-15 5.84947055969508e-15 3.393747482439103e-20
14.225934008823913 1.539646315469026e-23 5.813948625351031e-15 5.813912834787901e-15 3.5790563129122566e-20
14.333033593193976 1.5188935146518337e-23 5.778762948471461e-15 5.77872518174837e-15 3.7766723090032635e-20
14.44093947407611 1.49576398696144e-23 5.733607419251342e-15 5.7335675476027324e-15 3.9871648609090607e-20
14.54965772165321 1.4734421845248223e-23 5.690563963511955e-15 5.690521839828241e-15 4.2123683714309875e-20
14.659194451807393 1.4518901178087422e-23 5.649542603578057e-15 5.649498066167184e-15 4.45374108736805e-20
14.769555826464039 1.4305682881620952e-23 5.6084836925986436e-15 5.608436564431924e-15 4.712816672108075e-20
14.992777389284976 1.3813141213237973e-23 5.4972308799315744e-15 5.497177986176416e-15 5.289375515788818e-20
15.21937263962189 1.3353460056560136e-23 5.394609283272297e-15 5.394549660846853e-15 5.962242544417213e-20
15.449392566130673 1.2816904352471428e-23 5.25610442664773e-15 5.256036857966241e-15 6.756868148810967e-20
15.682888928090767 1.2327259354775173e-23 5.131709138885769e-15 5.131631050623146e-15 7.808826262376215e-20
15.919914267052077 1.1784464299271657e-23 4.979892900138988e-15 4.9798015244912525e-15 9.137564773564442e-20
16.03976693895051 1.153927278248064e-23 4.912990525641531e-15 4.912891262975366e-15 9.926266616506909e-20
16.1605219186579 1.1461169794380711e-23 4.916474174153354e-15 4.916366026024417e-15 1.0814812893990534e-19
16.22123989475974 1.144183576730545e-23 4.92662141021838e-15 4.926508404646097e-15 1.1300557228201644e-19
16.282185999175777 1.1422568183910067e-23 4.936804210143929e-15 4.936686041998287e-15 1.1816814564079498e-19
16.312744867225646 1.1412958488122195e-23 4.941908663685683e-15 4.941787792215482e-15 1.2087147020076976e-19
16.343361089024967 1.1403364434080252e-23 4.94702167349829e-15 4.9468980130116646e-15 1.236604866248021e-19
16.404766024646595 1.1384221964924927e-23 4.9572729093961606e-15 4.957143399922551e-15 1.2950947360877578e-19
16.466401669612416 1.1365138316327824e-23 4.96755705235669e-15 4.967421307917843e-15 1.3574443884765137e-19
16.497306278852424 1.1355617799482966e-23 4.972711197626229e-15 4.972572181068548e-15 1.3901655768062645e-19
16.528268890738765 1.134611110241681e-23 4.977873254788444e-15 4.97773085738628e-15 1.4239740216314827e-19
16.590368558098763 1.1327137993920389e-23 4.9882206796892735e-15 4.988071176362082e-15 1.4950332719225522e-19
16.65270154503456 1.1307233445362054e-23 4.9981638625094265e-15 4.998006784778188e-15 1.5707773123984733e-19
16.715268728169598 1.1283213247662426e-23 5.0062852606380295e-15 5.00612018883266e-15 1.650718053690559e-19
16.778070987420957 1.1259304753127399e-23 5.01444687795604e-15 5.0142732641876684e-15 1.736137683729443e-19
16.9043842704834 1.1211811174433542e-23 5.030887021518038e-15 5.030694496403856e-15 1.9252511418072986e-19
17.03164849990255 1.1164730192053167e-23 5.047477026204189e-15 5.047262805078504e-15 2.1422112568394166e-19
17.159870834853997 1.1116932275000671e-23 5.063705125448825e-15 5.063465987035847e-15 2.3913841297743534e-19
17.289058488411015 1.105906455239483e-23 5.07527021429534e-15 5.075002899851922e-15 2.673144434190524e-19
17.35401657858945 1.1030390568535196e-23 5.081130292800325e-15 5.08084733672095e-15 2.829560793747813e-19
17.386587088641786 1.1016116991382315e-23 5.084079263209365e-15 5.083788061081731e-15 2.9120212763248904e-19
17.419218727950305 1.1001885118160007e-23 5.0870406878595385e-15 5.086740940993331e-15 2.9974686620785884e-19
17.48466585346766 1.0973544818546739e-23 5.0930004176531795e-15 5.09268263676284e-15 3.1778089034005185e-19
17.550358875560836 1.0945366393067527e-23 5.099008531001345e-15 5.098671370800735e-15 3.371602006110396e-19
17.682486308455736 1.0888253652172268e-23 5.110589438857746e-15 5.110209685526525e-15 3.797533312197804e-19
17.81560845938729 1.0820165893600333e-23 5.116865623439175e-15 5.116443952185998e-15 4.2167125317647166e-19
17.882544892141226 1.0786509258939856e-23 5.120114553034577e-15 5.119669944455484e-15 4.446085790936011e-19
17.949732817065083 1.0753104122058302e-23 5.123435493454504e-15 5.122966580902615e-15 4.689125518884904e-19
18.084866926577256 1.0687028747594488e-23 5.130287790349652e-15 5.129766285613434e-15 5.215047362180134e-19
18.221018389814958 1.0622866303369872e-23 5.13787808811116e-15 5.137297332268151e-15 5.807558430096343e-19
18.496404071615608 1.0518322777140609e-23 5.164202117263737e-15 5.163480182694475e-15 7.2193456926075e-19
18.635790038622734 1.049858801834504e-23 5.193356494571873e-15 5.192550201045182e-15 8.0629352669304e-19
18.776226396166493 1.047811424429152e-23 5.2222886830602496e-15 5.221387366324665e-15 9.013167355842685e-19
18.91772105982334 1.045319071126398e-23 5.24912753220469e-15 5.2481196669355095e-15 1.0078652691808627e-18
19.203636446149176 1.0402732055483655e-23 5.302739846032652e-15 5.301477229260468e-15 1.2626167721854956e-18
19.4938730510763 1.034432595715394e-23 5.352661301787575e-15 5.351077246895131e-15 1.584054892443017e-18
19.78849618389234 1.0279604246927627e-23 5.399563086470158e-15 5.3975740279543534e-15 1.9890585158035124e-18
20.08757214094514 1.0206822309649063e-23 5.442362139400541e-15 5.439864280845317e-15 2.4978585552235465e-18
20.391466406516905 1.0127761100331042e-23 5.481902912269525e-15 5.478766502414124e-15 3.1364098554002976e-18
20.699681925472166 1.0045475723090392e-23 5.519549259184434e-15 5.515624337461396e-15 3.924921723038534e-18
21.012556099387844 9.960854981910078e-24 5.5557786731301014e-15 5.5508900170629925e-15 4.88865606710924e-18
21.652507708764745 9.861648430320502e-24 5.667964881735238e-15 5.660428105394732e-15 7.536776340504723e-18
21.979755641372343 9.816177147759262e-24 5.7270988643728096e-15 5.717763560463663e-15 9.335303909147122e-18
22.311949477282987 9.76632473161716e-24 5.78413088100737e-15 5.772590540592956e-15 1.1540340414411705e-17
22.64916396703608 9.711031823118547e-24 5.838307781230266e-15 5.8240731674560784e-15 1.4234613774187782e-17
22.991811201917592 9.651756172468083e-24 5.890456588034765e-15 5.8729365863838626e-15 1.752000165090136e-17
23.339642165776596 9.587460666215741e-24 5.93973708066475e-15 5.9182286437640184e-15 2.1508436900731584e-17
23.69273528050995 9.519877769609936e-24 5.987093043444935e-15 5.96075826691155e-15 2.6334776533385437e-17
24.414313559781952 9.417766500100285e-24 6.103259975377344e-15 6.064124216190169e-15 3.9135759187173555e-17
24.78366481022829 9.378254987529208e-24 6.169599838675089e-15 6.122088866877303e-15 4.751097179778444e-17
25.15860378059443 9.344868000294857e-24 6.240640134344582e-15 6.1831297208407364e-15 5.751041350384809e-17
25.924826076583233 9.278185492876914e-24 6.384815254149185e-15 6.30131540030165e-15 8.349985384753228e-17
26.714384190886577 9.22330006245048e-24 6.540349225205993e-15 6.420558591996152e-15 1.1979063320984126e-16
27.527988831636016 9.185984030039658e-24 6.7122728580793935e-15 6.542549504159192e-15 1.6972335392020183e-16
28.366372352060132 9.180144776798065e-24 6.9123029307515275e-15 6.6747709842191516e-15 2.375319465323765e-16
29.2302894097004 9.219015614244161e-24 7.152981452453497e-15 6.824721674038502e-15 3.2825977841499496e-16
30.12051764570424 9.297976408245342e-24 7.433961443145589e-15 6.985443355447524e-15 4.485180876980663e-16
30.575747924857424 9.351293136716098e-24 7.589587869697542e-15 7.0672178820005884e-15 5.2236998769695495e-16
31.037858384806153 9.41545798459378e-24 7.757157868942479e-15 7.150208382551112e-15 6.069494863913691e-16
31.983137356627505 9.59415174486416e-24 8.145112355219489e-15 7.332357973775668e-15 8.1275438144382e-16
32.95720543894392 9.861128917331069e-24 8.626734827946626e-15 7.548667166516708e-15 1.0780676614299183e-15
33.960939423588975 1.0210001315598915e-23 9.203964316213822e-15 7.789162530820419e-15 1.4148017853934044e-15
34.99524280568484 1.0629605398188289e-23 9.874056016890325e-15 8.039371159279705e-15 1.834684857610621e-15
36.06104659690874 1.1144935958816683e-23 1.0668057243321235e-14 8.31493417423139e-15 2.353123069089846e-15
37.159310163528254 1.1783967961652029e-23 1.1623278106303557e-14 8.640098512111204e-15 2.9831795941923533e-15
38.29102208995955 1.2540812400699762e-23 1.2746532665467666e-14 9.004372713014343e-15 3.742159952453322e-15
39.45720106862597 1.3397724594374985e-23 1.4032231925397566e-14 9.391310891422594e-15 4.6409210339749694e-15
40.65889681691763 1.437107926485168e-23 1.5510093244371827e-14 9.813096604729144e-15 5.696996639642681e-15
41.897191022077855 1.547295501507426e-23 1.720788927191994e-14 1.0285162888583073e-14 6.922726383336863e-15
43.173198314866475 1.669728526997051e-23 1.9135046544468947e-14 1.0802590397344948e-14 8.332456147123997e-15
44.48806727287728 1.8021865876223106e-23 2.1282014025280836e-14 1.1357593014129156e-14 9.924421011151684e-15
45.8429814544115 1.9444894395790494e-23 2.366180531048961e-14 1.1952857387454839e-14 1.1708947923034767e-14
47.23916046383907 2.0946481928296217e-23 2.626531992796754e-14 1.2591912036600476e-14 1.367340789136707e-14
48.67786104940597 2.2515527129012107e-23 2.9092633692494223e-14 1.3272332890205013e-14 1.5820300802289204e-14
50.16037823447602 2.4120198428185748e-23 3.211523556814033e-14 1.3991490923772177e-14 1.8123744644368147e-14
51.68804648322576 2.5744316740901668e-23 3.5321645029174034e-14 1.474557514362965e-14 2.0576069885544383e-14
53.26224090184056 2.734802694555216e-23 3.8664719756135016e-14 1.552729700172871e-14 2.3137422754406307e-14
54.884378476295105 2.8912121737091304e-23 4.212094899903145e-14 1.6332294815376844e-14 2.578865418365461e-14
56.55591934783037 3.040185879560971e-23 4.5640210320986273e-14 1.7161346075982982e-14 2.84788642450033e-14
58.27836812727644 3.179500105011645e-23 4.918533788213089e-14 1.8008001916263005e-14 3.117733596586789e-14
60.05327524940399 3.3134033700999804e-23 5.281781621672152e-14 1.8856080582962703e-14 3.396173563375883e-14
61.88223836852342 3.44163431825453e-23 5.653275769143263e-14 1.9696774061450123e-14 3.683598362998251e-14
62.81758386220369 3.502230656266205e-23 5.839765479267917e-14 2.0116109490577344e-14 3.828154530210183e-14
63.7670670344103 3.5653957282650725e-23 6.034949147556458e-14 2.053426684312048e-14 3.98152246324441e-14
65.70913619443517 3.69291368923626e-23 6.441163874776529e-14 2.1364101464391715e-14 4.3047537283373565e-14
67.71035238438829 3.803148009614114e-23 6.835459815661692e-14 2.216504166215934e-14 4.618955649445756e-14
69.77251696707448 3.891079117540917e-23 7.206491594852845e-14 2.2923256100654164e-14 4.914165984787429e-14
71.89748616702131 3.959623773366974e-23 7.556784928090205e-14 2.364481889161556e-14 5.1923030389286504e-14
74.08717274132995 4.008788239092565e-23 7.883617965964434e-14 2.4331049331620416e-14 5.450513032802391e-14
76.34354770141287 4.0391765997695517e-23 8.185300210789362e-14 2.4962403796419355e-14 5.689059831147423e-14
78.66864208716851 4.051355024678051e-23 8.46001999350104e-14 2.5523986196121534e-14 5.907621373888886e-14
81.06454879518883 4.047251951973185e-23 8.708846663607994e-14 2.6019633208025236e-14 6.106883342805472e-14
83.5334244626476 4.032475840023545e-23 8.941317009634275e-14 2.645257760212713e-14 6.296059249421563e-14
86.07749140856238 4.000907776838651e-23 9.141502355430358e-14 2.681250103532332e-14 6.460252251898028e-14
88.69903963417964 3.946733353913479e-23 9.292362352461306e-14 2.709107129111349e-14 6.583255223349957e-14
91.4004288842828 3.8751850113025136e-23 9.401780514668786e-14 2.7289886991618067e-14 6.672791815506981e-14
94.18409077127889 3.788297609099432e-23 9.470896106167634e-14 2.741129116863795e-14 6.729766989303838e-14
97.05253096397554 3.6885873123395136e-23 9.502466925335042e-14 2.745341526824028e-14 6.757125398511017e-14
100.00833144301866 3.5843542356840487e-23 9.515169701040104e-14 2.741745030372215e-14 6.77342467066789e-14
103.05415282502196 3.4717615267615656e-23 9.49696454376837e-14 2.7304047857366894e-14 6.766559758031681e-14
106.19273675747671 3.3581882123952956e-23 9.466060576437874e-14 2.711217360344767e-14 6.754843216093106e-14
109.4269083866038 3.239034243684671e-23 9.408255475590286e-14 2.6847093058683722e-14 6.723546169721914e-14
112.75957890036308 3.1090045931343927e-23 9.305597033053817e-14 2.6519028054427867e-14 6.65369422761103e-14
116.1937481489129 2.972547505241037e-23 9.168134971960668e-14 2.6128221763671996e-14 6.555312795593468e-14
119.73250734487735 2.827537005575392e-23 8.986484049479678e-14 2.5670837326234677e-14 6.419400316856208e-14
123.37904184585196 2.678836430894947e-23 8.773179653861851e-14 2.5155570948514137e-14 6.257622559010437e-14
127.13663402165271 2.525685520341864e-23 8.52352848123213e-14 2.4598097633828153e-14 6.063718717849314e-14
131.0086662088879 2.3720384178639057e-23 8.248807654076014e-14 2.3999820906974047e-14 5.848825563378606e-14
134.99862375551584 2.2175364523100618e-23 7.946383885031484e-14 2.3355623309989216e-14 5.610821554032564e-14
139.11009815812417 2.0652324632609052e-23 7.626004078185833e-14 2.2673326628513753e-14 5.358671415334461e-14
143.3467902947586 1.9175931610355154e-23 7.296488095150732e-14 2.1968571713271996e-14 5.099630923823531e-14
147.71251375620898 1.775699871551603e-23 6.962356952198944e-14 2.124520359347718e-14 4.8378365928512266e-14
152.21119827875228 1.6484375111565934e-23 6.660219257515381e-14 2.0500160809237233e-14 4.6102031765916596e-14
156.84689328144228 1.5337457858111663e-23 6.3855562717386e-14 1.9738168797022127e-14 4.4117393920363874e-14
159.21741877681018 1.4779223880159474e-23 6.246138931855213e-14 1.935419172767193e-14 4.310719759088019e-14
161.62377151112827 1.422584746128565e-23 6.103132764940918e-14 1.8969306143454222e-14 4.206202150595497e-14
166.54613279848823 1.3139713320288112e-23 5.808846172918435e-14 1.8198593280541936e-14 3.9889868448642425e-14
171.61840792845166 1.2117827741096074e-23 5.5202414835385134e-14 1.7426744887717957e-14 3.777566994766718e-14
176.84516262850022 1.1167813713379042e-23 5.2424075307327906e-14 1.6656721594329853e-14 3.576735371299805e-14
179.5181642894721 1.0713578088064372e-23 5.1051954212768606e-14 1.6274044237787078e-14 3.477790997498154e-14
182.2315681744764 1.025949126185225e-23 4.9627097011119447e-14 1.589361248152552e-14 3.373348452959392e-14
187.78155384880017 9.366024775092169e-24 4.668503231109488e-14 1.5141211561413177e-14 3.1543820749681716e-14
190.61961427604518 8.944637930942413e-24 4.525846132655703e-14 1.47697300274093e-14 3.048873129914773e-14
193.5005680909718 8.541012765123847e-24 4.386933472215571e-14 1.4401760143592838e-14 2.9467574578562876e-14
199.3937587803602 7.791792950909549e-24 4.123997535116927e-14 1.3677697622879978e-14 2.756227772828929e-14
205.46643057848152 7.113831892321497e-24 3.879840815620976e-14 1.2970337557580166e-14 2.5828070598629587e-14
211.72404970390772 6.518132838563646e-24 3.6632185724782796e-14 1.2280835987458372e-14 2.4351349737324428e-14
218.17224885259444 5.965728365010795e-24 3.45487561507363e-14 1.161199413165772e-14 2.2936762019078586e-14
224.8168322680627 5.434553040302192e-24 3.2431130590118815e-14 1.0966399943799504e-14 2.1464730646319317e-14
231.66378096599615 4.937242442939315e-24 3.036071722944005e-14 1.034318523279724e-14 2.001753199664281e-14
238.71925811795668 4.4706642139495435e-24 2.8328849745106378e-14 9.741050527235834e-15 1.8587799217870547e-14
245.98961459906556 4.038475969774047e-24 2.6369610086423653e-14 9.162621411749653e-15 1.7206988674674002e-14
249.71106150874405 3.8301710796339925e-24 2.5387818603361533e-14 8.883226223685862e-15 1.650459237967568e-14
253.4888082224776 3.626895601670138e-24 2.440412705753779e-14 8.610651969903281e-15 1.5793475087634508e-14
261.20898134247824 3.250422182607859e-24 2.2537062639058153e-14 8.083868819977099e-15 1.4453193819081053e-14
269.1642775569489 2.923088933169261e-24 2.0884730875553966e-14 7.57863658943068e-15 1.3306094286123287e-14
277.3618576987742 2.629249823210803e-24 1.935744455015628e-14 7.0968423083394225e-15 1.2260602241816857e-14
285.8091006888481 2.3431670180009776e-24 1.7776601304651535e-14 6.641009766786627e-15 1.1135591537864907e-14
294.5136101780917 2.081017714359236e-24 1.6268614921604742e-14 6.208964469367844e-15 1.00596504522369e-14
303.4832213917586 1.8560516107196628e-24 1.4951823672339695e-14 5.798158133303094e-15 9.153665539036602e-15
312.7260081821858 1.6571805789225393e-24 1.3756351659662216e-14 5.4090874315640494e-15 8.347264228098164e-15
322.25029029634635 1.4816059227820189e-24 1.2673467508733976e-14 5.042579816250018e-15 7.630887692483957e-15
332.0646408647343 1.3247604366454335e-24 1.1676949873881458e-14 4.697310677948829e-15 6.97963919593263e-15
342.17789411833206 1.1819688506086554e-24 1.0735626992643817e-14 4.371796451275982e-15 6.363830541367832e-15
352.59915334060224 1.0529009138908459e-24 9.85458184604335e-15 4.0654430166376424e-15 5.789138829405709e-15
363.337799061663 9.380731595999966e-25 9.047252769121003e-15 3.777838818707865e-15 5.269413950413138e-15
374.40349750202313 8.357240719749826e-25 8.305623527314529e-15 3.5081127137069233e-15 4.797510813607605e-15
380.062092440151 7.887166326541146e-25 7.956919924875953e-15 3.3797101505016313e-15 4.5772097743743214e-15
385.80620927347337 7.442774280912664e-25 7.622079851794043e-15 3.2554781118642457e-15 4.3666017399297986e-15
397.5561983449763 6.625131032929414e-25 6.991372376664399e-15 3.0190618464787342e-15 3.972310530185664e-15
409.6640412816112 5.8888860895855105e-25 6.403691945940192e-15 2.7978050347118162e-15 3.605886911228375e-15
415.8555509384264 5.549046710632088e-25 6.125341642482767e-15 2.6926216783623118e-15 3.4327199641204527e-15
422.1406367649012 5.227220341154051e-25 5.857299092946859e-15 2.5909549473586467e-15 3.2663441455882123e-15
434.9972154030873 4.638276904248598e-25 5.355654869066795e-15 2.3980811567410565e-15 2.9575737123257396e-15
448.24534984018095 4.115224327739563e-25 4.8964208680425985e-15 2.2184475281703042e-15 2.6779733398722954e-15
461.89696517289525 3.650576512724814e-25 4.475854881081003e-15 2.0509167544953365e-15 2.424938126585667e-15
475.9643496848308 3.237960583671099e-25 4.090867520987319e-15 1.894709255343591e-15 2.196158265643729e-15
490.4601659075747 2.8695910082281958e-25 3.735882225801577e-15 1.7496168516791813e-15 1.9862653741223953e-15
505.39746201868155 2.540112972656145e-25 3.407654238982329e-15 1.6151390630688748e-15 1.792515175913454e-15
520.7896835867783 2.2476698735285514e-25 3.1071651003769127e-15 1.4904051583404204e-15 1.6167599420364928e-15
536.6506856743796 1.989143299841043e-25 2.833525940493815e-15 1.3747875984038232e-15 1.4587383420899925e-15
552.9947453093008 1.7599030124390228e-25 2.5833257461814195e-15 1.2675846888211384e-15 1.3157410573602809e-15
569.8365743358964 1.5565020607830326e-25 2.354341476036734e-15 1.1682178568429657e-15 1.1861236191937682e-15
587.1913326576936 1.3761208057035606e-25 2.1448929935420512e-15 1.07617422201728e-15 1.0687187715247715e-15
605.0746418833327 1.2162325442601966e-25 1.9534171922689488e-15 9.909684539809044e-16 9.62448738288044e-16
623.502599388115 1.0745781347820651e-25 1.778466548459046e-15 9.121403229486406e-16 8.663262255104052e-16
642.4917928037942 9.491357199575623e-26 1.6186961562134441e-15 8.392544706162947e-16 7.794416855971497e-16
662.0593149496696 8.380971752616486e-26 1.4728574311323277e-15 7.719017367709393e-16 7.009556943613883e-16
682.2227792184137 7.398482364905817e-26 1.3397948135906145e-15 7.096954623346187e-16 6.300993512559957e-16
703.0003354304876 6.529500076216126e-26 1.2184421002901673e-15 6.52273602371988e-16 5.661684979181796e-16
724.4106861714122 5.761191991201998e-26 1.107813439582794e-15 5.992956963127229e-16 5.085177432700713e-16
746.4731036265977 5.0821277751242385e-26 1.0069993196098076e-15 5.504408713594904e-16 4.56558448250317e-16
769.2074469289008 4.4821353174678e-26 9.151617858033412e-16 5.054079110453581e-16 4.097538747579831e-16
792.6341800345017 3.952172277573894e-26 8.315303336766821e-16 4.639167776753596e-16 3.676135560013228e-16
816.7743901432078 3.484208948353563e-26 7.553978369228768e-16 4.2570679498008565e-16 3.2969104194279116e-16
841.6498066797607 3.0711048613121723e-26 6.861127762894927e-16 3.9053268249709316e-16 2.9558009379239954e-16
867.2828208532309 2.7065197886779334e-26 6.230765173766368e-16 3.5816559195998706e-16 2.6491092541664974e-16
893.6965058121084 2.384838001925019e-26 5.657419414072713e-16 3.2839338868913527e-16 2.37348552718136e-16
920.9146374132232 2.10108215428185e-26 5.136080748336734e-16 3.010188986483178e-16 2.1258917618535563e-16
948.9617156232121 1.850834726368416e-26 4.662144867319844e-16 2.7585795385308995e-16 1.9035653287889449e-16
977.8629865717667 1.630182988993053e-26 4.231397233811926e-16 2.5273943416195583e-16 1.704002892192367e-16
1007.6444652765354 1.4356646089558208e-26 3.8399869761330854e-16 2.315046445411811e-16 1.5249405307212736e-16
1038.332959060126 1.2642150439582017e-26 3.4843921515613657e-16 2.1200621278657843e-16 1.3643300236955818e-16
1069.95609168029 1.1131246905204501e-26 3.1613982227181506e-16 1.9410778670077153e-16 1.220320355710434e-16
1102.542328195006 9.79998555668606e-27 2.8680725988466343e-16 1.7768328211553373e-16 1.091239777691297e-16
1136.1210005848498 8.6271842893141e-27 2.601735219271135e-16 1.626157040276872e-16 9.75578178994263e-17
1170.7223341557005 7.594116797739864e-27 2.3599380845160515e-16 1.4879654581100066e-16 8.719726264060448e-17
1206.3774747455793 6.684252430257524e-27 2.1404520101604072e-16 1.3612575943794216e-16 7.791944157809856e-17
1243.1185167600695 5.883005608526555e-27 1.94124893719359e-16 1.2451120084066482e-16 6.961369287869416e-17
1280.9785320615858 5.17749232410086e-27 1.760478591739305e-16 1.1386757940349327e-16 6.218027977043722e-17
1319.9915997384837 4.5563300421508536e-27 1.5964516701641877e-16 1.0411589856726799e-16 5.552926844915077e-17
1360.1928367808064 4.009483042714297e-27 1.447632409449716e-16 9.518342437544539e-17 4.957981656952622e-17
1401.618429690285 3.528111373493458e-27 1.312627560455165e-16 8.700340090307131e-17 4.425935514244516e-17
1444.305667053031 3.1044143029981905e-27 1.1901678761923585e-16 7.951420802647025e-17 3.95025795927656e-17
1488.2929731042755 2.7315057025985393e-27 1.0790957345098787e-16 7.265879554738212e-17 3.525077790360576e-17
1533.6199423153234 2.40331831819952e-27 9.783595237277151e-17 6.638472361901378e-17 3.145122875375772e-17
1580.327375033885 2.1145083200715575e-27 8.870046459070225e-17 6.064391172206566e-17 2.8056552868636585e-17
1628.457314209858 1.8603671187723562e-27 8.041637036961693e-17 5.539211867618056e-17 2.502425169343637e-17
1678.0530832396191 1.6367426019499463e-27 7.290469791065682e-17 5.0588503059107957e-17 2.2316194851548848e-17
1729.1593249628888 1.4399777569903147e-27 6.609372480167088e-17 4.6195536328094413e-17 1.989818847357646e-17
1781.8220418472597 1.2668543286306039e-27 5.991843198974977e-17 4.217884853317626e-17 1.7739583456573508e-17
1836.0886373966016 1.1145377202380997e-27 5.4319760607391306e-17 3.8506860085239904e-17 1.5812900522151415e-17
1892.007958820556 9.80531074948726e-28 4.9244048896057866e-17 3.515050847412498e-17 1.40935404219329e-17
1949.6303410035755 8.626350910918823e-28 4.46425330457986e-17 3.208307359513044e-17 1.2559459450668174e-17
2009.0076518130663 7.589160582124449e-28 4.0471077414038e-17 2.928015117517971e-17 1.1190926238858299e-17
2070.1933387874215 6.676721782806662e-28 3.6689654285295125e-17 2.6719364474734905e-17 9.970289810560206e-18
2133.242477245972 5.874033447304431e-28 3.326182474515681e-17 2.4380095527549195e-17 8.881729217607616e-18
2198.211819864143 5.167896219976358e-28 3.01545433129475e-17 2.2243450958323382e-17 7.911092354624116e-18
2265.1598477584885 4.546702010759414e-28 2.7337876636094265e-17 2.0292141276578713e-17 7.045735359515548e-18
2334.1468231275226 4.0002335532267326e-28 2.4784659228065534e-17 1.851031877411575e-17 6.274340453949782e-18
2405.2348434957767 3.5195031068119753e-28 2.247026905403201e-17 1.688346306808884e-17 5.586805985943171e-18
2478.487897609897 3.09660526103123e-28 2.0372394757980804e-17 1.539828263349955e-17 4.974112124481254e-18
2553.971923037092 2.724579237143894e-28 1.847076973926986e-17 1.4042591555913687e-17 4.428178183356175e-18
2631.7548655177807 2.3973003567053036e-28 1.674701146263591e-17 1.2805228348578236e-17 3.9417831140576734e-18
2711.906740125872 2.109383630801121e-28 1.5184474095847443e-17 1.1675987712415444e-17 3.508486383432002e-18
2794.4996942916955 1.8560911304644617e-28 1.3768061425688296e-17 1.064552521115904e-17 3.1225362145292574e-18
2879.6080727443887 1.6332560724412005e-28 1.2484095924863062e-17 9.70529717029466e-18 2.7787987545684018e-18
2967.308484432098 1.4372145068719096e-28 1.1320190193886995e-17 8.847494488319713e-18 2.472695705567284e-18
3057.6798714803062 1.2647415236268937e-28 1.0265100952147604e-17 8.064965492589504e-18 2.2001354595580965e-18
