Dust emission spectrum from A.P. Jones, M. Kohler, N. Ysard, M. Bocchio, and L. Verstraete (2017), A&A, 602A, 46J 
inside the DustPedia framework.

lambda    nu*dP/dnu     j_nu    j_nu(carb.) j_nu(sil)
 (um)   (erg s-1 H-1) (Jy cm2 sr-1 H-1)
0.9927057738263894 1.4887408491910618e-20 3.9229166964105733e-13 3.9229166038901977e-13 9.252037564813918e-21
1.0001793341362166 1.5137490718598664e-20 4.0188444747909963e-13 4.018844363460827e-13 1.113301695720069e-20
1.0077091589558085 1.5388602429198357e-20 4.116269664879625e-13 4.1162695310944557e-13 1.3378516949635298e-20
1.0114953028030835 1.5514533482466827e-20 4.165546859899507e-13 4.1655467133151593e-13 1.4658434934808376e-20
1.0152956718711033 1.5640709076989715e-20 4.215202138883412e-13 4.2152019783291435e-13 1.6055426812893116e-20
1.0229392996569957 1.5893654609430243e-20 4.3156187156175275e-13 4.31561852319326e-13 1.9242426719543834e-20
1.0267826658714554 1.602013752281045e-20 4.3663063272363553e-13 4.366306116676029e-13 2.1056032710621592e-20
1.0306404723013447 1.614684297979651e-20 4.4173747851490217e-13 4.4173745548203655e-13 2.3032865643598653e-20
1.03451277320114 1.627376736120784e-20 4.4688254705528823e-13 4.4688252186842037e-13 2.5186867828744928e-20
1.0383996230291617 1.6400907169140274e-20 4.520659796467308e-13 4.5206595211362705e-13 2.753310374095891e-20
1.0403485208654093 1.6464556798850837e-20 4.546721275225219e-13 4.5467209873917744e-13 2.8783344475087905e-20
1.0423010764483396 1.6528259029940557e-20 4.57287920911419e-13 4.572878908235745e-13 3.008784437179018e-20
1.0462171883269815 1.6655819697157067e-20 4.625485189316763e-13 4.62548486063019e-13 3.2868657433984217e-20
1.0471985131304309 1.668774212186868e-20 4.638697262491007e-13 4.638696926477262e-13 3.360137443850346e-20
1.048180758391296 1.671967735415743e-20 4.651933614818313e-13 4.651933271321221e-13 3.4349709205239837e-20
1.0501480137395462 1.678358605446506e-20 4.678479253916419e-13 4.67847889497138e-13 3.589450378712857e-20
1.0521189612883777 1.684754542934714e-20 4.705122302079417e-13 4.705121927022958e-13 3.7505645869383194e-20
1.0531058218030118 1.6879501808341892e-20 4.718468620206521e-13 4.718468236836576e-13 3.833699447417503e-20
1.0540936079674168 1.6911332475384146e-20 4.731800661515696e-13 4.731800269654275e-13 3.918614200892258e-20
1.058054026499678 1.7038774051867726e-20 4.785371085893861e-13 4.785370658232548e-13 4.276613133740184e-20
1.0590464539527713 1.7070663964547765e-20 4.79882438239423e-13 4.798823945305852e-13 4.370883794544135e-20
1.06003981227728 1.7102565603187017e-20 4.812302005875602e-13 4.812301559161632e-13 4.46713968346163e-20
1.0620293250338977 1.7166403899895934e-20 4.839330336743872e-13 4.839329870167201e-13 4.6657667051260076e-20
1.0660195594769086 1.7294219493632778e-20 4.89368006431216e-13 4.893679555448029e-13 5.0886413119455985e-20
1.070024785945596 1.7422218452976188e-20 4.948421962528112e-13 4.948421407727917e-13 5.548001966006319e-20
1.0740450607676866 1.7550398546277366e-20 5.003557770523401e-13 5.003557165840739e-13 6.046826597042986e-20
1.07808044048254 1.7678757693022343e-20 5.059089274166326e-13 5.059088615334196e-13 6.588321301830865e-20
1.0861967418109137 1.7935809822438582e-20 5.171290308936055e-13 5.171289527597496e-13 7.813385591154628e-20
1.0902777775684922 1.8064054324782575e-20 5.227834421425984e-13 5.227833570959779e-13 8.504662057086606e-20
1.0943741465085532 1.8192463467567815e-20 5.284778253509959e-13 5.284777328104315e-13 9.254056440958961e-20
1.1026131145906286 1.8449770845622825e-20 5.39987321663721e-13 5.399872122037845e-13 1.0945993637281542e-19
1.1109141095355224 1.8707723988989746e-20 5.516592053793896e-13 5.516590760758015e-13 1.293035880908816e-19
1.1192775983109025 1.8966116526320132e-20 5.634892812260645e-13 5.634891286801405e-13 1.5254592400503892e-19
1.1277040513999907 1.9224021477540034e-20 5.754516196271592e-13 5.754514398942111e-13 1.7973294795994248e-19
1.1361939428280308 1.9482535254556592e-20 5.875804987327373e-13 5.87580287240529e-13 2.1149220812817828e-19
1.1447477501889525 1.974166160390085e-20 5.998780002170018e-13 5.998777516730128e-13 2.4854398887770316e-19
1.1533659546722406 2.0001498231695587e-20 6.123491070015974e-13 6.123488152872874e-13 2.9171431002373427e-19
1.1707974979042381 2.0524088697336846e-20 6.378449207550979e-13 6.378445204236541e-13 4.0033144391353513e-19
1.1884924949847024 2.1049634382106747e-20 6.640647590957531e-13 6.640642124620167e-13 5.466337360435503e-19
1.2064549276569216 2.1581672934813e-20 6.911393835029774e-13 6.911386407925805e-13 7.42710396959066e-19
1.2246888378427687 2.2116814331782214e-20 7.189815810647067e-13 7.189805768991665e-13 1.0041655404600906e-18
1.2431983285522175 2.2654639689991478e-20 7.475960704555341e-13 7.475947193868334e-13 1.3510687006682895e-18
1.2619875648066055 2.319595321013627e-20 7.770281142507095e-13 7.770263051492465e-13 1.8091014629178123e-18
1.3004222497298317 2.4285813647214723e-20 8.383135439626688e-13 8.383103460600093e-13 3.197902659535678e-18
1.3400274889804893 2.538973201652127e-20 9.031112608738631e-13 9.031057118146008e-13 5.5490592619113046e-18
1.3808389325824078 2.6511743179932613e-20 9.717414777983341e-13 9.717320213087757e-13 9.456489558366156e-18
1.4228933163050095 2.7661066585946154e-20 1.0447459458556313e-12 1.0447301110532906e-12 1.5834802340407375e-17
1.466228494730424 2.8857189244393883e-20 1.1231172973356236e-12 1.123091230694212e-12 2.6066641411686976e-17
1.5108834753276823 3.0097409229225277e-20 1.2070618325548115e-12 1.2070196299868718e-12 4.2202567939824166e-17
1.5568984535646726 3.1380120623304384e-20 1.2968338231707812e-12 1.2967665513086892e-12 6.727186209182848e-17
1.6043148490894465 3.2711871149891156e-20 1.3930426820457215e-12 1.392936907079162e-12 1.0577496655949633e-16
1.6531753430134553 3.40993208965641e-20 1.496353080847148e-12 1.496189222049644e-12 1.6385879750472255e-16
1.7035239163302658 3.5550039167884665e-20 1.607525059305181e-12 1.6072749124417824e-12 2.501468633987902e-16
1.755405889504358 3.7088453589599346e-20 1.7281670079994349e-12 1.7277904991768254e-12 3.765088226094392e-16
1.8088679632656115 3.8711833473312054e-20 1.8587459746918765e-12 1.8581870379571353e-12 5.589367347414692e-16
1.8639582606462262 4.0416088640584343e-20 1.9996772118597224e-12 1.9988585040869627e-12 8.187077727602996e-16
1.9207263702978936 4.220211244967557e-20 2.1516375870983494e-12 2.150453902974858e-12 1.1836841234910406e-15
1.979223391128241 4.4072559201220396e-20 2.315434595012789e-12 2.3137447405936964e-12 1.689854419093078e-15
2.039501978296691 4.602823885649788e-20 2.49182719974739e-12 2.489444210823928e-12 2.3829889234622114e-15
2.1016163906111602 4.808303473995704e-20 2.68234570749704e-12 2.6790249964280617e-12 3.320711068978964e-15
2.1656225393682647 5.023927669386882e-20 2.8879892613377843e-12 2.883414973803557e-12 4.574287534227203e-15
2.231578038680979 5.248306516153663e-20 3.108856692229862e-12 3.1026260645686073e-12 6.230627661254967e-15
2.299542257339062 5.480726202055809e-20 3.3454067942455825e-12 3.337012459631929e-12 8.394334613654972e-15
2.369576372248914 5.7209171199237e-20 3.598369855188502e-12 3.5871800025259257e-12 1.1189852662576013e-14
2.4417434235010123 5.968717140592487e-20 3.868569983354525e-12 3.853807015214998e-12 1.4762968139527362e-14
2.5161083711144245 6.224968506533775e-20 4.157535194152271e-12 4.138252350251497e-12 1.9282843900774643e-14
2.5927381535095444 6.491846777239644e-20 4.46782704354775e-12 4.442884014107826e-12 2.494302943992492e-14
2.6717017477616296 6.771020727922061e-20 4.801882743835882e-12 4.7699220538617665e-12 3.196068997411377e-14
2.753070231689431 7.065543191761813e-20 5.163358491970489e-12 5.122782048162101e-12 4.057644380838739e-14
2.836916847834745 7.385822139005064e-20 5.56179381179013e-12 5.510738735428884e-12 5.1055076361244963e-14
2.9233170693905177 7.756157747676435e-20 6.01855160746678e-12 5.954881209997011e-12 6.367039746976828e-14
2.967498994190263 7.984529569370728e-20 6.289401892952383e-12 6.218673750006103e-12 7.072814294627894e-14
3.0123486681368425 8.228481294511514e-20 6.579522215916926e-12 6.50105574185176e-12 7.846647406516669e-14
3.0578761833420214 8.638584363352431e-20 7.011838558928912e-12 6.924873278621999e-12 8.69652803069141e-14
3.1040917844459814 9.120091368837534e-20 7.514553429817924e-12 7.418360888170186e-12 9.619254164773646e-14
3.127460860933648 9.57384797934134e-20 7.947816720343936e-12 7.846692092046868e-12 1.0112462829706874e-13
3.1510058709225794 1.0152144446103026e-19 8.491343969157627e-12 8.385084463223282e-12 1.0625950593434367e-13
3.162844764501044 1.0678850528973634e-19 8.965444319064836e-12 8.856529851487341e-12 1.0891446757749572e-13
3.1747281389236908 1.127496264632787e-19 9.501476228363807e-12 9.389854465028826e-12 1.1162176333498302e-13
3.1986289994194426 1.2891042698112218e-19 1.0945140736894867e-11 1.082793076789778e-11 1.1720996899708756e-13
3.2227097969389145 1.6643966045577779e-19 1.4237949673366335e-11 1.4114824464854781e-11 1.2312520851155164e-13
3.2348180950136065 2.0167950812780642e-19 1.7317335477742884e-11 1.719105511626223e-11 1.2628036148065176e-13
3.240889293275058 2.2801569138146076e-19 1.9615453986340145e-11 1.9487509355225882e-11 1.2794463111425714e-13
3.2469718861334385 2.585427681644441e-19 2.2283343537691e-11 2.2153676884172715e-11 1.2966665351829328e-13
3.2714166318528037 4.18649135031578e-19 3.635427504275082e-11 3.6217497202625395e-11 1.3677784012543798e-13
3.2744851364798273 4.2864424457545123e-19 3.725713481355862e-11 3.7119520364045933e-11 1.376144495126771e-13
3.2775565192852394 4.389060158945803e-19 3.818485591271038e-11 3.80464008028525e-11 1.3845510985787501e-13
3.283707930232385 4.2899642361758813e-19 3.739276898983484e-11 3.7252813396338985e-11 1.3995559349586064e-13
3.2898708863219004 3.97575782015245e-19 3.471908003207035e-11 3.457776156968615e-11 1.413184623842094e-13
3.29141343181113 3.901492547290727e-19 3.408651896435944e-11 3.39448583460006e-11 1.4166061835884223e-13
3.292184975758714 3.864976119389398e-19 3.377539809578187e-11 3.36335661834256e-11 1.418319123562705e-13
3.295272960557952 3.6374685096930833e-19 3.181706169256537e-11 3.1674563980574946e-11 1.4249771199042647e-13
3.3076538914384823 2.8431053936228223e-19 2.496217661003421e-11 2.48170060500332e-11 1.451705600009964e-13
3.310756385682612 2.6796730412417604e-19 2.354932511618282e-11 2.3403481114938902e-11 1.4584400124392512e-13
3.313861789986515 2.5281929237920376e-19 2.2238937586101375e-11 2.2092418049650564e-11 1.4651953645080412e-13
3.3200813396944477 2.316580630461406e-19 2.0415761217667442e-11 2.0267787433954443e-11 1.4797378371299034e-13
3.345076488085796 1.94663613581373e-19 1.728463714250453e-11 1.713017932896566e-11 1.5445781353886868e-13
3.3482140837626964 1.9615038320747415e-19 1.7432987262315432e-11 1.7277650943659984e-11 1.5533631865544813e-13
3.3513546224236106 1.9765058253112013e-19 1.7582795164626613e-11 1.7426576526453022e-11 1.5621863817358367e-13
3.3576445397418455 2.0824053708143898e-19 1.855963476523784e-11 1.8401570930300648e-11 1.5806383493718813e-13
3.3702598118196083 2.4662522613933946e-19 2.206329192361859e-11 2.1901357951281878e-11 1.6193397233671786e-13
3.382922481734668 2.557551916359561e-19 2.2966030518099832e-11 2.2800339143885243e-11 1.6569137421459257e-13
3.389271646505754 2.6046101798426343e-19 2.3432495653516617e-11 2.3264900626188836e-11 1.6759502732778337e-13
3.395632727569191 2.6564353988054307e-19 2.3943597466234648e-11 2.377404060814809e-11 1.6955685808655257e-13
3.421196662673239 2.9081102105723844e-19 2.640938780761486e-11 2.6231714539918364e-11 1.7767326769650962e-13
3.4276182099114902 2.862273893539065e-19 2.6041923807770057e-11 2.5862443938804975e-11 1.7947986896507424e-13
3.4340518103208963 2.655059102046936e-19 2.420195612110857e-11 2.4020769813180205e-11 1.8118630792836468e-13
3.4469541582030403 2.357525583891944e-19 2.1570556772546558e-11 2.1386099817146375e-11 1.8445695540018508e-13
3.472904465399547 2.2740723402167534e-19 2.0963632876815964e-11 2.0771634738572766e-11 1.9199813824319947e-13
3.4990501388274233 2.1485097704254372e-19 1.9955238911885645e-11 1.9755534204162032e-11 1.9970470772361415e-13
3.5253949054701885 1.7062010642133605e-19 1.5966415030990014e-11 1.5759240183894658e-11 2.071748470953566e-13
3.5519380250092896 1.2850927086335333e-19 1.2116279190580261e-11 1.1901609688902203e-11 2.1466950167805568e-13
3.578680990867387 1.1206543316311356e-19 1.064545169484619e-11 1.0422569614372257e-11 2.2288208047393103e-13
3.605625307711299 1.0572260362025661e-19 1.0118540547149517e-11 9.88701730075716e-12 2.315232463923551e-13
3.660119384959845 1.0167786682769896e-19 9.878502422003569e-12 9.628862513432823e-12 2.496399085707445e-13
3.715437065384467 9.892347682124382e-20 9.756155511909652e-12 9.487472229890358e-12 2.6868328201929205e-13
3.8285932144167436 9.861684733793411e-20 1.0022124024896138e-11 9.712705533702843e-12 3.0941849119329105e-13
3.94519561050918 9.955761135559797e-20 1.0425873291259358e-11 1.0072325992914226e-11 3.535472983451312e-13
4.06534921144712 1.0089101435675364e-19 1.0887289687107957e-11 1.0486342276711086e-11 4.00947410396876e-13
4.189162171576248 1.023657888903613e-19 1.1382861297849278e-11 1.0931226267001906e-11 4.516350308473772e-13
4.316745939156006 1.0387670525183912e-19 1.1902661653328436e-11 1.1397324631049453e-11 5.053370222789796e-13
4.448215356677963 1.0537738458578774e-19 1.2442356869395566e-11 1.188114593378907e-11 5.612109356064947e-13
4.58368876423945 1.068610957674238e-19 1.3001820838427468e-11 1.23825743778802e-11 6.192464605472712e-13
4.723288106065518 1.0834733930983806e-19 1.3584139125505607e-11 1.2904406404753878e-11 6.797327207517283e-13
4.867139040275056 1.0986327346282395e-19 1.4193703247551024e-11 1.3452796154845034e-11 7.409070927059961e-13
4.940699165968905 1.1070190127512868e-19 1.4518204979985038e-11 1.3746281442438647e-11 7.719235375463885e-13
5.015371051989984 1.114972381536393e-19 1.48435100821623e-11 1.404039500511397e-11 8.031150770483331e-13
5.091171501069577 1.124672158343265e-19 1.5198933125366047e-11 1.43637506488948e-11 8.351824764712467e-13
5.129500256944802 1.1293419688883083e-19 1.5376941309446753e-11 1.4525701302117712e-11 8.512400073290394e-13
5.168117569889187 1.1340874802622634e-19 1.5557806799981666e-11 1.4690324123521714e-11 8.674826764599502e-13
5.20702561229733 1.140398719606199e-19 1.5762164946737516e-11 1.487686366115972e-11 8.853012855777997e-13
5.246226572918644 1.1466428873277465e-19 1.5967784301375095e-11 1.5064605047787607e-11 9.03179253587493e-13
5.265937586045735 1.1497407569275394e-19 1.6071080159382475e-11 1.5158942467832823e-11 9.121376915496483e-13
5.285722656980489 1.1528230146385692e-19 1.6174707768988657e-11 1.5253600181670023e-11 9.211075873186367e-13
5.305582063971359 1.1558900783750357e-19 1.6278673227529803e-11 1.534858542919184e-11 9.300877983379648e-13
5.3255160863122235 1.159250338107369e-19 1.6387336253683642e-11 1.544818057324171e-11 9.391556804419354e-13
5.365609099470188 1.168311889615809e-19 1.6639767711652227e-11 1.568184464971583e-11 9.579230619363992e-13
5.406003951863644 1.1774452502359416e-19 1.6896101663251218e-11 1.59193556863508e-11 9.767459769004137e-13
5.446702915881641 1.1866624628376034e-19 1.715656443229315e-11 1.6160949176351663e-11 9.956152559414823e-13
5.487708281020852 1.1965602950930264e-19 1.7429905705714043e-11 1.6415295573213654e-11 1.014610132500393e-12
5.529022354014368 1.2117614737073545e-19 1.7784223983189597e-11 1.6749814668278357e-11 1.0344093149112414e-12
5.570647458961463 1.2274670512947187e-19 1.8150347784391177e-11 1.7096085899842493e-11 1.0542618845486835e-12
5.612585937458331 1.2437265804344876e-19 1.8529229175230956e-11 1.7455070668860393e-11 1.0741585063705596e-12
5.654840148729818 1.2614691269236924e-19 1.8935047195333065e-11 1.784084928743078e-11 1.0941979079022928e-12
5.67608639626678 1.274468601645578e-19 1.9202048876281076e-11 1.809735086403596e-11 1.1046980122451157e-12
5.686739436050992 1.2811123723572592e-19 1.9338375462680048e-11 1.8228421692388266e-11 1.1099537702917826e-12
5.6974124697621304 1.287855557285408e-19 1.9476649606204092e-11 1.8361436471548616e-11 1.1152131346554731e-12
5.718818669136295 1.3016507344925416e-19 1.975923958098557e-11 1.8633497494072037e-11 1.1257420869135308e-12
5.740305295436557 1.3169662126339007e-19 2.0066843187707936e-11 1.8930473933284683e-11 1.1363692544232545e-12
5.7835210386641895 1.3580601129702074e-19 2.0848784805661506e-11 1.9690461290778038e-11 1.1583235148834604e-12
5.827062130521658 1.4047857373219673e-19 2.1728471213868606e-11 2.054791772378515e-11 1.1805534900834521e-12
5.8489554468988025 1.4389285230434568e-19 2.234019541782142e-11 2.1147587584943302e-11 1.1926078328781244e-12
5.870931020387893 1.4751040931526593e-19 2.2987888336386582e-11 2.1783194201010114e-11 1.2046941353764753e-12
5.892989160043636 1.5134740193206873e-19 2.3674458017219098e-11 2.2457646814527354e-11 1.2168112026917437e-12
5.915130176081913 1.557151926602342e-19 2.4449204167172167e-11 2.3219816396223034e-11 1.2293877709491423e-12
5.95966208400165 1.6817605273546386e-19 2.660450749807562e-11 2.5346171410605937e-11 1.2583360874696912e-12
6.004529249263818 1.8617944037590454e-19 2.967427508225007e-11 2.83831997336478e-11 1.2910753486022624e-12
6.027089341400364 1.98766847838584e-19 3.179955281600256e-11 3.0489415588295396e-11 1.3101372277071642e-12
6.049734195844842 2.135298688873045e-19 3.4289753265976e-11 3.2959393080285065e-11 1.3303601856909353e-12
6.095279466722835 2.562672152475553e-19 4.146255927056353e-11 4.008199783576179e-11 1.3805614348017384e-12
6.141167624020661 3.215911366913482e-19 5.242331201524936e-11 5.0976985789503155e-11 1.4463262257462068e-12
6.164241091010745 3.6322463166044496e-19 5.943254683103073e-11 5.794465153133721e-11 1.487895299693516e-12
6.187401249150058 4.1005144109848816e-19 6.734665908762952e-11 6.581613591574924e-11 1.5305231718802779e-12
6.1990139391386085 4.327724691761404e-19 7.12117520951912e-11 6.965954922160956e-11 1.552202873581628e-12
6.204828454712694 4.446909826058751e-19 7.324155141837502e-11 7.167840445131484e-11 1.563146967060189e-12
6.210648424152782 4.532812326721359e-19 7.472640965694162e-11 7.31540034317153e-11 1.5724062252263423e-12
6.233982942956859 4.819819622250573e-19 7.975645239996827e-11 7.815203972189349e-11 1.6044126780747866e-12
6.239830258556775 4.853691641752438e-19 8.039228830197205e-11 7.878364229125534e-11 1.6086460107167344e-12
6.245683058788269 4.852078313783679e-19 8.044094738712305e-11 7.88280634340791e-11 1.6128839530439307e-12
6.257405133728602 4.83373346944389e-19 8.028721752926657e-11 7.866703729085077e-11 1.620180238415792e-12
6.269149208991335 4.764118820024968e-19 7.927944915728438e-11 7.765717619265421e-11 1.6222729646301638e-12
6.280915325867298 4.605051012862464e-19 7.677623607536875e-11 7.51582970129876e-11 1.617939062381146e-12
6.304513850009849 4.219293540087773e-19 7.060911641621797e-11 6.900564787822275e-11 1.6034685379952041e-12
6.32820103803542 3.750349762510431e-19 6.299723280038824e-11 6.141440745448921e-11 1.582825345899044e-12
6.3519772230701035 3.32275887637418e-19 5.602439715174282e-11 5.4460238504065e-11 1.5641586476778087e-12
6.375842739491607 2.962247305971826e-19 5.013353665333759e-11 4.8586010943471454e-11 1.5475257098661502e-12
6.399797922933955 2.6754601756116455e-19 4.5450031130848845e-11 4.3911837952405716e-11 1.5381931784431397e-12
6.42384311029221 2.435981837783133e-19 4.15373135271422e-11 4.0006991996894604e-11 1.5303215302476218e-12
6.447978639727206 2.261319309665318e-19 3.8703916529414783e-11 3.717579046236106e-11 1.5281260670537262e-12
6.472204850670314 2.1149720167446606e-19 3.633509610634461e-11 3.480804391754837e-11 1.527052188796239e-12
6.496522083828205 2.018534588915139e-19 3.480859932230805e-11 3.327803687687896e-11 1.5305624454290822e-12
6.520930681187647 1.936554243285204e-19 3.3520360665386365e-11 3.1985608025324705e-11 1.5347526400616608e-12
6.57002334288761 1.8472056367194064e-19 3.2214514517934086e-11 3.066508656385223e-11 1.549427954081859e-12
6.619489833774732 1.826243151856296e-19 3.208873176843573e-11 3.0519588163213504e-11 1.5691436052222335e-12
6.6693287637831435 1.8408344929741336e-19 3.258864496605578e-11 3.099777742478136e-11 1.5908675412744133e-12
6.719538636694507 1.8615993374087075e-19 3.320435926383738e-11 3.159285918761285e-11 1.6115000762245234e-12
6.770126513364129 1.9340058828372593e-19 3.475553741370858e-11 3.312131016490691e-11 1.6342272488016704e-12
6.8210952395837445 2.0495974462891763e-19 3.711009941164395e-11 3.544993841544688e-11 1.6601609961970693e-12
6.872447682569556 2.196989722307978e-19 4.0078263909699315e-11 3.83890864467336e-11 1.6891774629657074e-12
6.924186731123532 2.384133539804233e-19 4.381963763373728e-11 4.20985139576757e-11 1.72112367606157e-12
6.976315295795916 2.5307963578517385e-19 4.686544382263337e-11 4.511201236018061e-11 1.7534314624527541e-12
7.028836309048954 2.538718834142951e-19 4.7366082532408624e-11 4.558285901462876e-11 1.7832235177798647e-12
7.081752725421856 2.454649840648079e-19 4.614235323733738e-11 4.4330574682949955e-11 1.8117785543874219e-12
7.135067521697011 2.394678132288867e-19 4.5353903192996425e-11 4.3510078291354964e-11 1.843824901641454e-12
7.1887836970674375 2.418390084833099e-19 4.614782138247529e-11 4.42657906449482e-11 1.8820307375270944e-12
7.242904273305506 2.537084146618661e-19 4.877722060225099e-11 4.6849093202212125e-11 1.92812740003889e-12
7.297432294932914 2.730451953828412e-19 5.289005836705009e-11 5.090422364783382e-11 1.9858347192162774e-12
7.352370829391971 2.9505078092996343e-19 5.758290950799529e-11 5.551808400503611e-11 2.0648255029591837e-12
7.379995003818881 3.0882700531398002e-19 6.049796564864959e-11 5.838603289978982e-11 2.111932748859786e-12
7.407722967218148 3.2394561638569865e-19 6.369806986273997e-11 6.153691856045226e-11 2.161151302287697e-12
7.463496598684601 3.623455121664045e-19 7.178515773663696e-11 6.951270792197974e-11 2.2724498146572272e-12
7.519690156487492 4.1183352385108314e-19 8.220364501485238e-11 7.980021417415429e-11 2.403430840698095e-12
7.533803324048627 4.2619419473739873e-19 8.522975524582175e-11 8.278911808791689e-11 2.44063715790486e-12
7.547942979602549 4.411373809886933e-19 8.838364418507956e-11 8.590521761328956e-11 2.4784265717899928e-12
7.57630195363571 4.72436355496462e-19 9.501015329045446e-11 9.245387549218864e-11 2.5562777982658244e-12
7.590521371821866 4.881455649177839e-19 9.835362886041014e-11 9.575653559405703e-11 2.597093266353092e-12
7.604767477414989 5.044482447162832e-19 1.0182911935613998e-10 9.919055527988099e-11 2.63856407625897e-12
7.633339951266878 5.368979310827755e-19 1.0878669118572441e-10 1.0606523858386522e-10 2.721452601859231e-12
7.662019777021956 5.61214353746678e-19 1.1414094708871883e-10 1.113452508214654e-10 2.7956962672534295e-12
7.690807358020558 5.767281275230857e-19 1.1773687352032175e-10 1.1487933985784258e-10 2.8575336624791593e-12
7.719703099118437 5.830110995940565e-19 1.1946669624220185e-10 1.1656066360974692e-10 2.9060326324549707e-12
7.748707406692464 5.783889430836546e-19 1.1896485435531948e-10 1.1601220578998413e-10 2.9526485653353763e-12
7.777823177463063 5.658200739627743e-19 1.168169464544061e-10 1.1376209016350346e-10 3.0548562909026636e-12
7.807048350752435 5.483233583281112e-19 1.1363001110737316e-10 1.1045686100675561e-10 3.173150100617586e-12
7.836380830085272 5.253867176902093e-19 1.0928588052967424e-10 1.0599580336947261e-10 3.2900771602016197e-12
7.851088371676256 5.10063883154901e-19 1.0629770100132516e-10 1.0295694671189955e-10 3.3407542894256186e-12
7.86582351679805 4.93975156419513e-19 1.0313800783309917e-10 9.975013677965739e-11 3.387871053441767e-12
7.89537682495964 4.589638932770761e-19 9.61879826758564e-11 9.271975972808192e-11 3.468222947774518e-12
7.9250411701946435 4.2183046639186523e-19 8.873785022179213e-11 8.518445309312759e-11 3.553397128664551e-12
7.939915112024199 4.024080714391714e-19 8.48109592843958e-11 8.121229596930817e-11 3.5986633150876506e-12
7.954816969689239 3.8408609174061527e-19 8.110137281824838e-11 7.745502398631952e-11 3.646348831928855e-12
7.9847046421970465 3.5046590173787997e-19 7.428037013597506e-11 7.053005994242542e-11 3.750310193549636e-12
8.044817289139356 2.945579636273353e-19 6.290083154360591e-11 5.890023931367958e-11 4.000592229926323e-12
8.07504310897143 2.740460445030084e-19 5.874052456438329e-11 5.4588973842379395e-11 4.151550722003901e-12
8.105382492623747 2.5603106718760913e-19 5.508528662004812e-11 5.077319486456357e-11 4.312091755484558e-12
8.135835866775926 2.4177387044343063e-19 5.22132798055951e-11 4.7743650894857857e-11 4.469628910737242e-12
8.166403659710703 2.3106476072607855e-19 5.0088034867284695e-11 4.54479949127864e-11 4.640039954498286e-12
8.197086301319933 2.2313970764168444e-19 4.855185195963256e-11 4.373399970395882e-11 4.817852255673736e-12
8.227884223110665 2.1625899172692621e-19 4.723150440922398e-11 4.22256843448513e-11 5.005820064372694e-12
8.258797858211198 2.1252162710105816e-19 4.658964505928687e-11 4.1334482963004034e-11 5.2551620962828325e-12
8.289827641377162 2.1258086339101666e-19 4.677772545493609e-11 4.102045636279298e-11 5.757269092143094e-12
8.320974008997652 2.1524918216172633e-19 4.754283863614492e-11 4.118259229325715e-11 6.360246342887779e-12
8.35223739910135 2.190256929759211e-19 4.855873071183625e-11 4.154079712926181e-11 7.017933582574443e-12
8.383618251362687 2.26875884563866e-19 5.0488127412573956e-11 4.281077544490962e-11 7.67735196766435e-12
8.415117007108037 2.3750754190292964e-19 5.305263961421528e-11 4.4660397153098013e-11 8.392242461117265e-12
8.446734109321913 2.509574393119867e-19 5.6267592144260754e-11 4.7147721652860205e-11 9.119870491400543e-12
8.478470002653195 2.6742727295559504e-19 6.018560308594457e-11 5.032376931222239e-11 9.86183377372216e-12
8.542299949622933 3.025270095625727e-19 6.859751833610238e-11 5.7189389156938626e-11 1.1408129179163736e-11
8.558332380220154 3.0996238011314174e-19 7.041538680538385e-11 5.861329613496459e-11 1.1802090670419256e-11
8.574394900937412 3.1488066330637193e-19 7.166694734619286e-11 5.947387380476564e-11 1.219307354142723e-11
8.606610438733982 3.16325814302097e-19 7.226636557054559e-11 5.93071631459549e-11 1.2959202424590706e-11
8.622764948673899 3.1374236590198175e-19 7.181069796997254e-11 5.846862229843746e-11 1.3342075671535098e-11
8.638949780445296 3.072897426371002e-19 7.046580962105812e-11 5.675221580593295e-11 1.371359381512516e-11
8.655163606183647 3.008001972080167e-19 6.91071258822893e-11 5.501334778686265e-11 1.4093778095426638e-11
8.671407862489573 2.929998143865841e-19 6.744137127785536e-11 5.296725097786324e-11 1.4474120299992137e-11
8.703987895363145 2.744055472386143e-19 6.339873581284738e-11 4.8165894355306645e-11 1.5232841457540736e-11
8.736690337257128 2.583937706554064e-19 5.99236716193163e-11 4.3896737073875005e-11 1.6026934545441276e-11
8.802464289484785 2.328019103777941e-19 5.43951582710192e-11 3.6697771729580305e-11 1.7697386541438903e-11
8.868733419248175 2.190294598837317e-19 5.1562452535900024e-11 3.189086662000847e-11 1.9671585915891548e-11
8.935501454478851 2.1500375669433174e-19 5.0995800231922965e-11 2.867679964116327e-11 2.2319000590759696e-11
9.002772151174003 2.1592967829980595e-19 5.1600989486255445e-11 2.6491099439319312e-11 2.5109890046936127e-11
9.07054929360775 2.197555407180637e-19 5.291062049958705e-11 2.4952399815801005e-11 2.7958220683786042e-11
9.13883669454403 2.2542436981558144e-19 5.4684118296314214e-11 2.3812907975072255e-11 3.087121032124194e-11
9.207638195451068 2.3214614576761783e-19 5.67386706701418e-11 2.300499003958805e-11 3.373368063055375e-11
9.276957666717493 2.4005643744086977e-19 5.911373011898479e-11 2.228447297904497e-11 3.682925713993982e-11
9.346799007870057 2.4812619665589265e-19 6.156089929209296e-11 2.1779950112523642e-11 3.9780949179569326e-11
9.417166147792997 2.5670843514966325e-19 6.416966989277436e-11 2.1318116114893605e-11 4.285155377788074e-11
9.488063044949055 2.618917230239549e-19 6.595819582895799e-11 2.0985338476266638e-11 4.497285735269133e-11
9.559493687602165 2.675299450475236e-19 6.788545358683692e-11 2.0675023756466683e-11 4.721042983037022e-11
9.631462094041797 2.7288863888611964e-19 6.976652760365235e-11 2.045332371295243e-11 4.931320389069992e-11
9.703972312809022 2.7815606648770157e-19 7.164856852196018e-11 2.0244093396985967e-11 5.140447512497419e-11
9.777099908821425 2.794367416362036e-19 7.252086820589562e-11 2.0105003332996005e-11 5.241586487289963e-11
9.924867353363874 2.8002757431632085e-19 7.37725749976251e-11 1.9907597950968548e-11 5.386497704665655e-11
10.074868099996943 2.7449335885845394e-19 7.340753547045486e-11 1.9859717852714875e-11 5.354781761773999e-11
10.150790707826552 2.6995941051013204e-19 7.273907561395794e-11 1.9880155482147732e-11 5.2858920131810225e-11
10.22721067892732 2.656137961429271e-19 7.21069729542491e-11 1.9989083724398934e-11 5.211788922985016e-11
10.304205975847633 2.6131652026289036e-19 7.147445144346807e-11 2.0114389989735535e-11 5.136006145373254e-11
10.381780929913377 2.5592609401196147e-19 7.052707327599271e-11 2.036776453382098e-11 5.015930874217171e-11
10.459939905058707 2.507478243676154e-19 6.962028486926169e-11 2.0657151111081767e-11 4.8963133758179924e-11
10.538687298071551 2.45704417624106e-19 6.87335723345766e-11 2.1160313858234415e-11 4.75732584763422e-11
10.618027538840941 2.4094605045977576e-19 6.790990020548142e-11 2.173857550665803e-11 4.6171324698823374e-11
10.697971937068667 2.359900552368857e-19 6.701385309700269e-11 2.2644783638502648e-11 4.436906945850005e-11
10.778518246224262 2.324968403876343e-19 6.651897515971737e-11 2.3956705343700706e-11 4.256226981601665e-11
10.859664048220797 2.3145438130782926e-19 6.67192613303438e-11 2.5954233141287834e-11 4.0765028189055965e-11
10.941420754335242 2.342042577377956e-19 6.802020529802772e-11 2.9033538166971873e-11 3.898666713105584e-11
10.961955922839442 2.35962284377287e-19 6.865941147735134e-11 3.011912891287748e-11 3.8540282564473845e-11
10.982529632329763 2.381848487955393e-19 6.943620054971881e-11 3.133792843181538e-11 3.809827211790344e-11
11.023792963743814 2.4447320141535453e-19 7.153716760464489e-11 3.43129934819442e-11 3.722417412270069e-11
11.065211328886559 2.5392152442446835e-19 7.458107904541878e-11 3.822699507949926e-11 3.635408396591952e-11
11.08597883104876 2.6050723496157055e-19 7.665902076160057e-11 4.073892878456839e-11 3.592009197703217e-11
11.106785310247485 2.6806861181915275e-19 7.903214616663801e-11 4.35454795435503e-11 3.548666662308769e-11
11.14851549250461 2.8666624944965945e-19 8.483265107606024e-11 5.021077791568159e-11 3.4621873160378644e-11
11.169441129330048 2.967584247040159e-19 8.798404683462211e-11 5.3786835531465693e-11 3.41972113031564e-11
11.190406043337886 3.0542538836391576e-19 9.072362880305395e-11 5.6951922449448494e-11 3.377170635360546e-11
11.21140851448765 3.137055230382358e-19 9.335805074230055e-11 6.001552153706525e-11 3.334252920523531e-11
11.22192452720434 3.181075591657466e-19 9.475688291946932e-11 6.162691585554556e-11 3.312996706392377e-11
11.232450403670388 3.194101021133894e-19 9.523412378080412e-11 6.230007079032674e-11 3.293405299047737e-11
11.253533585369773 3.1936797421707537e-19 9.540029287577022e-11 6.284697255682078e-11 3.255332031894948e-11
11.274656339961506 3.178205635737192e-19 9.511625436083192e-11 6.293762963306836e-11 3.217862472776355e-11
11.285231677511122 3.1705854740096306e-19 9.497720345028994e-11 6.298292662869623e-11 3.1994276821593735e-11
11.295816934455262 3.1392163577378587e-19 9.412572343545332e-11 6.231654896159978e-11 3.1809174473853535e-11
11.317017243752359 3.0645172799722753e-19 9.205841330509936e-11 6.061796762472953e-11 3.1440445680369833e-11
11.338257342390673 2.990454416629261e-19 9.000215946220121e-11 5.892738553514527e-11 3.107477392705593e-11
11.359537305047965 2.912737099917617e-19 8.782767025640209e-11 5.712202561595153e-11 3.070564464045054e-11
11.402217121831576 2.7449981966476885e-19 8.308082551044622e-11 5.312869324458995e-11 2.995213226585627e-11
11.423617126015266 2.65930192853535e-19 8.063818059903638e-11 5.106704584123564e-11 2.9571134757800745e-11
11.445057294333186 2.5724872835103514e-19 7.815209792430789e-11 4.897264289592813e-11 2.917945502837975e-11
11.488058425037956 2.3977132780571464e-19 7.311615030842204e-11 4.4750652346196337e-11 2.8365497962225693e-11
11.53122111869469 2.2411057687917267e-19 6.859731018948675e-11 4.102390631864758e-11 2.757340387083916e-11
11.574545982324347 2.1005037230692353e-19 6.45352286767215e-11 3.773261356469229e-11 2.680261511202923e-11
11.618033625228566 1.9743028083016158e-19 6.088577317407452e-11 3.484941179293383e-11 2.6036361381140697e-11
11.661684658998247 1.863179341476429e-19 5.7674705663586035e-11 3.245325603572305e-11 2.5221449627862986e-11
11.705499697522141 1.7703138446789065e-19 5.500594837455532e-11 3.060908422557343e-11 2.4396864148981878e-11
11.749479356995494 1.6904379805875493e-19 5.272144408737648e-11 2.9167868930330796e-11 2.3553575157045682e-11
11.793624255928705 1.6181649301991687e-19 5.06570044643532e-11 2.7935347715919684e-11 2.2721656748433522e-11
11.83793501515603 1.5592717587236382e-19 4.8996741411974504e-11 2.7145321289759376e-11 2.1851420122215118e-11
11.882412257844306 1.504849951718844e-19 4.7464318302952116e-11 2.6466686371566542e-11 2.099763193138556e-11
11.92705660950172 1.459643539524901e-19 4.621144225330195e-11 2.6098475241218013e-11 2.0112967012083938e-11
11.971868697986617 1.4178762292436334e-19 4.5057770611877444e-11 2.5814578862123942e-11 1.9243191749753505e-11
12.016849153516302 1.3846746073082382e-19 4.416800371020856e-11 2.5842587426638782e-11 1.832541628356979e-11
12.061998608675935 1.354281600429771e-19 4.3360839827392796e-11 2.59307880145935e-11 1.7430051812799288e-11
12.152807060118223 1.3103371516154784e-19 4.226969271721144e-11 2.66819290023528e-11 1.558776371485863e-11
12.198467333490619 1.296714973335892e-19 4.1987423570286155e-11 2.7357497463156696e-11 1.4629926107129458e-11
12.244299160690385 1.2866935971579135e-19 4.181946811494122e-11 2.8118611464859712e-11 1.370085665008152e-11
12.290303186275983 1.2829584497391257e-19 4.185473735255592e-11 2.9138326814991426e-11 1.27164105375645e-11
12.3364800572276 1.287677675627599e-19 4.2166529737270695e-11 3.025148368201989e-11 1.1915046055250808e-11
12.382830422956244 1.3125716625388025e-19 4.3143202801611225e-11 3.1537936592584325e-11 1.160526620902691e-11
12.429354935312874 1.3393479709056558e-19 4.418872258859733e-11 3.2884642988716034e-11 1.1304079599881284e-11
12.476058240797144 1.3640652266584327e-19 4.517331524415199e-11 3.416210186135282e-11 1.1011213382799175e-11
12.522937033967983 1.391021808598165e-19 4.623912092945707e-11 3.5452545046623505e-11 1.078657588283356e-11
12.569987951963114 1.415652289447192e-19 4.72346704967928e-11 3.642357247010527e-11 1.081109802668751e-11
12.593579661530361 1.4224997491943303e-19 4.755222308863566e-11 3.672993614409159e-11 1.0822286944544073e-11
12.617215648686605 1.4259492759377206e-19 4.775699983702122e-11 3.692421339868775e-11 1.0832786438333484e-11
12.664620788327802 1.41933440798476e-19 4.771405805860855e-11 3.6862900992977305e-11 1.0851157065631255e-11
12.71220403757155 1.398768465128783e-19 4.719936117336699e-11 3.633262814244772e-11 1.086673303091929e-11
12.736062662318053 1.3827721845121688e-19 4.6747162520131295e-11 3.587383041805838e-11 1.0873332102072905e-11
12.759966065607527 1.3635872685855356e-19 4.6185100197442745e-11 3.5305850857753125e-11 1.0879249339689617e-11
12.807907544139693 1.314898585213903e-19 4.470332996192178e-11 3.381470677258936e-11 1.0888623189332428e-11
12.856029147395699 1.262501460062003e-19 4.308322157578058e-11 3.218687368003726e-11 1.0896347895743325e-11
12.904331552136407 1.2081626122895733e-19 4.1383797270303694e-11 3.048025888926829e-11 1.0903538381035404e-11
12.95281543766539 1.1535110758818367e-19 3.966024377997513e-11 2.8751090749026824e-11 1.0909153030948299e-11
13.00148148583848 1.1039316705051828e-19 3.809820092207777e-11 2.7183616965346578e-11 1.0914583956731194e-11
13.050330381073369 1.058909772398765e-19 3.668173725275071e-11 2.5761905023544208e-11 1.091983222920651e-11
13.099362810359226 1.0181749822457763e-19 3.5403159820909734e-11 2.447837403344769e-11 1.0924785787462053e-11
13.197981031955921 9.490788010084697e-20 3.324904730506201e-11 2.2315920393492655e-11 1.0933126911569357e-11
13.247568211189632 9.205430503944806e-20 3.237052187114472e-11 2.1433995610019312e-11 1.0936526261125412e-11
13.297341698339563 8.946547869120427e-20 3.157837311871061e-11 2.0638812883381117e-11 1.09395602353295e-11
13.397450398986955 8.514776820952479e-20 3.0280626761597395e-11 1.933742300976624e-11 1.0943203751831154e-11
13.447787020368724 8.333787768888066e-20 2.974833693608071e-11 1.880479561028214e-11 1.0943541325798573e-11
13.498312765455129 8.166213852568746e-20 2.925968650588851e-11 1.831645944943621e-11 1.09432270564523e-11
13.59993447169816 7.876659821824307e-20 2.8434679558521554e-11 1.749673503207618e-11 1.093794452644538e-11
13.702321234386334 7.646502023750789e-20 2.7811626329201864e-11 1.6836296131491245e-11 1.0975330197710624e-11
13.805478813227746 7.564915815739122e-20 2.7722028540354204e-11 1.629921163908627e-11 1.1422816901267934e-11
13.90941301129231 7.51111709933222e-20 2.7732100703755428e-11 1.581943060128934e-11 1.1912670102466083e-11
13.96167316792965 7.532470133439168e-20 2.7915429789522627e-11 1.5630614307128266e-11 1.2284815482394363e-11
14.014129675338197 7.561205666655551e-20 2.812720742876077e-11 1.5460822898489653e-11 1.2666384530271113e-11
14.119634696140762 7.651376559498645e-20 2.8676917700093228e-11 1.52358191987818e-11 1.3441098501311422e-11
14.225934008823913 7.748657067036908e-20 2.926015777168409e-11 1.5033902763057942e-11 1.4226255008626145e-11
14.333033593193976 7.855170600584836e-20 2.988568216448482e-11 1.4835247877867022e-11 1.5050434286617792e-11
14.44093947407611 7.952679774509434e-20 3.048445085958128e-11 1.4629377808942835e-11 1.5855073050638446e-11
14.54965772165321 8.060639490773444e-20 3.113090224429093e-11 1.442884698746821e-11 1.670205525682272e-11
14.659194451807393 8.179291230467484e-20 3.182696383617482e-11 1.4233391760387368e-11 1.759357207578746e-11
14.769555826464039 8.306221117835668e-20 3.2564195692013904e-11 1.404086343648692e-11 1.8523332255526982e-11
14.992777389284976 8.540547955194302e-20 3.3988911881850694e-11 1.3637864111785172e-11 2.0351047770065526e-11
15.21937263962189 8.813227966697865e-20 3.560419636810649e-11 1.3256352399322903e-11 2.2347843968783595e-11
15.449392566130673 9.103155019530504e-20 3.733127132636253e-11 1.2856545432463126e-11 2.447472589389941e-11
15.682888928090767 9.762419710273004e-20 4.063993220475259e-11 1.248382280215423e-11 2.8156109402598374e-11
15.919914267052077 1.0490735757928889e-19 4.433187558756757e-11 1.2102525264329734e-11 3.222935032323783e-11
16.03976693895051 1.0837152018661164e-19 4.614053779320876e-11 1.1923494059650467e-11 3.421704373355828e-11
16.1605219186579 1.1212002900201678e-19 4.8095895696790507e-11 1.1796324571449719e-11 3.629957112534079e-11
16.22123989475974 1.137308106100873e-19 4.89701703422632e-11 1.1738820567094764e-11 3.723134977516845e-11
16.282185999175777 1.1538444029270475e-19 4.9868854486201463e-11 1.1681473553237286e-11 3.818738093296418e-11
16.312744867225646 1.162276117735017e-19 5.0327550229920205e-11 1.1652858840928805e-11 3.8674691388991403e-11
16.343361089024967 1.1708184430943317e-19 5.079259061833489e-11 1.1624283279026947e-11 3.9168307339307947e-11
16.404766024646595 1.1882397079546228e-19 5.17420385184057e-11 1.1567249498193157e-11 4.0174789020212534e-11
16.466401669612416 1.2061179035141014e-19 5.2717875760187256e-11 1.1510372005167269e-11 4.120750375501999e-11
16.497306278852424 1.215231445931333e-19 5.321590710076028e-11 1.1481991804659755e-11 4.1733915296100524e-11
16.528268890738765 1.2244629649576566e-19 5.372079816355181e-11 1.1453650606611918e-11 4.226714755693988e-11
16.590368558098763 1.2432850624383954e-19 5.4751520309301905e-11 1.1397085142736084e-11 4.3354435166565824e-11
16.65270154503456 1.261703266426862e-19 5.577137592442201e-11 1.1340381706755644e-11 4.443099421766636e-11
16.715268728169598 1.2766920946582827e-19 5.664596312743618e-11 1.1282601981513321e-11 4.5363361145922855e-11
16.778070987420957 1.2919890231633786e-19 5.754005656304465e-11 1.1225017435618125e-11 4.631503912742655e-11
16.9043842704834 1.3235262146846358e-19 5.938836065380167e-11 1.111043004924469e-11 4.827793060455697e-11
17.03164849990255 1.356353754752981e-19 6.131956884542024e-11 1.099661228737451e-11 5.032295655804573e-11
17.159870834853997 1.3896126928907248e-19 6.32961390904856e-11 1.0883244006288207e-11 5.2412895084197397e-11
17.289058488411015 1.4152815744890468e-19 6.495066907164236e-11 1.0767730010687267e-11 5.4182939060955066e-11
17.35401657858945 1.428405273726287e-19 6.579924130184455e-11 1.0710323817093832e-11 5.508891748475072e-11
17.386587088641786 1.4350401921776293e-19 6.62289451775945e-11 1.0681707624401066e-11 5.5547237553193416e-11
17.419218727950305 1.4417241141976305e-19 6.666229605947911e-11 1.0653149073524115e-11 5.600914698595501e-11
17.48466585346766 1.4552398504212353e-19 6.754004552343402e-11 1.0596204038744387e-11 5.694384148468964e-11
17.550358875560836 1.4689542591513048e-19 6.843270503769835e-11 1.053948702014025e-11 5.78932180175581e-11
17.682486308455736 1.4929078662103465e-19 7.007220274226521e-11 1.0426401467082023e-11 5.96458012751832e-11
17.81560845938729 1.477993609968264e-19 6.989444310629646e-11 1.0311163489322685e-11 5.958327961697377e-11
17.882544892141226 1.4705561699650614e-19 6.98040104184078e-11 1.0253957247848977e-11 5.955005317055883e-11
17.949732817065083 1.4628254562546851e-19 6.969793817889153e-11 1.0197022211030437e-11 5.95009159678611e-11
18.084866926577256 1.4448054919673685e-19 6.93576123909905e-11 1.0083954427381537e-11 5.927365796360896e-11
18.221018389814958 1.4267653166444948e-19 6.900723446871658e-11 9.972172370328321e-12 5.903506209838825e-11
18.496404071615608 1.3879119954141285e-19 6.814259475731592e-11 9.756655719635347e-12 5.838593903768055e-11
18.635790038622734 1.3688946450038363e-19 6.771537165372068e-11 9.657541261298455e-12 5.8057830392422204e-11
18.776226396166493 1.349944549947898e-19 6.728119184034e-11 9.558760260584193e-12 5.772243157975582e-11
18.91772105982334 1.330162049235663e-19 6.679482301430674e-11 9.459428178025199e-12 5.733539483628152e-11
19.203636446149176 1.2912716599087474e-19 6.582191722838224e-11 9.26246656292814e-12 5.655945066545408e-11
19.4938730510763 1.2521511543717213e-19 6.479243844166509e-11 9.065915276182268e-12 5.572652316548282e-11
19.78849618389234 1.213089856000058e-19 6.371991615326074e-11 8.870300293495088e-12 5.484961585976565e-11
20.08757214094514 1.1740566017029175e-19 6.260166979276933e-11 8.675408944992498e-12 5.3926260847776836e-11
20.391466406516905 1.135263387395259e-19 6.144895804613335e-11 8.481577952318603e-12 5.296738009381475e-11
20.699681925472166 1.0962657388694655e-19 6.023500443028034e-11 8.289901476627232e-12 5.194510295365312e-11
21.012556099387844 1.0554408669885817e-19 5.886839905022567e-11 8.100440723865114e-12 5.076795832636055e-11
21.652507708764745 9.750754478928692e-20 5.604228780562424e-11 7.743201804194784e-12 4.8299086001429445e-11
21.979755641372343 9.366419891918981e-20 5.464694852057864e-11 7.56885246724056e-12 4.707809605333808e-11
22.311949477282987 8.992882856385046e-20 5.326057945882516e-11 7.395967568303822e-12 4.586461189052134e-11
22.64916396703608 8.629791058944348e-20 5.188261886845132e-11 7.224433675036055e-12 4.4658185193415284e-11
22.991811201917592 8.277102321102018e-20 5.051506795856581e-11 7.054412140125125e-12 4.3460655818440694e-11
23.339642165776596 7.934805857720565e-20 4.915864817788257e-11 6.8859246303208236e-12 4.227272354756174e-11
23.69273528050995 7.603142397358811e-20 4.781649728829799e-11 6.7192967095499875e-12 4.1097200578747997e-11
24.414313559781952 6.972628093470391e-20 4.5186681965003396e-11 6.3992713956355476e-12 3.878741056936786e-11
24.78366481022829 6.676251014891323e-20 4.3920534512230974e-11 6.244390858943753e-12 3.7676143653287223e-11
25.15860378059443 6.392645373834354e-20 4.269102493831279e-11 6.0926106927741555e-12 3.659841424553864e-11
25.924826076583233 5.858189686989927e-20 4.0313333791298144e-11 5.795362467966316e-12 3.4517971323331814e-11
26.714384190886577 5.361236068625604e-20 3.8017147799771216e-11 5.5076843711501e-12 3.2509463428621115e-11
27.527988831636016 4.8979736522687134e-20 3.5789889791011695e-11 5.229832627405142e-12 3.056005716360655e-11
28.366372352060132 4.4683625763587624e-20 3.364508565299343e-11 4.962915534605415e-12 2.8682170118388012e-11
29.2302894097004 4.0696868090192926e-20 3.157646703323903e-11 4.707747264335305e-12 2.686871976890371e-11
30.12051764570424 3.70470425094835e-20 2.96200241327617e-11 4.46243771388848e-12 2.515758641887322e-11
30.575747924857424 3.536000031099457e-20 2.8698472554467322e-11 4.3429213634326855e-12 2.4355551191034627e-11
31.037858384806153 3.375950506359739e-20 2.7813602990336787e-11 4.225501405619635e-12 2.358810158471715e-11
31.983137356627505 3.0764710119822214e-20 2.6118204836175206e-11 3.99864860701933e-12 2.211955622915588e-11
32.95720543894392 2.8061866918631195e-20 2.4549145104339538e-11 3.783671158685737e-12 2.0765473945653802e-11
33.960939423588975 2.5585024200140338e-20 2.3064017573414527e-11 3.578250132388534e-12 1.948576744102599e-11
34.99524280568484 2.3284743205649772e-20 2.16296701654305e-11 3.3799775650583227e-12 1.8249692600372185e-11
36.06104659690874 2.1168506418990033e-20 2.0262730900194054e-11 3.1904613761768354e-12 1.7072269524017222e-11
37.159310163528254 1.921299381998718e-20 1.8950999455458035e-11 3.011930429772739e-12 1.5939069025685306e-11
38.29102208995955 1.7421691060565605e-20 1.770747756172435e-11 2.842317536805225e-12 1.4865160024919123e-11
39.45720106862597 1.5767055775389672e-20 1.6513773056197704e-11 2.6794107899553465e-12 1.383436226624236e-11
40.65889681691763 1.425532597655509e-20 1.5385165654610786e-11 2.524124591726562e-12 1.2861041062884226e-11
41.897191022077855 1.2882551989391772e-20 1.4327032422522787e-11 2.3774807137393364e-12 1.1949551708783452e-11
43.173198314866475 1.16359704699122e-20 1.3334792628372539e-11 2.238505240205859e-12 1.1096287388166676e-11
44.48806727287728 1.0492508818577887e-20 1.239059936252036e-11 2.10622482463419e-12 1.0284374537886173e-11
45.8429814544115 9.451856040371455e-21 1.1501629831348466e-11 1.980637657249668e-12 9.5209921740988e-12
47.23916046383907 8.499064317695677e-21 1.0657190269793799e-11 1.861818295719816e-12 8.795371974073984e-12
48.67786104940597 7.633635241764664e-21 9.863528957517151e-12 1.749400780390094e-12 8.114128177127052e-12
50.16037823447602 6.843837171880446e-21 9.112339752068446e-12 1.6430798933846144e-12 7.469259858683831e-12
51.68804648322576 6.128157967304061e-21 8.407938054146143e-12 1.5425577920788637e-12 6.865380262067277e-12
53.26224090184056 5.4771534492230886e-21 7.743615420490193e-12 1.4474330161705784e-12 6.296182404319615e-12
54.884378476295105 4.8885551518904516e-21 7.1219464314709195e-12 1.3575058325436022e-12 5.764440598927318e-12
56.55591934783037 4.355314389326017e-21 6.538332609174622e-12 1.2728229844158512e-12 5.2655096247587694e-12
58.27836812727644 3.874481300265585e-21 5.993636281728088e-12 1.193100666019353e-12 4.8005356157087345e-12
60.05327524940399 3.450751239220262e-21 5.5007231056585844e-12 1.1177335148846146e-12 4.382989590773971e-12
61.88223836852342 3.078046247786291e-21 5.0560410141823974e-12 1.0464910023891342e-12 4.009550011793262e-12
62.81758386220369 2.9076139425786678e-21 4.848276768558545e-12 1.0124969734290534e-12 3.835779795129493e-12
63.7670670344103 2.751316200275178e-21 4.6570015288565245e-12 9.795748213410792e-13 3.6774267075154445e-12
65.70913619443517 2.470883457251789e-21 4.3097040989670805e-12 9.168531157002245e-13 3.3928509832668557e-12
67.71035238438829 2.216164567949297e-21 3.983148647072433e-12 8.57693157921619e-13 3.1254554891508127e-12
69.77251696707448 1.983507718547422e-21 3.673564908408066e-12 8.017776215194137e-13 2.871787286888652e-12
71.89748616702131 1.773556672911758e-21 3.3847625688884517e-12 7.493044885483644e-13 2.6354580803400877e-12
74.08717274132995 1.5846592383661723e-21 3.116365169825725e-12 7.002656839923357e-13 2.416099485833389e-12
76.34354770141287 1.4153406572682604e-21 2.8681558961639873e-12 6.541682388128353e-13 2.2139876573511527e-12
78.66864208716851 1.2638901904328723e-21 2.639249390764424e-12 6.106861562353423e-13 2.0285632345290817e-12
81.06454879518883 1.1289476165933427e-21 2.429261088962783e-12 5.698707722388154e-13 1.8593903167239675e-12
83.5334244626476 1.0100662455381326e-21 2.2396470209316377e-12 5.317063562739826e-13 1.7079406646576549e-12
86.07749140856238 9.035675830698523e-22 2.06452276574349e-12 4.959224153050483e-13 1.5686003504384415e-12
88.69903963417964 8.0675882255999455e-22 1.899468405393786e-12 4.623013203872926e-13 1.4371670850064933e-12
91.4004288842828 7.197262769533607e-22 1.7461639810277897e-12 4.307791967133287e-13 1.3153847843144603e-12
94.18409077127889 6.416815160396961e-22 1.6042295507783041e-12 4.012809753158979e-13 1.2029485754624063e-12
97.05253096397554 5.719021628385194e-22 1.4733232337270467e-12 3.7366477321702953e-13 1.0996584605100168e-12
100.00833144301866 5.105410926071965e-22 1.3553027452334976e-12 3.478251011646564e-13 1.0074776440688413e-12
103.05415282502196 4.558440786096558e-22 1.2469563415206255e-12 3.2364737849354323e-13 9.233089630270817e-13
106.19273675747671 4.078523760653998e-22 1.1496542343365062e-12 3.0099865014061233e-13 8.48655584195894e-13
109.4269083866038 3.650329468763913e-22 1.0602923472997429e-12 2.7981442066728594e-13 7.804779266324569e-13
112.75957890036308 3.261032878975466e-22 9.760634625724817e-13 2.6006904629864295e-13 7.159944162738385e-13
116.1937481489129 2.910419448317981e-22 8.976515355987518e-13 2.4163770385784623e-13 6.560138317409053e-13
119.73250734487735 2.5915536817065445e-22 8.236481353950305e-13 2.243695755732885e-13 5.992785598217421e-13
123.37904184585196 2.3047305609957425e-22 7.547984278609504e-13 2.082292813300248e-13 5.465691465309257e-13
127.13663402165271 2.045122305557318e-22 6.901753238329313e-13 1.932294113923056e-13 4.969459124406257e-13
131.0086662088879 1.8123461431989773e-22 6.302467373744111e-13 1.792672792046798e-13 4.509794581697313e-13
134.99862375551584 1.602632124961163e-22 5.74291803778858e-13 1.662035852038223e-13 4.080882185750356e-13
139.11009815812417 1.4151660746940553e-22 5.225592009088869e-13 1.5400168865735476e-13 3.68557512251532e-13
143.3467902947586 1.2487144776721197e-22 4.751388618666562e-13 1.4267504226687803e-13 3.3246381959977825e-13
147.71251375620898 1.1012894437718855e-22 4.318055285169666e-13 1.3215774130644455e-13 2.99647787210522e-13
152.21119827875228 9.757564501561377e-23 3.942370794155876e-13 1.2234875519263724e-13 2.718883242229505e-13
156.84689328144228 8.681982326758791e-23 3.6146333512784575e-13 1.132031138508559e-13 2.4826022127698984e-13
159.21741877681018 8.187229230302512e-23 3.460166220776115e-13 1.0887663841200668e-13 2.371399836656048e-13
161.62377151112827 7.716045165313058e-23 3.3103158312601635e-13 1.0470903296021053e-13 2.2632255016580586e-13
166.54613279848823 6.841982814373621e-23 3.0247254805081576e-13 9.682760439354667e-14 2.056449436572691e-13
171.61840792845166 6.06787338185228e-23 2.7642022213075555e-13 8.950141940645505e-14 1.8691880272430056e-13
176.84516262850022 5.386166347653075e-23 2.528380195748494e-13 8.269042413833486e-14 1.7014759543651458e-13
179.5181642894721 5.074030673003292e-23 2.417858715949756e-13 7.947020469921887e-14 1.6231566689575665e-13
182.2315681744764 4.7735864539211533e-23 2.309073929626223e-13 7.636881046592598e-14 1.545385824966963e-13
187.78155384880017 4.211391454624296e-23 2.0991717495416227e-13 7.050785821317594e-14 1.3940931674098637e-13
190.61961427604518 3.9559260283231837e-23 2.0016363607545315e-13 6.773956989085246e-14 1.324240661846007e-13
193.5005680909718 3.716743083217179e-23 1.9090364442459324e-13 6.50742309405706e-14 1.2582941348402266e-13
199.3937587803602 3.2859061425763833e-23 1.7391464221375053e-13 6.003923714100695e-14 1.1387540507274358e-13
205.46643057848152 2.910984828741939e-23 1.5876334896804439e-13 5.537241249715893e-14 1.0339093647088545e-13
211.72404970390772 2.5910150718549052e-23 1.4561615677169287e-13 5.1045887956884785e-14 9.45702688148081e-14
218.17224885259444 2.3064623877774615e-23 1.3357196595394152e-13 4.704170656855464e-14 8.65302593853869e-14
224.8168322680627 2.046186836443044e-23 1.2210783851467655e-13 4.334299946550479e-14 7.876483904917176e-14
231.66378096599615 1.8124621774612075e-23 1.114542222605439e-13 3.992129557758564e-14 7.153292668295825e-14
238.71925811795668 1.6019387293942323e-23 1.0150858886756918e-13 3.674930016817231e-14 6.475928869939683e-14
245.98961459906556 1.4139740094458134e-23 9.232676777202507e-14 3.381732167711631e-14 5.850944609490877e-14
249.71106150874405 1.3261874886760654e-23 8.790470894520175e-14 3.243872396824474e-14 5.5465984976957006e-14
253.4888082224776 1.2422670930441963e-23 8.35878594467631e-14 3.1116713624693217e-14 5.247114582206987e-14
261.20898134247824 1.0902176112409972e-23 7.559111159840043e-14 2.8627132081791925e-14 4.6963979516608503e-14
269.1642775569489 9.606578400120744e-24 6.863657217021595e-14 2.6319958505875063e-14 4.231661366434087e-14
277.3618576987742 8.473173351595361e-24 6.238242629871944e-14 2.418900702327435e-14 3.8193419275445094e-14
285.8091006888481 7.413790917939839e-24 5.624524598195249e-14 2.2230974978201566e-14 3.401427100375092e-14
294.5136101780917 6.470468958683946e-24 5.058369620050935e-14 2.0427436954668675e-14 3.015625924584069e-14
303.4832213917586 5.673926618112225e-24 4.5707538429340694e-14 1.8760221872241696e-14 2.6947316557098988e-14
312.7260081821858 4.9838271392975596e-24 4.137103681466098e-14 1.722257363998415e-14 2.4148463174676816e-14
322.25029029634635 4.386267387795964e-24 3.7519570061836316e-14 1.5809488009237888e-14 2.1710082052598425e-14
332.0646408647343 3.8631355342464606e-24 3.405116785011568e-14 1.4509694192493835e-14 1.9541473657621847e-14
342.17789411833206 3.397349149107272e-24 3.0857558733303267e-14 1.3312322223548879e-14 1.7545236509754386e-14
352.59915334060224 2.984865523062476e-24 2.793672339760318e-14 1.2210064144961877e-14 1.5726659252641296e-14
363.337799061663 2.6242717722330488e-24 2.5309806399732773e-14 1.1196755640757429e-14 1.4113050758975341e-14
374.40349750202313 2.3083096219966388e-24 2.2940527080277405e-14 1.0265365147368625e-14 1.267516193290879e-14
380.062092440151 2.1650335710025602e-24 2.18418099047372e-14 9.828421391062272e-15 1.2013388513674926e-14
385.80620927347337 2.0306964926847587e-24 2.079618464541603e-14 9.409634447237287e-15 1.1386550198178743e-14
397.5561983449763 1.786472801244086e-24 1.8852301233289806e-14 8.623501322709287e-15 1.0228799910580516e-14
409.6640412816112 1.5701711200880845e-24 1.707435328599415e-14 7.900779072604803e-15 9.173574213389341e-15
415.8555509384264 1.4715273253183198e-24 1.624352447160578e-14 7.561640427418621e-15 8.681884044187162e-15
422.1406367649012 1.3788217119195597e-24 1.545022140922194e-14 7.236569886376027e-15 8.213651522845911e-15
434.9972154030873 1.2108876787030792e-24 1.3981693258543653e-14 6.627213163906848e-15 7.354480094636802e-15
448.24534984018095 1.0637141944272815e-24 1.2656399662391584e-14 6.068445575788909e-15 6.587954086602681e-15
461.89696517289525 9.346310826825176e-25 1.1459212206217114e-14 5.555151455885286e-15 5.90406075033183e-15
475.9643496848308 8.213933526759263e-25 1.0377554950366712e-14 5.08348169670012e-15 5.2940732536665914e-15
490.4601659075747 7.215533326600044e-25 9.393806513621612e-15 4.651357447589448e-15 4.742449066032164e-15
505.39746201868155 6.333494557298618e-25 8.496614051453745e-15 4.256052934530423e-15 4.240561116923322e-15
520.7896835867783 5.559193764292982e-25 7.684995494256996e-15 3.894024524234686e-15 3.790970970022311e-15
536.6506856743796 4.881633531748229e-25 6.953865639191711e-15 3.562537537379538e-15 3.3913281018121703e-15
552.9947453093008 4.286859562709064e-25 6.292593739732605e-15 3.2587884979781646e-15 3.0338052417544365e-15
569.8365743358964 3.7642630724780294e-25 5.693767391345496e-15 2.9804298135368293e-15 2.7133375778086656e-15
587.1913326576936 3.3051385130591003e-25 5.151559666828832e-15 2.7253955217340457e-15 2.4261641450947864e-15
605.0746418833327 2.9018207252797054e-25 4.660676546105508e-15 2.4917826703362606e-15 2.168893875769247e-15
623.502599388115 2.547568775504387e-25 4.216320526615041e-15 2.277836659268425e-15 1.938483867346616e-15
642.4917928037942 2.2364470869221427e-25 3.8141313481885285e-15 2.081940376708466e-15 1.7321909714800627e-15
662.0593149496696 1.9632295467976712e-25 3.450145534874016e-15 1.9026087652767306e-15 1.547536769597285e-15
682.2227792184137 1.723318153471497e-25 3.1207653276836027e-15 1.7384722693955935e-15 1.3822930582880094e-15
703.0003354304876 1.5126704186465016e-25 2.8227296124185597e-15 1.5882735105813136e-15 1.2344561018372465e-15
724.4106861714122 1.3277319412028443e-25 2.553081533950031e-15 1.4508587645936434e-15 1.1022227693563872e-15
746.4731036265977 1.1653748790477044e-25 2.309134603099805e-15 1.3251595350995299e-15 9.839750680002752e-16
769.2074469289008 1.0228496563706332e-25 2.088453051572126e-15 1.2101936902942946e-15 8.782593612778304e-16
792.6341800345017 8.977409712482356e-26 1.8888317536489696e-15 1.1050640772660405e-15 7.837676763829292e-16
816.7743901432078 7.879267883066997e-26 1.708273528835654e-15 1.0089470227145006e-15 6.993265061211534e-16
841.6498066797607 6.915409256212031e-26 1.5449653653084414e-15 9.210830091099147e-16 6.23882356198527e-16
867.2828208532309 6.069431294779837e-26 1.3972630569442347e-15 8.407739621422741e-16 5.564890948019608e-16
893.6965058121084 5.326946428330936e-26 1.2636820663306526e-15 7.673820329019011e-16 4.96300033428751e-16
920.9146374132232 4.6753215030122397e-26 1.1428790975626327e-15 7.003226022663715e-16 4.425564952962611e-16
948.9617156232121 4.103446955125644e-26 1.033634386020818e-15 6.390576136297376e-16 3.9457677239108023e-16
977.8629865717667 3.601567182021835e-26 9.34843604324959e-16 5.830937051744524e-16 3.5174989915050687e-16
1007.6444652765354 3.1611200395078325e-26 8.455080459587287e-16 5.319789243642041e-16 3.1352912159452474e-16
1038.332959060126 2.7745867833510427e-26 7.647234114114774e-16 4.852986973823228e-16 2.7942471402915465e-16
1069.95609168029 2.435369574876927e-26 6.916721110622355e-16 4.426737322667081e-16 2.489983787955275e-16
1102.542328195006 2.1376786945228483e-26 6.256149719237421e-16 4.0375706029634227e-16 2.2185791162739983e-16
1136.1210005848498 1.876429334224619e-26 5.658824619491021e-16 3.682302648178319e-16 1.976521971312702e-16
1170.7223341557005 1.64715627036444e-26 5.118681891670868e-16 3.358011378267586e-16 1.7606705134032816e-16
1206.3774747455793 1.4459429118258556e-26 4.630243164044607e-16 3.062027741692072e-16 1.5682154223525347e-16
1243.1185167600695 1.2693545184106727e-26 4.1885615512846005e-16 2.791915349190588e-16 1.3966462020940112e-16
1280.9785320615858 1.1143750442110157e-26 3.7891575413252445e-16 2.5454400824143055e-16 1.243717458910939e-16
1319.9915997384837 9.78355217497688e-27 3.427971210467284e-16 2.3205516459538747e-16 1.1074195645134094e-16
1360.1928367808064 8.589717828148897e-27 3.10133595368405e-16 2.1153774864575972e-16 9.859584672264533e-17
1401.618429690285 7.541887718182068e-27 2.805945909508419e-16 1.928211692648139e-16 8.777342168602801e-17
1444.305667053031 6.622186298331391e-27 2.5388084943505696e-16 1.757492035180316e-16 7.813164591702529e-17
1488.2929731042755 5.814910404865077e-27 2.297211024848904e-16 1.6017837419223584e-16 6.954272829265456e-17
1533.6199423153234 5.106287889475944e-27 2.078703162095876e-16 1.45977715208343e-16 6.189260100124455e-17
1580.327375033885 4.4842424998916525e-27 1.8810727264686343e-16 1.3302791855494994e-16 5.5079354091913405e-17
1628.457314209858 3.9381786302384685e-27 1.702320085725615e-16 1.212199299637061e-16 4.9012078608855376e-17
1678.0530832396191 3.458791482064893e-27 1.5406341096973866e-16 1.1045376545461054e-16 4.360964551512813e-17
1729.1593249628888 3.03791801571363e-27 1.3943779084496317e-16 1.0063811463988934e-16 3.879967620507386e-17
1781.8220418472597 2.6684012311203196e-27 1.2620742107032574e-16 9.168980560480675e-17 3.451761546551894e-17
1836.0886373966016 2.3439602415606155e-27 1.1423871698807603e-16 8.353285383232417e-17 3.070586315575187e-17
1892.007958820556 2.0590821319811465e-27 1.0341083906349522e-16 7.609774726451721e-17 2.7313091798978012e-17
1949.6303410035755 1.808927346727369e-27 9.361443753871575e-17 6.932092570817557e-17 2.4293511830540174e-17
2009.0076518130663 1.5892541096802254e-27 8.475090941538828e-17 6.314459721384368e-17 2.1606312201544602e-17
2070.1933387874215 1.3963409303719513e-27 7.673116787894434e-17 5.751603334009123e-17 1.921513453885309e-17
2133.242477245972 1.226917344760097e-27 6.947442513615712e-17 5.2386902400787185e-17 1.7087522735369935e-17
2198.211819864143 1.0781138725531166e-27 6.290767090199276e-17 4.771311480896032e-17 1.519455609303245e-17
2265.1598477584885 9.47413912792726e-28 5.696499266931485e-17 4.345450200334488e-17 1.3510490665969951e-17
2334.1468231275226 8.326083145669024e-28 5.158677130326303e-17 3.957440493189196e-17 1.2012366371371069e-17
2405.2348434957767 7.31758583416591e-28 4.6719129811657684e-17 3.603936992316549e-17 1.0679759888492191e-17
2478.487897609897 6.4316379168735025e-28 4.231339016045895e-17 3.2818894839910883e-17 9.494495320548074e-18
2553.971923037092 5.653298980070191e-28 3.832547143594447e-17 2.988512791350888e-17 8.440343522435575e-18
2631.7548655177807 4.969452942619576e-28 3.471550202722902e-17 2.7212654837965202e-17 7.502847189263817e-18
2711.906740125872 4.36859248251079e-28 3.1447470444627346e-17 2.4778320392151402e-17 6.66915005247595e-18
2794.4996942916955 3.8406143174968153e-28 2.848880260660593e-17 2.2560998323206454e-17 5.9278042833994856e-18
2879.6080727443887 3.376650662429341e-28 2.581005605049597e-17 2.0541435685402103e-17 5.2686203650938666e-18
2967.308484432098 2.968918640886783e-28 2.3384625972196798e-17 1.87020902422326e-17 4.682535729964195e-18
3057.6798714803062 2.610581079598347e-28 2.1188422950640024e-17 1.702694999988874e-17 4.161472950751282e-18
