Dust emission spectrum from A.P. Jones, M. Kohler, N. Ysard, M. Bocchio, and L. Verstraete (2017), A&A, 602A, 46J 
inside the DustPedia framework.

lambda    nu*dP/dnu     j_nu    j_nu(carb.) j_nu(sil)
 (um)   (erg s-1 H-1) (Jy cm2 sr-1 H-1)
0.9927057738263894 8.043729922469158e-26 2.1195685220444906e-18 2.119568501285368e-18 2.0759122826382646e-26
1.0001793341362166 8.177062663186574e-26 2.170924079483717e-18 2.1709240544862506e-18 2.4997466761980807e-26
1.0077091589558085 8.310330680933387e-26 2.2229154495627914e-18 2.2229154195009332e-18 3.006185781351699e-26
1.0114953028030835 8.376925784140548e-26 2.2491476740291658e-18 2.2491476410786257e-18 3.2950539980457575e-26
1.0152956718711033 8.443487204705942e-26 2.275536559737688e-18 2.2755365236327234e-18 3.610496445357708e-26
1.0229392996569957 8.576420696961302e-26 2.3287634331033534e-18 2.3287633897967744e-18 4.330657899470635e-26
1.0267826658714554 8.642633342314222e-26 2.3555593447808488e-18 2.3555592973731352e-18 4.7407712840346454e-26
1.0306404723013447 8.708786018861499e-26 2.382507330820773e-18 2.382507278940578e-18 5.188019440307618e-26
1.03451277320114 8.774873100834957e-26 2.4096065492096465e-18 2.4096064924536678e-18 5.675597922929576e-26
1.0383996230291617 8.840889001950517e-26 2.4368561485030774e-18 2.4368560864334602e-18 6.206961805829526e-26
1.0403485208654093 8.873868525088707e-26 2.4505370724214284e-18 2.4505370075192417e-18 6.49021877066396e-26
1.0423010764483396 8.9068281767046e-26 2.4642552681818298e-18 2.464255200323376e-18 6.785845404104821e-26
1.0462171883269815 8.972685121649098e-26 2.4918030390107316e-18 2.4918029648478976e-18 7.416283382842866e-26
1.0471985131304309 8.989135868648107e-26 2.4987131057960287e-18 2.4987130299715142e-18 7.582451471766378e-26
1.048180758391296 9.005581049923677e-26 2.5056323946761906e-18 2.505632317154353e-18 7.752183750849536e-26
1.0501480137395462 9.038454376644796e-26 2.5194985834003585e-18 2.5194985023740252e-18 8.102633341754994e-26
1.0521189612883777 9.071304426264173e-26 2.5334014942389885e-18 2.5334014095566758e-18 8.468231276589431e-26
1.0531058218030118 9.087695891070652e-26 2.5403598032025575e-18 2.540359716633388e-18 8.656916835452366e-26
1.0540936079674168 9.104000619616508e-26 2.547304667863681e-18 2.5473045793670134e-18 8.849666758645307e-26
1.058054026499678 9.169153823162286e-26 2.575173745124241e-18 2.5751736484985293e-18 9.662571246870985e-26
1.0590464539527713 9.185425283317147e-26 2.5821633478221013e-18 2.5821632490550835e-18 9.87670178663925e-26
1.06003981227728 9.201689842618518e-26 2.589161855273137e-18 2.589161754319426e-18 1.0095371141312112e-25
1.0620293250338977 9.234197931082439e-26 2.603185527031415e-18 2.6031854215644753e-18 1.0546693984090538e-25
1.0660195594769086 9.299127705354955e-26 2.6313390947734147e-18 2.6313389796939217e-18 1.1507949303139468e-25
1.070024785945596 9.363937958291655e-26 2.659633523344181e-18 2.659633397817044e-18 1.255271372661563e-25
1.0740450607676866 9.428623553644838e-26 2.6880678819220477e-18 2.688067745043451e-18 1.3687859646896393e-25
1.07808044048254 9.493179407691852e-26 2.716641234250655e-18 2.7166410850427426e-18 1.492079126701616e-25
1.0861967418109137 9.621770446888806e-26 2.7741690372159838e-18 2.774168860090761e-18 1.7712522270475365e-25
1.0902777775684922 9.6855424593084e-26 2.803048050486019e-18 2.8030478575944913e-18 1.928915275409395e-25
1.0943741465085532 9.749160512308218e-26 2.832060185651844e-18 2.8320599756587346e-18 2.099931091249725e-25
1.1026131145906286 9.875915696945535e-26 2.8904799473081443e-18 2.890479698670344e-18 2.4863780076773504e-25
1.1109141095355224 1.0001998514502755e-25 2.9494205473438723e-18 2.9494202533294633e-18 2.940144100061657e-25
1.1192775983109025 1.0127258757073022e-25 3.008840396975384e-18 3.0088400497500074e-18 3.472253763132434e-25
1.1277040513999907 1.0251138559429201e-25 3.0685745404196344e-18 3.068574130878183e-18 4.095414519543359e-25
1.1361939428280308 1.0374223155702437e-25 3.12879773404577e-18 3.128797251620475e-18 4.824252949364576e-25
1.1447477501889525 1.0496479414773544e-25 3.189502082949848e-18 3.189501515391551e-18 5.675582962479041e-25
1.1533659546722406 1.061793750817448e-25 3.250698760668902e-18 3.250698093797274e-18 6.668716268189028e-25
1.1707974979042381 1.0858847289418706e-25 3.3746982343287758e-18 3.3746973171046436e-18 9.17224131785749e-25
1.1884924949847024 1.1096155385535757e-25 3.500567097378421e-18 3.500565842087735e-18 1.2552906860817366e-24
1.2064549276569216 1.1331669265212118e-25 3.6288951897631e-18 3.6288934802232295e-18 1.709539871502617e-24
1.2246888378427687 1.1563031487307793e-25 3.758953046279708e-18 3.75895072944312e-18 2.3168365878712198e-24
1.2431983285522175 1.1789777318121663e-25 3.890589881448189e-18 3.890586756695499e-18 3.1247526901073822e-24
1.2619875648066055 1.2011914527070727e-25 4.023803294029682e-18 4.0237990996665925e-18 4.194363090416679e-24
1.3004222497298317 1.2439203182398902e-25 4.293845228078034e-18 4.29383777653691e-18 7.451541124697658e-24
1.3400274889804893 1.284396380563252e-25 4.568590302400654e-18 4.568577305547652e-18 1.2996853000575289e-23
1.3808389325824078 1.3225521426557013e-25 4.847583068556533e-18 4.847560802469756e-18 2.2266086775961906e-23
1.4228933163050095 1.3586224709951315e-25 5.131455484951151e-18 5.131417998296872e-18 3.748665427900104e-23
1.466228494730424 1.3934245671779123e-25 5.423186647445049e-18 5.423124595872806e-18 6.205157224254981e-23
1.5108834753276823 1.4264979552963125e-25 5.720994863516962e-18 5.720893830574996e-18 1.0103294196765952e-22
1.5568984535646726 1.4574908586685802e-25 6.02331477680791e-18 6.023152796945979e-18 1.6197986192984859e-22
1.6043148490894465 1.486549909725564e-25 6.33050755106626e-18 6.330251369373058e-18 2.561816932037939e-22
1.6531753430134553 1.5138521828735104e-25 6.643115810609026e-18 6.6427165833234914e-18 3.992272855358197e-22
1.7035239163302658 1.5397172026156862e-25 6.962394544093736e-18 6.961781374359108e-18 6.1316973462918e-22
1.755405889504358 1.5654394204016724e-25 7.294293769418797e-18 7.293365130788636e-18 9.28638630158981e-22
1.8088679632656115 1.590877123161337e-25 7.63858537194863e-18 7.637198066514456e-18 1.3873054341730468e-21
1.8639582606462262 1.615975836173369e-25 7.995405204220985e-18 7.993360035722146e-18 2.0451684988393547e-21
1.9207263702978936 1.6410305380633639e-25 8.366649872050436e-18 8.363673539973546e-18 2.9763320768882593e-21
1.979223391128241 1.6665348076769438e-25 8.755453319310148e-18 8.75117575653113e-18 4.277562779015789e-21
2.039501978296691 1.693046812995336e-25 9.165634410259081e-18 9.159561051399555e-18 6.0733588595270755e-21
2.1016163906111602 1.7218667467830972e-25 9.605554021484089e-18 9.597031692840088e-18 8.522328644001129e-21
2.1656225393682647 1.7538331007584661e-25 1.0081855262433216e-17 1.0070032095135931e-17 1.1823167297282844e-20
2.231578038680979 1.7891652729316567e-25 1.0598196609018314e-17 1.0581975118297357e-17 1.6221490720960254e-20
2.299542257339062 1.8284531425729885e-25 1.1160782970382501e-17 1.113876577859903e-17 2.2017191783467787e-20
2.369576372248914 1.8727427473971692e-25 1.1779267043195243e-17 1.174969455726841e-17 2.9572485926829044e-20
2.4417434235010123 1.923240788763257e-25 1.2465311072580103e-17 1.2425992357209383e-17 3.9318715370716456e-20
2.5161083711144245 1.9818711444737825e-25 1.3236531276866929e-17 1.3184766221582173e-17 5.176505528475633e-20
2.5927381535095444 2.051614119620623e-25 1.4119644780745967e-17 1.405213970642838e-17 6.750507431758384e-20
2.6717017477616296 2.1358632495027567e-25 1.5147147369799893e-17 1.505992855437201e-17 8.7218815427882e-20
2.753070231689431 2.2395540995799727e-25 1.636621610604032e-17 1.6254539003050704e-17 1.1167710298961279e-19
2.836916847834745 2.3736497728919955e-25 1.7874449681787403e-17 1.7732701180583122e-17 1.4174850120428447e-19
2.9233170693905177 2.561854218738707e-25 1.987923960275881e-17 1.9700872282926533e-17 1.7836731983227994e-19
2.967498994190263 2.69917634089581e-25 2.1261371306037146e-17 2.1062269531604684e-17 1.9910177443245566e-19
3.0123486681368425 2.8547530022450115e-25 2.2826704135251552e-17 2.2604753498086786e-17 2.219506371647594e-19
3.0578761833420214 3.1581322979307485e-25 2.563419292954142e-17 2.5387030318193887e-17 2.4716261134752946e-19
3.1040917844459814 3.5377787513394557e-25 2.914973806145478e-17 2.887502893786129e-17 2.7470912359348416e-19
3.127460860933648 3.917756707294779e-25 3.2523612586774385e-17 3.2234110599646523e-17 2.895019871278658e-19
3.1510058709225794 4.416520825899811e-25 3.694017325970862e-17 3.6635219678174025e-17 3.0495358153458454e-19
3.162844764501044 4.873072132389209e-25 4.091194716808258e-17 4.059898497359873e-17 3.129621944838301e-19
3.1747281389236908 5.400893713039256e-25 4.551364366876661e-17 4.519250133756665e-17 3.2114233119996694e-19
3.1986289994194426 6.861749744663066e-25 5.825969117896711e-17 5.792162216534464e-17 3.3806901362247336e-19
3.2227097969389145 1.0277427510786688e-24 8.79174442374752e-17 8.756140544399078e-17 3.5603879348442824e-19
3.2348180950136065 1.350531127866209e-24 1.159641890814839e-16 1.1559855191112109e-16 3.656371703627863e-19
3.240889293275058 1.5916534342956127e-24 1.369248077334924e-16 1.3655410747510887e-16 3.7070025838352553e-19
3.2469718861334385 1.87062535332893e-24 1.6122588798163763e-16 1.6084994870042226e-16 3.759392812153739e-19
3.2714166318528037 3.354889425616634e-24 2.91328854430056e-16 2.90931237155798e-16 3.976172742580309e-19
3.2744851364798273 3.4478270310885856e-24 2.996801150061582e-16 2.992799352489189e-16 4.0017975723933754e-19
3.2775565192852394 3.543404644043974e-24 3.0827646665418767e-16 3.078737108733538e-16 4.027557808338966e-19
3.283707930232385 3.452322895878047e-24 3.009160576102129e-16 3.005086793612809e-16 4.073782489319659e-19
3.2898708863219004 3.162151079749767e-24 2.7614100601107563e-16 2.757294065590635e-16 4.1159945201215183e-19
3.29141343181113 3.0937035741974016e-24 2.7029036778556793e-16 2.698777079808702e-16 4.1265980469772837e-19
3.292184975758714 3.0600682513021544e-24 2.6741439065947375e-16 2.6700119991932357e-16 4.131907401501924e-19
3.295272960557952 2.8479790954492445e-24 2.491137073422826e-16 2.486984486323198e-16 4.1525870996278795e-19
3.3076538914384823 2.1124889194309567e-24 1.854743816808767e-16 1.8505080949045524e-16 4.2357219042143283e-19
3.310756385682612 1.9625979167900967e-24 1.7247573007420245e-16 1.720500608432571e-16 4.256692309453764e-19
3.313861789986515 1.8242227925382054e-24 1.604655105416226e-16 1.6003773677911033e-16 4.277737625122603e-19
3.3200813396944477 1.630424963367486e-24 1.436874948263939e-16 1.432552010835098e-16 4.3229374288405967e-19
3.345076488085796 1.286848118237234e-24 1.1426225154269776e-16 1.1380983167362131e-16 4.524198690764295e-19
3.3482140837626964 1.3002168702229732e-24 1.1555758273930832e-16 1.1510243709515288e-16 4.551456441554595e-19
3.3513546224236106 1.313728253172148e-24 1.1686793168885125e-16 1.164100471616795e-16 4.578845271718218e-19
3.3576445397418455 1.4105449493850093e-24 1.2571615232772126e-16 1.2525254397251042e-16 4.636083552108869e-19
3.3702598118196083 1.7658831326470225e-24 1.579773313074344e-16 1.575017152139998e-16 4.756160934345513e-19
3.382922481734668 1.848255481017239e-24 1.6596766427602652e-16 1.6548034781379463e-16 4.87316462231902e-19
3.389271646505754 1.8908906755573867e-24 1.7011485203882056e-16 1.6962159929473088e-16 4.932527440897284e-19
3.395632727569191 1.9369514489002797e-24 1.7458578448760226e-16 1.740864138080441e-16 4.993706795580889e-19
3.421196662673239 2.1581482933935165e-24 1.9598767274832247e-16 1.9546294382077185e-16 5.247289275505748e-19
3.4276182099114902 2.1153424437689824e-24 1.924609202226303e-16 1.9193050043757888e-16 5.304197850514384e-19
3.4340518103208963 1.9248110041876454e-24 1.7545444253524124e-16 1.7491862478058898e-16 5.358177546522292e-19
3.4469541582030403 1.6534213333756678e-24 1.512824250315927e-16 1.5073621510503777e-16 5.462099265548909e-19
3.472904465399547 1.5794169141254286e-24 1.4559922198430652e-16 1.4502911736137249e-16 5.70104622934076e-19
3.4990501388274233 1.4652308937980493e-24 1.3608982816506365e-16 1.354951987181962e-16 5.946294468674391e-19
3.5253949054701885 1.0531189434068621e-24 9.854954659276305e-17 9.793097564239356e-17 6.185709503694781e-19
3.5519380250092896 6.650006001431908e-25 6.269845653241517e-17 6.205572779473961e-17 6.427287376755872e-19
3.578680990867387 5.128424644629458e-25 4.8716535763171805e-17 4.804731298913768e-17 6.692227740341019e-19
3.605625307711299 4.531427163614973e-25 4.3369561400687663e-17 4.26723764166679e-17 6.971849840197702e-19
3.660119384959845 4.1354529112496546e-25 4.0177949119534976e-17 3.9421756472883145e-17 7.561926466518325e-19
3.715437065384467 3.8725892715969646e-25 3.819273683205129e-17 3.737395542183178e-17 8.187814102195194e-19
3.8285932144167436 3.836564980823248e-25 3.8989818783827035e-17 3.8035169088418184e-17 9.546496954088622e-19
3.94519561050918 3.9396950356296265e-25 4.125727876391888e-17 4.01524108893689e-17 1.1048678745499832e-18
4.06534921144712 4.1037323799522603e-25 4.428394689433952e-17 4.3014152884672976e-17 1.2697940096665548e-18
4.189162171576248 4.3057340372017705e-25 4.7878860566776004e-17 4.642858390244465e-17 1.4502766643313646e-18
4.316745939156006 4.536919654507719e-25 5.198607278216983e-17 5.033978796289626e-17 1.6462848192735714e-18
4.448215356677963 4.794026753738514e-25 5.660511688149203e-17 5.474925940705855e-17 1.8558574744334786e-18
4.58368876423945 5.077222689722037e-25 6.177471725747416e-17 5.969484950728694e-17 2.0798677501872134e-18
4.723288106065518 5.389119098122998e-25 6.756653560589547e-17 6.524621406815859e-17 2.3203215377368864e-18
4.867139040275056 5.734469887975442e-25 7.408605378892414e-17 7.1513908508098e-17 2.572145280826148e-18
4.940699165968905 5.92670550703383e-25 7.772687227229673e-17 7.502364035992005e-17 2.7032319123766742e-18
5.015371051989984 6.12342410928324e-25 8.152050132242197e-17 7.868299189147093e-17 2.8375094309510343e-18
5.091171501069577 6.345327102093899e-25 8.575139125464369e-17 8.277370443003806e-17 2.9776868246056502e-18
5.129500256944802 6.458203793728054e-25 8.793387958330995e-17 8.488495176882626e-17 3.048927814483675e-18
5.168117569889187 6.574161842453893e-25 9.018664044598793e-17 8.706511496470461e-17 3.1215254812832853e-18
5.20702561229733 6.707057058037068e-25 9.270243629567266e-17 8.950222569350093e-17 3.2002106021717418e-18
5.246226572918644 6.842201781756914e-25 9.528232669911495e-17 9.200241936026333e-17 3.2799073388516225e-18
5.265937586045735 6.910635145943052e-25 9.659688126520515e-17 9.327675042470525e-17 3.3201308404999074e-18
5.285722656980489 6.979652166151836e-25 9.792815782055573e-17 9.45675557165167e-17 3.3606021040390205e-18
5.305582063971359 7.04926031270183e-25 9.927639943720971e-17 9.587508009893332e-17 3.4013193382764126e-18
5.3255160863122235 7.122435704630166e-25 1.0068381694636729e-16 9.724126234275829e-17 3.4425546036089993e-18
5.365609099470188 7.2940611028926915e-25 1.0388619982857864e-16 1.0035831310825152e-16 3.527886720327153e-18
5.406003951863644 7.470276938836944e-25 1.0719696613149351e-16 1.0358265437780984e-16 3.6143117536836686e-18
5.446702915881641 7.651284948045613e-25 1.1062097884775153e-16 1.0691916212860691e-16 3.7018167191446145e-18
5.487708281020852 7.843099626232684e-25 1.1424788828976533e-16 1.1045717895547866e-16 3.7907093342866815e-18
5.529022354014368 8.09280211258964e-25 1.187727193385605e-16 1.1488923037759465e-16 3.883488960965874e-18
5.570647458961463 8.353804893766203e-25 1.2352630075477283e-16 1.1954883642435564e-16 3.977464330417186e-18
5.612585937458331 8.626891777533744e-25 1.285247556259478e-16 1.2445213212026757e-16 4.072623505680217e-18
5.654840148729818 8.92196299598101e-25 1.3392146252195582e-16 1.2975210393552054e-16 4.169358586435275e-18
5.67608639626678 9.115284263421151e-25 1.3733734493059256e-16 1.3311741833056325e-16 4.2199266000292595e-18
5.686739436050992 9.214424873401335e-25 1.3909162983620088e-16 1.3484629352751917e-16 4.2453363086816884e-18
5.6974124697621304 9.315270494468983e-25 1.4087780138186432e-16 1.3660697177141373e-16 4.270829610450589e-18
5.718818669136295 9.52223782670863e-25 1.4454889747241733e-16 1.402268311160586e-16 4.322066356358771e-18
5.740305295436557 9.747937635248536e-25 1.4853102080642828e-16 1.4415704484327764e-16 4.373975963150611e-18
5.7835210386641895 1.0320507681326519e-24 1.5843926323891189e-16 1.5395780363141135e-16 4.481459607500592e-18
5.827062130521658 1.0970555762644914e-24 1.696866637777778e-16 1.6509542273649934e-16 4.591241041278429e-18
5.8489554468988025 1.141888557394854e-24 1.7728478592959827e-16 1.72634472652294e-16 4.650313277304257e-18
5.870931020387893 1.189676984188696e-24 1.8539818170017523e-16 1.8068833410507947e-16 4.709847595095699e-18
5.892989160043636 1.2406555305904894e-24 1.9406905502070387e-16 1.8929921116128005e-16 4.769843859423809e-18
5.915130176081913 1.2982632455045263e-24 2.0384332838565546e-16 1.9901134390449625e-16 4.831984481159269e-18
5.95966208400165 1.4577596580731837e-24 2.306093948738629e-16 2.2563708633600357e-16 4.972308537859327e-18
6.004529249263818 1.6852685981285486e-24 2.6860712368333397e-16 2.6347754989000527e-16 5.129573793328725e-18
6.027089341400364 1.8425390531876038e-24 2.9477711486861374e-16 2.8955731415531097e-16 5.219800713302741e-18
6.049734195844842 2.0275330424315173e-24 3.2559195641281983e-16 3.2027669411389513e-16 5.315262298924708e-18
6.095279466722835 2.5597983373408586e-24 4.141606259706599e-16 4.086129534451519e-16 5.54767252550819e-18
6.141167624020661 3.374848072381679e-24 5.501417586403505e-16 5.442952015822475e-16 5.846557058103083e-18
6.164241091010745 3.8949621910089495e-24 6.373122928475734e-16 6.312794906617398e-16 6.032802185833694e-18
6.187401249150058 4.485188942664817e-24 7.366453580947224e-16 7.304209228771909e-16 6.224435217531558e-18
6.1990139391386085 4.773328551418198e-24 7.854406499553532e-16 7.791186240572687e-16 6.322025898084508e-18
6.204828454712694 4.924910268473216e-24 8.11143204536162e-16 8.047718456792824e-16 6.3713588568795265e-18
6.210648424152782 5.035695450386782e-24 8.301677060726276e-16 8.237539956595461e-16 6.4137104130812704e-18
6.233982942956859 5.41175028277068e-24 8.955148483892278e-16 8.889521105503778e-16 6.5627378388497915e-18
6.239830258556775 5.459725796432803e-24 9.043010612805778e-16 8.977166192032666e-16 6.584442077311098e-18
6.245683058788269 5.463900474913534e-24 9.058413780800148e-16 8.992351817427287e-16 6.6061963372862245e-18
6.257405133728602 5.4535973466882984e-24 9.058301605962743e-16 8.99185282575168e-16 6.644878021105896e-18
6.269149208991335 5.379785755377498e-24 8.95247300461532e-16 8.885853006882225e-16 6.661999773309369e-18
6.280915325867298 5.194703143653944e-24 8.660702211216676e-16 8.594178089966752e-16 6.6524121249921836e-18
6.304513850009849 4.738338103382271e-24 7.929523356987395e-16 7.86343321647213e-16 6.609014051526485e-18
6.32820103803542 4.1736156981672025e-24 7.01071250433973e-16 6.945314083205556e-16 6.539842113417471e-18
6.3519772230701035 3.656276682504833e-24 6.16477766153261e-16 6.09998928529462e-16 6.478837623799046e-18
6.375842739491607 3.220662690051105e-24 5.450699902543845e-16 5.386438287262902e-16 6.4261615280941e-18
6.399797922933955 2.8731422685485803e-24 4.880820381452224e-16 4.816777620443941e-16 6.404276100828552e-18
6.42384311029221 2.584012346491403e-24 4.4061466029606475e-16 4.342261479579367e-16 6.388512338127912e-18
6.447978639727206 2.374406899797692e-24 4.0639482475492483e-16 3.9999793416886095e-16 6.396890586063862e-18
6.472204850670314 2.1998892273172533e-24 3.779396883979429e-16 3.7152956469054966e-16 6.410123707393341e-18
6.496522083828205 2.087549366356479e-24 3.599872395453691e-16 3.535442006747113e-16 6.443038870657846e-18
6.520930681187647 1.993170075928848e-24 3.4500339995253554e-16 3.3852433048192517e-16 6.4790694706102566e-18
6.57002334288761 1.8989296644174687e-24 3.311656051004382e-16 3.2458677771981363e-16 6.5788273806244984e-18
6.619489833774732 1.893000272895171e-24 3.326171431923795e-16 3.259154150789369e-16 6.701728113442552e-18
6.6693287637831435 1.9345243137925053e-24 3.4247253775938724e-16 3.35637584110788e-16 6.834953648599195e-18
6.719538636694507 1.9857432747941603e-24 3.5418648780673893e-16 3.4722137274168016e-16 6.965115065058772e-18
6.770126513364129 2.1083218026558618e-24 3.788812533747048e-16 3.7177493978207946e-16 7.106313592625215e-18
6.8210952395837445 2.2919349091452427e-24 4.149787192474718e-16 4.077150526323167e-16 7.263666615155237e-18
6.872447682569556 2.5223245029326497e-24 4.601313609616642e-16 4.526944674977199e-16 7.4368934639442e-18
6.924186731123532 2.8123125187936178e-24 5.168943493680238e-16 5.092690223576614e-16 7.625327010362629e-18
6.976315295795916 3.0491403854329843e-24 5.646417065422523e-16 5.568241203186063e-16 7.817586223645877e-18
7.028836309048954 3.0898638860563748e-24 5.764905741925659e-16 5.684896503371031e-16 8.000923855462616e-18
7.081752725421856 2.9979499242328608e-24 5.635527401956394e-16 5.553716051883914e-16 8.181135007248059e-18
7.135067521697011 2.94010940037002e-24 5.568407516785869e-16 5.484606776220244e-16 8.380074056562568e-18
7.1887836970674375 3.004046696097115e-24 5.73233454873646e-16 5.646229665901237e-16 8.61048828352203e-18
7.242904273305506 3.208989901333994e-24 6.1695079580382e-16 6.080698215849419e-16 8.880974218878084e-18
7.297432294932914 3.528507523680216e-24 6.834874666604366e-16 6.7427930174830185e-16 9.208164912134665e-18
7.352370829391971 3.8935185799946014e-24 7.598696310949473e-16 7.502362805688134e-16 9.633350526133736e-18
7.379995003818881 4.120038690350524e-24 8.070989740891355e-16 7.97216059488381e-16 9.88291460075446e-18
7.407722967218148 4.369217369608927e-24 8.591278880695885e-16 8.489839195036983e-16 1.0143968565890324e-17
7.463496598684601 4.999152134349733e-24 9.903942851896973e-16 9.796615743102304e-16 1.0732710879466814e-17
7.519690156487492 5.8121284991863575e-24 1.1601244684019074e-15 1.1487006231424452e-15 1.1423845259462541e-17
7.533803324048627 6.048439667302194e-24 1.2095590198757105e-15 1.1979394655360272e-15 1.1619554339683095e-17
7.547942979602549 6.2950826702448805e-24 1.2612450697231767e-15 1.2494263977083117e-15 1.181867201486489e-17
7.57630195363571 6.814355339440947e-24 1.3704130468442745e-15 1.3581833466100808e-15 1.2229700234193783e-17
7.590521371821866 7.076839458726796e-24 1.4258714851696966e-15 1.413426219295599e-15 1.2445265874097286e-17
7.604767477414989 7.350056642097386e-24 1.4836998699509303e-15 1.4710351943052695e-15 1.2664675645660745e-17
7.633339951266878 7.898656267054385e-24 1.6004320939984325e-15 1.5873269976908178e-15 1.310509630761432e-17
7.662019777021956 8.325155157736875e-24 1.6931874390253766e-15 1.6796822855990352e-15 1.3505153426341922e-17
7.690807358020558 8.617224607204659e-24 1.7591739248647055e-15 1.745327840905675e-15 1.3846083959030168e-17
7.719703099118437 8.765777798070489e-24 1.796223972850414e-15 1.7821011872275666e-15 1.4122785622846896e-17
7.748707406692464 8.740870279794977e-24 1.797849651534835e-15 1.7834667070070858e-15 1.438294452774939e-17
7.777823177463063 8.584129383570896e-24 1.7722449745115774e-15 1.7573640277397525e-15 1.4880946771825144e-17
7.807048350752435 8.344704329567057e-24 1.7292877118122894e-15 1.7138409035232546e-15 1.544680828903514e-17
7.836380830085272 8.013868683684964e-24 1.6669677136034937e-15 1.650963860791239e-15 1.6003852812254828e-17
7.851088371676256 7.784377976893798e-24 1.6222702880883374e-15 1.606024825536162e-15 1.6245462552175096e-17
7.86582351679805 7.541231031460704e-24 1.5745479000030141e-15 1.558076053365927e-15 1.6471846637087153e-17
7.89537682495964 7.004836261295212e-24 1.4680480944541615e-15 1.4511834886521615e-15 1.6864605801999807e-17
7.9250411701946435 6.426777116612146e-24 1.3519611090702566e-15 1.3346827827994813e-15 1.7278326270775345e-17
7.939915112024199 6.120705727041495e-24 1.2899913323094288e-15 1.2724938944230537e-15 1.749743788637475e-17
7.954816969689239 5.831233384366026e-24 1.2312891376839102e-15 1.2135612812618707e-15 1.772785642203948e-17
7.9847046421970465 5.297704128893151e-24 1.1228351220866679e-15 1.1046057179013213e-15 1.82294041853466e-17
8.044817289139356 4.4016874318831526e-24 9.399501417343304e-16 9.205138936558056e-16 1.9436248078524533e-17
8.07504310897143 4.0712849795910084e-24 8.726614382848538e-16 8.524961150156263e-16 2.0165323269227998e-17
8.105382492623747 3.779496001657439e-24 8.131615542502481e-16 7.922171444390655e-16 2.0944409811182434e-17
8.135835866775926 3.549394837251832e-24 7.66524295773006e-16 7.447952352455688e-16 2.172906052743726e-17
8.166403659710703 3.377468387113917e-24 7.32135674021974e-16 7.095550229091293e-16 2.2580651112844944e-17
8.197086301319933 3.2517653208137338e-24 7.075353379826795e-16 6.840584373442898e-16 2.3476900638389782e-17
8.227884223110665 3.142370103032242e-24 6.863014859710062e-16 6.618750402541356e-16 2.442644571687048e-17
8.258797858211198 3.0836308460058873e-24 6.760030429325067e-16 6.50330601894885e-16 2.5672441037621746e-17
8.289827641377162 3.076695856446456e-24 6.770168856472601e-16 6.489075241705403e-16 2.8109361476719814e-17
8.320974008997652 3.1104660829879942e-24 6.87019507259223e-16 6.559818683675186e-16 3.10376388917044e-17
8.35223739910135 3.161461616446698e-24 7.009066434307265e-16 6.666667024086077e-16 3.423994102211885e-17
8.383618251362687 3.286975328801687e-24 7.314714365590083e-16 6.939857020345521e-16 3.748573452445631e-17
8.415117007108037 3.461519207808834e-24 7.732079982732576e-16 7.321939093752106e-16 4.1014088898046984e-17
8.446734109321913 3.6893298769263016e-24 8.271908948770086e-16 7.825553110493584e-16 4.4635583827650374e-17
8.478470002653195 3.975076068898678e-24 8.946071501050594e-16 8.462500498719225e-16 4.8357100233136775e-17
8.542299949622933 4.594666833688429e-24 1.0418333980425409e-15 9.856518840976021e-16 5.618151394493888e-17
8.558332380220154 4.7266543595829006e-24 1.0737728717397745e-15 1.0155846519946963e-15 5.818821974507861e-17
8.574394900937412 4.812445158845034e-24 1.0953141745316198e-15 1.0351307675744503e-15 6.018340695716947e-17
8.606610438733982 4.828285966834841e-24 1.1030483855016467e-15 1.038943991717694e-15 6.410439378395232e-17
8.622764948673899 4.773674577995013e-24 1.092619105940039e-15 1.0265502379944304e-15 6.606886794560863e-17
8.638949780445296 4.6458644999585144e-24 1.0653613119977405e-15 9.973821050698914e-16 6.797920692784922e-17
8.655163606183647 4.516032797264314e-24 1.0375327207424268e-15 9.675954130812213e-16 6.99373076612052e-17
8.671407862489573 4.3603121560878424e-24 1.0036369190940037e-15 9.317348635284e-16 7.190205556560361e-17
8.703987895363145 3.988355480107615e-24 9.21470786416678e-16 8.45630791452979e-16 7.583999496369909e-17
8.736690337257128 3.659502438893481e-24 8.486691528287112e-16 7.686902721615544e-16 7.997888066715662e-17
8.802464289484785 3.1104272212786996e-24 7.267645730113383e-16 6.379932142045121e-16 8.877135880682617e-17
8.868733419248175 2.763688038833005e-24 6.506089792761513e-16 5.513713645101052e-16 9.923761476604599e-17
8.935501454478851 2.56240362027951e-24 6.077653020691386e-16 4.944963819785739e-16 1.1326892009056477e-16
9.002772151174003 2.449375911596284e-24 5.853304726675027e-16 4.570671565551283e-16 1.2826331611237437e-16
9.07054929360775 2.391471395364356e-24 5.757954271472908e-16 4.3199111472555114e-16 1.438043124217397e-16
9.13883669454403 2.368313163145166e-24 5.745124951756505e-16 4.1457301034727245e-16 1.5993948482837805e-16
9.207638195451068 2.372278771674945e-24 5.798069294614523e-16 4.037093357185862e-16 1.7609759374286614e-16
9.276957666717493 2.388231575281434e-24 5.881003580151816e-16 3.943662530764818e-16 1.9373410493869986e-16
9.346799007870057 2.4199505540607824e-24 6.003974362972304e-16 3.89462169266707e-16 2.109352670305235e-16
9.417166147792997 2.4577865043862543e-24 6.14375404382144e-16 3.853155090832338e-16 2.2905989529891003e-16
9.488063044949055 2.487082795344799e-24 6.263790705717708e-16 3.839078424727706e-16 2.424712280990002e-16
9.559493687602165 2.5208746055351142e-24 6.396693872975247e-16 3.82925165573446e-16 2.567442217240785e-16
9.631462094041797 2.5599782832851722e-24 6.544823423011692e-16 3.839010863197874e-16 2.7058125598138164e-16
9.703972312809022 2.6001519849624063e-24 6.697577011872457e-16 3.851496822333797e-16 2.8460801895386613e-16
9.777099908821425 2.6239128518803983e-24 6.809714320341921e-16 3.8802901349988736e-16 2.929424185343048e-16
9.924867353363874 2.6667563108308205e-24 7.025503842665345e-16 3.9579931260232114e-16 3.067510716642132e-16
10.074868099996943 2.6858379406441136e-24 7.182714536907783e-16 4.07438027210232e-16 3.1083342648054617e-16
10.150790707826552 2.6883325517481922e-24 7.243563926427269e-16 4.1450636577665986e-16 3.0985002686606693e-16
10.22721067892732 2.6980136557018273e-24 7.324378497162142e-16 4.2390391745809855e-16 3.0853393225811566e-16
10.304205975847633 2.7090550201584084e-24 7.409719879217786e-16 4.3388499741591704e-16 3.070869905058614e-16
10.381780929913377 2.7225136477263785e-24 7.50259250700377e-16 4.47342332420329e-16 3.0291691828004796e-16
10.459939905058707 2.739600854382246e-24 7.606518317404713e-16 4.619637673381922e-16 2.98688064402279e-16
10.538687298071551 2.772869615506591e-24 7.756850126453454e-16 4.825153463350948e-16 2.9316966631025073e-16
10.618027538840941 2.812944597334297e-24 7.928197475077967e-16 5.053629112904755e-16 2.874568362173209e-16
10.697971937068667 2.8755216989349155e-24 8.165589372663901e-16 5.374858178569275e-16 2.790731194094624e-16
10.778518246224262 2.976918715273958e-24 8.517173039584164e-16 5.812283834135599e-16 2.704889205448566e-16
10.859664048220797 3.1444108003903327e-24 9.064108647923076e-16 6.446204431140133e-16 2.6179042167829466e-16
10.941420754335242 3.416130002575416e-24 9.921504687591031e-16 7.3911480496684e-16 2.5303566379226313e-16
10.961955922839442 3.5146130633053136e-24 1.0226687927436493e-15 7.718601157753779e-16 2.508086769682714e-16
10.982529632329763 3.625979652009404e-24 1.0570540132141263e-15 8.084555719315687e-16 2.4859844128255754e-16
11.023792963743814 3.9007039248308755e-24 1.1414147187962356e-15 8.972059137176198e-16 2.442088050786161e-16
11.065211328886559 4.265986235881915e-24 1.2529928582703443e-15 1.0131900742073993e-15 2.3980278406294547e-16
11.08597883104876 4.502650563228959e-24 1.3249873196793164e-15 1.0873956897027277e-15 2.375916299765886e-16
11.106785310247485 4.767961182561254e-24 1.4056931266210792e-15 1.1703199335037802e-15 2.353731931172988e-16
11.14851549250461 5.401493748109506e-24 1.5984547720653865e-15 1.3675382297622985e-15 2.3091654230308794e-16
11.169441129330048 5.7429046230619654e-24 1.7026778256631377e-15 1.4739568054559762e-15 2.287210202071608e-16
11.190406043337886 6.046981206238053e-24 1.796196711977723e-15 1.569690110344561e-15 2.26506601633161e-16
11.21140851448765 6.342534975936513e-24 1.887523995062484e-15 1.6632703159075354e-15 2.24253679154949e-16
11.22192452720434 6.498138630738466e-24 1.935645173104921e-15 1.7125091270079552e-15 2.231360460969645e-16
11.232450403670388 6.564504563651023e-24 1.9572481773055004e-15 1.7351286018629371e-15 2.2211957544256297e-16
11.253533585369773 6.621226715597712e-24 1.97786571873218e-15 1.7577166521969558e-15 2.2014906653522418e-16
11.274656339961506 6.634536136736774e-24 1.985561348366347e-15 1.7673538882480158e-15 2.18207460118331e-16
11.285231677511122 6.641284192364667e-24 1.989445183169023e-15 1.7721930287461706e-15 2.1725215442285259e-16
11.295816934455262 6.579172945395917e-24 1.97268790208077e-15 1.7564057304984643e-15 2.1628217158230545e-16
11.317017243752359 6.4191039033409516e-24 1.9283053942756167e-15 1.7139647704926757e-15 2.1434062378294084e-16
11.338257342390673 6.259175173348464e-24 1.8837915700067297e-15 1.6713823498127352e-15 2.1240922019399414e-16
11.359537305047965 6.087372181424916e-24 1.8355234212291392e-15 1.6250793233262698e-15 2.1044409790286944e-16
11.402217121831576 5.7039728759598594e-24 1.7263791859778818e-15 1.5200008112549701e-15 2.063783747229122e-16
11.423617126015266 5.504710142041661e-24 1.6691967384981423e-15 1.464896389831132e-15 2.0430034866701062e-16
11.445057294333186 5.301663735909087e-24 1.6106440879471573e-15 1.4085050852760384e-15 2.0213900267111847e-16
11.488058425037956 4.890101927218031e-24 1.4911934250274276e-15 1.2936198767399727e-15 1.9757354828745474e-16
11.53122111869469 4.523102042126077e-24 1.3844622512827866e-15 1.1913521743496115e-15 1.9311007693317488e-16
11.574545982324347 4.195535355303578e-24 1.2890233452200452e-15 1.1002769552089939e-15 1.8874639001105127e-16
11.618033625228566 3.905627196878459e-24 1.2044612944465293e-15 1.0200928906149704e-15 1.8436840383155906e-16
11.661684658998247 3.662747855504439e-24 1.1338033853399829e-15 9.541963519522945e-16 1.7960703338768794e-16
11.705499697522141 3.473647942589899e-24 1.0793074910179901e-15 9.045794499700013e-16 1.747280410479887e-16
11.749479356995494 3.323301032846999e-24 1.0364723911838854e-15 8.668072736201466e-16 1.6966511756373917e-16
11.793624255928705 3.192864854038977e-24 9.995332746781338e-16 8.349057244276077e-16 1.646275502505259e-16
11.83793501515603 3.1059553553028472e-24 9.759792706402974e-16 8.167168081868504e-16 1.5926246245344658e-16
11.882412257844306 3.0300564446663994e-24 9.557070018926886e-16 8.01751268234112e-16 1.539557336585767e-16
11.92705660950172 2.9848313015726072e-24 9.449797542581286e-16 7.9661197388156995e-16 1.4836778037655872e-16
11.971868697986617 2.94834184232629e-24 9.369344635095877e-16 7.941094477007461e-16 1.4282501580884182e-16
12.016849153516302 2.9427850667740374e-24 9.38682207802546e-16 8.018115957903964e-16 1.3687061201214956e-16
12.061998608675935 2.944036543363041e-24 9.426096977338046e-16 8.11597024421139e-16 1.3101267331266535e-16
12.152807060118223 3.0056578477619582e-24 9.695843049350985e-16 8.508699295930556e-16 1.1871437534204265e-16
12.198467333490619 3.067667237635088e-24 9.933057482009174e-16 8.811189303149378e-16 1.1218681788597991e-16
12.244299160690385 3.1397333222849566e-24 1.0204603322091436e-15 9.146615689353997e-16 1.0579876327374382e-16
12.290303186275983 3.238780629005732e-24 1.0566071925177696e-15 9.576860245900384e-16 9.892116792773129e-17
12.3364800572276 3.352481464521992e-24 1.0978097395259802e-15 1.0044498516659961e-15 9.335988785998431e-17
12.382830422956244 3.4975046114863956e-24 1.1496023802697884e-15 1.058073588299296e-15 9.152879197049265e-17
12.429354935312874 3.649869584513782e-24 1.2041909799257039e-15 1.114450341118704e-15 8.974063880700007e-17
12.476058240797144 3.796957158913091e-24 1.257426253202702e-15 1.1694320544504298e-15 8.79941987522721e-17
12.522937033967983 3.9477965851507995e-24 1.3122917453727568e-15 1.2255315846531467e-15 8.676016071960995e-17
12.569987951963114 4.0715238644326865e-24 1.358505118735093e-15 1.2710297223941531e-15 8.747539634094008e-17
12.593579661530361 4.114416783722127e-24 1.3753933165189849e-15 1.2875672488702469e-15 8.782606764873812e-17
12.617215648686605 4.145281901159768e-24 1.3883118454400088e-15 1.3001396111100193e-15 8.817223432998972e-17
12.664620788327802 4.1583150614856236e-24 1.3979093662037244e-15 1.3090637887674057e-15 8.884557743631873e-17
12.71220403757155 4.12001369393652e-24 1.3902373353936297e-15 1.3007373892947792e-15 8.949994609885067e-17
12.736062662318053 4.079400953503844e-24 1.379116686712211e-15 1.2892981302023927e-15 8.981855650981791e-17
12.759966065607527 4.026581064118871e-24 1.3638148007377805e-15 1.2736823031975254e-15 9.013249754025544e-17
12.807907544139693 3.880829253458011e-24 1.3193868530552107e-15 1.2286445098596868e-15 9.074234319552378e-17
12.856029147395699 3.718421385662498e-24 1.2689218788131203e-15 1.1775782443567873e-15 9.134363445633268e-17
12.904331552136407 3.5458393863400164e-24 1.2145740716083546e-15 1.122627027105288e-15 9.194704450306686e-17
12.95281543766539 3.370027213919832e-24 1.1586893584618027e-15 1.066145053116768e-15 9.254430534503473e-17
13.00148148583848 3.2097500066251277e-24 1.1077288923696156e-15 1.0145824854986125e-15 9.314640687100318e-17
13.050330381073369 3.0635703001579584e-24 1.0612526556550263e-15 9.674992409807263e-16 9.375341467430005e-17
13.099362810359226 2.9314570000566092e-24 1.0193026001504787e-15 9.249375074364449e-16 9.436509271403388e-17
13.197981031955921 2.7119551737384245e-24 9.500783893289367e-16 8.544777105582985e-16 9.560067877063813e-17
13.247568211189632 2.623759062104697e-24 9.226342001938762e-16 8.264105857437574e-16 9.622361445011879e-17
13.297341698339563 2.5443655370208136e-24 8.980773976044348e-16 8.012269795840323e-16 9.685041802040255e-17
13.397450398986955 2.417495037368125e-24 8.597203011172931e-16 7.616142348859774e-16 9.810606623131537e-17
13.447787020368724 2.367140564000143e-24 8.449758624263113e-16 7.462436794677193e-16 9.873218295859188e-17
13.498312765455129 2.3212594936777733e-24 8.317113206931826e-16 7.323517847280856e-16 9.935953596509751e-17
13.59993447169816 2.2469273112937105e-24 8.111389793793254e-16 7.105439749993171e-16 1.0059500438000823e-16
13.702321234386334 2.191490174675967e-24 7.97082190691796e-16 6.948377283762624e-16 1.022444623155336e-16
13.805478813227746 2.1603539141431714e-24 7.916729587464881e-16 6.839725832988925e-16 1.0770037544759549e-16
13.90941301129231 2.1360185472027945e-24 7.886480888626234e-16 6.749619651760047e-16 1.1368612368661864e-16
13.96167316792965 2.1333274135745965e-24 7.906138434898116e-16 6.726868596046804e-16 1.179269838851312e-16
14.014129675338197 2.1331103753045966e-24 7.935035844775857e-16 6.71193584424324e-16 1.2231000005326143e-16
14.119634696140762 2.1474255130958626e-24 8.048426871591016e-16 6.734838468028689e-16 1.3135884035623308e-16
14.225934008823913 2.1649836468781732e-24 8.175321547040092e-16 6.767865576226722e-16 1.4074559708133727e-16
14.333033593193976 2.183998880006581e-24 8.309214362652794e-16 6.801652254574598e-16 1.5075621080781955e-16
14.44093947407611 2.2016658540339807e-24 8.439491648040997e-16 6.831070594967333e-16 1.6084210530736645e-16
14.54965772165321 2.221150988355818e-24 8.578281458619153e-16 6.8621066076833025e-16 1.7161748509358494e-16
14.659194451807393 2.242521719072752e-24 8.726019852295414e-16 6.894714540826086e-16 1.8313053114693296e-16
14.769555826464039 2.2653818494427686e-24 8.881335665864487e-16 6.92788506839742e-16 1.953450597467069e-16
14.992777389284976 2.308251455993585e-24 9.186173504383146e-16 6.981691124543584e-16 2.2044823798395612e-16
15.21937263962189 2.3589456479480988e-24 9.529807283846194e-16 7.042001176112963e-16 2.4878061077332287e-16
15.449392566130673 2.4114596210833728e-24 9.889192616635645e-16 7.08730433870671e-16 2.801888277928936e-16
15.682888928090767 2.5125501690732922e-24 1.0459483566838247e-15 7.141638911795521e-16 3.317844655042724e-16
15.919914267052077 2.626347266720165e-24 1.1098449428581604e-15 7.185192012611634e-16 3.9132574159699686e-16
16.03976693895051 2.6848375780031353e-24 1.143103368146579e-15 7.212227316052142e-16 4.218806365413647e-16
16.1605219186579 2.7552939721570227e-24 1.1819327258332773e-15 7.273884715851716e-16 4.545442542481055e-16
16.22123989475974 2.7887632189935103e-24 1.2007846347508382e-15 7.308860189271503e-16 4.698986158236883e-16
16.282185999175777 2.823227381263898e-24 1.2201915188959023e-15 7.343989514004255e-16 4.857925674954765e-16
16.312744867225646 2.840842714069204e-24 1.2301091987181012e-15 7.361611743589936e-16 4.93948024359107e-16
16.343361089024967 2.8587191064812237e-24 1.2401730612012072e-15 7.379272284475149e-16 5.022458327536924e-16
16.404766024646595 2.8952721778941532e-24 1.2607496917245634e-15 7.414708094901869e-16 5.192788822343765e-16
16.466401669612416 2.9329215559430546e-24 1.2819426173021178e-15 7.45029654403817e-16 5.369129628983006e-16
16.497306278852424 2.952168617063052e-24 1.292777037636701e-15 7.46814788317582e-16 5.459622493191189e-16
16.528268890738765 2.9717034195237192e-24 1.3037738516467998e-15 7.4860372326833405e-16 5.551701283784657e-16
16.590368558098763 3.011655208895252e-24 1.3262662467048957e-15 7.521929761609882e-16 5.740732705439074e-16
16.65270154503456 3.0515976490227427e-24 1.348905120422746e-15 7.557714876095618e-16 5.931336328131842e-16
16.715268728169598 3.0873677698190858e-24 1.3698441588362515e-15 7.592546253520834e-16 6.105895334841682e-16
16.778070987420957 3.124056561410045e-24 1.3913306384720994e-15 7.627531399032294e-16 6.285774985688701e-16
16.9043842704834 3.2002932337635827e-24 1.4360136327935116e-15 7.697960950770999e-16 6.66217537716412e-16
17.03164849990255 3.2805215979283422e-24 1.483095167968848e-15 7.76899948693451e-16 7.061952192753966e-16
17.159870834853997 3.363652106314329e-24 1.5321261288307687e-15 7.840348994421465e-16 7.480912293886222e-16
17.289058488411015 3.4378864821038114e-24 1.5777286388089375e-15 7.9094947665878285e-16 7.867791621501545e-16
17.35401657858945 3.4762318586210536e-24 1.6013201791804393e-15 7.94430161718008e-16 8.068900174624317e-16
17.386587088641786 3.495719963570277e-24 1.613319592618499e-15 7.961763244340882e-16 8.171432681844103e-16
17.419218727950305 3.5154216162213494e-24 1.6254571470829694e-15 7.979263563802036e-16 8.27530790702766e-16
17.48466585346766 3.555475562901598e-24 1.6501539681332996e-15 8.014379957785967e-16 8.487159723547029e-16
17.550358875560836 3.596414014476722e-24 1.675425479812576e-15 8.049650157411427e-16 8.704604640714334e-16
17.682486308455736 3.674750269096936e-24 1.7248073488754293e-15 8.120318585654629e-16 9.127754903099668e-16
17.81560845938729 3.694489213210276e-24 1.7471270807801144e-15 8.188434991249761e-16 9.282835816551388e-16
17.882544892141226 3.704463700851068e-24 1.7584260162939924e-15 8.222736589737633e-16 9.361523573202295e-16
17.949732817065083 3.714019827247076e-24 1.7695858600752668e-15 8.257199237536906e-16 9.43865936321576e-16
18.084866926577256 3.7290956176431375e-24 1.7901452469234916e-15 8.326604137988873e-16 9.574848331246033e-16
18.221018389814958 3.744187745018164e-24 1.8109218005314244e-15 8.396912139249904e-16 9.712305866064339e-16
18.496404071615608 3.770699012931487e-24 1.8513076883764053e-15 8.54542605150845e-16 9.9676508322556e-16
18.635790038622734 3.786050792370733e-24 1.8728529433653338e-15 8.629556443310251e-16 1.0098972990343084e-15
18.776226396166493 3.801337467079758e-24 1.894585339689223e-15 8.714067043633619e-16 1.0231786353258607e-15
18.91772105982334 3.8146963466357324e-24 1.9155708695287948e-15 8.797669726156566e-16 1.035803896913138e-15
19.203636446149176 3.841842003031229e-24 1.958359454322062e-15 8.966259881408734e-16 1.0617334661811882e-15
19.4938730510763 3.8670667535789314e-24 2.001009891707458e-15 9.13435758721151e-16 1.0875741329863072e-15
19.78849618389234 3.890824217039426e-24 2.0437314816423346e-15 9.302358180864085e-16 1.113495663555926e-15
20.08757214094514 3.9127649529466824e-24 2.0863186596438875e-15 9.46953688797275e-16 1.1393649708466131e-15
20.391466406516905 3.933355466970338e-24 2.1290266008220858e-15 9.636511717288575e-16 1.1653754290932277e-15
20.699681925472166 3.9511738982476004e-24 2.170997129867353e-15 9.803895864460093e-16 1.190607543421344e-15
21.012556099387844 3.962295728445399e-24 2.2100149178670358e-15 9.972060567458525e-16 1.2128088611211834e-15
21.652507708764745 3.9834604900144304e-24 2.2894868261337768e-15 1.0340070882790898e-15 1.2554797378546875e-15
21.979755641372343 3.994255430457058e-24 2.3303874202196245e-15 1.052838618982146e-15 1.2775488012374783e-15
22.311949477282987 4.004565911672717e-24 2.3717144362145476e-15 1.0716615371969757e-15 1.300052899017573e-15
22.64916396703608 4.014221037507244e-24 2.41336434127044e-15 1.0904110835297002e-15 1.32295325774074e-15
22.991811201917592 4.0234065816903354e-24 2.455480783182688e-15 1.1091461787761781e-15 1.34633460440651e-15
23.339642165776596 4.031929445873602e-24 2.4979086402585735e-15 1.1277743101554476e-15 1.370134330103126e-15
23.69273528050995 4.0399783837369515e-24 2.540760192757231e-15 1.1463432415231183e-15 1.3944169512341122e-15
24.414313559781952 4.0577104639829914e-24 2.6296321814979716e-15 1.1852717097448296e-15 1.4443604717531416e-15
24.78366481022829 4.0681729556459276e-24 2.6762973756025e-15 1.2054152844804872e-15 1.470882091122012e-15
25.15860378059443 4.0797773909508635e-24 2.724535276940909e-15 1.2259048285684225e-15 1.4986304483724866e-15
25.924826076583233 4.10355570585843e-24 2.8238759709137675e-15 1.2668453591950912e-15 1.5570306117186757e-15
26.714384190886577 4.1273517203182784e-24 2.92675305404347e-15 1.3081966384559776e-15 1.618556415587493e-15
27.527988831636016 4.150150999381634e-24 3.0325489157159084e-15 1.3499749019569407e-15 1.6825740137589669e-15
28.366372352060132 4.173209258762466e-24 3.142269244259624e-15 1.392639843753225e-15 1.749629400506399e-15
29.2302894097004 4.196285280268559e-24 3.2558737326127786e-15 1.4366632719175187e-15 1.81921046069526e-15
30.12051764570424 4.221531738441941e-24 3.375218735418916e-15 1.4813035301293611e-15 1.8939152052895556e-15
30.575747924857424 4.236203244951181e-24 3.4381380512198727e-15 1.503560986162617e-15 1.934577065057255e-15
31.037858384806153 4.252370770507579e-24 3.503420804179503e-15 1.525758542817138e-15 1.977662261362364e-15
31.983137356627505 4.28720854030659e-24 3.63969595016533e-15 1.5709777173261194e-15 2.06871823283921e-15
32.95720543894392 4.329986251151545e-24 3.787968244861857e-15 1.618282720901099e-15 2.1696855239607586e-15
33.960939423588975 4.375668620347045e-24 3.944514461493812e-15 1.666529916850042e-15 2.2779845446437705e-15
34.99524280568484 4.418651532035733e-24 4.1045750159150205e-15 1.7140576126352917e-15 2.3905174032797284e-15
36.06104659690874 4.4621442954988084e-24 4.27121438366657e-15 1.7620661842652133e-15 2.509148199401357e-15
37.159310163528254 4.50606703614643e-24 4.4446209033509895e-15 1.812721976234338e-15 2.6318989271166513e-15
38.29102208995955 4.551234213549214e-24 4.6258929419885166e-15 1.8647621942059744e-15 2.761130747782543e-15
39.45720106862597 4.5927584317232416e-24 4.810268418140463e-15 1.9162592796993247e-15 2.8940091384411367e-15
40.65889681691763 4.634294078931662e-24 5.001596050052275e-15 1.9682381949937086e-15 3.0333578550585674e-15
41.897191022077855 4.6777306826436376e-24 5.2022300557569256e-15 2.0222015981680292e-15 3.180028457588896e-15
43.173198314866475 4.7227796523678744e-24 5.412293495988749e-15 2.0775297372999596e-15 3.3347637586887884e-15
44.48806727287728 4.7647740593243584e-24 5.626719733366853e-15 2.1333308686226825e-15 3.4933888647441704e-15
45.8429814544115 4.806082476903433e-24 5.8483520434682e-15 2.189928481579074e-15 3.658423561889127e-15
47.23916046383907 4.84392346754596e-24 6.073917329755296e-15 2.2478623133358413e-15 3.826055016419455e-15
48.67786104940597 4.880355486822015e-24 6.305976922224375e-15 2.307066673266151e-15 3.998910248958225e-15
50.16037823447602 4.912441306443058e-24 6.540750908032576e-15 2.3675362103890655e-15 4.1732146976435105e-15
51.68804648322576 4.9419969378709686e-24 6.780504735532927e-15 2.4292479214199013e-15 4.3512568141130255e-15
53.26224090184056 4.9660912742636994e-24 7.021074236363584e-15 2.491896305837439e-15 4.529177930526146e-15
54.884378476295105 4.986207714038293e-24 7.264212662474546e-15 2.5555592147284948e-15 4.708653447746049e-15
56.55591934783037 5.000543615497397e-24 7.506970671264485e-15 2.6209760732363758e-15 4.885994598028111e-15
58.27836812727644 5.0099107362458565e-24 7.750091026358532e-15 2.6881461252391913e-15 5.06194490111934e-15
60.05327524940399 5.024733484838356e-24 8.009753721358435e-15 2.7560106256000457e-15 5.253743095758388e-15
61.88223836852342 5.046442720209242e-24 8.289356076910907e-15 2.8243772666828814e-15 5.464978810228027e-15
62.81758386220369 5.058283759070255e-24 8.434393328066042e-15 2.8592153000107206e-15 5.575178028055321e-15
63.7670670344103 5.0779779654919285e-24 8.595213863979151e-15 2.8945769681332083e-15 5.7006368958459406e-15
65.70913619443517 5.131644500176603e-24 8.9505918508399e-15 2.9669677600208423e-15 5.983624090819061e-15
67.71035238438829 5.1795628448461824e-24 9.3093126008085e-15 3.0399212527911674e-15 6.2693913480173295e-15
69.77251696707448 5.216891432463344e-24 9.66196860141628e-15 3.1126173273890418e-15 6.5493512740272394e-15
71.89748616702131 5.248644451489406e-24 1.001682976819614e-14 3.1865274452704115e-15 6.830302322925726e-15
74.08717274132995 5.275347189810221e-24 1.0374412266710788e-14 3.262523378300528e-15 7.111888888410257e-15
76.34354770141287 5.2978415203740354e-24 1.073595626294733e-14 3.338884537596101e-15 7.397071725351229e-15
78.66864208716851 5.3164146218309636e-24 1.110171133372973e-14 3.4143008173197545e-15 7.687410516409978e-15
81.06454879518883 5.3327068020446715e-24 1.1474878854118366e-14 3.489609903070145e-15 7.985268951048226e-15
83.5334244626476 5.3529397053343845e-24 1.1869217011495732e-14 3.56549212722202e-15 8.303724884273714e-15
86.07749140856238 5.3677515717226965e-24 1.2264545041585675e-14 3.640797751763052e-15 8.623747289822627e-15
88.69903963417964 5.367542862221458e-24 1.2637578662027463e-14 3.7144454988143904e-15 8.923133163213077e-15
91.4004288842828 5.357031786160282e-24 1.2996963220255221e-14 3.7864634432156635e-15 9.21049977703956e-15
94.18409077127889 5.3365568979926666e-24 1.3341606484173722e-14 3.8568652581022026e-15 9.484741226071523e-15
97.05253096397554 5.307131951189405e-24 1.3672130158301724e-14 3.924952843434151e-15 9.747177314867571e-15
100.00833144301866 5.27839206606307e-24 1.4012230085185417e-14 3.990304432354713e-15 1.0021925652830704e-14
103.05415282502196 5.242653463794288e-24 1.4341219486743344e-14 4.052297401468101e-15 1.028892208527524e-14
106.19273675747671 5.2090118046522896e-24 1.4683161921722076e-14 4.109947435868261e-15 1.0573214485853816e-14
109.4269083866038 5.168547422973411e-24 1.5012812750543936e-14 4.163038002648861e-15 1.0849774747895078e-14
112.75957890036308 5.1102243770856005e-24 1.5295470745414706e-14 4.2120684905302014e-15 1.1083402254884503e-14
116.1937481489129 5.0384862388751125e-24 1.5540044965110743e-14 4.256000395190834e-15 1.1284044569919908e-14
119.73250734487735 4.946945291300931e-24 1.5722391914328942e-14 4.293038912504592e-15 1.1429353001824351e-14
123.37904184585196 4.8413922963407825e-24 1.5855542317091226e-14 4.3232845468196776e-15 1.1532257770271551e-14
127.13663402165271 4.717984874153808e-24 1.592196578908574e-14 4.348100638721144e-15 1.157386515036459e-14
131.0086662088879 4.581985724584855e-24 1.5933940458628394e-14 4.366549043513629e-15 1.156739141511477e-14
134.99862375551584 4.43098043770627e-24 1.5878102706451322e-14 4.376477744910406e-15 1.1501624961540913e-14
139.11009815812417 4.269600440659023e-24 1.5765775016570792e-14 4.377976485387271e-15 1.1387798531183523e-14
143.3467902947586 4.10211260647618e-24 1.560863712194207e-14 4.372767013622785e-15 1.1235870108319283e-14
147.71251375620898 3.9305584489462504e-24 1.5411360546606854e-14 4.3605460361463476e-15 1.1050814510460502e-14
152.21119827875228 3.775968075986077e-24 1.5256128985927188e-14 4.3396708008542106e-15 1.0916458185072978e-14
156.84689328144228 3.6357015217273076e-24 1.513678268524593e-14 4.310054391003378e-15 1.0826728294242553e-14
159.21741877681018 3.563597489179884e-24 1.506082132263347e-14 4.292381558754074e-15 1.0768439763879401e-14
161.62377151112827 3.4888288504094694e-24 1.496767466834688e-14 4.27289705835938e-15 1.0694777609987504e-14
166.54613279848823 3.332644925707188e-24 1.4733062472907713e-14 4.22852987493914e-15 1.0504532597968567e-14
171.61840792845166 3.1775709790016464e-24 1.4475332963914842e-14 4.176436874768467e-15 1.0298896089146373e-14
176.84516262850022 3.026693228398215e-24 1.4207937006295051e-14 4.116686802640859e-15 1.00912502036542e-14
179.5181642894721 2.951420309650515e-24 1.4064001146244143e-14 4.0841743959521435e-15 9.979826750292002e-15
182.2315681744764 2.8723588442920725e-24 1.389414225113285e-14 4.049998494926511e-15 9.844143756206342e-15
187.78155384880017 2.7068643076819415e-24 1.3492388788245261e-14 3.9769169226436596e-15 9.515471865601602e-15
190.61961427604518 2.6259693386714806e-24 1.3286991902473342e-14 3.938074849791522e-15 9.34891705268182e-15
193.5005680909718 2.54681547647127e-24 1.3081247351497732e-14 3.897759696237548e-15 9.183487655260186e-15
199.3937587803602 2.3960685022062166e-24 1.2681780251766412e-14 3.813003650919167e-15 8.86877660084725e-15
205.46643057848152 2.2549271841943374e-24 1.2298236250049252e-14 3.7229396919632395e-15 8.575296558086013e-15
211.72404970390772 2.1289470549623578e-24 1.1964773631829835e-14 3.627904577695651e-15 8.33686905413418e-15
218.17224885259444 2.006565715772227e-24 1.1620433478203945e-14 3.5287882807826267e-15 8.091645197421317e-15
224.8168322680627 1.8808028072201675e-24 1.1223841409380663e-14 3.426559755210016e-15 7.797281654170647e-15
231.66378096599615 1.7568603042330418e-24 1.0803508137366755e-14 3.3212470387054708e-15 7.482261098661284e-15
238.71925811795668 1.6344423888516167e-24 1.0356821857999814e-14 3.2127634882819433e-15 7.144058369717867e-15
245.98961459906556 1.5157947895549443e-24 9.897525173050082e-15 3.1022845476911382e-15 6.795240625358944e-15
249.71106150874405 1.456146775604293e-24 9.651890067125736e-15 3.0467691969759354e-15 6.605120870149803e-15
253.4888082224776 1.3962934986819703e-24 9.395176397070135e-15 2.9912219910267993e-15 6.403954406043335e-15
261.20898134247824 1.2825135845748275e-24 8.892410698420638e-15 2.879537818663966e-15 6.012872879756672e-15
269.1642775569489 1.181647845569264e-24 8.442574895467008e-15 2.7665698159449255e-15 5.676005079522079e-15
277.3618576987742 1.0882971923163112e-24 8.012419500185594e-15 2.6534575183693006e-15 5.3589619818162925e-15
285.8091006888481 9.918960002365837e-25 7.525088735214067e-15 2.5416728369120833e-15 4.9834158983019824e-15
294.5136101780917 9.001605190448572e-25 7.0371168639867926e-15 2.4310158600060243e-15 4.60610100398077e-15
303.4832213917586 8.201180315093942e-25 6.606637513102471e-15 2.3210971785893462e-15 4.285540334513124e-15
312.7260081821858 7.47606863811157e-25 6.205927738092438e-15 2.2126432971305518e-15 3.993284440961886e-15
322.25029029634635 6.820608142082619e-25 5.8342609427600185e-15 2.106540532104593e-15 3.727720410655425e-15
332.0646408647343 6.219599937259623e-25 5.482195474291245e-15 2.002836826431487e-15 3.4793586478597573e-15
342.17789411833206 5.655424358325167e-25 5.136728126534471e-15 1.9014761819969093e-15 3.2352519445375618e-15
352.59915334060224 5.130955403314276e-25 4.8022961423320415e-15 1.802734059457742e-15 2.9995620828742993e-15
363.337799061663 4.653345863759451e-25 4.487922484588228e-15 1.706948381434067e-15 2.780974103154161e-15
374.40349750202313 4.217702712760592e-25 4.191652730492527e-15 1.6142395272184191e-15 2.577413203274108e-15
380.062092440151 4.014092077152631e-25 4.049592452678683e-15 1.5690810091086784e-15 2.480511443570005e-15
385.80620927347337 3.8194035439590695e-25 3.9114176649075246e-15 1.524736041947315e-15 2.3866816229602097e-15
397.5561983449763 3.4551598202322843e-25 3.6461631934623944e-15 1.4385002441171465e-15 2.2076629493452485e-15
409.6640412816112 3.119371608602745e-25 3.392066775027376e-15 1.355479557374604e-15 2.036587217652772e-15
415.8555509384264 2.9616875615128313e-25 3.269272921743222e-15 1.3151900523699338e-15 1.954082869373289e-15
422.1406367649012 2.810726580171696e-25 3.149525976348376e-15 1.2757256504185407e-15 1.8738003259298352e-15
434.9972154030873 2.530474576244509e-25 2.921849808686471e-15 1.1994155703489117e-15 1.7224342383375584e-15
448.24534984018095 2.276835099405768e-25 2.70904864618787e-15 1.1265596874330708e-15 1.5824889587547998e-15
461.89696517289525 2.0473808947546229e-25 2.510228107609109e-15 1.0569445142184514e-15 1.4532835933906575e-15
475.9643496848308 1.8400226996206445e-25 2.3247006580985904e-15 9.904948184863942e-16 1.3342058396121962e-15
490.4601659075747 1.6514957505173723e-25 2.1500602708377498e-15 9.273965390322086e-16 1.2226637318055412e-15
505.39746201868155 1.479781714299492e-25 1.985181165477169e-15 8.676732433402605e-16 1.1175079221369087e-15
520.7896835867783 1.3248877904915297e-25 1.8315167867904725e-15 8.111284829757065e-16 1.020388303814766e-15
536.6506856743796 1.1859017986948143e-25 1.6893119312965328e-15 7.57667084415036e-16 9.316448468814972e-16
552.9947453093008 1.060811121850087e-25 1.5571430150079789e-15 7.071374063000969e-16 8.50005608707882e-16
569.8365743358964 9.481973317151521e-26 1.4342289430707825e-15 6.594277460600031e-16 7.74801197010779e-16
587.1913326576936 8.469229099963237e-26 1.3200578090181695e-15 6.144409841282812e-16 7.056168248898878e-16
605.0746418833327 7.559378727636231e-26 1.2141280414773756e-15 5.720764676136192e-16 6.420515738637568e-16
623.502599388115 6.742777247651901e-26 1.1159545677050012e-15 5.322305664038349e-16 5.83724001301166e-16
642.4917928037942 6.010557915746828e-26 1.0250659405540754e-15 4.947976693250786e-16 5.302682712289967e-16
662.0593149496696 5.354584167461701e-26 9.410053290308908e-16 4.596722894215773e-16 4.813330396093132e-16
682.2227792184137 4.767415233906416e-26 8.633335716144554e-16 4.2674820410709466e-16 4.36585367507361e-16
703.0003354304876 4.242264526804174e-26 7.916308507069018e-16 3.9592048160346303e-16 3.9571036910343893e-16
724.4106861714122 3.7729511637240017e-26 7.254967396410176e-16 3.670861794513948e-16 3.5841056018962297e-16
746.4731036265977 3.353848245397591e-26 6.645489941675776e-16 3.4014195342411824e-16 3.244070407434593e-16
769.2074469289008 2.979847518182029e-26 6.084248651604239e-16 3.149866071402022e-16 2.9343825802022163e-16
792.6341800345017 2.646322873980812e-26 5.567818373971069e-16 2.9152309624211463e-16 2.652587411549923e-16
816.7743901432078 2.3490894770234443e-26 5.092969841892883e-16 2.6965729924202435e-16 2.39639684947264e-16
841.6498066797607 2.0843606370643884e-26 4.656651361861185e-16 2.4929722194505567e-16 2.1636791424106274e-16
867.2828208532309 1.848716553902593e-26 4.255989100249053e-16 2.3035389539512684e-16 1.9524501462977836e-16
893.6965058121084 1.6390817572184698e-26 3.8883030826643684e-16 2.1274262235863564e-16 1.7608768590780125e-16
920.9146374132232 1.4526889682822124e-26 3.5510881038659996e-16 1.9638235111961255e-16 1.587264592669873e-16
948.9617156232121 1.2870451930045677e-26 3.2419918726878923e-16 1.8119504661704933e-16 1.430041406517399e-16
977.8629865717667 1.1399112091949355e-26 2.9588194515255202e-16 1.671062545435704e-16 1.2877569060898174e-16
1007.6444652765354 1.0092792468356937e-26 2.6995296387150384e-16 1.5404520297236694e-16 1.1590776089913688e-16
1038.332959060126 8.933491476259405e-27 2.4622225257230687e-16 1.4194455989875854e-16 1.0427769267354841e-16
1069.95609168029 7.905097649410075e-27 2.245135865917557e-16 1.307406496888121e-16 9.377293690294359e-17
1102.542328195006 6.993202134258556e-27 2.0466368346613356e-16 1.2037336250809089e-16 8.429032095804273e-17
1136.1210005848498 6.184915492486877e-27 1.865210238403071e-16 1.1078572132394122e-16 7.573530251636585e-17
1170.7223341557005 5.468717822956203e-27 1.699451800334049e-16 1.0192380139043585e-16 6.802137864296905e-17
1206.3774747455793 4.834334655656739e-27 1.5480656123410228e-16 9.373700225603577e-17 6.106955897806652e-17
1243.1185167600695 4.2726102111045406e-27 1.409857576767892e-16 8.617793754182143e-17 5.4807820134967785e-17
1280.9785320615858 3.7753788169391835e-27 1.2837244686947448e-16 7.9201979036056e-17 4.9170467833418504e-17
1319.9915997384837 3.335358313191474e-27 1.1686463229026643e-16 7.276707022814626e-17 4.409756206212018e-17
1360.1928367808064 2.9460716066402696e-27 1.0636854409652002e-16 6.683390412665854e-17 3.9534639969861496e-17
1401.618429690285 2.6017660835088283e-27 9.679824431646487e-17 6.136593517494051e-17 3.5432309141524345e-17
1444.305667053031 2.297323447881643e-27 8.807460287280461e-17 5.632891588205218e-17 3.17456869907524e-17
1488.2929731042755 2.028189942600285e-27 8.012471340454209e-17 5.169069185087418e-17 2.8434021553667923e-17
1533.6199423153234 1.7903222452642482e-27 7.288168221128875e-17 4.742130881426515e-17 2.5460373397023602e-17
1580.327375033885 1.5801342432682582e-27 6.628427051487272e-17 4.349301834481402e-17 2.2791252170058704e-17
1628.457314209858 1.3944434725032223e-27 6.02763194494169e-17 3.987996168376306e-17 2.0396357765653827e-17
1678.0530832396191 1.2304246261257934e-27 5.480625699035668e-17 3.6557976206343905e-17 1.8248280784012762e-17
1729.1593249628888 1.0855731305193868e-27 4.9826861138883036e-17 3.3504615747871856e-17 1.6322245391011174e-17
1781.8220418472597 9.576714795105543e-28 4.5295005208375455e-17 3.069912908589479e-17 1.4595876122480655e-17
1836.0886373966016 8.447548336152341e-28 4.117122238277708e-17 2.812225832564929e-17 1.3048964057127798e-17
1892.007958820556 7.450822093584353e-28 3.7419379851014164e-17 2.5756087816055523e-17 1.1663292034958642e-17
1949.6303410035755 6.571115939093513e-28 3.4006414008436184e-17 2.3583989814094718e-17 1.0422424194341475e-17
2009.0076518130663 5.794801204815182e-28 3.090221186140533e-17 2.1590658422947595e-17 9.311553438457735e-18
2070.1933387874215 5.109822152522161e-28 2.8079290156758874e-17 1.976193856982008e-17 8.317351586938801e-18
2133.242477245972 4.50549778182409e-28 2.5512465830016026e-17 1.808466773229258e-17 7.427798097723453e-18
2198.211819864143 3.9723855044786997e-28 2.3178768623003765e-17 1.6546690707525115e-17 6.6320779154786565e-18
2265.1598477584885 3.5021428273639344e-28 2.105727367878821e-17 1.513679828684111e-17 5.9204753919470916e-18
2334.1468231275226 3.0873937969568095e-28 1.9128883886965574e-17 1.3844637853815552e-17 5.284246033150021e-18
2405.2348434957767 2.721623275426198e-28 1.73762049376164e-17 1.2660659582438613e-17 4.715545355177785e-18
2478.487897609897 2.399077248800167e-28 1.578339654153116e-17 1.1576062166962469e-17 4.207334374568693e-18
2553.971923037092 2.1146684610214696e-28 1.4335994962425414e-17 1.0582719770764872e-17 3.753275191660545e-18
2631.7548655177807 1.8639035455576097e-28 1.3020819003923504e-17 9.673141442898208e-18 3.3476775610252956e-18
2711.906740125872 1.6428173863104215e-28 1.182588016821029e-17 8.840436246567875e-18 2.9854439216424174e-18
2794.4996942916955 1.4479087848899098e-28 1.0740257717933035e-17 8.078255700434844e-18 2.662002017498192e-18
2879.6080727443887 1.276088209486055e-28 9.754017073390795e-18 7.38076326758489e-18 2.3732538058059057e-18
2967.308484432098 1.124630097165079e-28 8.858125587242592e-18 6.742595399708824e-18 2.115530187533769e-18
3057.6798714803062 9.91127606620017e-29 8.04435115662124e-18 6.158812180492851e-18 1.8855389761283887e-18
