Dust emission spectrum from A.P. Jones, M. Kohler, N. Ysard, M. Bocchio, and L. Verstraete (2017), A&A, 602A, 46J 
inside the DustPedia framework.

lambda    nu*dP/dnu     j_nu    j_nu(carb.) j_nu(sil)
 (um)   (erg s-1 H-1) (Jy cm2 sr-1 H-1)
0.9927057738263894 1.0630695358007007e-24 2.801248607979047e-17 2.801248448647839e-17 1.5933120868101972e-24
1.0001793341362166 1.0809454973833752e-24 2.86979653396051e-17 2.8697963421524383e-17 1.9180807206693847e-24
1.0077091589558085 1.0988664707190834e-24 2.939338214750361e-17 2.939337984149895e-17 2.306004651979845e-24
1.0114953028030835 1.1078426079825334e-24 2.9744821538847643e-17 2.9744819011635794e-17 2.527211851934297e-24
1.0152956718711033 1.1168285351234802e-24 3.009875068224578e-17 3.009874791352281e-17 2.768722977381957e-24
1.0229392996569957 1.1348191257228623e-24 3.0813848533643636e-17 3.081384521370746e-17 3.319936176597843e-24
1.0267826658714554 1.1438030393863235e-24 3.117447925071579e-17 3.1174475616967545e-17 3.633748243695137e-24
1.0306404723013447 1.152794420563944e-24 3.1537589188371595e-17 3.1537585212464346e-17 3.975907246488818e-24
1.03451277320114 1.161792820137433e-24 3.190318032019775e-17 3.190317597135243e-17 4.3488453214604326e-24
1.0383996230291617 1.1707977962406553e-24 3.227125470971798e-17 3.227124995452657e-17 4.7551914166675686e-24
1.0403485208654093 1.1753026144429478e-24 3.24562237975853e-17 3.245621882581382e-17 4.971771477331273e-24
1.0423010764483396 1.1798089144716038e-24 3.264181451864735e-17 3.264180932086117e-17 5.1977861828663435e-24
1.0462171883269815 1.1888257481032317e-24 3.3014862015278123e-17 3.3014856335580216e-17 5.679697906182702e-24
1.0471985131304309 1.1910808002831675e-24 3.310851286729037e-17 3.310850706058866e-17 5.806701718007682e-24
1.048180758391296 1.1933361769923379e-24 3.3202319386558455e-17 3.3202313450135566e-17 5.9364228799446666e-24
1.0501480137395462 1.1978478782930925e-24 3.339039958299692e-17 3.339039337875737e-17 6.204239548607649e-24
1.0521189612883777 1.202360800916348e-24 3.3579102921919244e-17 3.3579096438316e-17 6.483603251749038e-24
1.0531058218030118 1.2046145922522151e-24 3.36736013747511e-17 3.367359474697919e-17 6.627771902554526e-24
1.0540936079674168 1.2068584738038183e-24 3.376797028272612e-17 3.376796350768762e-17 6.775038506028984e-24
1.058054026499678 1.2158363210243736e-24 3.4146987090141213e-17 3.414697969410337e-17 7.396037843442085e-24
1.0590464539527713 1.2180813325720704e-24 3.424212678912611e-17 3.4242119229529905e-17 7.559596205075324e-24
1.06003981227728 1.2203265519322748e-24 3.433742077032351e-17 3.4337413043711043e-17 7.72661245553337e-24
1.0620293250338977 1.2248175901980774e-24 3.4528471750912316e-17 3.4528463679614455e-17 8.07129786444862e-24
1.0660195594769086 1.2338018996306532e-24 3.4912427020808616e-17 3.4912418215498504e-17 8.805310113356972e-24
1.070024785945596 1.2427888766584458e-24 3.529885581816782e-17 3.529884621525205e-17 9.602915769756071e-24
1.0740450607676866 1.2517781578483875e-24 3.568776123321878e-17 3.568775076388779e-17 1.0469331005742943e-23
1.07808044048254 1.2607693891964454e-24 3.607914653753327e-17 3.607913512735924e-17 1.1410174035252617e-23
1.0861967418109137 1.278742031006165e-24 3.686895845817074e-17 3.686894491836763e-17 1.3539803120723757e-23
1.0902777775684922 1.2876902556431319e-24 3.726644817132998e-17 3.726643342922079e-17 1.474210918798368e-23
1.0943741465085532 1.2966385431437882e-24 3.766640613397502e-17 3.766639008803177e-17 1.6045943264433405e-23
1.1026131145906286 1.3145341137149518e-24 3.8473743725057503e-17 3.8473724733852364e-17 1.8991205134089813e-23
1.1109141095355224 1.3324264646386731e-24 3.929100756145663e-17 3.929098511353357e-17 2.2447923048749147e-23
1.1192775983109025 1.3502988330686255e-24 4.011780259972185e-17 4.01177761001828e-17 2.649953904421525e-23
1.1277040513999907 1.3680819087803642e-24 4.0952146828906734e-17 4.095211558673112e-17 3.1242175626363103e-23
1.1361939428280308 1.385853838924281e-24 4.179644379985701e-17 4.1796407013450484e-17 3.6786406544197707e-23
1.1447477501889525 1.403613112332025e-24 4.265074763198874e-17 4.265070437272651e-17 4.3259262218445106e-23
1.1533659546722406 1.4213655990806377e-24 4.3515337963061916e-17 4.3515287156508164e-17 5.0806553758775106e-23
1.1707974979042381 1.4569048434443694e-24 4.527749651243093e-17 4.5277426695048514e-17 6.981738242445214e-23
1.1884924949847024 1.492401794878144e-24 4.7081646189174083e-17 4.708155072640161e-17 9.546277247606713e-23
1.2064549276569216 1.5281056337158074e-24 4.8936613431396194e-17 4.893648354546243e-17 1.298859337529447e-22
1.2246888378427687 1.5637477053475428e-24 5.083488881856906e-17 5.0834712960033494e-17 1.758585355565912e-22
1.2431983285522175 1.5992873730277308e-24 5.27759863747864e-17 5.2775749422352903e-17 2.3695243351418483e-22
1.2619875648066055 1.6347626490528964e-24 5.47619891682651e-17 5.4761671421058536e-17 3.1774720656187254e-22
1.3004222497298317 1.705227526867035e-24 5.886215516911655e-17 5.886159181525479e-17 5.633538617429255e-22
1.3400274889804893 1.7752734880682466e-24 6.314637260298755e-17 6.314539206051652e-17 9.805424710357345e-22
1.3808389325824078 1.845092310666669e-24 6.762862466164435e-17 6.762694840745099e-17 1.6762541933545398e-21
1.4228933163050095 1.91528160037497e-24 7.233931782588169e-17 7.233650193412892e-17 2.8158917527799904e-21
1.466228494730424 1.987220368767476e-24 7.734230630982258e-17 7.733765568489245e-17 4.650624930132274e-21
1.5108834753276823 2.0606869257823076e-24 8.264420761310023e-17 8.263665291801337e-17 7.554695086868507e-21
1.5568984535646726 2.1356044660220343e-24 8.825728038773592e-17 8.824519699996877e-17 1.208338776716149e-20
1.6043148490894465 2.2125645271363554e-24 9.422257775955774e-17 9.420351292870345e-17 1.9064830854273062e-20
1.6531753430134553 2.2922390260306757e-24 1.0058848207105144e-16 1.0055884467618713e-16 2.9637394864295546e-20
1.7035239163302658 2.3754858707155903e-24 1.0741628292354765e-16 1.0737087704201712e-16 4.540588153047848e-20
1.755405889504358 2.464497213716827e-24 1.1483527523634243e-16 1.14766684437533e-16 6.859079880944724e-20
1.8088679632656115 2.5596138485762436e-24 1.2289967978619803e-16 1.2279747897270394e-16 1.0220081349409209e-19
1.8639582606462262 2.6612622116948716e-24 1.3167195487011624e-16 1.3152169281495664e-16 1.5026205515961084e-19
1.9207263702978936 2.770382351652075e-24 1.4124550768771638e-16 1.4102742888564006e-16 2.180788020763026e-19
1.979223391128241 2.8882185650907085e-24 1.517379817458851e-16 1.5142543620461314e-16 3.1254554127197705e-19
2.039501978296691 3.0160944907074033e-24 1.6328207369359239e-16 1.6283958458439272e-16 4.424891091996663e-19
2.1016163906111602 3.156444529338103e-24 1.7608446471842103e-16 1.7546536676304088e-16 6.190979553801176e-19
2.1656225393682647 3.311091408201396e-24 1.903370641353286e-16 1.8948075259017275e-16 8.563115451558307e-19
2.231578038680979 3.4809323867404386e-24 2.0619451078952252e-16 2.0502324974000311e-16 1.171261049519419e-18
2.299542257339062 3.6674886633524535e-24 2.2386160227445373e-16 2.222768677713735e-16 1.5847345030802837e-18
2.369576372248914 3.87284204555878e-24 2.435958742019173e-16 2.4147419772863126e-16 2.1216764732861356e-18
2.4417434235010123 4.099304084826881e-24 2.6569268339678215e-16 2.6288110115551975e-16 2.8115822412623628e-18
2.5161083711144245 4.3501242801973126e-24 2.9053632600508187e-16 2.8684731535724883e-16 3.689010647833012e-18
2.5927381535095444 4.6297663290167036e-24 3.1863036697984045e-16 3.1383644452841504e-16 4.793922451425409e-18
2.6717017477616296 4.9426884423924126e-24 3.5052632820642545e-16 3.443546418380043e-16 6.1716863684210614e-18
2.753070231689431 5.2947290098161615e-24 3.86928269398914e-16 3.7905504830642464e-16 7.873221092489345e-18
2.836916847834745 5.698175976560393e-24 4.2909346161419993e-16 4.191381498151178e-16 9.955311799082138e-18
2.9233170693905177 6.177945261962884e-24 4.793904868472722e-16 4.669124487176264e-16 1.2478038129645838e-17
2.967498994190263 6.468198416890568e-24 5.094990132322757e-16 4.955999347429511e-16 1.3899078489324594e-17
3.0123486681368425 6.782260145677683e-24 5.423118763407654e-16 5.268503977490929e-16 1.546147859167261e-17
3.0578761833420214 7.256360507131839e-24 5.889903514428434e-16 5.718085502261455e-16 1.7181801216698017e-17
3.1040917844459814 7.809155126252443e-24 6.434399729642212e-16 6.243838174615629e-16 1.9056155502658204e-17
3.127460860933648 8.283349629200485e-24 6.876497812109989e-16 6.675891545403868e-16 2.0060626670612315e-17
3.1510058709225794 8.876926841960988e-24 7.424740615572401e-16 7.213657609732665e-16 2.1108300583973733e-17
3.162844764501044 9.389725510746489e-24 7.883157556096188e-16 7.666650299135191e-16 2.1650725696099685e-17
3.1747281389236908 9.970654848714976e-24 8.402328504133908e-16 8.180284945171887e-16 2.2204355896202035e-17
3.1986289994194426 1.1533865818209711e-23 9.792829608674952e-16 9.559342739485884e-16 2.334868691890643e-17
3.2227097969389145 1.507613236914403e-23 1.2896758702407604e-15 1.2651139271990338e-15 2.4561943041726265e-17
3.2348180950136065 1.8378311577499752e-23 1.5780650699542677e-15 1.5528554913021277e-15 2.5209578652139767e-17
3.240889293275058 2.0836275204164026e-23 1.7924775046741834e-15 1.7669263120838772e-15 2.5551192590306206e-17
3.2469718861334385 2.3680251890757134e-23 2.0409589936979962e-15 2.015054327012025e-15 2.5904666685971662e-17
3.2714166318528037 3.866497162309681e-23 3.357553844701464e-15 3.3301878802995882e-15 2.736596440187655e-17
3.2744851364798273 3.9608021769621695e-23 3.442671692071224e-15 3.4151333526779648e-15 2.75383393932591e-17
3.2775565192852394 4.0576719541818157e-23 3.5301776075152634e-15 3.5024660163507873e-15 2.771159116447547e-17
3.283707930232385 3.9682158000376876e-23 3.4588301567029304e-15 3.4308084000791237e-15 2.802175662380753e-17
3.2898708863219004 3.678689283877521e-23 3.2124871140960435e-15 3.1841827804385064e-15 2.830433365753717e-17
3.29141343181113 3.610337724808205e-23 3.154276058014647e-15 3.125900759753801e-15 2.83752982608452e-17
3.292184975758714 3.576741191200893e-23 3.1256559907924217e-15 3.097245162111823e-15 2.841082868059916e-17
3.295272960557952 3.3657222964407456e-23 2.944008825383169e-15 2.915459731786952e-15 2.854909359621659e-17
3.3076538914384823 2.6314440278507035e-23 2.310381131489748e-15 2.2812765426246007e-15 2.910458886514827e-17
3.310756385682612 2.4811291529663836e-23 2.180449486903399e-15 2.151204848654767e-15 2.9244638248631586e-17
3.313861789986515 2.3421047240976013e-23 2.0602035663162937e-15 2.030818407422284e-15 2.938515889400932e-17
3.3200813396944477 2.1483914159279368e-23 1.893352882819155e-15 1.8636656218383025e-15 2.9687260980852333e-17
3.345076488085796 1.8131588212012232e-23 1.609946087489729e-15 1.5789129162916981e-15 3.103317119803113e-17
3.3482140837626964 1.8280731574076466e-23 1.6247113845278445e-15 1.5934959044594148e-15 3.121548006842912e-17
3.3513546224236106 1.8431260393172984e-23 1.6396262129307436e-15 1.608227585459557e-15 3.1398627471186174e-17
3.3576445397418455 1.9437715684470493e-23 1.7324047893385049e-15 1.7006232996386118e-15 3.1781489699892825e-17
3.3702598118196083 2.3065016528466906e-23 2.0634150076891898e-15 2.0308304166633028e-15 3.258459102588615e-17
3.382922481734668 2.3958763079634284e-23 2.1514233222135997e-15 2.1180574425107273e-15 3.3365879702871987e-17
3.389271646505754 2.4419771218770688e-23 2.1969359844024206e-15 2.1631739629412143e-15 3.3762021461205766e-17
3.395632727569191 2.492187647143065e-23 2.246316167159562e-15 2.212145893684781e-15 3.4170273474781316e-17
3.421196662673239 2.733170592195908e-23 2.482071066332218e-15 2.4462100595103765e-15 3.586100682184201e-17
3.4276182099114902 2.692778112357923e-23 2.4499794583442024e-15 2.4137403836949685e-15 3.623907464923296e-17
3.4340518103208963 2.5023226873239767e-23 2.2809700858553158e-15 2.2443730595022635e-15 3.6597026353052405e-17
3.4469541582030403 2.2310126382796364e-23 2.041300637545299e-15 2.0040158253266777e-15 3.72848122186219e-17
3.472904465399547 2.164671758810711e-23 1.9955118950259042e-15 1.956643815764155e-15 3.886807926175016e-17
3.4990501388274233 2.0585480285539082e-23 1.911967927111181e-15 1.871477986201202e-15 4.048994090997851e-17
3.5253949054701885 1.6540560953655175e-23 1.5478448968920677e-15 1.5057766339789501e-15 4.206826291311811e-17
3.5519380250092896 1.2708214384957523e-23 1.198172493450841e-15 1.15451569994267e-15 4.365679350817107e-17
3.578680990867387 1.1274306067098314e-23 1.0709821685649907e-15 1.025583972752664e-15 4.539819581232685e-17
3.605625307711299 1.078404030095554e-23 1.032123172441487e-15 9.848896460228575e-16 4.723352641862973e-17
3.660119384959845 1.0617546473508116e-23 1.0315466072082524e-15 9.804514045759549e-16 5.109520263229736e-17
3.715437065384467 1.0584319705609665e-23 1.0438600861380367e-15 9.886855297689917e-16 5.517455636904495e-17
3.8285932144167436 1.1031295982034305e-23 1.1210763624235147e-15 1.0571050693494836e-15 6.397129307403103e-17
3.94519561050918 1.1633615904561946e-23 1.2182956550345406e-15 1.1446879754795904e-15 7.36076795549506e-17
4.06534921144712 1.2309867960893819e-23 1.3283749732795563e-15 1.2442920069425106e-15 8.408296633704605e-17
4.189162171576248 1.3034627866693605e-23 1.4494233149960606e-15 1.3539966585126297e-15 9.542665648343026e-17
4.316745939156006 1.3795729891271324e-23 1.5807769870868603e-15 1.473168909379791e-15 1.0760807770706944e-16
4.448215356677963 1.458557463948196e-23 1.7221809548888364e-15 1.6017092765973568e-15 1.2047167829147998e-16
4.58368876423945 1.540114856591556e-23 1.873862259431197e-15 1.7398193513155524e-15 1.340429081156446e-16
4.723288106065518 1.6242066754702387e-23 2.0363628298308636e-15 1.8879473071017636e-15 1.4841552272910024e-16
4.867139040275056 1.7106818763547382e-23 2.210102624710087e-15 2.046871571924955e-15 1.632310527851318e-16
4.940699165968905 1.75546593631257e-23 2.302238173437154e-15 2.1313866489567018e-15 1.7085152448045207e-16
5.015371051989984 1.800243316462422e-23 2.396644998635156e-15 2.21805261101843e-15 1.7859238761672627e-16
5.091171501069577 1.8472974649799176e-23 2.49645644951749e-15 2.309839846860549e-15 1.8661660265694199e-16
5.129500256944802 1.8707852493179855e-23 2.547231553756808e-15 2.3565642042627687e-15 1.9066734949403932e-16
5.168117569889187 1.894456586688704e-23 2.5988814866239115e-15 2.4041004986475477e-15 1.947809879763637e-16
5.20702561229733 1.91998268299048e-23 2.6537283165861497e-15 2.454467828643649e-15 1.9926048794250104e-16
5.246226572918644 1.9455401718237178e-23 2.7092973895072654e-15 2.5055193904670355e-15 2.0377799904022998e-16
5.265937586045735 1.9583296876854308e-23 2.737353894750598e-15 2.531303367467397e-15 2.060505272832016e-16
5.285722656980489 1.9711258838154745e-23 2.7655923538792724e-15 2.557260378164695e-15 2.0833197571457746e-16
5.305582063971359 1.9839284062494456e-23 2.7940132748219837e-15 2.5833911296212747e-15 2.1062214520070879e-16
5.3255160863122235 1.997069581472426e-23 2.8230874452038148e-15 2.610149271603585e-15 2.1293817360023024e-16
5.365609099470188 2.025961999405327e-23 2.8854912256199792e-15 2.6677613688419892e-15 2.1772985677798994e-16
5.406003951863644 2.055044761607693e-23 2.948947750028943e-15 2.726386530263797e-15 2.22561219765146e-16
5.446702915881641 2.084325892462432e-23 3.0134829904721132e-15 2.786052299142469e-15 2.27430691329643e-16
5.487708281020852 2.114450837832492e-23 3.0800519517424846e-15 2.8476953270556344e-15 2.3235662468685107e-16
5.529022354014368 2.1504882291224658e-23 3.1561297474591073e-15 2.9186366734557573e-15 2.374930740033493e-16
5.570647458961463 2.187234079273481e-23 3.234226057865438e-15 2.991554435338884e-15 2.426716225265528e-16
5.612585937458331 2.2247422443593648e-23 3.31445508603277e-15 3.066564402405019e-15 2.4789068362775027e-16
5.654840148729818 2.264041599722374e-23 3.3983974421542673e-15 3.1452240276867343e-15 2.5317341446753216e-16
5.67608639626678 2.2883337865089806e-23 3.4477661636430353e-15 3.1918293661279604e-15 2.5593679751507627e-16
5.686739436050992 2.300661656324188e-23 3.4728459331576453e-15 3.215523047209145e-15 2.573228859485006e-16
5.6974124697621304 2.3131146704802715e-23 3.4981969585841024e-15 3.239485085643118e-15 2.5871187294098377e-16
5.718818669136295 2.3384084871414485e-23 3.549736677531344e-15 3.2882382339590612e-15 2.6149844357228373e-16
5.740305295436557 2.3654575091703233e-23 3.604288739403094e-15 3.339972169067141e-15 2.643165703359504e-16
5.7835210386641895 2.431468613838915e-23 3.732763035119028e-15 3.4626186526631164e-15 2.7014438245591203e-16
5.827062130521658 2.5041558222328032e-23 3.87329371681656e-15 3.59722111752898e-15 2.7607259928757986e-16
5.8489554468988025 2.552824843963654e-23 3.963407839118575e-15 3.6841358769592e-15 2.7927196215937533e-16
5.870931020387893 2.6039161735575288e-23 4.057919336873314e-15 3.775430669599472e-15 2.824886672738409e-16
5.892989160043636 2.657620651632356e-23 4.1571726861228125e-15 3.8714501418647924e-15 2.8572254425801984e-16
5.915130176081913 2.717508435717689e-23 4.2668231298307866e-15 3.977748835548962e-15 2.8907429428182364e-16
5.95966208400165 2.880346128357288e-23 4.556545888817577e-15 4.259842863026757e-15 2.9670302579081843e-16
6.004529249263818 3.107525548204819e-23 4.952940440489373e-15 4.647656944461531e-15 3.05283496027841e-16
6.027089341400364 3.2627697400091236e-23 5.21991568524208e-15 4.909678709595138e-15 3.102369756469439e-16
6.049734195844842 3.44336159692748e-23 5.529531778361916e-15 5.2140484234652954e-15 3.1548335489662085e-16
6.095279466722835 3.9584147906283136e-23 6.404487117689063e-15 6.076122644816301e-15 3.2836447287276223e-16
6.141167624020661 4.737147649720218e-23 7.722133509603943e-15 7.37706877694415e-15 3.450647326597914e-16
6.164241091010745 5.232574153314446e-23 8.561787425926046e-15 8.206249678978257e-15 3.555377469477919e-16
6.187401249150058 5.788683770374249e-23 9.507307458915934e-15 9.141011437087212e-15 3.6629602182872106e-16
6.1990139391386085 6.05944364246883e-23 9.970680420677333e-15 9.598909430188076e-15 3.7177099048925547e-16
6.204828454712694 6.201359098286315e-23 1.0213770438954344e-14 9.839233666652986e-15 3.7453677230135837e-16
6.210648424152782 6.304869082495267e-23 1.0393993748969281e-14 1.0017098518421494e-14 3.7689523054778387e-16
6.233982942956859 6.653788786324879e-23 1.1010424252519337e-14 1.0625297658053062e-14 3.8512659446627424e-16
6.239830258556775 6.697029087277847e-23 1.1092371186496442e-14 1.070609584790591e-14 3.862753385905307e-16
6.245683058788269 6.699202300284038e-23 1.110637844080081e-14 1.0718952367541322e-14 3.874260732594928e-16
6.257405133728602 6.685923504595089e-23 1.1105167427843704e-14 1.0715723328779696e-14 3.8944409906400635e-16
6.269149208991335 6.612877878001809e-23 1.1004455080102883e-14 1.061425084247098e-14 3.90204237631901e-16
6.280915325867298 6.435464354493283e-23 1.0729321546170534e-14 1.0339913116835854e-14 3.894084293346804e-16
6.304513850009849 6.000438228352591e-23 1.004162515332505e-14 9.655216831803285e-15 3.8640832152176826e-16
6.32820103803542 5.467361592366882e-23 9.183907444613437e-15 8.801997875043356e-15 3.819095695700793e-16
6.3519772230701035 4.980986167050786e-23 8.398344797582762e-15 8.020457731804088e-15 3.778870657786709e-16
6.375842739491607 4.57041515921412e-23 7.735042089278217e-15 7.360689732761338e-15 3.743523565168785e-16
6.399797922933955 4.246701281659525e-23 7.214187197188084e-15 6.84158974673374e-15 3.725974504543461e-16
6.42384311029221 3.9766609735289344e-23 6.780831083656351e-15 6.4096342873236206e-15 3.7119679633273123e-16
6.447978639727206 3.782844369556542e-23 6.474578450610427e-15 6.103392743826663e-15 3.71185706783765e-16
6.472204850670314 3.621339709397447e-23 6.221440535993819e-15 5.849989612692096e-15 3.7145092330172297e-16
6.496522083828205 3.51887876729387e-23 6.0681269346164795e-15 5.695283386034281e-15 3.7284354858219776e-16
6.520930681187647 3.432968992496435e-23 5.942222335396834e-15 5.567813999739346e-15 3.7440833565749136e-16
6.57002334288761 3.3493712680598735e-23 5.841167176843994e-15 5.462063239129235e-15 3.7910393771475877e-16
6.619489833774732 3.346919779588908e-23 5.88083853721969e-15 5.495758368435028e-15 3.850801687846615e-16
6.6693287637831435 3.386667785570027e-23 5.995482728249307e-15 5.603886436232993e-15 3.915962920163142e-16
6.719538636694507 3.4333133607562393e-23 6.123818804886833e-15 5.725932134987134e-15 3.978866698996989e-16
6.770126513364129 3.5423943823338385e-23 6.365948603460104e-15 5.9612011773093435e-15 4.047474261507629e-16
6.8210952395837445 3.704567829815066e-23 6.707506427202031e-15 6.29504462741198e-15 4.1246179979005347e-16
6.872447682569556 3.9066599634171986e-23 7.126667340746994e-15 6.705661250929256e-15 4.2100608981773642e-16
6.924186731123532 4.158579977045969e-23 7.643341474908867e-15 7.212999770158977e-15 4.303417047498922e-16
6.976315295795916 4.363982998249776e-23 8.08125076570793e-15 7.641424909417732e-15 4.398258562901976e-16
7.028836309048954 4.4041003956016397e-23 8.21693919049149e-15 7.768200463254238e-15 4.487387272372524e-16
7.081752725421856 4.3333770746441424e-23 8.14585495567132e-15 7.688451596418935e-15 4.574033592523837e-16
7.135067521697011 4.291908942097135e-23 8.128642427906392e-15 7.661614931335641e-15 4.670274965707507e-16
7.1887836970674375 4.3551499560847243e-23 8.310515475883755e-15 7.832211496500156e-15 4.783039793835976e-16
7.242904273305506 4.539974321494994e-23 8.728418775674174e-15 8.236727705862026e-15 4.916910698121469e-16
7.297432294932914 4.822787969970698e-23 9.341952963721219e-15 8.833831313062098e-15 5.081216506591224e-16
7.352370829391971 5.145035054283392e-23 1.004118975765698e-14 9.511221917667448e-15 5.29967839989532e-16
7.379995003818881 5.344275668114175e-23 1.0469220638841888e-14 9.92633834086762e-15 5.428822979742658e-16
7.407722967218148 5.562012664841873e-23 1.093669595703728e-14 1.0380313557961455e-14 5.563823990758253e-16
7.463496598684601 6.108614272008824e-23 1.210192549223692e-14 1.1515063038322363e-14 5.868624539145537e-16
7.519690156487492 6.808412531563784e-23 1.3589868100726008e-14 1.2967189142629487e-14 6.226789580965198e-16
7.533803324048627 7.011273452154694e-23 1.4021052554619312e-14 1.338821733673144e-14 6.328352178878693e-16
7.547942979602549 7.222181220409649e-23 1.4469929838958963e-14 1.3826770401395582e-14 6.431594375633769e-16
7.57630195363571 7.664026328248753e-23 1.5412876418111433e-14 1.474842690221026e-14 6.644495159011734e-16
7.590521371821866 7.886815925170266e-23 1.5890689625034603e-14 1.5215076841527307e-14 6.75612783507292e-16
7.604767477414989 8.11790048846615e-23 1.6386986502970452e-14 1.5700021360067578e-14 6.869651429028774e-16
7.633339951266878 8.579091908865677e-23 1.738302511729792e-14 1.6673320373636993e-14 7.097047436609264e-16
7.662019777021956 8.932536948910851e-23 1.816718015936339e-14 1.74369586030239e-14 7.302215563394917e-16
7.690807358020558 9.167895095720066e-23 1.8715912295939896e-14 1.796839579842824e-14 7.47516497511653e-16
7.719703099118437 9.278685791517289e-23 1.9013256141330095e-14 1.8251926334364136e-14 7.61329806965959e-16
7.748707406692464 9.241922530839322e-23 1.9009076521807335e-14 1.8234634692483538e-14 7.744418293237995e-16
7.777823177463063 9.099870927735146e-23 1.8787229082600207e-14 1.7986008562011668e-14 8.012205205885484e-16
7.807048350752435 8.8904760040769e-23 1.8423889330072718e-14 1.7591961754699114e-14 8.319275753736044e-16
7.836380830085272 8.605145332456585e-23 1.7899593824483528e-14 1.7037375706415984e-14 8.622181180675464e-16
7.851088371676256 8.408634956503711e-23 1.7523659172007654e-14 1.6648308512305838e-14 8.753506597018124e-16
7.86582351679805 8.200855022297768e-23 1.7122720414901544e-14 1.6235111418528615e-14 8.876089963729326e-16
7.89537682495964 7.743756114911376e-23 1.6229082285945388e-14 1.5320383535562624e-14 9.086987503827681e-16
7.9250411701946435 7.255184140528224e-23 1.5262279396283325e-14 1.4331294872300813e-14 9.30984523982513e-16
7.939915112024199 6.998998550296512e-23 1.4750990927140758e-14 1.3808182539500956e-14 9.428083876398005e-16
7.954816969689239 6.756832106309327e-23 1.426733150478607e-14 1.3312077582048942e-14 9.552539227371268e-16
7.9847046421970465 6.312071253941265e-23 1.3378276937711245e-14 1.2395909336465244e-14 9.823676012459952e-16
8.044817289139356 5.576942217138189e-23 1.1909177352015045e-14 1.0861541627422033e-14 1.047635724593013e-15
8.07504310897143 5.312765150483102e-23 1.1387670724921783e-14 1.0300632085379344e-14 1.0870386395424398e-15
8.105382492623747 5.0815802560546787e-23 1.0933060115022501e-14 9.804011986053381e-15 1.129048128969117e-15
8.135835866775926 4.902376378843368e-23 1.058713040873371e-14 9.416304366274384e-15 1.1708260424593244e-15
8.166403659710703 4.7731545979560755e-23 1.0346793391519573e-14 9.130697818103381e-15 1.2160955734161935e-15
8.197086301319933 4.683028581682253e-23 1.018956746083368e-14 8.926026956865124e-15 1.2635405039685542e-15
8.227884223110665 4.607366689940492e-23 1.0062604028304148e-14 8.748851101748397e-15 1.3137529265557506e-15
8.258797858211198 4.5794794969786627e-23 1.0039275871865143e-14 8.659280130207705e-15 1.3799957416574371e-15
8.289827641377162 4.6188315250164706e-23 1.0163588083768905e-14 8.652137285653001e-15 1.5114507981159033e-15
8.320974008997652 4.7008902360735853e-23 1.0383020446133677e-14 8.713649974453472e-15 1.6693704716802056e-15
8.35223739910135 4.801802465273655e-23 1.0645757110709777e-14 8.803909049502004e-15 1.8418480612077734e-15
8.383618251362687 4.962337298717553e-23 1.104300345906939e-14 9.027270332798479e-15 2.015733126270909e-15
8.415117007108037 5.166707981961878e-23 1.1541001787258697e-14 9.336496334928076e-15 2.2045054523306198e-15
8.446734109321913 5.413646327921462e-23 1.213802804283755e-14 9.740569387971919e-15 2.3974586548656333e-15
8.478470002653195 5.706451038282497e-23 1.2842601781923493e-14 1.0247617054404806e-14 2.594984727518685e-15
8.542299949622933 6.328996533275224e-23 1.435089899471201e-14 1.1342417449447232e-14 3.0084815452647773e-15
8.558332380220154 6.465524367037089e-23 1.4687988879113933e-14 1.1573802241702348e-14 3.1141866374115865e-15
8.574394900937412 6.564490135343125e-23 1.494080214212754e-14 1.1721609435012364e-14 3.21919270711518e-15
8.606610438733982 6.636515916949125e-23 1.516148425720849e-14 1.173621867754707e-14 3.4252655796614143e-15
8.622764948673899 6.623147166432676e-23 1.5159343221373088e-14 1.1630956739615216e-14 3.5283864817578724e-15
8.638949780445296 6.551164343265765e-23 1.5022730516390986e-14 1.1394166543257871e-14 3.628563973133114e-15
8.655163606183647 6.478579709317003e-23 1.4884166555269904e-14 1.1153003037138944e-14 3.731163518130963e-15
8.671407862489573 6.386447315570893e-23 1.4700035406425183e-14 1.0866073034545214e-14 3.833962371879967e-15
8.703987895363145 6.156355391499497e-23 1.422366103613344e-14 1.0184133305172764e-14 4.039527730960679e-15
8.736690337257128 5.963765374387186e-23 1.383046955826252e-14 9.575335722350568e-15 4.255133835911952e-15
8.802464289484785 5.676938515166462e-23 1.3264408720968096e-14 8.553469067041816e-15 4.71093965392628e-15
8.868733419248175 5.580924088279692e-23 1.3138238735608386e-14 7.886689392627295e-15 5.2515493429810904e-15
8.935501454478851 5.663187030373612e-23 1.3432265506296781e-14 7.45595451938085e-15 5.976310986915931e-15
9.002772151174003 5.826676100500572e-23 1.3924081884857604e-14 7.178474366089934e-15 6.745607518767673e-15
9.07054929360775 6.036684977135977e-23 1.4534548110010194e-14 6.997667176983668e-15 7.536880933026525e-15
9.13883669454403 6.277686105549234e-23 1.5228598837997232e-14 6.876299425017492e-15 8.35229941297974e-15
9.207638195451068 6.532722411353283e-23 1.5966579339562385e-14 6.8052795053930816e-15 9.161299834169305e-15
9.276957666717493 6.816701983448573e-23 1.6786081041895976e-14 6.745861170109683e-15 1.0040219871786292e-14
9.346799007870057 7.096974975554888e-23 1.7607820844267256e-14 6.71983122811023e-15 1.0887989616157027e-14
9.417166147792997 7.390838949161732e-23 1.8474955656282405e-14 6.69936142081496e-15 1.1775594235467448e-14
9.488063044949055 7.587805253734081e-23 1.911010928711216e-14 6.69891162478755e-15 1.241119766232462e-14
9.559493687602165 7.797423562967875e-23 1.9785883605916886e-14 6.7013283119054185e-15 1.3084555294011465e-14
9.631462094041797 7.997084017329575e-23 2.044529171757064e-14 6.717571365175951e-15 1.3727720352394686e-14
9.703972312809022 8.195018905836341e-23 2.11090622982884e-14 6.735386057854576e-15 1.4373676240433823e-14
9.777099908821425 8.279999092942016e-23 2.1488681819298263e-14 6.764306381429781e-15 1.472437543786848e-14
9.924867353363874 8.391230866309955e-23 2.2106491116762787e-14 6.8345513230589355e-15 1.5271939793703854e-14
10.074868099996943 8.321467412803152e-23 2.2254032549712016e-14 6.928882492381962e-15 1.5325150057330058e-14
10.150790707826552 8.233252515195987e-23 2.218404522813156e-14 6.983421274589323e-15 1.5200623953542235e-14
10.22721067892732 8.145480659585475e-23 2.211278036567187e-14 7.052768767076567e-15 1.506001159859531e-14
10.304205975847633 8.057414746808417e-23 2.2038380830315437e-14 7.125027547409503e-15 1.4913353282905938e-14
10.381780929913377 7.930719254573479e-23 2.18551539325446e-14 7.219280225776871e-15 1.4635873706767732e-14
10.459939905058707 7.80736365614001e-23 2.1677192342115838e-14 7.319943542009755e-15 1.4357248800106084e-14
10.538687298071551 7.677416558212198e-23 2.147687336879132e-14 7.458017779322057e-15 1.4018855589469261e-14
10.618027538840941 7.551258982182092e-23 2.1282990234834343e-14 7.609314610354366e-15 1.3673675624479974e-14
10.697971937068667 7.403635948430928e-23 2.102402880213784e-14 7.818642924654472e-15 1.3205385877483369e-14
10.778518246224262 7.28100092934284e-23 2.0831453844677495e-14 8.100086212976524e-15 1.2731367631700973e-14
10.859664048220797 7.201643656789315e-23 2.0759526885183486e-14 8.503736457794873e-15 1.2255790427388613e-14
10.941420754335242 7.189899952283494e-23 2.0881707085536012e-14 9.100260714134212e-15 1.17814463714018e-14
10.961955922839442 7.206028027458236e-23 2.09678273271627e-14 9.306176850040977e-15 1.1661650477121717e-14
10.982529632329763 7.230590590682778e-23 2.107878569465758e-14 9.535896559820044e-15 1.1542889134837531e-14
11.023792963743814 7.313003066155452e-23 2.1399135897436133e-14 1.0091601243983038e-14 1.130753465345309e-14
11.065211328886559 7.452007193020229e-23 2.188781509442274e-14 1.0815477899556203e-14 1.1072337194866539e-14
11.08597883104876 7.555143469649039e-23 2.2232392132300445e-14 1.1277710301485483e-14 1.0954681830814958e-14
11.106785310247485 7.675905868543239e-23 2.2630150932154783e-14 1.1793223751373201e-14 1.0836927180781582e-14
11.14851549250461 7.980503809682797e-23 2.3616567921675664e-14 1.3015343575290421e-14 1.0601224346385244e-14
11.169441129330048 8.147845821601848e-23 2.4157037802182262e-14 1.3671749828782127e-14 1.0485287973400133e-14
11.190406043337886 8.29099701147148e-23 2.4627596916721638e-14 1.4258821268581934e-14 1.0368775648139702e-14
11.21140851448765 8.427802065561985e-23 2.5080947420453994e-14 1.4830141778225102e-14 1.0250805642228899e-14
11.22192452720434 8.501011138830166e-23 2.5322545597211726e-14 1.5130216779348975e-14 1.0192328817862754e-14
11.232450403670388 8.519909459502367e-23 2.540264402092872e-14 1.526390939553949e-14 1.013873462538923e-14
11.253533585369773 8.511223002216248e-23 2.5424376665598973e-14 1.538970004107649e-14 1.0034676624522484e-14
11.274656339961506 8.476038650341359e-23 2.5366799403183024e-14 1.543460291800291e-14 9.932196485180125e-15
11.285231677511122 8.458771181290051e-23 2.5338866843694947e-14 1.545709821838566e-14 9.881768625309296e-15
11.295816934455262 8.398822675092953e-23 2.518288547874688e-14 1.5351986759988178e-14 9.830898718758697e-15
11.317017243752359 8.257124885652757e-23 2.4804487819436263e-14 1.5075139544992945e-14 9.72934827444332e-15
11.338257342390673 8.116145977126387e-23 2.4426744657596012e-14 1.4798254986696242e-14 9.62848967089977e-15
11.359537305047965 7.967970444532044e-23 2.4025796246249308e-14 1.4499476995755667e-14 9.526319250493655e-15
11.402217121831576 7.647206194973579e-23 2.3145232091696947e-14 1.3828720847136886e-14 9.316511244560053e-15
11.423617126015266 7.482517997463656e-23 2.268928665604108e-14 1.347937571434737e-14 9.209910941693712e-15
11.445057294333186 7.315112011234068e-23 2.2223291593851148e-14 1.3123535675365074e-14 9.099755918486075e-15
11.488058425037956 6.975923869461277e-23 2.1272464178574877e-14 1.2403290759370011e-14 8.86917341920486e-15
11.53122111869469 6.667471692142567e-23 2.0408256951304588e-14 1.1763995369832754e-14 8.644261581471837e-15
11.574545982324347 6.386322355547942e-23 1.9621139876692356e-14 1.1196252505737412e-14 8.424887370954945e-15
11.618033625228566 6.129789406676061e-23 1.8903734819725126e-14 1.0697866721745106e-14 8.205868097980019e-15
11.661684658998247 5.898989457355224e-23 1.8260318429462568e-14 1.0289720668278017e-14 7.970597761184555e-15
11.705499697522141 5.700828031462952e-23 1.7713212452888255e-14 9.98206039062254e-15 7.731152062265724e-15
11.749479356995494 5.525143961427938e-23 1.723184001911051e-14 9.747203015195453e-15 7.484637003915052e-15
11.793624255928705 5.363085222338204e-23 1.6789254728024178e-14 9.548792234963868e-15 7.240462493060316e-15
11.83793501515603 5.224237127893638e-23 1.6416034870006816e-14 9.433090294506006e-15 6.982944575500807e-15
11.882412257844306 5.093847575796365e-23 1.6066452502335024e-14 9.337136142784927e-15 6.729316359550096e-15
11.92705660950172 4.979320794748089e-23 1.576423209752037e-14 9.299665400237175e-15 6.4645666972831944e-15
11.971868697986617 4.8715623162453263e-23 1.5481022450312292e-14 9.277840339093316e-15 6.2031821112189774e-15
12.016849153516302 4.7780592221171463e-23 1.5240933598133643e-14 9.3158383101719e-15 5.925095287961737e-15
12.061998608675935 4.69065497080113e-23 1.5018349123987732e-14 9.365632766126923e-15 5.652716357860812e-15
12.152807060118223 4.54609738951794e-23 1.4665091307266147e-14 9.578085990923505e-15 5.087005316342644e-15
12.198467333490619 4.488714172400412e-23 1.453438474282989e-14 9.744346988160589e-15 4.790037754669297e-15
12.244299160690385 4.4395269677461966e-23 1.4429127251676086e-14 9.928356707426393e-15 4.500770544249695e-15
12.290303186275983 4.4008929402354415e-23 1.4357301919460174e-14 1.016532191218734e-14 4.191980007272835e-15
12.3364800572276 4.386243804270597e-23 1.4363274545204158e-14 1.0421957270632181e-14 3.941317274571971e-15
12.382830422956244 4.4316433253590097e-23 1.4566464611963114e-14 1.0715644685663397e-14 3.850819926299714e-15
12.429354935312874 4.4814216911326066e-23 1.4785425760422542e-14 1.1022796784635753e-14 3.7626289757867826e-15
12.476058240797144 4.5282712924353564e-23 1.4996132340777556e-14 1.1319457370613315e-14 3.676674970164244e-15
12.522937033967983 4.582572975493855e-23 1.5232985181983853e-14 1.1620173048922931e-14 3.612812133060922e-15
12.569987951963114 4.642469824001214e-23 1.549007012969487e-14 1.1858762906072017e-14 3.63130722362285e-15
12.593579661530361 4.661462416892302e-23 1.5582631975358735e-14 1.1942415877299003e-14 3.6402160980597285e-15
12.617215648686605 4.673558444804684e-23 1.565238915950014e-14 1.2003483065625891e-14 3.6489060938742484e-15
12.664620788327802 4.670107663709846e-23 1.569959742768365e-14 1.2034174423592876e-14 3.665423004090771e-15
12.71220403757155 4.637785823169722e-23 1.5649518384899744e-14 1.1968479596109776e-14 3.681038788789963e-15
12.736062662318053 4.60965607869756e-23 1.558379205818409e-14 1.189533683874934e-14 3.688455219434747e-15
12.759966065607527 4.5747889944828915e-23 1.5494944325163813e-14 1.1799293658313449e-14 3.695650666850368e-15
12.807907544139693 4.4830301757319e-23 1.5241204107189294e-14 1.1531977929221973e-14 3.709226177967327e-15
12.856029147395699 4.3825830425405474e-23 1.4955689341282817e-14 1.1233383732204997e-14 3.722305609077821e-15
12.904331552136407 4.2772095598810695e-23 1.4650939493424574e-14 1.0915645524133682e-14 3.735293969290893e-15
12.95281543766539 4.170708450731705e-23 1.43398114981053e-14 1.0591968514868538e-14 3.747842983236758e-15
13.00148148583848 4.073364716979139e-23 1.4057742119614738e-14 1.0297327351826957e-14 3.760414767787783e-15
13.050330381073369 3.984297093777881e-23 1.3802020053113731e-14 1.0029010141296757e-14 3.773009911816975e-15
13.099362810359226 3.9033961045345735e-23 1.3572574316090963e-14 9.786972120990214e-15 3.785602195100752e-15
13.197981031955921 3.7671584419853084e-23 1.3197474130719249e-14 9.38686127201808e-15 3.8106128587011635e-15
13.247568211189632 3.711169430982079e-23 1.3050176325990263e-14 9.22716308373049e-15 3.8230132422597725e-15
13.297341698339563 3.660206708155011e-23 1.2919326517065846e-14 9.083948126989115e-15 3.83537839007673e-15
13.397450398986955 3.575890661631744e-23 1.2716740877894199e-14 8.857168217882453e-15 3.8595726600117485e-15
13.447787020368724 3.5408716515407205e-23 1.2639515891044129e-14 8.768217571963283e-15 3.8712983190808476e-15
13.498312765455129 3.508362640843059e-23 1.2570524464987966e-14 8.687642228369352e-15 3.882882236618614e-15
13.59993447169816 3.4525708980895727e-23 1.2463753591115005e-14 8.55906326008337e-15 3.9046903310316335e-15
13.702321234386334 3.410742458991159e-23 1.240544950880363e-14 8.463495610080495e-15 3.94195389872314e-15
13.805478813227746 3.4164879340989285e-23 1.2519898214837244e-14 8.393763959058845e-15 4.1261342557784e-15
13.90941301129231 3.4294875260649764e-23 1.2662150273700636e-14 8.334328654622197e-15 4.327821619078438e-15
13.96167316792965 3.451568565488162e-23 1.279155685276057e-14 8.316110994378414e-15 4.475445858382153e-15
14.014129675338197 3.475689902981251e-23 1.2929346875237764e-14 8.30195744651864e-15 4.627389428719128e-15
14.119634696140762 3.532322642157746e-23 1.3238941373703732e-14 8.300517285744657e-15 4.938424087959074e-15
14.225934008823913 3.591236939024917e-23 1.3561080135857864e-14 8.303794351264697e-15 5.257285784593168e-15
14.333033593193976 3.653904527214081e-23 1.3901598693675986e-14 8.307050849921408e-15 5.594547843754582e-15
14.44093947407611 3.7139927408855087e-23 1.423658847238695e-14 8.30754084140915e-15 5.929047630977802e-15
14.54965772165321 3.7783014262923936e-23 1.459213409630944e-14 8.308491472157134e-15 6.2836426241522995e-15
14.659194451807393 3.847027186369127e-23 1.4969413814398882e-14 8.309866710343997e-15 6.659547104054881e-15
14.769555826464039 3.919427660348209e-23 1.5365953725721224e-14 8.311130861011274e-15 7.054822864709948e-15
14.992777389284976 4.059432488368796e-23 1.615536776578522e-14 8.30602329328397e-15 7.84934447250125e-15
15.21937263962189 4.2164166167445625e-23 1.7033727682930718e-14 8.302786441013753e-15 8.730941241916964e-15
15.449392566130673 4.3841522143667545e-23 1.7979038640939185e-14 8.290644604181137e-15 9.688394036758046e-15
15.682888928090767 4.7033502940119054e-23 1.957955535170304e-14 8.281693309489202e-15 1.1297862042213843e-14
15.919914267052077 5.059687935486414e-23 2.1381289286442133e-14 8.266260096392429e-15 1.3115029190049704e-14
16.03976693895051 5.234086851287789e-23 2.2284783101586214e-14 8.260569090776029e-15 1.4024214010810179e-14
16.1605219186579 5.4215650653419e-23 2.3256774923894894e-14 8.270773919628458e-15 1.4986001004266433e-14
16.22123989475974 5.505359476761951e-23 2.3704956460453986e-14 8.27754561719065e-15 1.542741084326333e-14
16.282185999175777 5.591531263898189e-23 2.4166452447749575e-14 8.284249226595144e-15 1.588220322115443e-14
16.312744867225646 5.635529225321877e-23 2.440232366748433e-14 8.287575471400663e-15 1.6114748196083672e-14
16.343361089024967 5.680146427540247e-23 2.4641681538920223e-14 8.290884662391536e-15 1.6350796876528687e-14
16.404766024646595 5.771272861577737e-23 2.513107588518566e-14 8.297451844452755e-15 1.6833624040732905e-14
16.466401669612416 5.86498040950067e-23 2.5635081583910305e-14 8.303950700408135e-15 1.733113088350217e-14
16.497306278852424 5.91282447438031e-23 2.5892707021795096e-14 8.30717448508038e-15 1.7585532536714717e-14
16.528268890738765 5.961340921620093e-23 2.6154159137475386e-14 8.310381163870876e-15 1.784377797360451e-14
16.590368558098763 6.060428314537576e-23 2.6688783929865153e-14 8.316743174852514e-15 1.8372040755012635e-14
16.65270154503456 6.158555279031649e-23 2.722281147697401e-14 8.322895154351e-15 1.8899916322623013e-14
16.715268728169598 6.242887958108226e-23 2.7699270839330065e-14 8.328377047276405e-15 1.9370893792053653e-14
16.778070987420957 6.329168998541735e-23 2.8187603427270575e-14 8.333796199878783e-15 1.9853807227391786e-14
16.9043842704834 6.507751562700791e-23 2.920113652173531e-14 8.344445762473305e-15 2.0856690759262016e-14
17.03164849990255 6.694664038602147e-23 3.0265991521274353e-14 8.354842878486425e-15 2.191114864278793e-14
17.159870834853997 6.886365610679298e-23 3.136703901392544e-14 8.364832231960529e-15 2.3002206781964907e-14
17.289058488411015 7.047734342313717e-23 3.234374482249078e-14 8.373103472069799e-15 2.3970641350420987e-14
17.35401657858945 7.13064442263449e-23 3.2847189914007965e-14 8.377155139626739e-15 2.447003477438123e-14
17.386587088641786 7.172667222487422e-23 3.310277906114899e-14 8.379159892527486e-15 2.4723619168621495e-14
17.419218727950305 7.215072924853945e-23 3.336098235930693e-14 8.381150557759708e-15 2.4979831801547218e-14
17.48466585346766 7.301046407692588e-23 3.38853424472622e-14 8.38508952855152e-15 2.550025291871068e-14
17.550358875560836 7.388591920396949e-23 3.442049528652926e-14 8.388971863806546e-15 2.6031523422722707e-14
17.682486308455736 7.55004799080544e-23 3.543745099746225e-14 8.39639959827986e-15 2.7041051399182384e-14
17.81560845938729 7.53667166274877e-23 3.564098418220778e-14 8.402020258813053e-15 2.7238963923394724e-14
17.882544892141226 7.529941874461546e-23 3.574294894613968e-14 8.404759724081772e-15 2.7338189222057912e-14
17.949732817065083 7.521768673688674e-23 3.583829948905411e-14 8.407451467918667e-15 2.7430848021135444e-14
18.084866926577256 7.493194873736597e-23 3.597093923799383e-14 8.412690447550575e-15 2.7558248790443264e-14
18.221018389814958 7.463914056436122e-23 3.6100125321112964e-14 8.417868482615013e-15 2.768225683849795e-14
18.496404071615608 7.39039097023277e-23 3.628475138529463e-14 8.43057912726608e-15 2.7854172258028554e-14
18.635790038622734 7.354625369674975e-23 3.638126513965785e-14 8.440839683126117e-15 2.7940425456531727e-14
18.776226396166493 7.318426831011025e-23 3.64750151853088e-14 8.450718591567406e-15 2.802429659374139e-14
18.91772105982334 7.277324950828558e-23 3.654348974905031e-14 8.459548913302625e-15 2.8083940835747676e-14
19.203636446149176 7.195770970985632e-23 3.668007716362981e-14 8.476313324867695e-15 2.8203763838762107e-14
19.4938730510763 7.109432214268422e-23 3.6787687132653474e-14 8.49061972386373e-15 2.829706740878974e-14
19.78849618389234 7.019568254869256e-23 3.6871654512651234e-14 8.502735664242254e-15 2.836891884840898e-14
20.08757214094514 6.925803483963435e-23 3.692895743900428e-14 8.512399017019182e-15 2.84165584219851e-14
20.391466406516905 6.829195483811336e-23 3.6964721264939355e-14 8.519901642257021e-15 2.844481962268233e-14
20.699681925472166 6.726733189150684e-23 3.696045484990309e-14 8.525746112732974e-15 2.8434708737170135e-14
21.012556099387844 6.609298198369942e-23 3.6864102571062234e-14 8.530081946169622e-15 2.8334020624892603e-14
21.652507708764745 6.3666343108974e-23 3.659211737671356e-14 8.547806540967496e-15 2.804431083574608e-14
21.979755641372343 6.247314162013687e-23 3.6449001789679417e-14 8.555674305932234e-15 2.789332748374718e-14
22.311949477282987 6.128884174122572e-23 3.629847377785243e-14 8.561556139168972e-15 2.7736917638683454e-14
22.64916396703608 6.011198379831213e-23 3.613954409245985e-14 8.56523265349134e-15 2.7574311438968504e-14
22.991811201917592 5.894431835865298e-23 3.5973655177217345e-14 8.566950364192113e-15 2.740670481302525e-14
23.339642165776596 5.778547048247633e-23 3.5799938450636617e-14 8.566445788041575e-15 2.7233492662595043e-14
23.69273528050995 5.663822060834459e-23 3.562002630746104e-14 8.563988722547284e-15 2.7056037584913755e-14
24.414313559781952 5.439416491248683e-23 3.525057980582981e-14 8.562109669470347e-15 2.668847013635947e-14
24.78366481022829 5.331727473635716e-23 3.507542181881841e-14 8.561468140817114e-15 2.6513953678001282e-14
25.15860378059443 5.227400603559211e-23 3.49093491784361e-14 8.560593700916002e-15 2.6348755477520105e-14
25.924826076583233 5.025565049032293e-23 3.458359871163878e-14 8.553889024042124e-15 2.6029709687596648e-14
26.714384190886577 4.8300625169553425e-23 3.425053443623123e-14 8.542575474766385e-15 2.5707958961464845e-14
27.527988831636016 4.6392316420816286e-23 3.389924098676358e-14 8.526972741998426e-15 2.5372268244765164e-14
28.366372352060132 4.45440212660369e-23 3.3539968729346986e-14 8.508994942886773e-15 2.503097378646021e-14
29.2302894097004 4.274693596342128e-23 3.316710296304653e-14 8.490483985487185e-15 2.4676618977559345e-14
30.12051764570424 4.103982659995835e-23 3.281235348230419e-14 8.468643762798058e-15 2.4343709719506124e-14
30.575747924857424 4.0237272132294556e-23 3.265690723413935e-14 8.455449482496144e-15 2.4201457751643202e-14
31.037858384806153 3.946814642086259e-23 3.251680832542924e-14 8.440724048965034e-15 2.4076084276464207e-14
31.983137356627505 3.7990155164900196e-23 3.225236481963891e-14 8.410361253817013e-15 2.384200356582189e-14
32.95720543894392 3.663073007762495e-23 3.204537711482289e-14 8.38224830076387e-15 2.3663128814059015e-14
33.960939423588975 3.533586741441722e-23 3.185406668536566e-14 8.352210295619933e-15 2.3501856389745718e-14
34.99524280568484 3.405835323262498e-23 3.163749500233514e-14 8.314730700969275e-15 2.3322764301365862e-14
36.06104659690874 3.282220736997628e-23 3.141778367941778e-14 8.274084059398873e-15 2.314369962001891e-14
37.159310163528254 3.16137001849104e-23 3.1182605928181697e-14 8.237383006335485e-15 2.294522292184622e-14
38.29102208995955 3.04489105922948e-23 3.0948396410980005e-14 8.20025313583837e-15 2.2748143275141634e-14
39.45720106862597 2.929762186060246e-23 3.068513775713645e-14 8.15667926054385e-15 2.2528458496592606e-14
40.65889681691763 2.818524034885804e-23 3.0419128436303364e-14 8.110031143659766e-15 2.2309097292643594e-14
41.897191022077855 2.712164193410547e-23 3.0162707176493876e-14 8.064890087591141e-15 2.2097817088902737e-14
43.173198314866475 2.6103555503318296e-23 2.991460836034493e-14 8.019221158086193e-15 2.189538720225873e-14
44.48806727287728 2.5102223404599834e-23 2.96432053279927e-14 7.970422664777328e-15 2.1672782663215373e-14
45.8429814544115 2.4132644526020727e-23 2.936616290009639e-14 7.919473824656678e-15 2.144668907543971e-14
47.23916046383907 2.317796255086603e-23 2.90634295420541e-14 7.86791660721753e-15 2.119551293483657e-14
48.67786104940597 2.2251826650386212e-23 2.87519025434858e-14 7.815497011203557e-15 2.0936405532282243e-14
50.16037823447602 2.1340210149910923e-23 2.8413774375800538e-14 7.762149522312247e-15 2.0651624853488294e-14
51.68804648322576 2.045437484385613e-23 2.8063753829617037e-14 7.70779637580653e-15 2.0355957453810515e-14
53.26224090184056 1.958270075949809e-23 2.7686079088692325e-14 7.651709922256334e-15 2.003436916643599e-14
54.884378476295105 1.8733955510908243e-23 2.7292773314964495e-14 7.594134207471724e-15 1.969863910749277e-14
56.55591934783037 1.7901485173227977e-23 2.6874262980332242e-14 7.536878013253588e-15 1.933738496707865e-14
58.27836812727644 1.709084253396942e-23 2.643871165151294e-14 7.479906103438867e-15 1.895880554807408e-14
60.05327524940399 1.634106220851028e-23 2.604872163479045e-14 7.420825698025e-15 1.862789593676546e-14
61.88223836852342 1.5652206909190918e-23 2.5710529902614046e-14 7.359394190307258e-15 1.835113571230679e-14
62.81758386220369 1.5323627218831326e-23 2.5551255194911863e-14 7.328878908575447e-15 1.822237628633641e-14
63.7670670344103 1.5027544568904044e-23 2.5436297734642846e-14 7.29870146516641e-15 1.8137596269476437e-14
65.70913619443517 1.4497623884178625e-23 2.5286692051603618e-14 7.239597895151215e-15 1.8047094156452406e-14
67.71035238438829 1.3974303870330692e-23 2.5116243784365123e-14 7.17874040825046e-15 1.7937503376114654e-14
69.77251696707448 1.3447118471247868e-23 2.490479975109865e-14 7.114781209929629e-15 1.779001854116902e-14
71.89748616702131 1.2932009749375314e-23 2.4680227707820154e-14 7.051061483339427e-15 1.7629166224480722e-14
74.08717274132995 1.2431586136298148e-23 2.4447755771639156e-14 6.9895116471860455e-15 1.7458244124453113e-14
76.34354770141287 1.1949140355514128e-23 2.4214663225252815e-14 6.927051623134442e-15 1.7287611602118375e-14
78.66864208716851 1.148588907875397e-23 2.3984778094611863e-14 6.861689990511818e-15 1.7123088104100048e-14
81.06454879518883 1.104534316116739e-23 2.3767287304819437e-14 6.795521629266573e-15 1.697176567555287e-14
83.5334244626476 1.0639644389760702e-23 2.359156933177603e-14 6.730217513613973e-15 1.686135181816205e-14
86.07749140856238 1.024858972366501e-23 2.3416562521406334e-14 6.664208105176938e-15 1.6752354416229393e-14
88.69903963417964 9.854689698773382e-24 2.3202314253449184e-14 6.5962183110293144e-15 1.6606095942419866e-14
91.4004288842828 9.468564269389953e-24 2.2972158178305402e-14 6.526936026287789e-15 1.6445222152017615e-14
94.18409077127889 9.091626572791884e-24 2.2729431420635995e-14 6.4569851363118435e-15 1.6272446284324158e-14
97.05253096397554 8.725912926921753e-24 2.2479527244493045e-14 6.385848470402756e-15 1.609367877409029e-14
100.00833144301866 8.38674631594923e-24 2.2263791240655752e-14 6.313480744206933e-15 1.5950310496448812e-14
103.05415282502196 8.060544413008781e-24 2.2049528432104194e-14 6.23955138525798e-15 1.5809977046846213e-14
106.19273675747671 7.76041502356765e-24 2.1875057044224654e-14 6.163221545871206e-15 1.5711835498353453e-14
109.4269083866038 7.471558352294515e-24 2.170224964932806e-14 6.084807250391344e-15 1.561744239893672e-14
112.75957890036308 7.177909171468698e-24 2.1484281636975235e-14 6.005562093420085e-15 1.5478719543555148e-14
116.1937481489129 6.886194994420038e-24 2.1238875086359128e-14 5.92452502325653e-15 1.5314350063102596e-14
119.73250734487735 6.5879129211001764e-24 2.0937718681697822e-14 5.839763525672519e-15 1.50979551560253e-14
123.37904184585196 6.290927919022621e-24 2.060276625573676e-14 5.7519343590270146e-15 1.4850831896709743e-14
127.13663402165271 5.9900765156939866e-24 2.0214942586900788e-14 5.6632129646536225e-15 1.4551729622247155e-14
131.0086662088879 5.691736594043632e-24 1.9793119718613845e-14 5.5726746467453175e-15 1.4220445071868526e-14
134.99862375551584 5.392328084145122e-24 1.9323023504761834e-14 5.477902819954759e-15 1.3845120684807073e-14
139.11009815812417 5.0968421801775654e-24 1.882041849687569e-14 5.3793239993081935e-15 1.3441094497567496e-14
143.3467902947586 4.809402998613024e-24 1.8299894074096684e-14 5.279236221031356e-15 1.302065785306533e-14
147.71251375620898 4.531262956413846e-24 1.7766668034538217e-14 5.177354627951631e-15 1.2589313406586582e-14
152.21119827875228 4.284872434265299e-24 1.731226674323087e-14 5.071803444149462e-15 1.2240463299081405e-14
156.84689328144228 4.0652287733439755e-24 1.6925064981319438e-14 4.962553159548147e-15 1.196251182177129e-14
159.21741877681018 3.9568527705755625e-24 1.672283493255026e-14 4.907021055194812e-15 1.1815813877355445e-14
161.62377151112827 3.847849669815441e-24 1.6507935613907797e-14 4.850986689925912e-15 1.1656948923981884e-14
166.54613279848823 3.6291725285429915e-24 1.6043961111950217e-14 4.7374052365447725e-15 1.1306555875405443e-14
171.61840792845166 3.41970249168028e-24 1.557835608762829e-14 4.621125057577905e-15 1.0957231030050387e-14
176.84516262850022 3.2218337287620306e-24 1.5123967712853736e-14 4.5021022869058145e-15 1.0621865425947921e-14
179.5181642894721 3.1255141611891418e-24 1.4893586861158207e-14 4.44177120412886e-15 1.0451815657029349e-14
182.2315681744764 3.0267774010247376e-24 1.46410939760964e-14 4.380968631317563e-15 1.026012534477884e-14
187.78155384880017 2.8260546538629673e-24 1.4086494110006704e-14 4.258133486361113e-15 9.828360623645589e-15
190.61961427604518 2.7296584069205116e-24 1.3811642282015432e-14 4.196113997112982e-15 9.615528284902447e-15
193.5005680909718 2.6363040800988643e-24 1.3540889037362875e-14 4.1337215683856594e-15 9.407167468977213e-15
199.3937587803602 2.460741388788096e-24 1.3024077366862928e-14 4.008012985809306e-15 9.01606438105362e-15
205.46643057848152 2.2989733598195803e-24 1.2538461423415079e-14 3.88107584546162e-15 8.65738557795346e-15
211.72404970390772 2.1559446917981866e-24 1.2116501507157742e-14 3.75301938386368e-15 8.363482123294062e-15
218.17224885259444 2.0194849756444582e-24 1.1695251561037137e-14 3.624522061026199e-15 8.070729500010934e-15
224.8168322680627 1.8822964065680767e-24 1.1232754583130581e-14 3.496326085786636e-15 7.736428497343944e-15
231.66378096599615 1.749263695520078e-24 1.075679410788521e-14 3.3682037768465982e-15 7.388590331038613e-15
238.71925811795668 1.6198026183600882e-24 1.0264055360962684e-14 3.2398233804066097e-15 7.024231980556074e-15
245.98961459906556 1.4958610208091098e-24 9.767365748228744e-15 3.112144212862448e-15 6.655221535366298e-15
249.71106150874405 1.4341813721420792e-24 9.50629508793185e-15 3.0489636657218936e-15 6.457331422209956e-15
253.4888082224776 1.3726776997720305e-24 9.236273847766527e-15 2.986340939637771e-15 6.249932908128759e-15
261.20898134247824 1.256470409526363e-24 8.711838257545805e-15 2.8621699259893126e-15 5.849668331556492e-15
269.1642775569489 1.1539766507283557e-24 8.244871209239844e-15 2.7387429028876256e-15 5.506128306352219e-15
277.3618576987742 1.0597431740344503e-24 7.802194963629273e-15 2.617002187652974e-15 5.1851927759762994e-15
285.8091006888481 9.634104178914164e-25 7.30898086224099e-15 2.4982161275021387e-15 4.810764734738853e-15
294.5136101780917 8.723155443640481e-25 6.819435309688542e-15 2.382006348999024e-15 4.43742896068952e-15
303.4832213917586 7.930880717521109e-25 6.3888918481504975e-15 2.2678264377928664e-15 4.12106541035763e-15
312.7260081821858 7.215992938883612e-25 5.9900373986679645e-15 2.1562436507870767e-15 3.833793747880888e-15
322.25029029634635 6.572104898071596e-25 5.621694447151317e-15 2.0479883345202995e-15 3.573706112631017e-15
332.0646408647343 5.983826450537927e-25 5.2743756217440945e-15 1.942978460722384e-15 3.3313971610217103e-15
342.17789411833206 5.433644293671139e-25 4.935288972930381e-15 1.8410440956000984e-15 3.0942448773302816e-15
352.59915334060224 4.923800130010809e-25 4.608410035037796e-15 1.7423500552064005e-15 2.8660599798313947e-15
363.337799061663 4.460684180196618e-25 4.302109796923163e-15 1.6471309545775615e-15 2.654978842345601e-15
374.40349750202313 4.0392364638076473e-25 4.014288750461147e-15 1.5554191859159392e-15 2.458869564545208e-15
380.062092440151 3.842579993204957e-25 3.876563526747723e-15 1.5108954904835873e-15 2.365668036264136e-15
385.80620927347337 3.654728768437879e-25 3.74277567185156e-15 1.4672640085110785e-15 2.2755116633404815e-15
397.5561983449763 3.303763773880131e-25 3.486397879970229e-15 1.3826587166545465e-15 2.103739163315682e-15
409.6640412816112 2.980789350325882e-25 3.2413696690420555e-15 1.3014933037835767e-15 1.9398763652584783e-15
415.8555509384264 2.829303969376921e-25 3.123140663000859e-15 1.2621987308545717e-15 1.8609419321462865e-15
422.1406367649012 2.6843810338032986e-25 3.0079509889090477e-15 1.2237657372636825e-15 1.7841852516453646e-15
434.9972154030873 2.415584749123231e-25 2.7891905745073518e-15 1.149600813720706e-15 1.6395897607866445e-15
448.24534984018095 2.1725841701551674e-25 2.585007674215909e-15 1.078968119751617e-15 1.5060395544642917e-15
461.89696517289525 1.9529688776382332e-25 2.394472558815617e-15 1.0116271979342434e-15 1.382845360881373e-15
475.9643496848308 1.7546711440358682e-25 2.2168667615501537e-15 9.474755654730722e-16 1.2693911960770826e-15
490.4601659075747 1.5745224516175214e-25 2.0498497605606013e-15 8.866653800930051e-16 1.1631843804675958e-15
505.39746201868155 1.4105517660926793e-25 1.892306663826644e-15 8.291962242374765e-16 1.0631104395891671e-15
520.7896835867783 1.2627243763045773e-25 1.7455824628237813e-15 7.74860398461871e-16 9.707220643619105e-16
536.6506856743796 1.13013994113131e-25 1.6098794088086169e-15 7.235500498607217e-16 8.863293589478954e-16
552.9947453093008 1.010857787055581e-25 1.4838175334500914e-15 6.751054510453948e-16 8.087120824046972e-16
569.8365743358964 9.035084390227284e-26 1.3666331998753005e-15 6.294075559417421e-16 7.372256439335585e-16
587.1913326576936 8.06994223286436e-26 1.2578228947501684e-15 5.8635324503656e-16 6.714696497136082e-16
605.0746418833327 7.20304288255511e-26 1.1568961766265178e-15 5.458376696253229e-16 6.11058507001195e-16
623.502599388115 6.425119072885512e-26 1.0633809651552756e-15 5.077545569662969e-16 5.556264081889787e-16
642.4917928037942 5.727666042371865e-26 9.768203652978255e-16 4.719969649346713e-16 5.048234003631543e-16
662.0593149496696 5.102890952973153e-26 8.967732003151115e-16 4.384591218976763e-16 4.583140784174356e-16
682.2227792184137 4.5436763124129965e-26 8.228165801788672e-16 4.070354470142316e-16 4.157811331646353e-16
703.0003354304876 4.0435373695288727e-26 7.545472253039089e-16 3.776223608662904e-16 3.769248644376185e-16
724.4106861714122 3.5965735196967634e-26 6.915812713154154e-16 3.501188284156942e-16 3.4146244289972133e-16
746.4731036265977 3.1974171341259154e-26 6.335529174086589e-16 3.2442397516814445e-16 3.091289422405146e-16
769.2074469289008 2.8411984534813956e-26 5.801155177926875e-16 3.0043943410874254e-16 2.7967608368394494e-16
792.6341800345017 2.5235097202146036e-26 5.30942158466463e-16 2.7807118425473567e-16 2.5287097421172737e-16
816.7743901432078 2.240365355839293e-26 4.857249289017723e-16 2.5722831117015184e-16 2.284966177316204e-16
841.6498066797607 1.9881602230892304e-26 4.441730881794955e-16 2.3782219142612014e-16 2.0635089675337528e-16
867.2828208532309 1.7636393666991937e-26 4.0601302052480003e-16 2.197673016517578e-16 1.8624571887304219e-16
893.6965058121084 1.5638762331328477e-26 3.7098971734730216e-16 2.0298237312056674e-16 1.6800734422673537e-16
920.9146374132232 1.386237918129973e-26 3.388648972821962e-16 1.8738975178449857e-16 1.5147514549769763e-16
948.9617156232121 1.2283527331722238e-26 3.0941489851197294e-16 1.7291477710722646e-16 1.365001214047464e-16
977.8629865717667 1.0880905472614082e-26 2.82431074480955e-16 1.5948629449196762e-16 1.2294477998898739e-16
1007.6444652765354 9.635414515289163e-27 2.57719428462227e-16 1.4703673125148682e-16 1.1068269721074009e-16
1038.332959060126 8.529930106736915e-27 2.350994133420848e-16 1.355018482819316e-16 9.959756506015321e-17
1069.95609168029 7.549125432116415e-27 2.1440357874921076e-16 1.2482093839085665e-16 8.958264035835409e-17
1102.542328195006 6.679292365803777e-27 1.954767719119507e-16 1.1493671980525137e-16 8.054005210669932e-17
1136.1210005848498 5.908167483476586e-27 1.781750210454313e-16 1.0579492621607225e-16 7.238009482935904e-17
1170.7223341557005 5.2247891984979365e-27 1.6236488510122789e-16 9.734421410201483e-17 6.502067099921303e-17
1206.3774747455793 4.619379853580632e-27 1.4792321200398192e-16 8.953641998765163e-17 5.838679201633026e-17
1243.1185167600695 4.083225345485731e-27 1.347365171768274e-16 8.232645110569177e-17 5.241006607113565e-17
1280.9785320615858 3.608552626994754e-27 1.2269993366126598e-16 7.567184208439884e-17 4.702809157686711e-17
1319.9915997384837 3.1884287192785527e-27 1.117164978612666e-16 6.953257922814277e-17 4.218391863312386e-17
1360.1928367808064 2.8166861657686046e-27 1.0169705514092731e-16 6.387126909822747e-17 3.7825786042699825e-17
1401.618429690285 2.4878463531154562e-27 9.255988101202369e-17 5.86531415323243e-17 3.3906739479699395e-17
1444.305667053031 2.197033863046657e-27 8.422970877886902e-17 5.3845623113381023e-17 3.038408566548801e-17
1488.2929731042755 1.939910038569642e-27 7.663716923460741e-17 4.941811731703084e-17 2.7219051917576548e-17
1533.6199423153234 1.7126222947054497e-27 6.971861862346891e-17 4.53421318303888e-17 2.4376486793080128e-17
1580.327375033885 1.5117527140019406e-27 6.341576753582566e-17 4.159126009562538e-17 2.18245074402003e-17
1628.457314209858 1.3342679259148346e-27 5.767516670229716e-17 3.81408999334337e-17 1.9534266768863488e-17
1678.0530832396191 1.1774744091490355e-27 5.2447719020858453e-17 3.496805699189006e-17 1.7479662028968376e-17
1729.1593249628888 1.0389838763389081e-27 4.7688454952001665e-17 3.205136592361644e-17 1.563708902838521e-17
1781.8220418472597 9.166815110217532e-28 4.3356301930775206e-17 2.937107539820608e-17 1.3985226532569138e-17
1836.0886373966016 8.086930872695845e-28 3.941366371696388e-17 2.6908853076241727e-17 1.2504810640722156e-17
1892.007958820556 7.133575878059417e-28 3.5826111820195644e-17 2.464763991950802e-17 1.1178471900687616e-17
1949.6303410035755 6.292036125877509e-28 3.256213821759849e-17 2.2571604067334605e-17 9.990534150263883e-18
2009.0076518130663 5.549304445270351e-28 2.95930396212189e-17 2.066616845352163e-17 8.926871167697262e-18
2070.1933387874215 4.893872924005423e-28 2.6892614600221802e-17 1.8917849937243157e-17 7.974764662978643e-18
2133.242477245972 4.31554396888174e-28 2.4436848795751082e-17 1.7314108006229347e-17 7.122740789521745e-18
2198.211819864143 3.8053008013503016e-28 2.2203833619870262e-17 1.5843359729162374e-17 6.360473890707885e-18
2265.1598477584885 3.355175847628283e-28 2.017360785857723e-17 1.449492206527539e-17 5.678685793301839e-18
2334.1468231275226 2.9581233841693522e-28 1.832794986984448e-17 1.3258926189119399e-17 5.069023680725081e-18
2405.2348434957767 2.6079190067201e-28 1.6650259986616684e-17 1.2126267226375623e-17 4.523992760241063e-18
2478.487897609897 2.299064608424063e-28 1.5125418911585708e-17 1.1088552566113384e-17 4.036866345472318e-18
2553.971923037092 2.026698382632752e-28 1.373961845051789e-17 1.0138032129364043e-17 3.601586321153853e-18
2631.7548655177807 1.786525440099663e-28 1.2480272628315309e-17 9.267560168309415e-18 3.212712460005895e-18
2711.906740125872 1.574755245808632e-28 1.1335932396611799e-17 8.47056221332749e-18 2.865370183284311e-18
2794.4996942916955 1.3880402336126388e-28 1.0296166434954823e-17 7.740980090362909e-18 2.5551863445919127e-18
2879.6080727443887 1.223426034578294e-28 9.351483965292357e-18 7.07324337836556e-18 2.2782405869267978e-18
2967.308484432098 1.0783059531629751e-28 8.493254429760211e-18 6.4622321956710426e-18 2.0310222340891668e-18
3057.6798714803062 9.503777915558581e-29 7.71361087680867e-18 5.903230238190088e-18 1.8103806386185808e-18
