Dust emission spectrum from A.P. Jones, M. Kohler, N. Ysard, M. Bocchio, and L. Verstraete (2017), A&A, 602A, 46J 
inside the DustPedia framework.

lambda    nu*dP/dnu     j_nu    j_nu(carb.) j_nu(sil)
 (um)   (erg s-1 H-1) (Jy cm2 sr-1 H-1)
0.9927057738263894 2.277329938758131e-24 6.000893738385894e-17 6.000893738377666e-17 8.229327746783673e-29
1.0001793341362166 2.314727484661677e-24 6.145357863671483e-17 6.145357863661566e-17 9.918017507665142e-29
1.0077091589558085 2.3520659599772204e-24 6.291499052883491e-17 6.291499052871554e-17 1.1938271980879568e-28
1.0114953028030835 2.370708456061218e-24 6.365191177706516e-17 6.365191177693425e-17 1.3091667103970545e-28
1.0152956718711033 2.389330691789991e-24 6.439293636213686e-17 6.439293636199334e-17 1.4351969644917476e-28
1.0229392996569957 2.426488751400335e-24 6.588667317940468e-17 6.588667317923237e-17 1.7232103981805485e-28
1.0267826658714554 2.4449792895505667e-24 6.663818289153897e-17 6.663818289135023e-17 1.8873847632847666e-28
1.0306404723013447 2.4634414099018844e-24 6.739363219428345e-17 6.739363219407679e-17 2.0665454318906932e-28
1.03451277320114 2.481873336230107e-24 6.815298838589261e-17 6.815298838566642e-17 2.261995305197765e-28
1.0383996230291617 2.500273302614707e-24 6.89162183697875e-17 6.891621836953999e-17 2.4751444476327186e-28
1.0403485208654093 2.5094607518784894e-24 6.929927558514643e-17 6.929927558488755e-17 2.5888282161274456e-28
1.0423010764483396 2.518639553775879e-24 6.968328866247071e-17 6.968328866219995e-17 2.7075183592035953e-28
1.0462171883269815 2.536970345404032e-24 7.045416540144913e-17 7.045416540115306e-17 2.9607668411347295e-28
1.0471985131304309 2.5415472994184092e-24 7.064747533972205e-17 7.06474753394193e-17 3.027546546622912e-28
1.048180758391296 2.5461219018755222e-24 7.084102050458953e-17 7.084102050427995e-17 3.0957709212328324e-28
1.0501480137395462 2.5552639444816666e-24 7.122881435316204e-17 7.122881435283835e-17 3.236673493774106e-28
1.0521189612883777 2.564396258411226e-24 7.161754261129323e-17 7.161754261095486e-17 3.3837200835414087e-28
1.0531058218030118 2.5689516385111442e-24 7.181205838167852e-17 7.181205838133259e-17 3.459631546218915e-28
1.0540936079674168 2.5734813703171634e-24 7.200615840407609e-17 7.200615840372238e-17 3.537191763838589e-28
1.058054026499678 2.5915736919321687e-24 7.278482462754405e-17 7.27848246271576e-17 3.8644467936354857e-28
1.0590464539527713 2.5960899892028048e-24 7.298005493488159e-17 7.298005493448653e-17 3.9506898792069335e-28
1.06003981227728 2.6006035207021084e-24 7.317550962546692e-17 7.317550962506305e-17 4.0387774079189756e-28
1.0620293250338977 2.6096221817529884e-24 7.356708991143753e-17 7.356708991101549e-17 4.220636876928883e-28
1.0660195594769086 2.6276251664801315e-24 7.43529183171461e-17 7.43529183166853e-17 4.608192392105919e-28
1.070024785945596 2.6455809859242914e-24 7.514227358432739e-17 7.514227358382441e-17 5.029736308395569e-28
1.0740450607676866 2.66348799327746e-24 7.593511913885283e-17 7.593511913830403e-17 5.488098463019506e-28
1.07808044048254 2.681344555376432e-24 7.673141810073701e-17 7.673141810013838e-17 5.98633081766562e-28
1.0861967418109137 2.716868108811103e-24 7.833331118495359e-17 7.833331118424201e-17 7.115824511310695e-28
1.0902777775684922 2.7344596599287885e-24 7.913673241429745e-17 7.913673241352201e-17 7.754455330046958e-28
1.0943741465085532 2.7519931204262214e-24 7.994339756440847e-17 7.99433975635637e-17 8.44772896250695e-28
1.1026131145906286 2.78687957697095e-24 8.156630514058102e-17 8.15663051395794e-17 1.0016263594386106e-27
1.1109141095355224 2.8215152477321785e-24 8.320172247815059e-17 8.320172247696448e-17 1.1861071112962976e-27
1.1192775983109025 2.855855763915466e-24 8.484837206714506e-17 8.484837206574223e-17 1.4028008903048285e-27
1.1277040513999907 2.8897406424121907e-24 8.650146042134536e-17 8.650146041968837e-17 1.6570053606977628e-27
1.1361939428280308 2.923334993216222e-24 8.81658680881953e-17 8.816586808624044e-17 1.954831398292946e-27
1.1447477501889525 2.9566277128331194e-24 8.98412684477401e-17 8.984126844543679e-17 2.303319745229909e-27
1.1533659546722406 2.989626278791837e-24 9.152789260484796e-17 9.152789260213739e-17 2.7105755292674686e-27
1.1707974979042381 3.0548493498676585e-24 9.493820506329884e-17 9.493820505955877e-17 3.740052299756651e-27
1.1884924949847024 3.1187563429194828e-24 9.838917588514887e-17 9.838917588001353e-17 5.135346155000262e-27
1.2064549276569216 3.1818527838990315e-24 1.0189681671590319e-16 1.0189681670888597e-16 7.017241044013683e-27
1.2246888378427687 3.2434451117271755e-24 1.0543911340681245e-16 1.0543911339726952e-16 9.542910877747938e-27
1.2431983285522175 3.3033899613193106e-24 1.090108422847975e-16 1.0901084227188134e-16 1.2916202767159187e-26
1.2619875648066055 3.361666164166896e-24 1.126105530830942e-16 1.1261055306569405e-16 1.740014534645127e-26
1.3004222497298317 3.472243231710366e-24 1.1985715493659583e-16 1.1985715490545237e-16 3.114345867943472e-26
1.3400274889804893 3.574754293199571e-24 1.2715379803713474e-16 1.2715379798239287e-16 5.474183521455882e-26
1.3808389325824078 3.668830733306879e-24 1.3447455998570955e-16 1.3447455989117108e-16 9.453850148961645e-26
1.4228933163050095 3.754950271576924e-24 1.418227695931526e-16 1.4182276943266297e-16 1.6048964552986815e-25
1.466228494730424 3.8352201548391564e-24 1.492661692900971e-16 1.4926616902214898e-16 2.679481017104283e-25
1.5108834753276823 3.908079021880478e-24 1.5673418897927813e-16 1.5673418853911684e-16 4.401612471388851e-25
1.5568984535646726 3.972268546553617e-24 1.6416036979993353e-16 1.6416036908777259e-16 7.121609379595163e-25
1.6043148490894465 4.027923577628477e-24 1.7153006741631905e-16 1.7153006627938865e-16 1.1369303842393546e-24
1.6531753430134553 4.075231559306045e-24 1.7883010976759866e-16 1.7883010797864386e-16 1.7889548039941823e-24
1.7035239163302658 4.114776035930168e-24 1.8606464988544111e-16 1.8606464711029858e-16 2.7751426029977254e-24
1.755405889504358 4.149848455825834e-24 1.933656029154781e-16 1.933655986691443e-16 4.246333805002246e-24
1.8088679632656115 4.1796571769007e-24 2.006859468051825e-16 2.0068594039388602e-16 6.41129650947508e-24
1.8639582606462262 4.203673229475549e-24 2.0798622147334757e-16 2.0798621191772347e-16 9.555624070724516e-24
1.9207263702978936 4.2223117041109074e-24 2.152708487719351e-16 2.15270834707409e-16 1.4064526092446847e-23
1.979223391128241 4.2365156626732746e-24 2.2257329970063555e-16 2.2257327924941585e-16 2.0451219728220325e-23
2.039501978296691 4.2474097902261455e-24 2.2994169463567764e-16 2.2994166524528224e-16 2.939039531486096e-23
2.1016163906111602 4.2581099433852995e-24 2.375416400079791e-16 2.3754159824681326e-16 4.1761165785381956e-23
2.1656225393682647 4.270432019785691e-24 2.454844620786351e-16 2.454844033863781e-16 5.869225697503016e-23
2.231578038680979 4.2845247622377414e-24 2.5379564701699614e-16 2.5379556540081526e-16 8.161618092282309e-23
2.299542257339062 4.301483927685289e-24 2.625603437664666e-16 2.6256023143437906e-16 1.1233208748976409e-22
2.369576372248914 4.323707448357202e-24 2.719546222866807e-16 2.7195446920716057e-16 1.5307952011033914e-22
2.4417434235010123 4.354024289219793e-24 2.822021428611409e-16 2.822019362466097e-16 2.0661453114617874e-22
2.5161083711144245 4.397265586807434e-24 2.9368480203550977e-16 2.9368452572941007e-16 2.763060997095053e-22
2.5927381535095444 4.46132623966689e-24 3.070379617331058e-16 3.0703759549886025e-16 3.6623424559532923e-22
2.6717017477616296 4.555628915135157e-24 3.230767819790832e-16 3.230763007027756e-16 4.812763075472159e-22
2.753070231689431 4.6943471897522516e-24 3.430535596290244e-16 3.4305293240654073e-16 6.272224837183985e-22
2.836916847834745 4.909568331630876e-24 3.6970842583956073e-16 3.6970761491673793e-16 8.109228228936563e-22
2.9233170693905177 5.271936856730316e-24 4.090868839412531e-16 4.090858436659129e-16 1.0402753400568387e-21
2.967498994190263 5.57802037183985e-24 4.393798229535694e-16 4.393786496299134e-16 1.1733236560941219e-21
3.0123486681368425 5.935186657329171e-24 4.745795860720768e-16 4.745782643477614e-16 1.3217243154655753e-21
3.0578761833420214 6.73076467897265e-24 5.4632834874326485e-16 5.463268613383502e-16 1.4874049146039194e-21
3.1040917844459814 7.755408704825634e-24 6.390115046612249e-16 6.39009833615496e-16 1.6710457289432382e-21
3.127460860933648 8.83749332932092e-24 7.336525230008623e-16 7.336507522831926e-16 1.7707176697321825e-21
3.1510058709225794 1.0278836676169658e-23 8.597310477950594e-16 8.597291721804055e-16 1.875614653588314e-21
3.162844764501044 1.1619679972960172e-23 9.755319031789067e-16 9.755299728863293e-16 1.930292577492516e-21
3.1747281389236908 1.3178920270118924e-23 1.1105952329058885e-15 1.1105932465481472e-15 1.9863577411898764e-21
3.1986289994194426 1.752772606419861e-23 1.488191708483659e-15 1.4881896054397855e-15 2.1030438735701267e-21
3.2227097969389145 2.7776371954519914e-23 2.3761078634394074e-15 2.376105635622973e-15 2.2278164348503915e-21
3.2348180950136065 3.7494589091328966e-23 3.219496040634877e-15 3.2194937459099387e-15 2.2947249380718343e-21
3.240889293275058 4.475997490709244e-23 3.850556174008986e-15 3.8505538439618775e-15 2.3300471091031934e-21
3.2469718861334385 5.316493071947245e-23 4.5821912706760855e-15 4.582188904058276e-15 2.3666178080610107e-21
3.2714166318528037 9.799607463831919e-23 8.50969452078929e-15 8.509692002098185e-15 2.5186911031754518e-21
3.2744851364798273 1.0079859195614692e-22 8.761267127817469e-15 8.761264590973718e-15 2.53684374945866e-21
3.2775565192852394 1.036815826745447e-22 9.020305377131526e-15 9.020302822020039e-15 2.5551114894146105e-21
3.283707930232385 1.009092375643364e-22 8.795588031631544e-15 8.795585443415336e-15 2.5882162102991556e-21
3.2898708863219004 9.211700950544815e-23 8.044297389351559e-15 8.04429477060124e-15 2.61875032065806e-21
3.29141343181113 9.004358063512058e-23 7.866918062086851e-15 7.86691543565644e-15 2.6264304096669985e-21
3.292184975758714 8.902477073096472e-23 7.779730013698182e-15 7.779727383420718e-15 2.6302774624742503e-21
3.295272960557952 8.259408871192631e-23 7.224533240592398e-15 7.224530595275906e-15 2.6453164903873647e-21
3.3076538914384823 6.031611372738394e-23 5.295693528178815e-15 5.295690822216318e-15 2.7059624972921956e-21
3.310756385682612 5.578191719288553e-23 4.902189496112985e-15 4.902186774811848e-15 2.721301134907845e-21
3.313861789986515 5.159838420255011e-23 4.538788298256392e-15 4.5387855615452655e-15 2.736711124564794e-21
3.3200813396944477 4.573159889068691e-23 4.030273717986019e-15 4.030270948300756e-15 2.7696852628234726e-21
3.345076488085796 3.526729248738302e-23 3.1314653130497596e-15 3.131462396698909e-15 2.9163508503340004e-21
3.3482140837626964 3.5659990130276094e-23 3.1693037941090776e-15 3.169300857884452e-15 2.9362246258240376e-21
3.3513546224236106 3.6057026125469634e-23 3.2075964385781758e-15 3.2075934823621322e-15 2.956216044872317e-21
3.3576445397418455 3.895742615068327e-23 3.472117441128388e-15 3.4721144431671266e-15 2.997961260702089e-21
3.3702598118196083 4.96542210320227e-23 4.442106718030694e-15 4.4421036323868165e-15 3.0856438767664043e-21
3.382922481734668 5.2091108347603145e-23 4.677621503517935e-15 4.6776183317974456e-15 3.1717204887424296e-21
3.389271646505754 5.335355228097165e-23 4.79997694702658e-15 4.799973731486328e-15 3.2155402525422517e-21
3.395632727569191 5.471391392576531e-23 4.931600939476446e-15 4.9315976787527e-15 3.260723745835627e-21
3.421196662673239 6.124561596017294e-23 5.5618910780210745e-15 5.5618876291306396e-15 3.4488904349675536e-21
3.4276182099114902 5.99301747675597e-23 5.4526474514058665e-15 5.452643959575915e-15 3.491829951885924e-21
3.4340518103208963 5.416440165751276e-23 4.937308066817003e-15 4.9373045339209155e-15 3.532896088223741e-21
3.4469541582030403 4.5952945200919766e-23 4.204538097464793e-15 4.204534484798923e-15 3.612665871807657e-21
3.472904465399547 4.365333392110369e-23 4.024201209376871e-15 4.024197413913017e-15 3.795463853920189e-21
3.4990501388274233 4.0135288792278236e-23 3.7277432370663426e-15 3.727739252066775e-15 3.984999567286535e-21
3.5253949054701885 2.7610497526044717e-23 2.5837556426340724e-15 2.5837514697998166e-15 4.172834255488838e-21
3.5519380250092896 1.5838648803540129e-23 1.4933202065187923e-15 1.4933158417202226e-15 4.364798569512669e-21
3.578680990867387 1.1172569998575551e-23 1.0613179360490975e-15 1.0613133598797325e-15 4.576169364922902e-21
3.605625307711299 9.286706102657624e-24 8.888157218178616e-16 8.888109207479397e-16 4.80106992178172e-21
3.660119384959845 7.914011361751696e-24 7.688849387183501e-16 7.688796555138552e-16 5.2832044946730654e-21
3.715437065384467 6.943507487999116e-24 6.84791325859272e-16 6.847855199278533e-16 5.805931418565214e-21
3.8285932144167436 6.4587262076720135e-24 6.563802924496534e-16 6.563733104360111e-16 6.982013642247955e-21
3.94519561050918 6.374797299463844e-24 6.675815941815006e-16 6.675732455033257e-16 8.348678174989557e-21
4.06534921144712 6.4562009588164244e-24 6.9669762530356935e-16 6.966876937053114e-16 9.93159825799016e-21
4.189162171576248 6.633997208640072e-24 7.376865932928843e-16 7.376748287013456e-16 1.1764591538969824e-20
4.316745939156006 6.88260879927776e-24 7.886403754471587e-16 7.886264958035382e-16 1.387964362072296e-20
4.448215356677963 7.193598004498195e-24 8.49378772293139e-16 8.493624758590915e-16 1.629643404740435e-20
4.58368876423945 7.568246400237013e-24 9.208307574453346e-16 9.208116916783157e-16 1.9065767019108803e-20
4.723288106065518 8.015055930319428e-24 1.0048944030347933e-15 1.0048721444788332e-15 2.2258555960307955e-20
4.867139040275056 8.550808959990378e-24 1.1047153528123554e-15 1.1046894654659122e-15 2.58873464427769e-20
4.940699165968905 8.872840047630956e-24 1.163644969800241e-15 1.1636170741181475e-15 2.7895682093670906e-20
5.015371051989984 9.206621170258855e-24 1.2256677961392677e-15 1.225637753341827e-15 3.004279744084907e-20
5.091171501069577 9.612067547100628e-24 1.2989845152750206e-15 1.2989521454760418e-15 3.2369798978623515e-20
5.129500256944802 9.820278001037247e-24 1.3371134928514755e-15 1.3370798998479254e-15 3.359300355017436e-20
5.168117569889187 1.003727238079391e-23 1.376947962277754e-15 1.3769130988645794e-15 3.486341317459639e-20
5.20702561229733 1.0302330344709638e-23 1.423949601461915e-15 1.4239133745511011e-15 3.622691081377772e-20
5.246226572918644 1.0574179077617288e-23 1.4725265602876825e-15 1.472488921312844e-15 3.763897483875e-20
5.265937586045735 1.0712717653645784e-23 1.4974240331938022e-15 1.4973856694473777e-15 3.836374642450456e-20
5.285722656980489 1.0853036290393029e-23 1.5227375596623778e-15 1.5226984583621297e-15 3.9101300247991904e-20
5.305582063971359 1.0995163678984421e-23 1.5484748936076469e-15 1.548435041749278e-15 3.9851858369623914e-20
5.3255160863122235 1.1147655907292316e-23 1.575849320789607e-15 1.5758087023121737e-15 4.0618477433646564e-20
5.365609099470188 1.1525921457921475e-23 1.6415878108167646e-15 1.641545596011995e-15 4.22148047697749e-20
5.406003951863644 1.191850309886042e-23 1.7102811361442728e-15 1.7102372670607584e-15 4.3869083514123805e-20
5.446702915881641 1.232608768853535e-23 1.782084832453258e-15 1.782039249049322e-15 4.558340393613228e-20
5.487708281020852 1.2766113398571146e-23 1.8595983309662513e-15 1.85955096723916e-15 4.736372709229642e-20
5.529022354014368 1.3375092704040422e-23 1.962974146362615e-15 1.9629249038273715e-15 4.924253524324178e-20
5.570647458961463 1.4019637705946797e-23 2.0730601274037903e-15 2.073008936224842e-15 5.119117894781544e-20
5.612585937458331 1.470229374840517e-23 2.1903702513987905e-15 2.1903170391290477e-15 5.321226974328656e-20
5.654840148729818 1.545204689096334e-23 2.3194006963801757e-15 2.319345382569002e-15 5.531381117388935e-20
5.67608639626678 1.5961379654114032e-23 2.4048547908943252e-15 2.40479837393995e-15 5.64169543752106e-20
5.686739436050992 1.6223846890701322e-23 2.448987687505714e-15 2.448930711168199e-15 5.697633751535646e-20
5.6974124697621304 1.6491679977234044e-23 2.4940892673653773e-15 2.494031726370648e-15 5.754099472936507e-20
5.718818669136295 1.7043958584885883e-23 2.5872966700122552e-15 2.587237983678637e-15 5.868633361877258e-20
5.740305295436557 1.7652362670796268e-23 2.6897211956483837e-15 2.6896613369417383e-15 5.985870664555752e-20
5.7835210386641895 1.922853437699552e-23 2.9519427860778257e-15 2.9518804729528366e-15 6.231312498868595e-20
5.827062130521658 2.1042697763902277e-23 3.2547714607120534e-15 3.254706583989096e-15 6.487672295624427e-20
5.8489554468988025 2.2314102590386587e-23 3.464393154068406e-15 3.4643269017503405e-15 6.62523180664011e-20
5.870931020387893 2.3677858038086202e-23 3.689935911309336e-15 3.6898682551239644e-15 6.765618537120595e-20
5.892989160043636 2.51413794028168e-23 3.932730417362028e-15 3.932661328440631e-15 6.908892139700024e-20
5.915130176081913 2.680517178155074e-23 4.208742296926947e-15 4.20867172069503e-15 7.057623191685927e-20
5.95966208400165 3.1454469244287244e-23 4.975920466952213e-15 4.975846599604718e-15 7.386734749509267e-20
6.004529249263818 3.8151420404242e-23 6.08077745624465e-15 6.080699911515723e-15 7.754472892668482e-20
6.027089341400364 4.2805246102577224e-23 6.848162553477204e-15 6.848082931060915e-15 7.96224162896431e-20
6.049734195844842 4.830304280335687e-23 7.756757536329201e-15 7.756675713521958e-15 8.182280724087448e-20
6.095279466722835 6.418103041704652e-23 1.03841210243846e-14 1.0384033977423997e-14 8.704696060453904e-20
6.141167624020661 8.861057715830865e-23 1.4444614307513394e-14 1.4444520697875812e-14 9.360963757777525e-20
6.164241091010745 1.0421349678882799e-22 1.705190944791859e-14 1.7051811837768088e-14 9.761015049880092e-20
6.187401249150058 1.219830981521153e-22 2.0034447638315222e-14 2.0034345857392825e-14 1.0178092239049669e-19
6.1990139391386085 1.3066105545949575e-22 2.149998752829775e-14 2.1499883612055062e-14 1.039162426892457e-19
6.204828454712694 1.3523185583283069e-22 2.2272974514441368e-14 2.2272869513005975e-14 1.0500143539009169e-19
6.210648424152782 1.3856997744086078e-22 2.2844177420177266e-14 2.2844071460092937e-14 1.059600843266801e-19
6.233982942956859 1.4991356380996524e-22 2.4807098508255132e-14 2.4806989048483217e-14 1.0945977191312723e-19
6.239830258556775 1.5136536244158885e-22 2.5070830111373115e-14 2.507072005311335e-14 1.1005825976662149e-19
6.245683058788269 1.514945190078041e-22 2.5115758330457132e-14 2.5115647670471004e-14 1.1065998613331212e-19
6.257405133728602 1.5119043610577333e-22 2.5112388816434736e-14 2.5112277035348677e-14 1.1178108606471382e-19
6.269149208991335 1.4896929895275402e-22 2.4789902201178233e-14 2.4789789687973504e-14 1.1251320472152044e-19
6.280915325867298 1.4338804172416898e-22 2.390591138089617e-14 2.390579862241182e-14 1.12758484353192e-19
6.304513850009849 1.2961957202349808e-22 2.169160160076734e-14 2.169148879459103e-14 1.1280617631573294e-19
6.32820103803542 1.1254952135697355e-22 1.890572572556907e-14 1.8905613347180666e-14 1.123783884035716e-19
6.3519772230701035 9.689437723471896e-23 1.6337174239655476e-14 1.633706213617402e-14 1.1210348145863008e-19
6.375842739491607 8.37218626606332e-23 1.4169218963997167e-14 1.4169106976621266e-14 1.1198737590099448e-19
6.399797922933955 7.316846379491384e-23 1.2429670931337881e-14 1.2429558469689389e-14 1.124616484913339e-19
6.42384311029221 6.439308311940932e-23 1.0980031300004932e-14 1.0979918235987348e-14 1.1306401758424084e-19
6.447978639727206 5.800179125634049e-23 9.9273750405209e-15 9.927260892304365e-15 1.1414821653558536e-19
6.472204850670314 5.2677647072042554e-23 9.049989096143444e-15 9.04987375098393e-15 1.1534515951722361e-19
6.496522083828205 4.92215979463905e-23 8.488013484279597e-15 8.487896533942035e-15 1.1695033756654967e-19
6.520930681187647 4.6311181550353084e-23 8.016132332934601e-15 8.016013690255414e-15 1.1864267918467774e-19
6.57002334288761 4.3344480682117493e-23 7.55910102508252e-15 7.558978357270812e-15 1.226678117094009e-19
6.619489833774732 4.305570215440873e-23 7.565273420081788e-15 7.565146108370014e-15 1.2731171177487637e-19
6.6693287637831435 4.4219425667549726e-23 7.828249466112763e-15 7.828117132684261e-15 1.3233342850069368e-19
6.719538636694507 4.569880726406365e-23 8.151053687186024e-15 8.150916225298062e-15 1.374618879644874e-19
6.770126513364129 4.9375490204806034e-23 8.873146210991848e-15 8.873003185578376e-15 1.4302541347363063e-19
6.8210952395837445 5.492710877192922e-23 9.945125910509572e-15 9.944976753080308e-15 1.491574292647345e-19
6.872447682569556 6.191860990863528e-23 1.1295411915869375e-14 1.1295256037323427e-14 1.5587854595178283e-19
6.924186731123532 7.07619742386759e-23 1.300583217180545e-14 1.3005668982483899e-14 1.6318932155426192e-19
6.976315295795916 7.796012480862711e-23 1.4436704234573747e-14 1.4436533413861957e-14 1.708207117898254e-19
7.028836309048954 7.904681350043456e-23 1.4748139265486973e-14 1.474796080484104e-14 1.7846064593188146e-19
7.081752725421856 7.598873103886675e-23 1.4284313842200303e-14 1.4284127576331136e-14 1.862658691693985e-19
7.135067521697011 7.397104802608176e-23 1.400971473378247e-14 1.4009519890494242e-14 1.9484328823011602e-19
7.1887836970674375 7.570975402211367e-23 1.4446967126747722e-14 1.444676253545851e-14 2.04591289211826e-19
7.242904273305506 8.179526390863051e-23 1.57257126737716e-14 1.5725496869486774e-14 2.1580428482770125e-19
7.297432294932914 9.141230946005564e-23 1.770696743456786e-14 1.7706738555932272e-14 2.2887863559462544e-19
7.352370829391971 1.024136305706869e-22 1.9987321514451327e-14 1.9987076933244234e-14 2.44581207087207e-19
7.379995003818881 1.09261952984743e-22 2.1403976221752145e-14 2.1403722633934828e-14 2.535878173176003e-19
7.407722967218148 1.1681562802761432e-22 2.296968891933837e-14 2.2969425837650228e-14 2.630816881457161e-19
7.463496598684601 1.3598521519938742e-22 2.6940364362662652e-14 2.6940079813571028e-14 2.8454909162098943e-19
7.519690156487492 1.6081358131933009e-22 3.2099044363181557e-14 3.209873448964397e-14 3.0987353759479334e-19
7.533803324048627 1.6803919140311687e-22 3.36042567727089e-14 3.360393973937943e-14 3.170333294688422e-19
7.547942979602549 1.7559064922352158e-22 3.5180291065827e-14 3.517996669930754e-14 3.2436651946198673e-19
7.57630195363571 1.9151418388900857e-22 3.8514800473959836e-14 3.8514460847142835e-14 3.3962681701234246e-19
7.590521371821866 1.995667744173086e-22 4.020955607210123e-14 4.02092084232104e-14 3.476488908197744e-19
7.604767477414989 2.079584411582508e-22 4.197898426176602e-14 4.197862839313439e-14 3.5586863160923004e-19
7.633339951266878 2.2483611767091276e-22 4.55564752338221e-14 4.555610265523752e-14 3.7257858457918257e-19
7.662019777021956 2.379871499580863e-22 4.840232347910026e-14 4.840193525124329e-14 3.8822785698972053e-19
7.690807358020558 2.470338572356155e-22 5.043103087324737e-14 5.0430628654901746e-14 4.0221834561169355e-19
7.719703099118437 2.51684525823444e-22 5.157349288263624e-14 5.1573078548892115e-14 4.143337441325365e-19
7.748707406692464 2.5099911344902643e-22 5.162628596525395e-14 5.1625860737781004e-14 4.2522747294132106e-19
7.777823177463063 2.462122795565357e-22 5.0832001197725906e-14 5.083156105403131e-14 4.4014369459177925e-19
7.807048350752435 2.388604630478994e-22 4.949947263235825e-14 4.949901659624055e-14 4.560361176822942e-19
7.836380830085272 2.2868146385911553e-22 4.756811372874195e-14 4.7567642411999276e-14 4.713167426614989e-19
7.851088371676256 2.216134163475081e-22 4.618440443789586e-14 4.618392658990533e-14 4.778479905141665e-19
7.86582351679805 2.141214518347186e-22 4.470682318648568e-14 4.4706339138967973e-14 4.840475176890812e-19
7.89537682495964 1.9758395950035005e-22 4.140892726385638e-14 4.1408432132427855e-14 4.951314285285469e-19
7.9250411701946435 1.7973075444036097e-22 3.7808840371815343e-14 3.780833382498642e-14 5.065468289215325e-19
7.939915112024199 1.702537500869813e-22 3.588244096347693e-14 3.588192844539347e-14 5.125180834572352e-19
7.954816969689239 1.6129204963806294e-22 3.405748589081939e-14 3.405696711575051e-14 5.187750688770872e-19
7.9847046421970465 1.4476339444349096e-22 3.0682238894227986e-14 3.0681706524038826e-14 5.323701891573314e-19
8.044817289139356 1.1688980217870707e-22 2.4961015025587166e-14 2.496044977181018e-14 5.652537769826392e-19
8.07504310897143 1.065399734446302e-22 2.2836359264234315e-14 2.2835773893556007e-14 5.853706783026107e-19
8.105382492623747 9.73833966110608e-23 2.095211480887708e-14 2.0951507610576105e-14 6.071983009739689e-19
8.135835866775926 9.01231944080426e-23 1.946292855373789e-14 1.9462297590208478e-14 6.309635294109877e-19
8.166403659710703 8.464784436161935e-23 1.834915963170821e-14 1.83485025587242e-14 6.570729840116411e-19
8.197086301319933 8.059599820964058e-23 1.7536479790933826e-14 1.7535794484146146e-14 6.853067876824405e-19
8.227884223110665 7.704297003361013e-23 1.682637725157348e-14 1.682566184269799e-14 7.154088754891366e-19
8.258797858211198 7.501711146760488e-23 1.6445482016692446e-14 1.6444728265282832e-14 7.537514096128147e-19
8.289827641377162 7.443310437642988e-23 1.6378761783815273e-14 1.6377939760670242e-14 8.22023145034926e-19
8.320974008997652 7.504856865158383e-23 1.6576239470192644e-14 1.6575335402571864e-14 9.040676207802512e-19
8.35223739910135 7.616581271714927e-23 1.688621612801748e-14 1.688522167485805e-14 9.944531594319228e-19
8.383618251362687 7.960361035884694e-23 1.7714695548292135e-14 1.771360623175534e-14 1.0893165367970348e-18
8.415117007108037 8.453922011056788e-23 1.8883732035868695e-14 1.8882538824264646e-14 1.193211604050179e-18
8.446734109321913 9.113702649845814e-23 2.043398693545321e-14 2.043268419037254e-14 1.302745080667241e-18
8.478470002653195 9.954714864032732e-23 2.24034935187747e-14 2.2402075453814835e-14 1.4180649598634192e-18
8.542299949622933 1.1789711433764627e-22 2.673298319460462e-14 2.6731316379514393e-14 1.6668150902239485e-18
8.558332380220154 1.2177938746623432e-22 2.766510784382132e-14 2.7663376135298954e-14 1.7317085223645453e-18
8.574394900937412 1.2422671791038349e-22 2.8274043753558266e-14 2.8272247400686926e-14 1.796352871335389e-18
8.606610438733982 1.242727982263495e-22 2.8390801702080643e-14 2.83888779849612e-14 1.9237171194509967e-18
8.622764948673899 1.2233857871878347e-22 2.800137845965921e-14 2.799939078659788e-14 1.9876730613313322e-18
8.638949780445296 1.1811875377414236e-22 2.7086272209075845e-14 2.7084222349088747e-14 2.0498599870951397e-18
8.655163606183647 1.138284511750811e-22 2.6151435994247094e-14 2.614932212118425e-14 2.1138730628459025e-18
8.671407862489573 1.0871662117602684e-22 2.502389985521471e-14 2.5021721340976417e-14 2.1785142382842615e-18
8.703987895363145 9.657608290198186e-23 2.2312965708445407e-14 2.2310656275971723e-14 2.309432473681806e-18
8.736690337257128 8.576414338186539e-23 1.9889420521598517e-14 1.9886971708554477e-14 2.4488130440389503e-18
8.802464289484785 6.741997643116451e-23 1.5752964752953278e-14 1.5750210916008865e-14 2.753836944412783e-18
8.868733419248175 5.516309652338715e-23 1.2986127746150204e-14 1.2983001473097025e-14 3.1262730531811486e-18
8.935501454478851 4.70003287907023e-23 1.1147802320742154e-14 1.1144174537870023e-14 3.627782872132152e-18
9.002772151174003 4.14986094232366e-23 9.916975403304611e-15 9.912789834459475e-15 4.185568845135458e-18
9.07054929360775 3.768068396879682e-23 9.07239181830559e-15 9.067602111682578e-15 4.789706623012578e-18
9.13883669454403 3.4905554679993656e-23 8.467493922155797e-15 8.46204972598072e-15 5.444196175075317e-18
9.207638195451068 3.300974554538788e-23 8.067887904026528e-15 8.061753580173683e-15 6.134323852846783e-18
9.276957666717493 3.1333008484868027e-23 7.71573146355045e-15 7.708822724082822e-15 6.9087394676246855e-18
9.346799007870057 3.0241181408354187e-23 7.50293337924097e-15 7.49522329284234e-15 7.710086398629141e-18
9.417166147792997 2.925736690616682e-23 7.313493906836153e-15 7.304908511971186e-15 8.58539486496658e-18
9.488063044949055 2.862863513794245e-23 7.210205427421912e-15 7.200867198856438e-15 9.338228565474416e-18
9.559493687602165 2.805860456023033e-23 7.119842592748135e-15 7.109680589570673e-15 1.016200317746141e-17
9.631462094041797 2.773806815059338e-23 7.091496022697907e-15 7.080479115085424e-15 1.1016907612481776e-17
9.703972312809022 2.7452555703837476e-23 7.071340716332336e-15 7.059416530439417e-15 1.1924185892918992e-17
9.777099908821425 2.736879988032143e-23 7.102892473811942e-15 7.0902443367812564e-15 1.2648137030684973e-17
9.924867353363874 2.7442873111241893e-23 7.229757354047135e-15 7.215689382868729e-15 1.4067971178407645e-17
10.074868099996943 2.797183673774357e-23 7.480485524454953e-15 7.465324198318476e-15 1.5161326136475333e-17
10.150790707826552 2.8377081239681196e-23 7.646048174783401e-15 7.630450267781886e-15 1.5597907001513224e-17
10.22721067892732 2.9055306971040775e-23 7.887731226170465e-15 7.871697641899602e-15 1.603358427086408e-17
10.304205975847633 2.979209019266634e-23 8.14863638063508e-15 8.132158356410958e-15 1.6478024224120004e-17
10.381780929913377 3.0930353499563806e-23 8.52366116139036e-15 8.506875336372489e-15 1.678582501786784e-17
10.459939905058707 3.218972339172481e-23 8.93749613998268e-15 8.92039871265534e-15 1.7097427327339244e-17
10.538687298071551 3.412855348770336e-23 9.54715190921086e-15 9.529812668901764e-15 1.733924030909467e-17
10.618027538840941 3.631023925586017e-23 1.0233928796912443e-14 1.0216358121185117e-14 1.7570675727326833e-17
10.697971937068667 3.954108118156184e-23 1.1228440126165429e-14 1.1210810768035256e-14 1.76293581301727e-17
10.778518246224262 4.407443186016379e-23 1.2610003788424915e-14 1.2592337872633306e-14 1.7665915791606195e-17
10.859664048220797 5.0810468756575294e-23 1.464667432144454e-14 1.4628989666064774e-14 1.76846553797611e-17
10.941420754335242 6.102078938648474e-23 1.772233631278931e-14 1.770464777957776e-14 1.7688533211547027e-17
10.961955922839442 6.45946982487385e-23 1.8795520555412898e-14 1.8777834953023227e-14 1.7685602389671825e-17
10.982529632329763 6.859695035084912e-23 1.9997542353121613e-14 1.9979859374147517e-14 1.7682978974092794e-17
11.023792963743814 7.833471848387323e-23 2.2922119287515306e-14 2.2904441544832616e-14 1.7677742682685282e-17
11.065211328886559 9.110318522093307e-23 2.6758558076761062e-14 2.6740888506192762e-14 1.7669570568297238e-17
11.08597883104876 9.929335835176311e-23 2.9218887607861326e-14 2.920122287313466e-14 1.7664734726671506e-17
11.106785310247485 1.0844555246920513e-22 3.19719817091084e-14 3.1954322827929226e-14 1.765888117917678e-17
11.14851549250461 1.302087567737996e-22 3.8532453861050293e-14 3.851480960473149e-14 1.764425631880496e-17
11.169441129330048 1.4192652401523306e-22 4.2078906263524176e-14 4.2061268462720934e-14 1.7637800803236854e-17
11.190406043337886 1.5240865587834258e-22 4.52715027927021e-14 4.5253874404221024e-14 1.7628388481079363e-17
11.21140851448765 1.6262028031219713e-22 4.839542585695184e-14 4.837781168775474e-14 1.7614169197090036e-17
11.22192452720434 1.6799139603612783e-22 5.0040750642393497e-14 5.002314336785114e-14 1.7607274542373578e-17
11.232450403670388 1.7037157591577333e-22 5.0797353127339535e-14 5.077974855392849e-14 1.76045734110491e-17
11.253533585369773 1.725861116644193e-22 5.155421622797043e-14 5.153661474691702e-14 1.760148105341539e-17
11.274656339961506 1.733462790769268e-22 5.187848321639604e-14 5.186088406069667e-14 1.7599155699382813e-17
11.285231677511122 1.7372774125817727e-22 5.2041413681147505e-14 5.202381520055651e-14 1.759848059099252e-17
11.295816934455262 1.7180565021143646e-22 5.1513910714019976e-14 5.149631711357596e-14 1.7593600444037017e-17
11.317017243752359 1.6675864154585565e-22 5.009446690332963e-14 5.00768855497595e-14 1.7581353570138604e-17
11.338257342390673 1.617109727312358e-22 4.866931484931149e-14 4.865174616980973e-14 1.756867950176311e-17
11.359537305047965 1.5626322927057611e-22 4.7118002424471777e-14 4.710045037776917e-14 1.7552046702623854e-17
11.402217121831576 1.440290474784606e-22 4.3592204091817686e-14 4.3574700379857526e-14 1.750371196017467e-17
11.423617126015266 1.3765342238389984e-22 4.17407343452043e-14 4.1723260543379494e-14 1.7473801824820077e-17
11.445057294333186 1.3115035783420516e-22 3.98434451900589e-14 3.982600922424813e-14 1.743596581077726e-17
11.488058425037956 1.1795908316586577e-22 3.597058136153649e-14 3.595324503189863e-14 1.7336329637862524e-17
11.53122111869469 1.0623874135193016e-22 3.2518286268068917e-14 3.250104791554436e-14 1.7238352524567213e-17
11.574545982324347 9.581968549014788e-23 2.9439344700625434e-14 2.9422202688912503e-14 1.7142011712930377e-17
11.618033625228566 8.665224137800122e-23 2.6722793947219747e-14 2.670575571574348e-14 1.703823147626516e-17
11.661684658998247 7.907784922627096e-23 2.447854362221797e-14 2.446164725596121e-14 1.68963662567624e-17
11.705499697522141 7.331005512420242e-23 2.277838542368222e-14 2.2761648568383132e-14 1.6736855299090133e-17
11.749479356995494 6.88562600307171e-23 2.1474916589448314e-14 2.1458363717088556e-14 1.6552872359766298e-17
11.793624255928705 6.506211138098598e-23 2.0367835226049472e-14 2.0351473803452004e-14 1.6361422597465514e-17
11.83793501515603 6.276233228297143e-23 1.9721705007973553e-14 1.970557438035646e-14 1.6130627617083605e-17
11.882412257844306 6.082118740900396e-23 1.918354846904912e-14 1.9167654804404537e-14 1.589366464458269e-17
11.92705660950172 5.994100580567117e-23 1.8976964261392225e-14 1.8961345634090217e-14 1.5618627302016274e-17
11.971868697986617 5.934622944884263e-23 1.885925398870851e-14 1.884391927086421e-14 1.533471784429659e-17
12.016849153516302 5.983889416181475e-23 1.9087260540522562e-14 1.9072263190502412e-14 1.4997350020149122e-17
12.061998608675935 6.054867506986028e-23 1.9386229574646064e-14 1.937157551757377e-14 1.4654057072292354e-17
12.152807060118223 6.403046761591032e-23 2.065535719052962e-14 2.0641496712056798e-14 1.3860478472826495e-17
12.198467333490619 6.687039681245267e-23 2.1652527602534844e-14 2.163912952819791e-14 1.3398074336925985e-17
12.244299160690385 7.003874565841645e-23 2.2763640833701577e-14 2.2750710352534125e-14 1.2930481167449083e-17
12.290303186275983 7.417848809391855e-23 2.4199701377795718e-14 2.4187310825954783e-14 1.2390551840928477e-17
12.3364800572276 7.868490462355385e-23 2.5766303427341017e-14 2.5754325447240268e-14 1.1977980100758103e-17
12.382830422956244 8.387872170492112e-23 2.7570279052465394e-14 2.7558289232767742e-14 1.1989819697641494e-17
12.429354935312874 8.932911898224854e-23 2.947209943597575e-14 2.9460095855812505e-14 1.2003580163250215e-17
12.476058240797144 9.460307303852963e-23 3.132939948849781e-14 3.13173802164901e-14 1.2019272007707422e-17
12.522937033967983 9.99635574648002e-23 3.322900470418782e-14 3.321690941382869e-14 1.2095290359133442e-17
12.569987951963114 1.0420515062409452e-22 3.4769102487163933e-14 3.4756686626979105e-14 1.2415860184841803e-17
12.593579661530361 1.0567963101063177e-22 3.532725677166882e-14 3.531467939353888e-14 1.2577378129935901e-17
12.617215648686605 1.0674376155539914e-22 3.5749951903807275e-14 3.5737212186994156e-14 1.2739716813111787e-17
12.664620788327802 1.072057742674724e-22 3.603958664596247e-14 3.6026521178474984e-14 1.3065467487493458e-17
12.71220403757155 1.0590702908043661e-22 3.573675158529957e-14 3.572335745086013e-14 1.3394134439445434e-17
12.736062662318053 1.0452003939056523e-22 3.5334925902671574e-14 3.5321366725101016e-14 1.3559177570557378e-17
12.759966065607527 1.0271215420698036e-22 3.478890748565983e-14 3.477518250437962e-14 1.3724981280209511e-17
12.807907544139693 9.771175712869771e-23 3.3219603163332626e-14 3.3205545261083455e-14 1.405790224916394e-17
12.856029147395699 9.212905114644862e-23 3.1439300861592135e-14 3.142490417733806e-14 1.4396684254078168e-17
12.904331552136407 8.618389496766937e-23 2.9520999913646786e-14 2.950625555822565e-14 1.4744355421143747e-17
12.95281543766539 8.011161679645884e-23 2.754413302296698e-14 2.7529032917473472e-14 1.510010549351536e-17
13.00148148583848 7.456894850003311e-23 2.5734770171076403e-14 2.5719304596152566e-14 1.5465574923839517e-17
13.050330381073369 6.950736340349253e-23 2.4078074524920188e-14 2.406223347973365e-14 1.5841045186525507e-17
13.099362810359226 6.492472883898698e-23 2.2575103410476847e-14 2.2558876117912542e-14 1.6227292564304975e-17
13.197981031955921 5.727499590321612e-23 2.0065131010826052e-14 2.0048094701648268e-14 1.7036309177779107e-17
13.247568211189632 5.418744349972302e-23 1.9054794060935317e-14 1.9037335302775055e-14 1.7458758160261777e-17
13.297341698339563 5.14013344504253e-23 1.8142981425021366e-14 1.8125088487882546e-14 1.789293713882094e-17
13.397450398986955 4.6925096363119045e-23 1.6687710771550815e-14 1.666891277589675e-14 1.8797995654069798e-17
13.447787020368724 4.513734465164717e-23 1.6112252607512207e-14 1.609298376460407e-14 1.9268842908140792e-17
13.498312765455129 4.350327781388746e-23 1.5587300232316643e-14 1.556754796769505e-14 1.9752264621594498e-17
13.59993447169816 4.0838671239900915e-23 1.4742727965538065e-14 1.472197260642343e-14 2.0755359114633347e-17
13.702321234386334 3.878862690131586e-23 1.4108082281956415e-14 1.4086192141473157e-14 2.1890140483254048e-17
13.805478813227746 3.722419173897411e-23 1.364099919833191e-14 1.3617156290139645e-14 2.384290819226915e-17
13.90941301129231 3.585201838623237e-23 1.3237069415523848e-14 1.3211043126300515e-14 2.6026289223328284e-17
13.96167316792965 3.538270049559468e-23 1.311287365168094e-14 1.3085442747947741e-14 2.743090373319918e-17
14.014129675338197 3.498923309519742e-23 1.3015773679876442e-14 1.2986862818245674e-14 2.8910861630765456e-17
14.119634696140762 3.470114668689603e-23 1.3005789479849951e-14 1.2973707717606494e-14 3.20817622434588e-17
14.225934008823913 3.450914654712587e-23 1.3031200939715823e-14 1.2995659933651369e-14 3.5541006064453343e-17
14.333033593193976 3.4324854256108004e-23 1.3059190395736698e-14 1.3019816436509017e-14 3.9373959227685034e-17
14.44093947407611 3.410205499711898e-23 1.307210209950317e-14 1.302861817721938e-14 4.34839222837914e-17
14.54965772165321 3.389523094117409e-23 1.3090637810873083e-14 1.3042598989197985e-14 4.8038821675097805e-17
14.659194451807393 3.3703865446391307e-23 1.3114726893521909e-14 1.3061638701610179e-14 5.308819191173418e-17
14.769555826464039 3.351889156749571e-23 1.3140942540520022e-14 1.3082278628534148e-14 5.866391198587886e-17
14.992777389284976 3.304334855893238e-23 1.3150297479071758e-14 1.307913450860917e-14 7.116297046258669e-17
15.21937263962189 3.2634326848458645e-23 1.3183807179888919e-14 1.3097406542316394e-14 8.640063757252478e-17
15.449392566130673 3.210697135265728e-23 1.3166798285454394e-14 1.3061968496970615e-14 1.0482978848378182e-16
15.682888928090767 3.1687963449268933e-23 1.3191367760288141e-14 1.3057416007386116e-14 1.3395175290203087e-16
15.919914267052077 3.120068934820006e-23 1.3184824309251519e-14 1.3013934098640982e-14 1.7089021061054005e-16
16.03976693895051 3.1008489287512047e-23 1.320225433229195e-14 1.301049184427359e-14 1.9176248801836026e-16
16.1605219186579 3.1108133007753684e-23 1.3344391129580378e-14 1.312928813105915e-14 2.1510299852122912e-16
16.22123989475974 3.119202491510742e-23 1.3430650544202217e-14 1.320368492724396e-14 2.2696561695825645e-16
16.282185999175777 3.127783662669287e-23 1.3518199502661605e-14 1.3278697774874767e-14 2.3950172778683656e-16
16.312744867225646 3.132148463067296e-23 1.3562470801669259e-14 1.3316436316289023e-14 2.460344853802357e-16
16.343361089024967 3.136563978325226e-23 1.3607080674117223e-14 1.335433020260997e-14 2.527504715072545e-16
16.404766024646595 3.14555102629897e-23 1.3697339120616839e-14 1.3430585816208807e-14 2.667533044080386e-16
16.466401669612416 3.1547528457981245e-23 1.3789022457449848e-14 1.3507468320121498e-14 2.8155413732834303e-16
16.497306278852424 3.159436936017911e-23 1.3835414072007168e-14 1.354614583887775e-14 2.8926823312942195e-16
16.528268890738765 3.164177949149413e-23 1.3882180990724788e-14 1.358498150792759e-14 2.97199482797199e-16
16.590368558098763 3.1738353449987395e-23 1.3976867864017236e-14 1.3663129252960862e-14 3.1373861105636965e-16
16.65270154503456 3.183487713446996e-23 1.4072048059306745e-14 1.3741094130975572e-14 3.3095392833116985e-16
16.715268728169598 3.192322498244801e-23 1.4164118606441377e-14 1.3816195998814493e-14 3.4792260762688287e-16
16.778070987420957 3.2013940713878076e-23 1.4257736919252148e-14 1.3891954570964007e-14 3.657823482881416e-16
16.9043842704834 3.220281348905413e-23 1.444982562744896e-14 1.4045457450338104e-14 4.0436817711086022e-16
17.03164849990255 3.240221711953304e-23 1.4648759414296847e-14 1.4201635029905346e-14 4.471243843914989e-16
17.159870834853997 3.261008667716287e-23 1.4853725736893557e-14 1.435957364579788e-14 4.941520910956764e-16
17.289058488411015 3.2802094579355033e-23 1.5053668671194102e-14 1.451121962277843e-14 5.424490484156745e-16
17.35401657858945 3.2902521361328916e-23 1.5156489424359472e-14 1.4588116326362374e-14 5.683730979970989e-16
17.386587088641786 3.295388257289367e-23 1.5208639410978332e-14 1.462683495399985e-14 5.818044569784799e-16
17.419218727950305 3.300602583106757e-23 1.526129336417433e-14 1.466573448994361e-14 5.955588742307218e-16
17.48466585346766 3.311271084439471e-23 1.5368147025298716e-14 1.474407850967268e-14 6.2406851562604e-16
17.550358875560836 3.322268428339858e-23 1.5477120134699964e-14 1.482315289846502e-14 6.539672362349504e-16
17.682486308455736 3.3445844430793065e-23 1.5698383302044866e-14 1.4982430446327858e-14 7.159528557170108e-16
17.81560845938729 3.361143851111629e-23 1.58948777646369e-14 1.5134368169952923e-14 7.605095946839812e-16
17.882544892141226 3.3697323845628334e-23 1.5995365514318216e-14 1.5211525923416915e-14 7.838395909012959e-16
17.949732817065083 3.378487841686437e-23 1.6097179312895476e-14 1.528948192726232e-14 8.07697385633158e-16
18.084866926577256 3.3962460882307264e-23 1.6303614644430255e-14 1.5447806605652047e-14 8.558080387782069e-16
18.221018389814958 3.4149855429146877e-23 1.651699163962156e-14 1.5610256164192676e-14 9.067354754288806e-16
18.496404071615608 3.4584631840490795e-23 1.698008634642814e-14 1.596468957986401e-14 1.0153967665641351e-15
18.635790038622734 3.4873939736099077e-23 1.7251158070333373e-14 1.6176476571397914e-14 1.0746814989354538e-15
18.776226396166493 3.5169281013104624e-23 1.752835805604642e-14 1.6390968418900204e-14 1.1373896371462172e-15
18.91772105982334 3.5461287528641465e-23 1.7807081668704285e-14 1.66043126385442e-14 1.2027690301600845e-15
19.203636446149176 3.60679771307107e-23 1.8385468209382027e-14 1.7040395723968255e-14 1.345072485413771e-15
19.4938730510763 3.6689998133818505e-23 1.8985203481308476e-14 1.748224188644115e-14 1.502961594867336e-15
19.78849618389234 3.7332956216714306e-23 1.960986507402033e-14 1.7931643470667403e-14 1.678221603352932e-15
20.08757214094514 3.7994887389229005e-23 2.0259188447166834e-14 1.8386854828146225e-14 1.8723336190206098e-15
20.391466406516905 3.8682768767559264e-23 2.0938011931837566e-14 1.8850399846683833e-14 2.087612085153736e-15
20.699681925472166 3.939966676339069e-23 2.1648392519242943e-14 1.932491562015769e-14 2.3234768990852525e-15
21.012556099387844 4.0141679888023986e-23 2.2389472533283847e-14 1.9812228910200393e-14 2.5772436230834575e-15
21.652507708764745 4.1896558896301754e-23 2.4079972650381e-14 2.0920437283294464e-14 3.1595353670865333e-15
21.979755641372343 4.285526147908114e-23 2.500324878563047e-14 2.150709707088586e-14 3.4961517147446078e-15
22.311949477282987 4.385614862157802e-23 2.5973916548453147e-14 2.2107298329029078e-14 3.866618219424078e-15
22.64916396703608 4.4899162132243863e-23 2.6993540173902756e-14 2.2719805990685326e-14 4.273734183217431e-15
22.991811201917592 4.599149502087378e-23 2.8068560788144996e-14 2.334731824749451e-14 4.721242540650487e-15
23.339642165776596 4.7131842463505574e-23 2.9199676755600465e-14 2.3987770619764993e-14 5.211906135835476e-15
23.69273528050995 4.8326788361120634e-23 3.039292997359106e-14 2.4643505878903656e-14 5.7494240946873976e-15
24.414313559781952 5.098793031080731e-23 3.304314184153598e-14 2.6064638522517904e-14 6.9785033190180775e-15
24.78366481022829 5.2454470590471075e-23 3.4507815550238e-14 2.6825778817317006e-14 7.682036732921002e-15
25.15860378059443 5.401221258048677e-23 3.6070149044791386e-14 2.7618586380670262e-14 8.45156266412112e-15
25.924826076583233 5.736109582430789e-23 3.9473235353499375e-14 2.926891842360584e-14 1.0204316929893538e-14
26.714384190886577 6.106156975585407e-23 4.329946849159078e-14 3.102562417900715e-14 1.2273844312583628e-14
27.527988831636016 6.513090438318433e-23 4.759167883198736e-14 3.28956029715816e-14 1.4696075860405752e-14
28.366372352060132 6.96118972924814e-23 5.241513433275323e-14 3.489920781818388e-14 1.751592651456935e-14
29.2302894097004 7.452697913538358e-23 5.782505657535908e-14 3.70565082917986e-14 2.0768548283560497e-14
30.12051764570424 7.9887263794359e-23 6.387183756661507e-14 3.9348162445326074e-14 2.4523675121289002e-14
30.575747924857424 8.274747951753437e-23 6.715854776581912e-14 4.053586467429794e-14 2.6622683091521166e-14
31.037858384806153 8.573379656555695e-23 7.063390817005665e-14 4.1751056793528435e-14 2.888285137652822e-14
31.983137356627505 9.208546026150874e-23 7.817746060912524e-14 4.4295634181710186e-14 3.388182642741506e-14
32.95720543894392 9.903832998523705e-23 8.664093307650964e-14 4.702317426891375e-14 3.961775880759589e-14
33.960939423588975 1.0648591654381312e-22 9.599338391378915e-14 4.989422945704762e-14 4.609915445674154e-14
34.99524280568484 1.1426447431923375e-22 1.061425874154218e-13 5.284902974103284e-14 5.329355767438894e-14
36.06104659690874 1.2240604184341154e-22 1.1716843112775821e-13 5.591740654659641e-14 6.125102458116181e-14
37.159310163528254 1.3086616580214236e-22 1.2908163402802447e-13 5.916001649056675e-14 6.992161753745774e-14
38.29102208995955 1.3957834798988678e-22 1.4186799987103153e-13 6.252247647340848e-14 7.934552339762307e-14
39.45720106862597 1.4830631241581341e-22 1.5533000078930537e-13 6.592397447179851e-14 8.940602631750686e-14
40.65889681691763 1.5706128685856311e-22 1.6950955174364122e-13 6.937900569246451e-14 1.0013054605117674e-13
41.897191022077855 1.6579332025166387e-22 1.8438320890451452e-13 7.291746724342252e-14 1.11465741661092e-13
43.173198314866475 1.7440362450970216e-22 1.9986611108089009e-13 7.649504057383216e-14 1.233710705070579e-13
44.48806727287728 1.8261641114910784e-22 2.1565164506352756e-13 8.005546385417941e-14 1.355961812093482e-13
45.8429814544115 1.9040581240649198e-22 2.3169810909970045e-13 8.3582300425984e-14 1.4811580867371635e-13
47.23916046383907 1.975465051933881e-22 2.477085258191747e-13 8.706621337680521e-14 1.606423124423695e-13
48.67786104940597 2.0401605518411473e-22 2.636120543325497e-13 9.047572883372714e-14 1.731363254988226e-13
50.16037823447602 2.0959201422249473e-22 2.790647402838439e-13 9.378124038880133e-14 1.8528349989504262e-13
51.68804648322576 2.142704280437159e-22 2.9398270988427227e-13 9.695267462198137e-14 1.9703003526229094e-13
53.26224090184056 2.1785527494756942e-22 3.0800441911270923e-13 9.995099046605181e-14 2.0805342864665748e-13
54.884378476295105 2.2036577444942447e-22 3.2104235140959574e-13 1.0275176524108004e-13 2.1829058616851561e-13
56.55591934783037 2.216870269026015e-22 3.3280341841236295e-13 1.053558783554756e-13 2.274475400568872e-13
58.27836812727644 2.2185315575130007e-22 3.431961649771588e-13 1.077400575935563e-13 2.354561073836026e-13
60.05327524940399 2.2137687494032393e-22 3.528892135724892e-13 1.0984670509099208e-13 2.430425084814971e-13
61.88223836852342 2.2034850728641554e-22 3.6194748245099703e-13 1.1165230392078055e-13 2.5029517853021656e-13
62.81758386220369 2.1955884000472707e-22 3.6610156793460916e-13 1.1245408252070602e-13 2.53647485413903e-13
63.7670670344103 2.1891672249577163e-22 3.70548289307169e-13 1.1318954429520445e-13 2.5735874501196455e-13
65.70913619443517 2.17648559413124e-22 3.796216636135082e-13 1.1446015560274113e-13 2.6516150801076704e-13
67.71035238438829 2.153334283861365e-22 3.870222754889434e-13 1.1540194229244362e-13 2.7162033319649987e-13
69.77251696707448 2.1184604406754237e-22 3.923504739580808e-13 1.1598650406155538e-13 2.7636396989652536e-13
71.89748616702131 2.0748936661917522e-22 3.9598522691803477e-13 1.1626592325587288e-13 2.797193036621617e-13
74.08717274132995 2.0237919753106742e-22 3.9799564916767534e-13 1.1627374916678763e-13 2.8172190000088774e-13
76.34354770141287 1.9665440671599896e-22 3.985157165044382e-13 1.159636801663178e-13 2.8255203633812043e-13
78.66864208716851 1.904266546425015e-22 3.976480204173424e-13 1.153100405849387e-13 2.823379798324037e-13
81.06454879518883 1.838464538499617e-22 3.9559943270811417e-13 1.143581922903495e-13 2.8124124041776463e-13
83.5334244626476 1.7720794651352714e-22 3.9292794036789793e-13 1.131491730521106e-13 2.7977876731578735e-13
86.07749140856238 1.7026554630159723e-22 3.8903243448279505e-13 1.1167248419983265e-13 2.7735995028296243e-13
88.69903963417964 1.6281644920777326e-22 3.83342199056731e-13 1.0992494561493882e-13 2.734172534417921e-13
91.4004288842828 1.5512328511304325e-22 3.7635237416884435e-13 1.0793768406997389e-13 2.684146900988704e-13
94.18409077127889 1.4729221360893732e-22 3.6823644715424517e-13 1.0574190354516474e-13 2.624945436090805e-13
97.05253096397554 1.3943282493321348e-22 3.5920413292142726e-13 1.0335136018785612e-13 2.5585277273357117e-13
100.00833144301866 1.3185427370940154e-22 3.50025613445796e-13 1.0078824100912019e-13 2.4923737243667573e-13
103.05415282502196 1.243967762353996e-22 3.402859799442134e-13 9.807074944865486e-14 2.4221523049555855e-13
106.19273675747671 1.1730920180310822e-22 3.306711655835818e-13 9.52096210556252e-14 2.3546154452795657e-13
109.4269083866038 1.1040463985476805e-22 3.206866551255014e-13 9.223356824220323e-14 2.2845308688329804e-13
112.75957890036308 1.0349122326384074e-22 3.0976075824326614e-13 8.918402378439583e-14 2.2057673445887032e-13
116.1937481489129 9.671195524635418e-23 2.9828564809728643e-13 8.606850118357583e-14 2.1221714691371053e-13
119.73250734487735 8.998814902719749e-23 2.8600052423029137e-13 8.288087974981733e-14 2.0311964448047398e-13
123.37904184585196 8.346280023931248e-23 2.7334036989680896e-13 7.965175584667918e-14 1.9368861405012977e-13
127.13663402165271 7.709586311445924e-23 2.601783871146085e-13 7.642970541868629e-14 1.837486816959222e-13
131.0086662088879 7.099115114812794e-23 2.468730466388015e-13 7.321864652583848e-14 1.7365440011296303e-13
134.99862375551584 6.511826352080427e-23 2.333466578751873e-13 7.000307749931326e-14 1.6334358037587405e-13
139.11009815812417 5.954684496796257e-23 2.1988056581861612e-13 6.68042659735004e-14 1.530762998451157e-13
143.3467902947586 5.432501634560207e-23 2.0670799369168858e-13 6.366366224138453e-14 1.430443314503041e-13
147.71251375620898 4.9459905066627305e-23 1.939277686576806e-13 6.058784027139136e-14 1.3333992838628929e-13
152.21119827875228 4.517011246220145e-23 1.8250182421158883e-13 5.756404805715209e-14 1.2493777615443674e-13
156.84689328144228 4.1368587728943904e-23 1.7223287409772193e-13 5.4600822425000226e-14 1.176320516727217e-13
159.21741877681018 3.955826172926825e-23 1.671849622600307e-13 5.314948228337114e-14 1.1403547997665955e-13
161.62377151112827 3.7791919881386876e-23 1.6213382373584772e-13 5.1720291099464377e-14 1.1041353263638332e-13
166.54613279848823 3.440117629202557e-23 1.5208181211935559e-13 4.893023108729092e-14 1.0315158103206469e-13
171.61840792845166 3.128309093464343e-23 1.4250921864904e-13 4.6226892324001816e-14 9.628232632503821e-14
176.84516262850022 2.8442355844816685e-23 1.335144230549076e-13 4.3612442206795234e-14 8.990198084811233e-14
179.5181642894721 2.710631619950729e-23 1.291660360450214e-13 4.2341037077504235e-14 8.682499896751715e-14
182.2315681744764 2.579085014306915e-23 1.2475521342938978e-13 4.1094349461663923e-14 8.366086396772582e-14
187.78155384880017 2.3253499753987216e-23 1.159072726614955e-13 3.867671948742672e-14 7.723055317406878e-14
190.61961427604518 2.2073404413009994e-23 1.1168795513966768e-13 3.750558453688406e-14 7.418237060278362e-14
193.5005680909718 2.0952618296363705e-23 1.0761925437017128e-13 3.635957513605306e-14 7.125967923411825e-14
199.3937587803602 1.8894987919969044e-23 1.0000635809877415e-13 3.414359919402823e-14 6.586275890474591e-14
205.46643057848152 1.7059592533309675e-23 9.304198413802842e-14 3.2026848255473724e-14 6.10151358825547e-14
211.72404970390772 1.5462972259644768e-23 8.690256637931519e-14 3.000720970069924e-14 5.689535667861593e-14
218.17224885259444 1.4005970767671622e-23 8.111144844352164e-14 2.8086726421101265e-14 5.302472202242039e-14
224.8168322680627 1.2632544937231496e-23 7.538572381329044e-14 2.6267013071781426e-14 4.911871074150901e-14
231.66378096599615 1.13674623399583e-23 6.990224071603786e-14 2.4541698977156237e-14 4.5360541738881625e-14
238.71925811795668 1.0199403642248057e-23 6.462962983652008e-14 2.290376257865419e-14 4.172586725786589e-14
245.98961459906556 9.132824464780319e-24 5.96336395032412e-14 2.1355638431966007e-14 3.8278001071275175e-14
249.71106150874405 8.625136866868669e-24 5.717066043591784e-14 2.0616200855118633e-14 3.655445958079921e-14
253.4888082224776 8.133746527068088e-24 5.4729169378068407e-14 1.9899965333626868e-14 3.482920404444156e-14
261.20898134247824 7.23132961886047e-24 5.013900331346478e-14 1.8530790568913274e-14 3.1608212744551513e-14
269.1642775569489 6.452553936481794e-24 4.6101865356970085e-14 1.7236597364325506e-14 2.88652679926446e-14
277.3618576987742 5.760366242171838e-24 4.240980417192305e-14 1.6018931252984566e-14 2.639087291893849e-14
285.8091006888481 5.097434395627307e-24 3.867204438759567e-14 1.488082371017078e-14 2.3791220677424887e-14
294.5136101780917 4.496765870274681e-24 3.515402672035354e-14 1.3814962717805523e-14 2.1339064002548022e-14
303.4832213917586 3.984365015427924e-24 3.2096910890219476e-14 1.2813498434898862e-14 1.9283412455320596e-14
312.7260081821858 3.534897212454613e-24 2.934338584084885e-14 1.1875558534206861e-14 1.7467827306641988e-14
322.25029029634635 3.1410156689175714e-24 2.6867846174443128e-14 1.1001114649259389e-14 1.5866731525183745e-14
332.0646408647343 2.7919133579095544e-24 2.460900207367489e-14 1.01855578833259e-14 1.442344419034899e-14
342.17789411833206 2.4768946316840496e-24 2.2497223046232386e-14 9.424128543983696e-15 1.3073094502248685e-14
352.59915334060224 2.1944599841866402e-24 2.0538955980311886e-14 8.714157919467794e-15 1.1824798060844087e-14
363.337799061663 1.9449111499937254e-24 1.8757708401952575e-14 8.05349724777835e-15 1.0704211154174223e-14
374.40349750202313 1.7239759777507916e-24 1.7133281092997734e-14 7.439130099392864e-15 9.694150993604867e-15
380.062092440151 1.6230156927564783e-24 1.6373695405183363e-14 7.148457820834753e-15 9.225237584348614e-15
385.80620927347337 1.5278831844029332e-24 1.5646917662945008e-14 6.868340430044824e-15 8.778577232900184e-15
397.5561983449763 1.3536814388240366e-24 1.4285137865436274e-14 6.338336899713995e-15 7.94680096572228e-15
409.6640412816112 1.1978604996050095e-24 1.302577349432208e-14 5.8460395189413865e-15 7.179733975380692e-15
415.8555509384264 1.1262838373363769e-24 1.243253778504587e-14 5.613287272731658e-15 6.819250512314216e-15
422.1406367649012 1.0587083292075706e-24 1.1863229272240154e-14 5.389109873926764e-15 6.474119398313388e-15
434.9972154030873 9.355458656629757e-25 1.0802418385335537e-14 4.965960147526443e-15 5.8364582378090916e-15
448.24534984018095 8.267432500596137e-25 9.836846256030981e-15 4.574435188839863e-15 5.26241106719112e-15
461.89696517289525 7.305824470870979e-25 8.957437271698644e-15 4.211621382573717e-15 4.745815889124926e-15
475.9643496848308 6.456073440569081e-25 8.156659251604911e-15 3.875415764323254e-15 4.2812434872816566e-15
490.4601659075747 5.701264730949133e-25 7.422400443780772e-15 3.5649413977632784e-15 3.8574590460174944e-15
505.39746201868155 5.029517607250311e-25 6.747281392158328e-15 3.278764166530561e-15 3.468517225627765e-15
520.7896835867783 4.435931142791059e-25 6.1322041091904904e-15 3.0147487410051872e-15 3.1174553681853032e-15
536.6506856743796 3.913340639672478e-25 5.574536644688564e-15 2.7712977452748288e-15 2.8032388994137355e-15
552.9947453093008 3.4518406996321474e-25 5.06688657729971e-15 2.5466938372527612e-15 2.5201927400469498e-15
569.8365743358964 3.0439831214032567e-25 4.604282831125931e-15 2.3395102488280335e-15 2.264772582297899e-15
587.1913326576936 2.6836620394525373e-25 4.182894322648947e-15 2.1484863928322743e-15 2.034407929816673e-15
605.0746418833327 2.3654452383589424e-25 3.7991923648053135e-15 1.972442866574413e-15 1.8267494982309006e-15
623.502599388115 2.084508324160494e-25 3.4499383567447384e-15 1.8102760645375447e-15 1.6396622922071937e-15
642.4917928037942 1.836563530095044e-25 3.132153035963669e-15 1.6609548562567034e-15 1.4711981797069649e-15
662.0593149496696 1.617800336921256e-25 2.84309423615342e-15 1.5235194063089682e-15 1.3195748298444514e-15
682.2227792184137 1.4248376081608946e-25 2.5802454388186198e-15 1.3970733393552273e-15 1.183172099463392e-15
703.0003354304876 1.25467822015648e-25 2.3413013981335454e-15 1.280783756329093e-15 1.0605176418044522e-15
724.4106861714122 1.1046662759322582e-25 2.1241509545254854e-15 1.1738781228646034e-15 9.502728316608824e-16
746.4731036265977 9.724468959933857e-26 1.9268570290877223e-15 1.0756318907658297e-15 8.51225138321893e-16
769.2074469289008 8.559348394340898e-26 1.747646603026561e-15 9.853719624153362e-16 7.622746406112248e-16
792.6341800345017 7.532858442080062e-26 1.5849006202045383e-15 9.024779116340416e-16 6.824227085704969e-16
816.7743901432078 6.628689824766025e-26 1.43714054739085e-15 8.263747403537001e-16 6.107658070371502e-16
841.6498066797607 5.832408004776817e-26 1.3030130292915835e-15 7.565269218013528e-16 5.464861074902307e-16
867.2828208532309 5.1312491781546374e-26 1.181281171891248e-15 6.924378189820386e-16 4.888433529092092e-16
893.6965058121084 4.513954562257312e-26 1.0708204982536805e-15 6.336501717880924e-16 4.3717032646558795e-16
920.9146374132232 3.9705843268175053e-26 9.706065838051617e-16 5.797415754283494e-16 3.9086500837681223e-16
948.9617156232121 3.492350143192115e-26 8.797026586438642e-16 5.303200538139626e-16 3.493826048299013e-16
977.8629865717667 3.071495816812904e-26 7.972552155604914e-16 4.850235389653393e-16 3.12231676595152e-16
1007.6444652765354 2.7011813840819744e-26 7.224877781581587e-16 4.4351804594722874e-16 2.7896973221092964e-16
1038.332959060126 2.3753725197186202e-26 6.546931555906844e-16 4.0549509914590683e-16 2.491980564447777e-16
1069.95609168029 2.0887505926311003e-26 5.932284556690575e-16 3.7067068930666275e-16 2.225577663623949e-16
1102.542328195006 1.836628641616944e-26 5.375093923158544e-16 3.387834348092043e-16 1.9872595750664996e-16
1136.1210005848498 1.6148734663422077e-26 4.870039900797131e-16 3.0959196822748975e-16 1.7741202185222345e-16
1170.7223341557005 1.4198412256101363e-26 4.412280547595138e-16 2.828734584748992e-16 1.583545962846145e-16
1206.3774747455793 1.2483238826102345e-26 3.997421389666723e-16 2.584232934294614e-16 1.413188455372109e-16
1243.1185167600695 1.0974980582900667e-26 3.6214769813235406e-16 2.36053754836164e-16 1.260939432961899e-16
1280.9785320615858 9.648759381378476e-27 3.2808226964799033e-16 2.1559179787658076e-16 1.1249047177140954e-16
1319.9915997384837 8.482649135176191e-27 2.9721594471844185e-16 1.9687779235981169e-16 1.0033815235863006e-16
1360.1928367808064 7.457361520871755e-27 2.692496292312273e-16 1.7976527736682263e-16 8.948435186440473e-17
1401.618429690285 6.55594284803568e-27 2.4391268744386516e-16 1.6412026355953402e-16 7.979242388433122e-17
1444.305667053031 5.76346414668639e-27 2.2095922816576913e-16 1.4981949692176484e-16 7.113973124400422e-17
1488.2929731042755 5.066773619459665e-27 2.001655641899163e-16 1.3674926440055861e-16 6.341629978935771e-17
1533.6199423153234 4.454305815113856e-27 1.813289768072494e-16 1.2480535872380102e-16 5.652361808344834e-17
1580.327375033885 3.9158932110397474e-27 1.6426586919036006e-16 1.1389250022456773e-16 5.0373368965792337e-17
1628.457314209858 3.442592889165383e-27 1.488097816895508e-16 1.0392326992326678e-16 4.4886511766284034e-17
1678.0530832396191 3.026532604988518e-27 1.3480949602006438e-16 9.481721068151852e-17 3.999228533854585e-17
1729.1593249628888 2.660790285411729e-27 1.2212795650852885e-16 8.650058884722997e-17 3.5627367661298924e-17
1781.8220418472597 2.339283818120385e-27 1.1064114886222161e-16 7.890603266874909e-17 3.1735116193472505e-17
1836.0886373966016 2.0566643794486943e-27 1.0023664045891219e-16 7.197179374430658e-17 2.8264846714605644e-17
1892.007958820556 1.8082275160562627e-27 9.081246529644989e-17 6.564119343975286e-17 2.517127185669701e-17
1949.6303410035755 1.589835323244726e-27 8.2276128908105e-17 5.986224532611312e-17 2.241388358199187e-17
2009.0076518130663 1.3978544029150129e-27 7.454404626406107e-17 5.458755985442401e-17 1.9956486409637057e-17
2070.1933387874215 1.2290913002258426e-27 6.754053314977832e-17 4.977377762190229e-17 1.7766755527876045e-17
2133.242477245972 1.0807346870634839e-27 6.119680468216179e-17 4.5381038544687457e-17 1.5815766137474352e-17
2198.211819864143 9.503138679819366e-28 5.5450573063340415e-17 4.1372887755175424e-17 1.4077685308164978e-17
2265.1598477584885 8.356585392866903e-28 5.0245496632189766e-17 3.771602884180624e-17 1.252946779038353e-17
2334.1468231275226 7.348606079506006e-28 4.5530515920734737e-17 3.437999977819751e-17 1.1150516142537247e-17
2405.2348434957767 6.462433566536978e-28 4.125940980214947e-17 3.133693813268989e-17 9.922471669459581e-18
2478.487897609897 5.683335042310767e-28 3.739034693277709e-17 2.8561383023158784e-17 8.828963909618313e-18
2553.971923037092 4.998351613068154e-28 3.388537960733718e-17 2.603003254839204e-17 7.855347058945152e-18
2631.7548655177807 4.396091957226177e-28 3.0710128663080365e-17 2.372157849381355e-17 6.988550169266812e-18
2711.906740125872 3.866549691642672e-28 2.783349731919418e-17 2.1616568065530478e-17 6.216929253663699e-18
2794.4996942916955 3.4009287400863863e-28 2.5227315097497913e-17 1.969721709875277e-17 5.530097998745144e-18
2879.6080727443887 2.991499905951644e-28 2.286608475871053e-17 1.7947288245458215e-17 4.918796513252317e-18
2967.308484432098 2.631472244611318e-28 2.0726736445048804e-17 1.6351960451101115e-17 4.374775993947688e-18
3057.6798714803062 2.3148734657036964e-28 1.8788352697358174e-17 1.489768004205587e-17 3.890672655302303e-18
