Dust emission spectrum from A.P. Jones, M. Kohler, N. Ysard, M. Bocchio, and L. Verstraete (2017), A&A, 602A, 46J 
inside the DustPedia framework.

lambda    nu*dP/dnu     j_nu    j_nu(carb.) j_nu(sil)
 (um)   (erg s-1 H-1) (Jy cm2 sr-1 H-1)
0.9927057738263894 1.9489461660919395e-24 5.1355838455845504e-17 5.1355838235308394e-17 2.2053711127109604e-25
1.0001793341362166 1.9812177087957833e-24 5.2599245082074624e-17 5.2599244816485766e-17 2.655888718134723e-25
1.0077091589558085 2.0134659667318556e-24 5.385784003620925e-17 5.385783971678129e-17 3.1942795933170204e-25
1.0114953028030835 2.0295777181503076e-24 5.44927831720969e-17 5.449278282195665e-17 3.5014021898199033e-25
1.0152956718711033 2.045679287354469e-24 5.5131462806964153e-17 5.51314624232841e-17 3.836800429821943e-25
1.0229392996569957 2.0778303387087986e-24 5.64195190971943e-17 5.641951863693435e-17 4.60259934463946e-25
1.0267826658714554 2.0938411503746084e-24 5.70678737937865e-17 5.706787328991195e-17 5.038745404964118e-25
1.0306404723013447 2.1098352474451525e-24 5.771984674988348e-17 5.771984619844183e-17 5.514416339027821e-25
1.03451277320114 2.125811225018632e-24 5.837541570488203e-17 5.837541510158035e-17 6.033016896888844e-25
1.0383996230291617 2.1417676874486728e-24 5.903455813858807e-17 5.90345574787652e-17 6.598228686736226e-25
1.0403485208654093 2.149738166951731e-24 5.93654623033965e-17 5.936546161344198e-17 6.899545155270948e-25
1.0423010764483396 2.157703248650835e-24 5.969725127927789e-17 5.969725055787476e-17 7.214031246936285e-25
1.0462171883269815 2.173616532403645e-24 6.036347211181216e-17 6.036347132333972e-17 7.88472460281946e-25
1.0471985131304309 2.1775912121775034e-24 6.053057580219327e-17 6.053057499604216e-17 8.061510989671848e-25
1.048180758391296 2.1815643929370776e-24 6.069789815573938e-17 6.06978973315301e-17 8.2420926261400415e-25
1.0501480137395462 2.1895061726441065e-24 6.103319738580075e-17 6.103319652430542e-17 8.614953403579026e-25
1.0521189612883777 2.197441702401703e-24 6.136936686028733e-17 6.136936595989277e-17 9.003945599184131e-25
1.0531058218030118 2.2014010840536854e-24 6.153760966133805e-17 6.153760874086701e-17 9.204710472502667e-25
1.0540936079674168 2.2053392254431156e-24 6.170551978093735e-17 6.1705518839957e-17 9.409803553437706e-25
1.058054026499678 2.2210743070623975e-24 6.237928114008336e-17 6.237928011260286e-17 1.0274804855259452e-24
1.0590464539527713 2.225003602961943e-24 6.254824981022142e-17 6.254824875995451e-17 1.050266898421607e-24
1.06003981227728 2.228931067807988e-24 6.271742905387255e-17 6.271742798033582e-17 1.073536740782125e-24
1.0620293250338977 2.2367804221992534e-24 6.305641773842472e-17 6.305641661685879e-17 1.1215659198136928e-24
1.0660195594769086 2.2524562573670414e-24 6.373690519234209e-17 6.373690396847479e-17 1.2238672967566705e-24
1.070024785945596 2.2681005108982326e-24 6.442071893222511e-17 6.44207175971605e-17 1.3350646055123415e-24
1.0740450607676866 2.283711893202641e-24 6.510783421094733e-17 6.510783275505652e-17 1.455890788102185e-24
1.07808044048254 2.299289127020048e-24 6.579822611237868e-17 6.579822452524311e-17 1.5871355839876984e-24
1.0861967418109137 2.330309054469312e-24 6.71879594481821e-17 6.7187957563833e-17 1.8843490833436527e-24
1.0902777775684922 2.345687747974202e-24 6.788546430550183e-17 6.788546225328165e-17 2.0522201664109025e-24
1.0943741465085532 2.3610262363073988e-24 6.858609408147378e-17 6.858609184715063e-17 2.2343231482872613e-24
1.1026131145906286 2.3915777928946824e-24 6.999662476794503e-17 6.999662212207049e-17 2.645874524554958e-24
1.1109141095355224 2.4219542557806453e-24 7.14193432079459e-17 7.141934007874848e-17 3.129197428083112e-24
1.1192775983109025 2.4521187814676543e-24 7.285321946285815e-17 7.285321576679713e-17 3.6960610383948054e-24
1.1277040513999907 2.4819355501533037e-24 7.429422786562059e-17 7.429422350558628e-17 4.36003431687219e-24
1.1361939428280308 2.5115462571313505e-24 7.574658960313866e-17 7.574658446640002e-17 5.136738632548269e-24
1.1447477501889525 2.5409424572685846e-24 7.72100905443323e-17 7.721008450019691e-17 6.044135416025761e-24
1.1533659546722406 2.570131190621372e-24 7.868498255595585e-17 7.868497545309696e-17 7.102858910940655e-24
1.1707974979042381 2.6279798334713348e-24 8.16720105504136e-17 8.167200077796091e-17 9.772452670852484e-24
1.1884924949847024 2.684893777634889e-24 8.47018673710737e-17 8.470185399240403e-17 1.3378669654263823e-23
1.2064549276569216 2.7413094928012113e-24 8.778869731592034e-17 8.778867908991131e-17 1.8226009038098866e-23
1.2246888378427687 2.7966493412137688e-24 9.091451123410579e-17 9.091448652514427e-17 2.4708961512627633e-23
1.2431983285522175 2.850797572609357e-24 9.407543408816542e-17 9.407540075132802e-17 3.3336837386566844e-23
1.2619875648066055 2.903750484808782e-24 9.72710947907752e-17 9.727105002694986e-17 4.4763825291929555e-23
1.3004222497298317 3.0052854771222505e-24 1.0373840281998682e-16 1.0373832323702382e-16 7.95829629833446e-23
1.3400274889804893 3.100988441333016e-24 1.1030197480561064e-16 1.1030183589507826e-16 1.3891053244415905e-22
1.3808389325824078 3.1906511663452463e-24 1.1694772608804325e-16 1.1694748792543477e-16 2.381626084725368e-22
1.4228933163050095 3.274795812613812e-24 1.2368755333793105e-16 1.2368715205694588e-16 4.012809851734224e-22
1.466228494730424 3.355352181620124e-24 1.3058978273715568e-16 1.3058911795966607e-16 6.647774896031525e-22
1.5108834753276823 3.431138337174077e-24 1.3760639985573325e-16 1.3760531655882885e-16 1.0832969043792958e-21
1.5568984535646726 3.501232439054522e-24 1.4469404704507824e-16 1.4469230878335404e-16 1.7382617242170646e-21
1.6043148490894465 3.5659151385120096e-24 1.5185533000354644e-16 1.518525784450119e-16 2.7515585345474807e-21
1.6531753430134553 3.625530255032278e-24 1.5909622902105172e-16 1.5909193725167609e-16 4.291769375602409e-21
1.7035239163302658 3.68076125050177e-24 1.6643908378155364e-16 1.6643248609291893e-16 6.597688634732381e-21
1.755405889504358 3.734640999062825e-24 1.7401866987283425e-16 1.740086684334511e-16 1.0001439383129233e-20
1.8088679632656115 3.78670602296538e-24 1.8181842465252243e-16 1.8180346909720446e-16 1.495555531799566e-20
1.8639582606462262 3.8366986457350956e-24 1.8982932561528064e-16 1.8980725651677873e-16 2.206909850194008e-20
1.9207263702978936 3.885189097751621e-24 1.9808294918117011e-16 1.9805079979373904e-16 3.21493874310796e-20
1.979223391128241 3.933209570869954e-24 2.0663854504676726e-16 2.065922925998755e-16 4.6252446891732153e-20
2.039501978296691 3.98193503193562e-24 2.155697082206183e-16 2.1550396878622348e-16 6.573943439475616e-20
2.1016163906111602 4.0343037082479835e-24 2.250564527193992e-16 2.2496410499073376e-16 9.234772866544763e-20
2.1656225393682647 4.0921164676338115e-24 2.3523404778859435e-16 2.3510578948177243e-16 1.2825830682199903e-19
2.231578038680979 4.155670447370419e-24 2.461629068585278e-16 2.4598673377146197e-16 1.7617308706586692e-19
2.299542257339062 4.226120630884665e-24 2.57960207290775e-16 2.577208085197505e-16 2.393987710244745e-19
2.369576372248914 4.305712806317942e-24 2.708227866716623e-16 2.705008475294241e-16 3.2193914223818558e-19
2.4417434235010123 4.397058909362597e-24 2.8499139280896114e-16 2.845628178885698e-16 4.2857492039126017e-19
2.5161083711144245 4.504488227415328e-24 3.0084599331654783e-16 3.0028102780552063e-16 5.649655110271432e-19
2.5927381535095444 4.63489867316996e-24 3.189835858217439e-16 3.182458570317564e-16 7.377287899873141e-19
2.6717017477616296 4.796251669578222e-24 3.4014130295403235e-16 3.3918682993977207e-16 9.544730142603365e-19
2.753070231689431 5.000330336741294e-24 3.6541419967504146e-16 3.641903450170732e-16 1.2238546579682326e-18
2.836916847834745 5.273738130144114e-24 3.9713174166943033e-16 3.955760752617382e-16 1.5556664076921649e-18
2.9233170693905177 5.674600988383351e-24 4.4033244309140833e-16 4.3837193633189427e-16 1.9605067595142355e-18
2.967498994190263 5.979763231030332e-24 4.710250473480714e-16 4.688348593400984e-16 2.19018800797317e-18
3.0123486681368425 6.328332742138594e-24 5.060156835306652e-16 5.03572165842062e-16 2.44351768860316e-18
3.0578761833420214 7.039513077473194e-24 5.713890975251813e-16 5.686658129655744e-16 2.7232845596068213e-18
3.1040917844459814 7.937941446539494e-24 6.540513982853916e-16 6.510221076563957e-16 3.0292906289957237e-18
3.127460860933648 8.855824421192855e-24 7.351742952161338e-16 7.319805424595222e-16 3.1937527566114635e-18
3.1510058709225794 1.0067064288089759e-23 8.420182167778981e-16 8.386525807408862e-16 3.3656360370117314e-18
3.162844764501044 1.1183556827926638e-23 9.389171218178885e-16 9.35462360404406e-16 3.4547614134828595e-18
3.1747281389236908 1.2476641130531577e-23 1.0514137636649399e-15 1.047867941572389e-15 3.545822092550919e-18
3.1986289994194426 1.606504983837286e-23 1.3640031729316242e-15 1.3602688428821703e-15 3.734330049453939e-18
3.2227097969389145 2.4483102453453337e-23 2.0943877176002703e-15 2.090453159528558e-15 3.9345580717119795e-18
3.2348180950136065 3.2448838183031744e-23 2.786239523761899e-15 2.7821979886264666e-15 4.04153513543267e-18
3.240889293275058 3.8401655813134654e-23 3.3035705044598528e-15 3.299472538548686e-15 4.097965911166383e-18
3.2469718861334385 4.5289322984966487e-23 3.903406580769498e-15 3.899250222297563e-15 4.156358471934657e-18
3.2714166318528037 8.195918206109649e-23 7.117097343825273e-15 7.112699284256865e-15 4.398059568407504e-18
3.2744851364798273 8.425410404013021e-23 7.323244281345246e-15 7.318817628125381e-15 4.4266532198663175e-18
3.2775565192852394 8.661441054934124e-23 7.535460137291267e-15 7.531004737109326e-15 4.455400181940893e-18
3.283707930232385 8.435786145141963e-23 7.352914504810113e-15 7.348407474812821e-15 4.5070299972900524e-18
3.2898708863219004 7.717998614174629e-23 6.739892712143669e-15 6.735338492021117e-15 4.55422012255185e-18
3.29141343181113 7.548686153353257e-23 6.595128161937751e-15 6.590562086638624e-15 4.566075299125176e-18
3.292184975758714 7.465485998255615e-23 6.523966870186105e-15 6.51939485863561e-15 4.5720115504930504e-18
3.295272960557952 6.940810464637948e-23 6.071150696186297e-15 6.066555555309391e-15 4.595140876903406e-18
3.3076538914384823 5.121581876982914e-23 4.4966968731711566e-15 4.492008727151336e-15 4.6881460198200135e-18
3.310756385682612 4.750893304858323e-23 4.1751485836704754e-15 4.1704369727669175e-15 4.7116109035559816e-18
3.313861789986515 4.4087085718199876e-23 3.878066180841811e-15 3.87333101932555e-15 4.73516151626223e-18
3.3200813396944477 3.929247885337156e-23 3.4628014038125876e-15 3.458015680622548e-15 4.7857231900396245e-18
3.345076488085796 3.077446230082223e-23 2.732536421877542e-15 2.7275256064674087e-15 5.01081541013334e-18
3.3482140837626964 3.110144203656581e-23 2.7641599980439586e-15 2.7591186986471225e-15 5.041299396836674e-18
3.3513546224236106 3.143194966397326e-23 2.7961543319988918e-15 2.791082399513422e-15 5.071932485470233e-18
3.3576445397418455 3.381767005718488e-23 3.0140318194973326e-15 3.008895875742305e-15 5.135943755027091e-18
3.3702598118196083 4.2587870345372143e-23 3.8099452782834525e-15 3.8046750419552275e-15 5.2702363282249915e-18
3.382922481734668 4.4609125101390234e-23 4.005762392978261e-15 4.000361220329195e-15 5.401172649067453e-18
3.389271646505754 4.565561082546987e-23 4.107428092333977e-15 4.1019604714311625e-15 5.46762090281431e-18
3.395632727569191 4.678578459663329e-23 4.2170044640554744e-15 4.21146836043064e-15 5.5361036248351436e-18
3.421196662673239 5.221556904543189e-23 4.7418464661443676e-15 4.736026412960225e-15 5.82005318414204e-18
3.4276182099114902 5.115104679754464e-23 4.653893068710819e-15 4.6480092037251074e-15 5.883864985710065e-18
3.4340518103208963 4.643705742386473e-23 4.23292884628941e-15 4.226984411080121e-15 5.94443520928854e-18
3.4469541582030403 3.9720907517668184e-23 3.63432785850185e-15 3.628266726221737e-15 6.061132280113217e-18
3.472904465399547 3.786855958483463e-23 3.4909293194896187e-15 3.4845999793837256e-15 6.329340105893459e-18
3.4990501388274233 3.5021738989220034e-23 3.252799583504803e-15 3.2461947521582646e-15 6.604831346535611e-18
3.5253949054701885 2.4808243706972403e-23 2.3215242536382304e-15 2.314650155862172e-15 6.874097776058682e-18
3.5519380250092896 1.5191127298078545e-23 1.4322697368571933e-15 1.425123670259417e-15 7.146066597775968e-18
3.578680990867387 1.1402551597434432e-23 1.0831646191185523e-15 1.0757202248046232e-15 7.444394313928878e-18
3.605625307711299 9.89720713536035e-24 9.47245794876482e-16 9.39486364413813e-16 7.759430462669147e-18
3.660119384959845 8.8566419368013e-24 8.604661127654186e-16 8.520411020474758e-16 8.425010717942565e-18
3.715437065384467 8.143763667628019e-24 8.031644999415989e-16 7.94032375204111e-16 9.13212473748804e-18
3.8285932144167436 7.921566059255181e-24 8.050441649712376e-16 7.943729817763066e-16 1.0671183194931167e-17
3.94519561050918 8.03550865133958e-24 8.41494626969816e-16 8.291155942281573e-16 1.2379032741658393e-17
4.06534921144712 8.29241452959903e-24 8.948459856899461e-16 8.805844825256074e-16 1.4261503164339027e-17
4.189162171576248 8.635793304569896e-24 9.602821259756881e-16 9.439519859745774e-16 1.6330140001110622e-17
4.316745939156006 9.044378512521596e-24 1.0363457046330656e-15 1.017758892992283e-15 1.8586811640782453e-17
4.448215356677963 9.510810219640609e-24 1.122981893458599e-15 1.1019702988727365e-15 2.1011594585861954e-17
4.58368876423945 1.0035922336713318e-23 1.2210736118064105e-15 1.19745669437436e-15 2.361691743205039e-17
4.723288106065518 1.0626568553299598e-23 1.3323150026041957e-15 1.3058865079948791e-15 2.6428494609316805e-17
4.867139040275056 1.1295709648541758e-23 1.4593407393431901e-15 1.4299492268448718e-15 2.9391512498318667e-17
4.940699165968905 1.1677116447576013e-23 1.5314169694315055e-15 1.5004757588361435e-15 3.094121059536227e-17
5.015371051989984 1.2068883838148631e-23 1.6067178156031976e-15 1.5741839282560553e-15 3.253388734714261e-17
5.091171501069577 1.2521797911947357e-23 1.6922084152362246e-15 1.6580071834094505e-15 3.4201231826774326e-17
5.129500256944802 1.2752844744563038e-23 1.7364071341355288e-15 1.7013562807432103e-15 3.5050853392318384e-17
5.168117569889187 1.2991334971800718e-23 1.7821965508196978e-15 1.7462786848535386e-15 3.591786596615969e-17
5.20702561229733 1.3270945778433475e-23 1.8342605332906e-15 1.797404394918697e-15 3.685613837190253e-17
5.246226572918644 1.3556062046131439e-23 1.8877741023026404e-15 1.8499659973630813e-15 3.780810493955987e-17
5.265937586045735 1.3700732729688133e-23 1.915088880814285e-15 1.876799684900947e-15 3.828919591333839e-17
5.285722656980489 1.384683827034758e-23 1.9427835817238497e-15 1.9040099052043583e-15 3.877367651949126e-17
5.305582063971359 1.3994399110696223e-23 1.97086430968346e-15 1.9316027750144326e-15 3.9261534669028153e-17
5.3255160863122235 1.4150718452116473e-23 2.000366736011775e-15 1.9606108451816368e-15 3.975589083013776e-17
5.365609099470188 1.4525442488699095e-23 2.0687967919285478e-15 2.0280176762720226e-15 4.077911565652568e-17
5.406003951863644 1.4911579562841634e-23 2.139781566938633e-15 2.097964277901645e-15 4.1817289036988524e-17
5.446702915881641 1.5309649250187825e-23 2.213443097951953e-15 2.170572761210154e-15 4.287033674179869e-17
5.487708281020852 1.57344637839626e-23 2.2919883035490413e-15 2.2480464210220306e-15 4.3941882527011015e-17
5.529022354014368 1.6301932259395127e-23 2.392527085160352e-15 2.3474662325892704e-15 4.50608525710821e-17
5.570647458961463 1.6897649221039264e-23 2.4986268248667653e-15 2.4524304909415463e-15 4.619633392521813e-17
5.612585937458331 1.7523592279004096e-23 2.610691629646954e-15 2.5633433551709325e-15 4.7348274476021414e-17
5.654840148729818 1.8204198299321672e-23 2.732507253597724e-15 2.6839859446682662e-15 4.8521308929458087e-17
5.67608639626678 1.86575563691476e-23 2.811079918718723e-15 2.7619454756768725e-15 4.913444304185015e-17
5.686739436050992 1.8890439878843455e-23 2.8515095702345316e-15 2.8020668178306108e-15 4.944275240392092e-17
5.6974124697621304 1.9127589431141193e-23 2.8927262460001867e-15 2.8429740230684695e-15 4.975222293171729e-17
5.718818669136295 1.9615090803887585e-23 2.9775981246451822e-15 2.9272234783868497e-15 5.0374646258331093e-17
5.740305295436557 2.014903933853055e-23 3.070144160954633e-15 3.019138456431549e-15 5.10057045230839e-17
5.7835210386641895 2.1516850925225353e-23 3.3032425468589195e-15 3.250929412128957e-15 5.231313472996308e-17
5.827062130521658 2.3077677328785604e-23 3.569531169054993e-15 3.5158804522813713e-15 5.36507167736211e-17
5.8489554468988025 2.4163088524088264e-23 3.751458886814681e-15 3.697089108886153e-15 5.436977792852815e-17
5.870931020387893 2.5322389273554036e-23 3.946218166792998e-15 3.891123011175228e-15 5.509515561777013e-17
5.892989160043636 2.6561452832052156e-23 4.154864846844278e-15 4.099037981959415e-15 5.582686488486132e-17
5.915130176081913 2.796515052407526e-23 4.390873254228226e-15 4.334288647834225e-15 5.658460639400187e-17
5.95966208400165 3.186989549549784e-23 5.041638567927115e-15 4.98334756606231e-15 5.829100186480382e-17
6.004529249263818 3.7463222479828836e-23 5.971088789876134e-15 5.910887630618587e-15 6.020115925754856e-17
6.027089341400364 4.133959163721303e-23 6.613681013481119e-15 6.5523863809677515e-15 6.129463251336487e-17
6.049734195844842 4.590588228880268e-23 7.371808849705946e-15 7.309357684191893e-15 6.24511655140526e-17
6.095279466722835 5.906800951398984e-23 9.556863694414296e-15 9.491605626085187e-15 6.52580683291089e-17
6.141167624020661 7.926083624987709e-23 1.2920491503796721e-14 1.2851634619787671e-14 6.885688400905123e-17
6.164241091010745 9.215480651039565e-23 1.507880902403599e-14 1.5007715044677666e-14 7.109397935832029e-17
6.187401249150058 1.0680176056356053e-22 1.754107177227346e-14 1.7467674377548097e-14 7.339739472536447e-17
6.1990139391386085 1.139537312128298e-22 1.8750834296132887e-14 1.8676263508200086e-14 7.457078793280403e-17
6.204828454712694 1.1771745911537855e-22 1.938831609338226e-14 1.931315197672605e-14 7.516411665620898e-17
6.210648424152782 1.2046772100408793e-22 1.9859900700325212e-14 1.978422586059806e-14 7.567483972714712e-17
6.233982942956859 1.2980626561730175e-22 2.1479823014807715e-14 2.1402345223609578e-14 7.747779119813408e-17
6.239830258556775 1.3099853596599608e-22 2.1697447732201366e-14 2.1619703084885324e-14 7.774464731603487e-17
6.245683058788269 1.3110209669997627e-22 2.1734968359899566e-14 2.1656956179746503e-14 7.801218015306484e-17
6.257405133728602 1.3084596104682225e-22 2.1733217612846092e-14 2.1654727312349496e-14 7.849030049659046e-17
6.269149208991335 1.2901182865502045e-22 2.146879013082713e-14 2.1390076816818284e-14 7.871331400884069e-17
6.280915325867298 1.2441214384974192e-22 2.074221566747235e-14 2.066359558734451e-14 7.862008012783622e-17
6.304513850009849 1.130691430885543e-22 1.892191716828418e-14 1.8843770541215592e-14 7.814662706859164e-17
6.32820103803542 9.90243120373417e-23 1.663380226738879e-14 1.6556434442490928e-14 7.736782489786027e-17
6.3519772230701035 8.615169805523665e-23 1.4525871803284224e-14 1.4449186023152918e-14 7.668578013130973e-17
6.375842739491607 7.53125931735688e-23 1.2746021045283126e-14 1.2669918831702755e-14 7.610221358037206e-17
6.399797922933955 6.665229595975666e-23 1.1322721055344962e-14 1.1246836521465785e-14 7.588453387917602e-17
6.42384311029221 5.94457394311374e-23 1.0136431554231398e-14 1.0060691914542309e-14 7.573963968909109e-17
6.447978639727206 5.421148074695093e-23 9.278639318197415e-15 9.202757150885473e-15 7.58821673119415e-17
6.472204850670314 4.985055815431375e-23 8.564296866111166e-15 8.488214018094781e-15 7.608284801638514e-17
6.496522083828205 4.703292080333415e-23 8.110587275499654e-15 8.034068918438099e-15 7.651835706155314e-17
6.520930681187647 4.466222904835008e-23 7.730710518498536e-15 7.65371884203364e-15 7.699167646489362e-17
6.57002334288761 4.226997573418274e-23 7.37171173524519e-15 7.293440978260251e-15 7.827075698493688e-17
6.619489833774732 4.2075072842327037e-23 7.392968045916961e-15 7.31313779722041e-15 7.9830248696551e-17
6.6693287637831435 4.306348825887639e-23 7.623611656695275e-15 7.542093764295673e-15 8.151789239960427e-17
6.719538636694507 4.429639462001509e-23 7.900912787727203e-15 7.817738852312771e-15 8.31739354144278e-17
6.770126513364129 4.7309609085927936e-23 8.501891867059311e-15 8.416924234799635e-15 8.496763225967596e-17
6.8210952395837445 5.184673294980791e-23 9.387391740850494e-15 9.30043079218172e-15 8.696094866877319e-17
6.872447682569556 5.755343329380148e-23 1.0499100951801823e-14 1.0409949672230048e-14 8.915127957177546e-17
6.924186731123532 6.475167316352086e-23 1.1901157409314664e-14 1.180962663221943e-14 9.153077709523705e-17
6.976315295795916 7.062176079273198e-23 1.3077781437526181e-14 1.2983818498710234e-14 9.396293881594664e-17
7.028836309048954 7.158237689510385e-23 1.3355463890998777e-14 1.3259169050720214e-14 9.629484027855773e-17
7.081752725421856 6.922055640073877e-23 1.301203663282841e-14 1.291344016989419e-14 9.859646293422117e-17
7.135067521697011 6.771060366444767e-23 1.2824020574328554e-14 1.2722888041729615e-14 1.0113253259893439e-16
7.1887836970674375 6.924193625515757e-23 1.321277541832245e-14 1.3108716835347139e-14 1.0405858297530422e-16
7.242904273305506 7.429240437770203e-23 1.4283235352018004e-14 1.4175754962055036e-14 1.0748038996296614e-16
7.297432294932914 8.220340458708131e-23 1.5923161953041955e-14 1.5811563634526946e-14 1.1159831851501168e-16
7.352370829391971 9.124724074260441e-23 1.7808058633076002e-14 1.769115428209134e-14 1.1690435098466665e-16
7.379995003818881 9.686603072415268e-23 1.897566501126689e-14 1.88556546289455e-14 1.2001038232139672e-16
7.407722967218148 1.0305216818156035e-22 2.0263352477411867e-14 2.0140092022197605e-14 1.2326045521425445e-16
7.463496598684601 1.187104367905933e-22 2.3518015661483643e-14 2.3387428189244302e-14 1.3058747223933265e-16
7.519690156487492 1.3894256099300272e-22 2.7733499824199006e-14 2.7594313659030094e-14 1.3918616516891898e-16
7.533803324048627 1.4482602059665856e-22 2.896211736596984e-14 2.8820497541985045e-14 1.4161982398480036e-16
7.547942979602549 1.5096921770521198e-22 3.024728847655572e-14 3.010319168108005e-14 1.440967954756788e-16
7.57630195363571 1.6390899810304451e-22 3.296321050290486e-14 3.2813998342800264e-14 1.4921216010458757e-16
7.590521371821866 1.7045049996886064e-22 3.434308619772511e-14 3.419119095429635e-14 1.5189524342875418e-16
7.604767477414989 1.772619194619488e-22 3.5782511572304825e-14 3.562788436159954e-14 1.5462721070529272e-16
7.633339951266878 1.9094491121946135e-22 3.8689411688410055e-14 3.852929573733671e-14 1.601159510733478e-16
7.662019777021956 2.0158606332943469e-22 4.099899447456768e-14 4.083387902926167e-14 1.6511544530602978e-16
7.690807358020558 2.0887795323042446e-22 4.264164688185727e-14 4.247225202528948e-14 1.6939485656778943e-16
7.719703099118437 2.125909449765109e-22 4.356270037574839e-14 4.338981013564091e-14 1.728902401074824e-16
7.748707406692464 2.1197151676573274e-22 4.359896730575002e-14 4.3422801922863515e-14 1.761653828864964e-16
7.777823177463063 2.0804168679784116e-22 4.2951453483685766e-14 4.2769181402542763e-14 1.822720811430019e-16
7.807048350752435 2.0204008446806895e-22 4.186912100962068e-14 4.167993717400565e-14 1.8918383561502259e-16
7.836380830085272 1.9375271443071532e-22 4.0302571969587935e-14 4.010659011308214e-14 1.9598185650578417e-16
7.851088371676256 1.8800832340062798e-22 3.9181077521090047e-14 3.898214653281243e-14 1.9893098827762827e-16
7.86582351679805 1.819226242651879e-22 3.7983969036989654e-14 3.7782270352687265e-14 2.016986843023971e-16
7.89537682495964 1.6849946684213787e-22 3.531350512515823e-14 3.51069878366903e-14 2.0651728846793284e-16
7.9250411701946435 1.5402802340706493e-22 3.240191678890645e-14 3.219033071142757e-14 2.1158607747888606e-16
7.939915112024199 1.4635999108004342e-22 3.0846625913741024e-14 3.0632357459471494e-14 2.14268454269539e-16
7.954816969689239 1.3910779091159482e-22 2.937318756197804e-14 2.9156099506208655e-14 2.1708805576938028e-16
7.9847046421970465 1.257368569186492e-22 2.6649611917557657e-14 2.642638903970004e-14 2.232228778576209e-16
8.044817289139356 1.0324262340579359e-22 2.2046753660966423e-14 2.1808772524211262e-14 2.3798113675515765e-16
8.07504310897143 9.492150888688751e-23 2.0345994172513345e-14 2.0099095216228635e-14 2.468989562847095e-16
8.105382492623747 8.756537583171801e-23 1.8839759872374824e-14 1.8583322480586997e-14 2.564373917878249e-16
8.135835866775926 8.174925576623554e-23 1.765449987375836e-14 1.7388405101005718e-14 2.6609477275263885e-16
8.166403659710703 7.738279456432137e-23 1.6774310803976295e-14 1.649772781022806e-14 2.7658299374823404e-16
8.197086301319933 7.416970982461718e-23 1.6138215870912102e-14 1.5850575406348217e-14 2.876404645638901e-16
8.227884223110665 7.136212775631706e-23 1.5585667096932237e-14 1.5286306455395964e-14 2.993606415362847e-16
8.258797858211198 6.980405031515417e-23 1.530265870935185e-14 1.4987953817279105e-14 3.147048920727446e-16
8.289827641377162 6.947289573332636e-23 1.5287284054328816e-14 1.494275607109392e-14 3.445279832348959e-16
8.320974008997652 7.013297059401114e-23 1.549051415916342e-14 1.5110146847615035e-14 3.803673115483905e-16
8.35223739910135 7.12097665989647e-23 1.5787444081786253e-14 1.536786266255531e-14 4.195814192309394e-16
8.383618251362687 7.415140402895839e-23 1.650138154450446e-14 1.604196258734565e-14 4.594189571588087e-16
8.415117007108037 7.830660148179242e-23 1.7491536793073373e-14 1.6988788118998783e-14 5.02748674074586e-16
8.446734109321913 8.37936512344279e-23 1.8787516340871512e-14 1.8240215490258608e-14 5.473008506129049e-16
8.478470002653195 9.073034738264004e-23 2.041923628458104e-14 1.9826078305581846e-14 5.931579789991953e-16
8.542299949622933 1.058065953259029e-22 2.3991477235185433e-14 2.3301728218288052e-14 6.897490168973875e-16
8.558332380220154 1.0900362180229045e-22 2.4762786340698344e-14 2.404823109494296e-14 7.145552457553894e-16
8.574394900937412 1.1104642979108436e-22 2.5274205641128995e-14 2.4534977757880956e-14 7.392278832480436e-16
8.606610438733982 1.1123959529139301e-22 2.5413295076733986e-14 2.462555266629077e-14 7.877424104432122e-16
8.622764948673899 1.097700553110284e-22 2.5124640930865264e-14 2.4312580110919998e-14 8.120608199452774e-16
8.638949780445296 1.0647002206628721e-22 2.4415056099458133e-14 2.3579337574925878e-14 8.357185245322401e-16
8.655163606183647 1.0311707905480152e-22 2.3690559477679182e-14 2.2830583560295897e-14 8.599759173832923e-16
8.671407862489573 9.911314119232185e-23 2.281341429399875e-14 2.1929083975962678e-14 8.843303180360738e-16
8.703987895363145 8.958513923285998e-23 2.069777609139386e-14 1.9764585535600053e-14 9.331905557938116e-16
8.736690337257128 8.112996994709905e-23 1.8814717031543276e-14 1.7830127632590205e-14 9.845893989530765e-16
8.802464289484785 6.690444733131915e-23 1.563250918223267e-14 1.453850503397612e-14 1.0940041482565555e-15
8.868733419248175 5.765606062402612e-23 1.3573004704076937e-14 1.2348551673683153e-14 1.2244530303937793e-15
8.935501454478851 5.186840828487169e-23 1.230244079410948e-14 1.0903094264793934e-14 1.3993465293155472e-15
9.002772151174003 4.825343127535613e-23 1.153118376093852e-14 9.944401990645952e-15 1.586781770292567e-15
9.07054929360775 4.6005078006796474e-23 1.1076659161893071e-14 9.294980130347015e-15 1.7816790315460624e-15
9.13883669454403 4.4611494181906785e-23 1.0821989775171595e-14 8.83732212424157e-15 1.9846676509300232e-15
9.207638195451068 4.3911998421043974e-23 1.073249960123586e-14 8.543756538551238e-15 2.188743062684621e-15
9.276957666717493 4.34526978003494e-23 1.070019649585262e-14 8.288259975543732e-15 2.4119365203088845e-15
9.346799007870057 4.3427583157223517e-23 1.0774521631621274e-14 8.143891153200438e-15 2.630630478420835e-15
9.417166147792997 4.352539430496717e-23 1.0880087297771244e-14 8.018397423387643e-15 2.8616898743836016e-15
9.488063044949055 4.366204595530257e-23 1.0996413877308343e-14 7.961480647754159e-15 3.034933229554184e-15
9.559493687602165 4.388098570921904e-23 1.1134755842672788e-14 7.915081521637421e-15 3.2196743210353635e-15
9.631462094041797 4.4268177416081463e-23 1.1317572744211149e-14 7.917727714857201e-15 3.3998450293539485e-15
9.703972312809022 4.468540688250272e-23 1.1510248463677585e-14 7.927065251906586e-15 3.583183211770997e-15
9.777099908821425 4.4978292508919056e-23 1.167299906256471e-14 7.977238363726478e-15 3.69576069883823e-15
9.924867353363874 4.560260249954678e-23 1.2013893350318621e-14 8.127781283478594e-15 3.8861120668400275e-15
10.074868099996943 4.610471249773748e-23 1.2329745725389349e-14 8.375129059859497e-15 3.954616665529847e-15
10.150790707826552 4.632024238351697e-23 1.2480734073410065e-14 8.53002194756947e-15 3.9507121258405955e-15
10.22721067892732 4.6730710068953234e-23 1.2686125856435845e-14 8.743520532393094e-15 3.942605324042746e-15
10.304205975847633 4.7179698948963005e-23 1.2904439023803953e-14 8.971584689202454e-15 3.9328543346014975e-15
10.381780929913377 4.781015359389904e-23 1.317532789640351e-14 9.287196904588767e-15 3.8881309918147415e-15
10.459939905058707 4.853065393519511e-23 1.3474565374120178e-14 9.632041033879762e-15 3.842524340240411e-15
10.538687298071551 4.9712138635982e-23 1.3906517879829683e-14 1.0126380603883376e-14 3.780137275946308e-15
10.618027538840941 5.1068792407688005e-23 1.4393581423736643e-14 1.0678566234461014e-14 3.715015189275628e-15
10.697971937068667 5.310330342377565e-23 1.5079690417608056e-14 1.1464716200484887e-14 3.614974217123174e-15
10.778518246224262 5.611893783919596e-23 1.6056021345887263e-14 1.2544068314657656e-14 3.5119530312296062e-15
10.859664048220797 6.08005389302242e-23 1.7526421504703447e-14 1.4119368317035069e-14 3.407053187668379e-15
10.941420754335242 6.810894356083279e-23 1.9780956880921787e-14 1.6479939857578706e-14 3.3010170233430772e-15
10.961955922839442 7.070773566698016e-23 2.05742690218602e-14 1.730032021537147e-14 3.2739488064887226e-15
10.982529632329763 7.363072302027487e-23 2.1464999457817544e-14 1.821792753913207e-14 3.2470719186854676e-15
11.023792963743814 8.078705336656507e-23 2.3639715696897566e-14 2.0446073135467417e-14 3.1936425614301467e-15
11.065211328886559 9.022972438140262e-23 2.6502007742701153e-14 2.3362104978185485e-14 3.139902764515684e-15
11.08597883104876 9.631476365771522e-23 2.83423816155226e-14 2.5229488375998198e-14 3.1128932395244117e-15
11.106785310247485 1.0312340694020449e-22 3.04029036267708e-14 2.7317140435061877e-14 3.085763191708923e-15
11.14851549250461 1.1934088612953974e-22 3.531634355830551e-14 3.228517623502515e-14 3.0311673232803613e-15
11.169441129330048 1.2807204203020204e-22 3.7971277666101254e-14 3.496702284423943e-14 3.004254821861818e-15
11.190406043337886 1.3586075479101942e-22 4.0356110382929123e-14 3.7379048751387894e-14 2.977061631541223e-15
11.21140851448765 1.434361638882991e-22 4.268627640620985e-14 3.973694848836368e-14 2.949327917846164e-15
11.22192452720434 1.4742173992300564e-22 4.3913525935390255e-14 4.097796047931221e-14 2.9355654560780326e-15
11.232450403670388 1.491493453197031e-22 4.446981206925039e-14 4.154671167480545e-14 2.9231003944449516e-15
11.253533585369773 1.506818639697434e-22 4.501106909363961e-14 4.211211062882863e-14 2.8989584648109912e-15
11.274656339961506 1.5111618773280765e-22 4.522553729314928e-14 4.2350369653084805e-14 2.8751676400644852e-15
11.285231677511122 1.5133491673121134e-22 4.5333479552392875e-14 4.247001544351122e-14 2.863464108881654e-15
11.295816934455262 1.4981448435365182e-22 4.492011736030341e-14 4.206857895960494e-14 2.851538400698469e-15
11.317017243752359 1.4586782654696711e-22 4.3818844657644505e-14 4.099120971471639e-14 2.8276349429281125e-15
11.338257342390673 1.4192402119028268e-22 4.2714138412056005e-14 3.99102992118842e-14 2.8038392001718123e-15
11.359537305047965 1.376807844099306e-22 4.1514843664195383e-14 3.873526955881461e-14 2.7795741053807713e-15
11.402217121831576 1.2819188329110672e-22 3.879888701045603e-14 3.6069707525976947e-14 2.7291794844790946e-15
11.423617126015266 1.2325706533338644e-22 3.737531789004124e-14 3.467197181810669e-14 2.7033460719345456e-15
11.445057294333186 1.1822824411095756e-22 3.59177103436257e-14 3.3241322490436864e-14 2.67638785318883e-15
11.488058425037956 1.0803719015373456e-22 3.2944987653322574e-14 3.032580429734065e-14 2.6191833559819175e-15
11.53122111869469 9.89689777849794e-23 3.02931069242345e-14 2.7729904216220533e-14 2.5632027080139707e-15
11.574545982324347 9.089400974372691e-23 2.7925995273097756e-14 2.5417574807156532e-14 2.5084204659412185e-15
11.618033625228566 8.377009418951572e-23 2.5833964942699505e-14 2.338063295503205e-14 2.453331987667456e-15
11.661684658998247 7.784203964143814e-23 2.40959988372109e-14 2.1702948537114815e-14 2.393050300096092e-15
11.705499697522141 7.327385657218833e-23 2.2767138063846528e-14 2.0436060245025244e-14 2.331077818821287e-15
11.749479356995494 6.968957339967108e-23 2.1734810680169713e-14 1.946828645652978e-14 2.266524223639936e-15
11.793624255928705 6.660574873352422e-23 2.0851074250697272e-14 1.8648914003948745e-14 2.202160246748534e-15
11.83793501515603 6.463115196573732e-23 2.0308941159913107e-14 1.8175653271615514e-14 2.1332878882976027e-15
11.882412257844306 6.293054049290054e-23 1.984885736627854e-14 1.7783825579419386e-14 2.0650317868591507e-15
11.92705660950172 6.201313093483545e-23 1.9632986695329473e-14 1.764012682805455e-14 1.9928598672749295e-15
11.971868697986617 6.131252312820948e-23 1.948410972528968e-14 1.756299092209652e-14 1.9211188031931604e-15
12.016849153516302 6.140640575269515e-23 1.9587261460568238e-14 1.7743566315911833e-14 1.8436951446564046e-15
12.061998608675935 6.166636853957845e-23 1.9744088143360228e-14 1.7976714018436924e-14 1.7673741249232961e-15
12.152807060118223 6.369432754324866e-23 2.0546922979045706e-14 1.894058224522552e-14 1.6063407338201874e-15
12.198467333490619 6.550659271205337e-23 2.12109300147238e-14 1.9690497149871785e-14 1.5204328648520091e-15
12.244299160690385 6.756552414145889e-23 2.1959806816045398e-14 2.0523622215683995e-14 1.4361846003613996e-15
12.290303186275983 7.032100816107889e-23 2.2941252131332678e-14 2.1596129357137016e-14 1.3451227741956638e-15
12.3364800572276 7.339741622470274e-23 2.403485276211951e-14 2.276321538794193e-14 1.2716373741775766e-15
12.382830422956244 7.713003400407892e-23 2.535203824754806e-14 2.4103461335016426e-14 1.2485769125316312e-15
12.429354935312874 8.104669147925524e-23 2.6739501938982782e-14 2.551346173581865e-14 1.2260402031641354e-15
12.476058240797144 8.482744634409915e-23 2.8092036217692626e-14 2.688802364430688e-14 1.2040125733857342e-15
12.522937033967983 8.868527519539181e-23 2.947997751778247e-14 2.8291072374826872e-14 1.1889051429555979e-15
12.569987951963114 9.179006560151172e-23 3.062668379718772e-14 2.942634539919869e-14 1.200338397989025e-15
12.593579661530361 9.286367579575454e-23 3.1043058044625317e-14 2.9837088481710095e-14 1.205969562915228e-15
12.617215648686605 9.363379979186422e-23 3.1359245639779985e-14 3.0147700373189685e-14 1.2115452665903051e-15
12.664620788327802 9.394502384741362e-23 3.1581692777654336e-14 3.0359240700082304e-14 1.2224520775720366e-15
12.71220403757155 9.296056539880993e-23 3.136815999590656e-14 3.013503798668575e-14 1.2331220092208125e-15
12.736062662318053 9.192671199090286e-23 3.107751944617036e-14 2.983917232961882e-14 1.2383471165515405e-15
12.759966065607527 9.058465781252484e-23 3.0681288934020945e-14 2.94377750408423e-14 1.243513893178651e-15
12.807907544139693 8.688806544078957e-23 2.9539813205600214e-14 2.828619818687727e-14 1.2536150187229507e-15
12.856029147395699 8.277128934042745e-23 2.8245938017303735e-14 2.6982311125645328e-14 1.2636268916584067e-15
12.904331552136407 7.839725282100638e-23 2.6853802495550642e-14 2.5580100528238703e-14 1.2737019673119602e-15
12.95281543766539 7.393972569081867e-23 2.5422101332495166e-14 2.4138373384618028e-14 1.2837279478771446e-15
13.00148148583848 6.987658774909136e-23 2.4115371910616657e-14 2.2821517092457034e-14 1.2938548181596278e-15
13.050330381073369 6.617141066530932e-23 2.292246575617281e-14 2.1618381713030428e-14 1.304084043142379e-15
13.099362810359226 6.282227027041608e-23 2.1844053463091786e-14 2.0529638235844348e-14 1.3144152272474397e-15
13.197981031955921 5.724928398837496e-23 2.0056123363916757e-14 1.872074857735673e-14 1.3353747865600355e-15
13.247568211189632 5.500711855354784e-23 1.934302945900494e-14 1.799704254666559e-14 1.3459869123393496e-15
13.297341698339563 5.298805706169732e-23 1.8703042348940265e-14 1.7346351302888298e-14 1.3566910460519693e-15
13.397450398986955 4.975608485684675e-23 1.7694479448493728e-14 1.6316228498837128e-14 1.3782509496566032e-15
13.447787020368724 4.8470725174433255e-23 1.7302138043498535e-14 1.5913069622889804e-14 1.3890684206087397e-15
13.498312765455129 4.7298929523385865e-23 1.6947288852630924e-14 1.5547346211666554e-14 1.3999426409643692e-15
13.59993447169816 4.5396811388239296e-23 1.6388212948166335e-14 1.4966667341426133e-14 1.4215456067402005e-15
13.702321234386334 4.3960180810107194e-23 1.598906425784395e-14 1.4539929507041556e-14 1.4491347508023895e-15
13.805478813227746 4.302286380648332e-23 1.5765952819325235e-14 1.423528019340603e-14 1.5306726259192038e-15
13.90941301129231 4.224595218319786e-23 1.5597799698458152e-14 1.3977571282163643e-14 1.620228416294508e-15
13.96167316792965 4.2060793454287036e-23 1.5587783366738325e-14 1.3904862442673295e-14 1.6829209240650343e-15
14.014129675338197 4.1935303136834473e-23 1.5599667856137397e-14 1.3851840039299702e-14 1.747827816837692e-15
14.119634696140762 4.20517477535085e-23 1.5760752331230982e-14 1.3878452486438912e-14 1.88229984479207e-15
14.225934008823913 4.2246551159416924e-23 1.5952967611544635e-14 1.3930497751605544e-14 2.022469859939092e-15
14.333033593193976 4.246679282937964e-23 1.6156861990360483e-14 1.3984386351136441e-14 2.172475639224047e-15
14.44093947407611 4.265839231777357e-23 1.6351943008294016e-14 1.4027379671335308e-14 2.3245633369587127e-15
14.54965772165321 4.28834496963618e-23 1.656196734667896e-14 1.4074382632540605e-14 2.4875847141383537e-15
14.659194451807393 4.314295488234838e-23 1.6787631423508368e-14 1.4125284909126913e-14 2.662346514381455e-15
14.769555826464039 4.3428649538854153e-23 1.7026022088268658e-14 1.4177575838513027e-14 2.8484462497556324e-15
14.992777389284976 4.3936137119247565e-23 1.7485312427369202e-14 1.4250995120866412e-14 3.234317306502793e-15
15.21937263962189 4.4589950976767e-23 1.8013710488597414e-14 1.4340769403977672e-14 3.672941084619742e-15
15.449392566130673 4.5249970281872e-23 1.8556631349001543e-14 1.4393342302385295e-14 4.163289046616246e-15
15.682888928090767 4.6678103065005524e-23 1.9431606100811975e-14 1.4468869174419584e-14 4.962736926392382e-15
15.919914267052077 4.8302229959626643e-23 2.0411613623513805e-14 1.451792572651641e-14 5.893687896997399e-15
16.03976693895051 4.916336817960215e-23 2.0931922368775756e-14 1.4555660550986663e-14 6.376261817789097e-15
16.1605219186579 5.0291725232661724e-23 2.1573536795626735e-14 1.467915397437128e-14 6.8943828212554565e-15
16.22123989475974 5.084170199591312e-23 2.1891401229576947e-14 1.475124609672742e-14 7.140155132849525e-15
16.282185999175777 5.1408870730699714e-23 2.2218779995514667e-14 1.482371838060055e-14 7.395061614914116e-15
16.312744867225646 5.169908721558629e-23 2.238614705216406e-14 1.4860096995741862e-14 7.526050056422207e-15
16.343361089024967 5.199382658085154e-23 2.2556026203535952e-14 1.4896570549420495e-14 7.659455654115455e-15
16.404766024646595 5.259718677213049e-23 2.2903507143419616e-14 1.496980233596697e-14 7.933704807452651e-15
16.466401669612416 5.32195914687721e-23 2.3261604880288122e-14 1.504341349235454e-14 8.218191387933575e-15
16.497306278852424 5.35381420393108e-23 2.344475863137153e-14 1.5080361260645867e-14 8.364397370725663e-15
16.528268890738765 5.386170462683555e-23 2.363071685964089e-14 1.5117403784576974e-14 8.513313075063919e-15
16.590368558098763 5.452421488452731e-23 2.4011256539542465e-14 1.5191772988321248e-14 8.819483551221223e-15
16.65270154503456 5.518869894085968e-23 2.4395194633419432e-14 1.5265916089640304e-14 9.129278543779144e-15
16.715268728169598 5.578974404170543e-23 2.4753531388642457e-14 1.5337858951189813e-14 9.415672437452647e-15
16.778070987420957 5.640735618544143e-23 2.5121594744939823e-14 1.541019162976198e-14 9.711403115177843e-15
16.9043842704834 5.769426813526374e-23 2.5888176340282022e-14 1.5556024641006875e-14 1.033215169927515e-14
17.03164849990255 5.905356997494966e-23 2.66976033129812e-14 1.5703411725616907e-14 1.0994191587364298e-14
17.159870834853997 6.046866764503515e-23 2.7543165210404914e-14 1.585166100090039e-14 1.1691504209504531e-14
17.289058488411015 6.17516474430309e-23 2.833931346240437e-14 1.599489935985603e-14 1.2344414102548338e-14
17.35401657858945 6.241646743808781e-23 2.87520375184112e-14 1.6067128923493332e-14 1.2684908594917865e-14
17.386587088641786 6.275488228602419e-23 2.8962182949319355e-14 1.6103395977562167e-14 1.2858786971757188e-14
17.419218727950305 6.309736785572694e-23 2.917489813169446e-14 1.613976442789488e-14 1.3035133703799576e-14
17.48466585346766 6.379475788701156e-23 2.960818349358707e-14 1.621280517585187e-14 1.3395378317735195e-14
17.550358875560836 6.450905822146149e-23 3.0052190706601714e-14 1.628625049676217e-14 1.3765940209839547e-14
17.682486308455736 6.5889995588941e-23 3.0926604608999394e-14 1.6433576302799546e-14 1.4493028306199845e-14
17.81560845938729 6.634423734638705e-23 3.1374246081735414e-14 1.6575116466866267e-14 1.4799129614869147e-14
17.882544892141226 6.657472451386403e-23 3.160153184545685e-14 1.6646538974827296e-14 1.4954992870629556e-14
17.949732817065083 6.679963795056663e-23 3.182742695886154e-14 1.6718394713058487e-14 1.5109032245803046e-14
18.084866926577256 6.71878022258288e-23 3.2253376458558e-14 1.6863401020697435e-14 1.5389975437860564e-14
18.221018389814958 6.758053650472901e-23 3.2686145883272154e-14 1.7010753576798346e-14 1.56753923064738e-14
18.496404071615608 6.832673185278527e-23 3.354651314435018e-14 1.7324576633035622e-14 1.622193651131456e-14
18.635790038622734 6.875205728246268e-23 3.400971088484904e-14 1.750489509897807e-14 1.6504815785870968e-14
18.776226396166493 6.917925794988876e-23 3.447891934286096e-14 1.768630670355709e-14 1.6792612639303868e-14
18.91772105982334 6.957613835630431e-23 3.493804270087775e-14 1.7865939523273255e-14 1.7072103177604498e-14
19.203636446149176 7.038565637249268e-23 3.5878730956915543e-14 1.8229124660801424e-14 1.7649606296114103e-14
19.4938730510763 7.117248735578306e-23 3.682813364536325e-14 1.8592354577591363e-14 1.8235779067771882e-14
19.78849618389234 7.194454064872815e-23 3.779027641808585e-14 1.8956616609334284e-14 1.8833659808751564e-14
20.08757214094514 7.269498140886077e-23 3.876156579800524e-14 1.9320368874724168e-14 1.9441196923281086e-14
20.391466406516905 7.343250594432898e-23 3.974717256890155e-14 1.968510135270862e-14 2.0062071216192927e-14
20.699681925472166 7.413175938947364e-23 4.0732157331253767e-14 2.005229328708402e-14 2.0679864044169757e-14
21.012556099387844 7.472412952456449e-23 4.16782219934677e-14 2.042286347965017e-14 2.1255358513817535e-14
21.652507708764745 7.593937095844701e-23 4.364601828738625e-14 2.123969734353007e-14 2.2406320943856172e-14
21.979755641372343 7.656502244245709e-23 4.467069476032937e-14 2.1660395762088683e-14 2.3010298998240702e-14
22.311949477282987 7.71894883089357e-23 4.571567250589902e-14 2.20828354549677e-14 2.3632837050931318e-14
22.64916396703608 7.780937539432091e-23 4.677928052257656e-14 2.250569571791954e-14 2.4273584804657014e-14
22.991811201917592 7.842889370900765e-23 4.78650709140705e-14 2.2930387427767746e-14 2.4934683486302756e-14
23.339642165776596 7.904376113159647e-23 4.897012622361729e-14 2.3354992846217268e-14 2.561513337740002e-14
23.69273528050995 7.965784604912776e-23 5.009717009802339e-14 2.3780664964578982e-14 2.63165051334444e-14
24.414313559781952 8.094908525377476e-23 5.245971134106064e-14 2.4678000097603048e-14 2.778171124345759e-14
24.78366481022829 8.164046028429327e-23 5.3708176123289366e-14 2.514518864323058e-14 2.85629874800588e-14
25.15860378059443 8.236357640397739e-23 5.500360631082209e-14 2.5622475863085012e-14 2.9381130447737086e-14
25.924826076583233 8.384756548927942e-23 5.769999053912275e-14 2.658435898347463e-14 3.1115631555648115e-14
26.714384190886577 8.537129753705506e-23 6.053777887748366e-14 2.7566447975312098e-14 3.2971330902171545e-14
27.527988831636016 8.691411659756309e-23 6.350884825338107e-14 2.8569631887660125e-14 3.4939216365720936e-14
28.366372352060132 8.850082806142447e-23 6.663778709994276e-14 2.9604027368381485e-14 3.7033759731561286e-14
29.2302894097004 9.012418009710031e-23 6.992683553503131e-14 3.067979120137486e-14 3.9247044333656475e-14
30.12051764570424 9.182855162545683e-23 7.34191916811258e-14 3.1781257435602226e-14 4.163793424552358e-14
30.575747924857424 9.273874134128398e-23 7.526753958458391e-14 3.2335469033876135e-14 4.2932070550707773e-14
31.037858384806153 9.369124811585458e-23 7.71898513871707e-14 3.289159935513135e-14 4.4298252032039356e-14
31.983137356627505 9.567770943626474e-23 8.122715941673425e-14 3.403023579837522e-14 4.7196923618359004e-14
32.95720543894392 9.787474181560816e-23 8.562300027464935e-14 3.5223887009158115e-14 5.039911326549125e-14
33.960939423588975 1.0016806089148028e-22 9.029805477703183e-14 3.644757230652174e-14 5.385048247051011e-14
34.99524280568484 1.024236276818075e-22 9.514338484810153e-14 3.766557877029016e-14 5.747780607781135e-14
36.06104659690874 1.0470249682428691e-22 1.0022240000011154e-13 3.890078227668072e-14 6.132161772343079e-14
37.159310163528254 1.069815374189425e-22 1.0552270387248763e-13 4.019536942891048e-14 6.532733444357718e-14
38.29102208995955 1.0927101031677962e-22 1.1106349875019002e-13 4.1520128359682024e-14 6.954337039050796e-14
39.45720106862597 1.1143979120605332e-22 1.1671750564105177e-13 4.283201549760274e-14 7.388549014344901e-14
40.65889681691763 1.135558101136481e-22 1.2255594523165e-13 4.414778434471199e-14 7.8408160886938e-14
41.897191022077855 1.1563867327696964e-22 1.2860487756625655e-13 4.5493337051493706e-14 8.311154051476284e-14
43.173198314866475 1.1766527214195953e-22 1.348441032599054e-13 4.685029091281566e-14 8.799381234708974e-14
44.48806727287728 1.1949507329945474e-22 1.411116830730693e-13 4.8194333153777715e-14 9.29173499192916e-14
45.8429814544115 1.2116494709284168e-22 1.4744134528121932e-13 4.9525154789459777e-14 9.791619049175956e-14
47.23916046383907 1.2257373516991066e-22 1.5369828594722587e-13 5.0846377771771346e-14 1.0285190817545459e-13
48.67786104940597 1.2375365192241612e-22 1.599038584732106e-13 5.2148574442598e-14 1.0775528403061255e-13
50.16037823447602 1.2460406417620904e-22 1.6590613405113785e-13 5.342313664191765e-14 1.1248299740922023e-13
51.68804648322576 1.251551545000767e-22 1.717150229821291e-13 5.466075572168334e-14 1.1705426726044578e-13
53.26224090184056 1.2531430017859117e-22 1.7716972078051245e-13 5.584646648766977e-14 1.2132325429284273e-13
54.884378476295105 1.2511008766427003e-22 1.8226803517538157e-13 5.697274905705412e-14 1.2529528611832753e-13
56.55591934783037 1.2448521018496736e-22 1.868810460863845e-13 5.804510226465481e-14 1.2883594382172969e-13
58.27836812727644 1.2346177188820774e-22 1.9098942491860134e-13 5.905447193196393e-14 1.3193495298663734e-13
60.05327524940399 1.2231887340798681e-22 1.9498428213720704e-13 5.997184926193877e-14 1.3501243287526827e-13
61.88223836852342 1.2109078956599387e-22 1.9890539296663055e-13 6.078600104846372e-14 1.381193919181669e-13
62.81758386220369 1.2040203819796223e-22 2.0076338063112216e-13 6.116108504126322e-14 1.39602295589859e-13
63.7670670344103 1.1984182175825114e-22 2.0284965686361559e-13 6.151536263417395e-14 1.413342942294416e-13
65.70913619443517 1.1886294692918712e-22 2.0732023118799137e-13 6.21602032466468e-14 1.4516002794134455e-13
67.71035238438829 1.1747491885634583e-22 2.111395836188205e-13 6.268465982377389e-14 1.484549237950466e-13
69.77251696707448 1.1559201905439298e-22 2.1408274891979065e-13 6.307040255948987e-14 1.5101234636030082e-13
71.89748616702131 1.1335977833427653e-22 2.163426409675502e-13 6.334239703393299e-14 1.5300024393361725e-13
74.08717274132995 1.1082051245714364e-22 2.1793782332645417e-13 6.351479809889542e-14 1.5442302522755872e-13
76.34354770141287 1.0802892749661541e-22 2.189181832405753e-13 6.355713299167267e-14 1.5536105024890264e-13
78.66864208716851 1.0502575258114358e-22 2.1931426923997516e-13 6.344954198933632e-14 1.5586472725063882e-13
81.06454879518883 1.0187478038466103e-22 2.1921339511028062e-13 6.321109491358312e-14 1.5600230019669746e-13
83.5334244626476 9.872210463051386e-23 2.1889917469525479e-13 6.285848156609004e-14 1.5604069312916466e-13
86.07749140856238 9.541565276103842e-23 2.1801112725201759e-13 6.237955830863851e-14 1.5563156894337908e-13
88.69903963417964 9.182526064688328e-23 2.1619742671340104e-13 6.176607774733562e-14 1.544313489660654e-13
91.4004288842828 8.808312172730907e-23 2.1370287485929928e-13 6.102918301451362e-14 1.5267369184478563e-13
94.18409077127889 8.423655082556285e-23 2.1059475878941579e-13 6.018046454576212e-14 1.5041429424365367e-13
97.05253096397554 8.033784036899005e-23 2.0696478253485551e-13 5.922193521195917e-14 1.4774284732289628e-13
100.00833144301866 7.655831541117785e-23 2.0323475729906164e-13 5.816083122587145e-14 1.4507392607319026e-13
103.05415282502196 7.280101405424302e-23 1.9914635377287884e-13 5.700254374347748e-14 1.4214381002940128e-13
106.19273675747671 6.920862316699276e-23 1.9508525963270177e-13 5.574858719332101e-14 1.3933667243938084e-13
109.4269083866038 6.5669991334606e-23 1.9074823205725957e-13 5.441146755569826e-14 1.3633676450156125e-13
112.75957890036308 6.206808020090357e-23 1.8577667728132166e-13 5.301199889590394e-14 1.3276467838541768e-13
116.1937481489129 5.848577031987972e-23 1.8038582572232728e-13 5.1551577040942044e-14 1.2883424868138527e-13
119.73250734487735 5.487386100473593e-23 1.7440022029068932e-13 5.002378308593843e-14 1.243764372047509e-13
123.37904184585196 5.1318960381507784e-23 1.6806941024240638e-13 4.8444659019239396e-14 1.19624751223167e-13
127.13663402165271 4.779717187158753e-23 1.6130296210221763e-13 4.6842049914635256e-14 1.1446091218758235e-13
131.0086662088879 4.4374662100533276e-23 1.5431371162678906e-13 4.5217325600447723e-14 1.0909638602634133e-13
134.99862375551584 4.1035366534505983e-23 1.4704731234811053e-13 4.3560112089637013e-14 1.0348720025847351e-13
139.11009815812417 3.782659460402014e-23 1.3967714039254736e-13 4.1882956388908204e-14 9.779418400363912e-14
143.3467902947586 3.478351853944642e-23 1.3235212457342772e-13 4.021168634543852e-14 9.214043822798922e-14
147.71251375620898 3.191603452156971e-23 1.2513985521872287e-13 3.8550902208767525e-14 8.658895300995538e-14
152.21119827875228 2.9372838557767e-23 1.186757421414601e-13 3.689313896982339e-14 8.178260317163673e-14
156.84689328144228 2.710557200758193e-23 1.1285061509755765e-13 3.524451815699642e-14 7.760609694056122e-14
159.21741877681018 2.6016398339869945e-23 1.0995302585237078e-13 3.442877757756196e-14 7.552424827480878e-14
161.62377151112827 2.494667698449545e-23 1.0702552666532809e-13 3.362021917962117e-14 7.340530748570695e-14
166.54613279848823 2.2873810009058925e-23 1.0112126535213622e-13 3.2026537805877054e-14 6.909472754625914e-14
171.61840792845166 2.0948961996946777e-23 9.543239227640424e-14 3.046241425765306e-14 6.496997801875115e-14
176.84516262850022 1.9179830605211597e-23 9.003417408591213e-14 2.893068730607345e-14 6.110348677983866e-14
179.5181642894721 1.834159808152211e-23 8.740071876547518e-14 2.8179085119923986e-14 5.922163364555121e-14
182.2315681744764 1.7510395799209007e-23 8.470109178430705e-14 2.743780333153418e-14 5.72632884527729e-14
187.78155384880017 1.589195160509688e-23 7.92135716043953e-14 2.5988069407834798e-14 5.322550219656052e-14
190.61961427604518 1.51342469523446e-23 7.657690961752373e-14 2.5279909741564678e-14 5.129699987595906e-14
193.5005680909718 1.4411699765688374e-23 7.402303430780891e-14 2.458316796236335e-14 4.943986634544554e-14
199.3937587803602 1.3078168553344485e-23 6.921941486078698e-14 2.3225216995082805e-14 4.599419786570417e-14
205.46643057848152 1.1880346769467671e-23 6.479469152154708e-14 2.1914556356455984e-14 4.288013516509107e-14
211.72404970390772 1.0833346085009846e-23 6.088386899067558e-14 2.0651366646273447e-14 4.0232502344402125e-14
218.17224885259444 9.870099703425205e-24 5.715977110809588e-14 1.9438614772932545e-14 3.772115633516332e-14
224.8168322680627 8.952627830238847e-24 5.342552370618935e-14 1.8278981686619047e-14 3.51465420195703e-14
231.66378096599615 8.100235675823589e-24 4.9810996257070983e-14 1.7169592590171136e-14 3.2641403666899854e-14
238.71925811795668 7.30643989910295e-24 4.629805061795987e-14 1.6106999361259263e-14 3.0191051256700616e-14
245.98961459906556 6.575952775562433e-24 4.2938304433694275e-14 1.509423279227575e-14 2.7844071641418536e-14
249.71106150874405 6.225833261028116e-24 4.126717115227676e-14 1.4607640618467722e-14 2.6659530533809032e-14
253.4888082224776 5.885399500886426e-24 3.960081926203306e-14 1.4134522403429898e-14 2.5466296858603156e-14
261.20898134247824 5.257263110739423e-24 3.64516550098373e-14 1.3224840085730955e-14 2.3226814924106363e-14
269.1642775569489 4.712948207612797e-24 3.367282255066381e-14 1.2358274368269593e-14 2.131454818239422e-14
277.3618576987742 4.226438116873736e-24 3.111649595630336e-14 1.1536972247768074e-14 1.9579523708535283e-14
285.8091006888481 3.756032927205648e-24 2.849540784806752e-14 1.0764138055010968e-14 1.7731269793056556e-14
294.5136101780917 3.3270085215723356e-24 2.6009303094771427e-14 1.0035515647192034e-14 1.597378744757939e-14
303.4832213917586 2.959772579350246e-24 2.3843085753155286e-14 9.34634376515479e-15 1.4496741988000508e-14
312.7260081821858 2.6361769941470743e-24 2.1883057422852845e-14 8.696790632390866e-15 1.3186266790461979e-14
322.25029029634635 2.351356923366079e-24 2.011320629291314e-14 8.087596050974925e-15 1.2025610241938217e-14
332.0646408647343 2.0977299142303115e-24 1.8490201231730324e-14 7.516123522464755e-15 1.097407770926557e-14
342.17789411833206 1.8676425912050435e-24 1.6963487831703166e-14 6.979545121884113e-15 9.983942709819047e-15
352.59915334060224 1.660335929790256e-24 1.553984434449907e-14 6.47649240136369e-15 9.063351943135377e-15
363.337799061663 1.4763992310180084e-24 1.4239142112169058e-14 6.005927971325819e-15 8.233214140843239e-15
374.40349750202313 1.3128802502005844e-24 1.304771450323736e-14 5.566124077259215e-15 7.481590425978142e-15
380.062092440151 1.2379245131321234e-24 1.2488726389459857e-14 5.357272592967488e-15 7.13145379649237e-15
385.80620927347337 1.1671526579919466e-24 1.1952707985868678e-14 5.155523753198056e-15 6.7971842326706166e-15
397.5561983449763 1.0371749591861388e-24 1.0945106328283023e-14 4.772467504151358e-15 6.172638824131664e-15
409.6640412816112 9.204300060030983e-25 1.0008939087253732e-14 4.415036372712816e-15 5.593902714540917e-15
415.8555509384264 8.666401500797159e-25 9.566448576040391e-15 4.245481560302156e-15 5.320967015738236e-15
422.1406367649012 8.15759505009497e-25 9.140895345727858e-15 4.081820250513844e-15 5.059075095214016e-15
434.9972154030873 7.22787762861224e-25 8.345775557133785e-15 3.771936817653513e-15 4.573838739480272e-15
448.24534984018095 6.403793981802046e-25 7.619431649395499e-15 3.484047762213075e-15 4.135383887182424e-15
461.89696517289525 5.67310024876973e-25 6.955606422933215e-15 3.216210898964192e-15 3.739395523969024e-15
475.9643496848308 5.025389135137174e-25 6.349120275561529e-15 2.967062157049099e-15 3.3820581185124323e-15
490.4601659075747 4.448185311438028e-25 5.791033075592733e-15 2.7361426930670966e-15 3.0548903825256358e-15
505.39746201868155 3.932843316579357e-25 5.276052814682887e-15 2.5225522795762306e-15 2.753500535106655e-15
520.7896835867783 3.4761533674969775e-25 4.8054131766637695e-15 2.324830502730492e-15 2.480582673933276e-15
536.6506856743796 3.0730159131129045e-25 4.377497742898431e-15 2.141907612326406e-15 2.235590130572025e-15
552.9947453093008 2.716060146653099e-25 3.986849306713907e-15 1.9726068186427693e-15 2.0142424880711386e-15
569.8365743358964 2.399779089457583e-25 3.629869555581152e-15 1.81595492895468e-15 1.813914626626473e-15
587.1913326576936 2.119665027092022e-25 3.3038194367981838e-15 1.671090867767183e-15 1.6327285690310018e-15
605.0746418833327 1.8716892406312845e-25 3.0061602598028915e-15 1.5372031613918023e-15 1.4689570984110882e-15
623.502599388115 1.6522588636890576e-25 2.734549516086979e-15 1.4135266303702096e-15 1.3210228857167695e-15
642.4917928037942 1.4581665234613974e-25 2.486818794209557e-15 1.2993407474077683e-15 1.1874780468017886e-15
662.0593149496696 1.28655074972031e-25 2.260961960243869e-15 1.193971386865427e-15 1.066990573378442e-15
682.2227792184137 1.1348624146392977e-25 2.0551279333785484e-15 1.0967842898489125e-15 9.583436435296365e-16
703.0003354304876 1.000833755560395e-25 1.8676130927821127e-15 1.007187106214784e-15 8.604259865673294e-16
724.4106861714122 8.824478760612348e-26 1.6968495726662404e-15 9.246270369318994e-16 7.7222253573434045e-16
746.4731036265977 7.779105344601042e-26 1.5413925300205123e-15 8.485826714127445e-16 6.928098586077674e-16
769.2074469289008 6.856278355097861e-26 1.3999139916554358e-15 7.78566901391582e-16 6.213470902638537e-16
792.6341800345017 6.041857476163247e-26 1.2711965497275944e-15 7.141290058873111e-16 5.57067543840283e-16
816.7743901432078 5.323299796052359e-26 1.1541239950979793e-15 6.548490580893464e-16 4.992749370086331e-16
841.6498066797607 4.689473326904772e-26 1.0476710203517546e-15 6.0033421157914005e-16 4.473368087726143e-16
867.2828208532309 4.130506251737619e-26 9.508969641017297e-16 5.502183793622771e-16 4.0067858473945245e-16
893.6965058121084 3.637669278224832e-26 8.629441823718505e-16 5.04163268346904e-16 3.587809140249465e-16
920.9146374132232 3.203234745279282e-26 7.830285110034433e-16 4.618551182382475e-16 3.211733927651959e-16
948.9617156232121 2.8203536416642974e-26 7.104306541898488e-16 4.2300156620043156e-16 2.874290879894172e-16
977.8629865717667 2.482966771235882e-26 6.44493213240076e-16 3.87331533698805e-16 2.5716167954127124e-16
1007.6444652765354 2.1857185788285033e-26 5.846164085843151e-16 3.5459409015961083e-16 2.3002231842470415e-16
1038.332959060126 1.9238740300045758e-26 5.302524758566564e-16 3.2455666384110643e-16 2.0569581201554983e-16
1069.95609168029 1.6932509714606704e-26 4.809021538538229e-16 2.970044509726305e-16 1.838977028811923e-16
1102.542328195006 1.4901565646235597e-26 4.3611056223163573e-16 2.7173915588692436e-16 1.6437140634471117e-16
1136.1210005848498 1.3113279009078954e-26 3.9546251353768263e-16 2.485770887278295e-16 1.4688542480985318e-16
1170.7223341557005 1.1538830376892841e-26 3.5857922629402405e-16 2.2734815986214485e-16 1.3123106643187912e-16
1206.3774747455793 1.0152801876185109e-26 3.251161653660575e-16 2.0789576570142404e-16 1.1722039966463345e-16
1243.1185167600695 8.932785172963165e-27 2.9476021063213854e-16 1.900758684224845e-16 1.0468434220965409e-16
1280.9785320615858 7.859002182256186e-27 2.6722598949863683e-16 1.737553297574357e-16 9.347065974120111e-17
1319.9915997384837 6.913993501687705e-27 2.4225322509918896e-16 1.5881100815268283e-16 8.344221694650613e-17
1360.1928367808064 6.08237682624882e-27 2.1960551338815367e-16 1.4512965928440227e-16 7.447585410375141e-17
1401.618429690285 5.350612099584261e-27 1.9906857136045562e-16 1.3260746056997534e-16 6.646111079048027e-17
1444.305667053031 4.706759234820554e-27 1.8044735964671321e-16 1.2114868983346798e-16 5.929866981324521e-17
1488.2929731042755 4.140284958484647e-27 1.6356414098297195e-16 1.106648276132065e-16 5.289931336976536e-17
1533.6199423153234 3.641914355455525e-27 1.4825758066579977e-16 1.0107459117161767e-16 4.718298949418211e-17
1580.327375033885 3.2034832631167366e-27 1.3438133633703432e-16 9.230352387578023e-17 4.2077812461254096e-17
1628.457314209858 2.8178021151345668e-27 1.2180252823887867e-16 8.428318039525108e-17 3.7519347843627586e-17
1678.0530832396191 2.4785345589192503e-27 1.10400262731511e-16 7.695043865252939e-17 3.344982407898161e-17
1729.1593249628888 2.180102724854506e-27 1.0006481616568168e-16 7.024734788898528e-17 2.9817468276696427e-17
1781.8220418472597 1.9176003806276256e-27 9.069677972711706e-17 6.412087549262089e-17 2.657590423449618e-17
1836.0886373966016 1.686708276532122e-27 8.2205912040516e-17 5.852233421644957e-17 2.3683577824066424e-17
1892.007958820556 1.4836235869192171e-27 7.451026726655771e-17 5.34069554339793e-17 2.1103311832578427e-17
1949.6303410035755 1.3049981749630104e-27 6.753542112082682e-17 4.873361076251729e-17 1.8801810358309546e-17
2009.0076518130663 1.1478894541798373e-27 6.121404661313072e-17 4.4464760240006085e-17 1.6749286373124637e-17
2070.1933387874215 1.0097088035583085e-27 5.5485114007252387e-17 4.056600664615259e-17 1.4919107361099807e-17
2133.242477245972 8.881753167257546e-28 5.0293094162517977e-17 3.7005679740164426e-17 1.3287414422353563e-17
2198.211819864143 7.812827866664984e-28 4.5587652358667195e-17 3.375477659079617e-17 1.1832875767871017e-17
2265.1598477584885 6.8726750525993835e-28 4.1323214563723576e-17 3.078677273801659e-17 1.0536441825706962e-17
2334.1468231275226 6.045776296802468e-28 3.7458439186506204e-17 2.807737040959222e-17 9.381068776913998e-18
2405.2348434957767 5.318485033539272e-28 3.3955869915887643e-17 2.560431922243929e-17 8.351550693448349e-18
2478.487897609897 4.678801870710742e-28 3.078157875142129e-17 2.33472630233285e-17 7.434315728092794e-18
2553.971923037092 4.116164599169211e-28 2.7904759562025985e-17 2.1287549316802105e-17 6.617210245223875e-18
2631.7548655177807 3.6212824351580233e-28 2.5297480259995887e-17 1.9408102465255525e-17 5.8893777947403565e-18
2711.906740125872 3.185988964884297e-28 2.2934456397847438e-17 1.7693317423273118e-17 5.2411389745743174e-18
2794.4996942916955 2.80310102833128e-28 2.0792765240367076e-17 1.6128912579260286e-17 4.663852661106795e-18
2879.6080727443887 2.466302988509448e-28 1.8851644642782653e-17 1.470183590045189e-17 4.1498087423307606e-18
2967.308484432098 2.170042720866733e-28 1.709229639111958e-17 1.3400162658281335e-17 3.692133732838243e-18
3057.6798714803062 1.9094346144407618e-28 1.5497663919937628e-17 1.221297703905972e-17 3.2846868808779062e-18
