Dust emission spectrum from A.P. Jones, M. Kohler, N. Ysard, M. Bocchio, and L. Verstraete (2017), A&A, 602A, 46J 
inside the DustPedia framework.

lambda    nu*dP/dnu     j_nu    j_nu(carb.) j_nu(sil)
 (um)   (erg s-1 H-1) (Jy cm2 sr-1 H-1)
0.9927057738263894 2.2733151151793504e-22 5.990314450218381e-15 5.990314303429089e-15 1.4678929003951578e-22
1.0001793341362166 2.3115855364919454e-22 6.1370163219478675e-15 6.137016145269909e-15 1.7667795886785266e-22
1.0077091589558085 2.349990141719111e-22 6.2859464838539304e-15 6.285946271483341e-15 2.123705900084507e-22
1.0114953028030835 2.3692407005117027e-22 6.3612503537511595e-15 6.361250121030991e-15 2.3272016782481045e-22
1.0152956718711033 2.388522357650995e-22 6.4371151596658165e-15 6.4371149047309125e-15 2.5493490327148785e-22
1.0229392996569957 2.427157074193486e-22 6.5904820209933985e-15 6.590481715366047e-15 3.0562735037884805e-22
1.0267826658714554 2.4464660554874104e-22 6.667870486276373e-15 6.667870151794425e-15 3.3448194884776134e-22
1.0306404723013447 2.4658020989032846e-22 6.745821477605139e-15 6.745821111666067e-15 3.659390723680188e-22
1.03451277320114 2.4851644801705853e-22 6.824336418850806e-15 6.824336018629205e-15 4.002216015103587e-22
1.0383996230291617 2.504552492077215e-22 6.9034167697621185e-15 6.903416332191707e-15 4.375704122421243e-22
1.0403485208654093 2.514255893292577e-22 6.943169440304418e-15 6.943168982829219e-15 4.5747519980653485e-22
1.0423010764483396 2.5239654449230177e-22 6.9830640279193545e-15 6.983063549673621e-15 4.782457337907545e-22
1.0462171883269815 2.543402666970262e-22 7.063279730716435e-15 7.063279208187834e-15 5.225286011629462e-22
1.0471985131304309 2.5482656875720516e-22 7.083422660007268e-15 7.083422125809234e-15 5.341980364863324e-22
1.048180758391296 2.5531301740481183e-22 7.1036012406711316e-15 7.1036006945543744e-15 5.461167571134921e-22
1.0501480137395462 2.562863504890873e-22 7.144065457370831e-15 7.144064886648424e-15 5.707224083166641e-22
1.0521189612883777 2.572602580781835e-22 7.184672585086916e-15 7.184671988699669e-15 5.963872449531175e-22
1.0531058218030118 2.5774677150225113e-22 7.205011540636098e-15 7.20501093100489e-15 6.09631208761222e-22
1.0540936079674168 2.582312850528647e-22 7.22532637339943e-15 7.2253257502401e-15 6.2315933180401115e-22
1.058054026499678 2.601706404800515e-22 7.30694037353733e-15 7.306939693336914e-15 6.802004164301125e-22
1.0590464539527713 2.6065580004147177e-22 7.327432671917322e-15 7.327431976694711e-15 6.952226105060549e-22
1.06003981227728 2.611410860718257e-22 7.347960542749207e-15 7.347959832187323e-15 7.105618817554988e-22
1.0620293250338977 2.6211203397744868e-22 7.389123109589638e-15 7.389122367372428e-15 7.422172109632962e-22
1.0660195594769086 2.6405540868826253e-22 7.47187631015844e-15 7.47187550053768e-15 8.096207597913195e-22
1.070024785945596 2.6600070983776903e-22 7.555201756665075e-15 7.55520087381105e-15 8.828540266537122e-22
1.0740450607676866 2.6794788477538344e-22 7.639101285523538e-15 7.639100323129336e-15 9.623942027701057e-22
1.07808044048254 2.698968830162609e-22 7.72357679033869e-15 7.723575741583522e-15 1.0487551684271553e-21
1.0861967418109137 2.737971383089445e-22 7.894176521542553e-15 7.894175277348056e-15 1.2441944968983613e-21
1.0902777775684922 2.7574143811894243e-22 7.980105438644717e-15 7.98010408413579e-15 1.3545089261546974e-21
1.0943741465085532 2.776872623728026e-22 8.066612903088583e-15 8.06661142896682e-15 1.4741217651486026e-21
1.1026131145906286 2.815833327866716e-22 8.241372262501188e-15 8.24137051824208e-15 1.7442591070169473e-21
1.1109141095355224 2.854850711687956e-22 8.41847290463264e-15 8.418470843417747e-15 2.061214893972659e-21
1.1192775983109025 2.8938913876055876e-22 8.59784223979225e-15 8.597839807182785e-15 2.4326094666868412e-21
1.1277040513999907 2.9328108692387505e-22 8.779072405507623e-15 8.779069538289736e-15 2.8672178886840547e-21
1.1361939428280308 2.9717765055772316e-22 8.962683236314986e-15 8.962679861184155e-15 3.3751308320756273e-21
1.1447477501889525 3.0107872256662045e-22 9.14869809973169e-15 9.148694131795377e-15 3.9679363122481436e-21
1.1533659546722406 3.049856900210214e-22 9.337186283210062e-15 9.337181624279577e-15 4.658930485133669e-21
1.1707974979042381 3.128291565601328e-22 9.722063255450336e-15 9.722056856809273e-15 6.398641062037482e-21
1.1884924949847024 3.2069579371849384e-22 1.0117172162368861e-14 1.0117163418356343e-14 8.744012515711944e-21
1.2064549276569216 3.2863929668812214e-22 1.0524464975163842e-14 1.0524453085036418e-14 1.1890127424071655e-20
1.2246888378427687 3.3660542438215452e-22 1.094249364247099e-14 1.0942477553401378e-14 1.6089069611207048e-20
1.2431983285522175 3.4458672375081605e-22 1.137125481280844e-14 1.1371233147376378e-14 2.166543206452752e-20
1.2619875648066055 3.5259367915458857e-22 1.1811336189904316e-14 1.1811307154860158e-14 2.90350441577415e-20
1.3004222497298317 3.6862920057018066e-22 1.2724583002536344e-14 1.2724531588781456e-14 5.14137548865059e-20
1.3400274889804893 3.8475241506218933e-22 1.3685620567596925e-14 1.3685531194477972e-14 8.937311895357667e-20
1.3808389325824078 4.010150857213423e-22 1.469850508786022e-14 1.469835250393692e-14 1.5258392329802497e-19
1.4228933163050095 4.175509968905106e-22 1.57707118716448e-14 1.5770455895360007e-14 2.5597628479385776e-19
1.466228494730424 4.346547415058889e-22 1.6916694637855107e-14 1.6916272458684815e-14 4.2217917028822934e-19
1.5108834753276823 4.522791607734887e-22 1.8138734416365973e-14 1.8138049573082778e-14 6.848432831971908e-19
1.5568984535646726 4.70398420015722e-22 1.94399692966587e-14 1.9438875490820632e-14 1.0938058380694071e-18
1.6043148490894465 4.891173835626945e-22 2.08291781509915e-14 2.082745488048602e-14 1.7232705054778032e-18
1.6531753430134553 5.08546941669886e-22 2.2316156536707008e-14 2.2313481573138232e-14 2.6749635687795387e-18
1.7035239163302658 5.28819835795782e-22 2.3912523243218508e-14 2.390843124796512e-14 4.091995253389836e-18
1.755405889504358 5.503351376247118e-22 2.5643318503108548e-14 2.5637146563458935e-14 6.1719396496105216e-18
1.8088679632656115 5.730795498932762e-22 2.7516374476985572e-14 2.7507192624083098e-14 9.181852902463716e-18
1.8639582606462262 5.970298400144405e-22 2.953939893823114e-14 2.9525920716017506e-14 1.3478222213637102e-17
1.9207263702978936 6.222470551886921e-22 3.1724718851497766e-14 3.1705189366784563e-14 1.9529484713201606e-17
1.979223391128241 6.488279365684726e-22 3.408739310286762e-14 3.4059450229412363e-14 2.794287345524716e-17
2.039501978296691 6.768518984146265e-22 3.664267876788694e-14 3.660318517484204e-14 3.9493593044913573e-17
2.1016163906111602 7.066060051262709e-22 3.941850997950921e-14 3.9363348601789937e-14 5.5161377719262666e-17
2.1656225393682647 7.382094804314337e-22 4.2435743354639226e-14 4.235958036278446e-14 7.616299185476602e-17
2.231578038680979 7.715435397530796e-22 4.570270980792406e-14 4.559872100903816e-14 1.0398879888591166e-16
2.299542257339062 8.0659536614966315e-22 4.923416201874719e-14 4.909372111718658e-14 1.404409015606173e-16
2.369576372248914 8.434315202179394e-22 5.3050559790464545e-14 5.286288612189077e-14 1.8767366857376133e-16
2.4417434235010123 8.821391234238408e-22 5.717504873553765e-14 5.692682451484202e-14 2.482242206956277e-16
2.5161083711144245 9.229691070318842e-22 6.16433085817658e-14 6.131825591002988e-14 3.250526717359232e-16
2.5927381535095444 9.663929881302049e-22 6.650922110794089e-14 6.608765501522139e-14 4.2156609271949865e-16
2.6717017477616296 1.0128285171469394e-21 7.182792631097605e-14 7.128631353885996e-14 5.416127721161196e-16
2.753070231689431 1.0629369691416142e-21 7.767732044219796e-14 7.698783284910623e-14 6.894875930917427e-16
2.836916847834745 1.1186099329699542e-21 8.423541328111851e-14 8.336546088908771e-14 8.69952392030814e-16
2.9233170693905177 1.1841211109533565e-21 9.188433561577142e-14 9.07963393743612e-14 1.087996241410217e-15
2.967498994190263 1.224771493942088e-21 9.647506575694948e-14 9.526461013660088e-14 1.2104556203485994e-15
3.0123486681368425 1.2685059256476477e-21 1.0143017429459242e-13 1.0008524376761509e-13 1.3449305269773328e-15
3.0578761833420214 1.3409208126197e-21 1.0884098438957985e-13 1.0734815589135973e-13 1.4928284982201041e-15
3.1040917844459814 1.4262841612060987e-21 1.175195302550175e-13 1.1586581139086454e-13 1.6537188641529829e-15
3.127460860933648 1.5055387204465521e-21 1.2498366217335257e-13 1.2324382054273227e-13 1.7398416306202987e-15
3.1510058709225794 1.606467335190237e-21 1.3436635767680167e-13 1.3253676123648882e-13 1.8295964403128846e-15
3.162844764501044 1.697482257667619e-21 1.4251236706074772e-13 1.4063632846789632e-13 1.8760385928513877e-15
3.1747281389236908 1.8007302812991087e-21 1.517485822184144e-13 1.4982516153219226e-13 1.923420686222091e-15
3.1986289994194426 2.080836058348256e-21 1.7667340061143737e-13 1.7465210249252543e-13 2.021298118911946e-15
3.2227097969389145 2.7288033097843948e-21 2.3343333005385846e-13 2.313083335420734e-13 2.1249965117850485e-15
3.2348180950136065 3.3368683867636936e-21 2.865222641362364e-13 2.843419323423536e-13 2.180331793882722e-15
3.240889293275058 3.79096789787366e-21 3.261247325300503e-13 3.2391521274212896e-13 2.2095197879214234e-15
3.2469718861334385 4.317100435930781e-21 3.720832448091308e-13 3.698435239790539e-13 2.239720830076851e-15
3.2714166318528037 7.083375046043022e-21 6.150997174170255e-13 6.127352033752672e-13 2.364514041758335e-15
3.2744851364798273 7.256511384177706e-21 6.307254240266433e-13 6.283462065327935e-13 2.379217493849775e-15
3.2775565192852394 7.434318678647689e-21 6.467862760430182e-13 6.443922819018834e-13 2.3939941411349576e-15
3.283707930232385 7.264754367238112e-21 6.332203880193173e-13 6.30799974580073e-13 2.4204134392442184e-15
3.2898708863219004 6.724022688697504e-21 5.871883862820243e-13 5.847439354261834e-13 2.444450855840787e-15
3.29141343181113 6.596263806343913e-21 5.763016809682114e-13 5.738511943396644e-13 2.4504866285471165e-15
3.292184975758714 6.533451568855539e-21 5.709477131581051e-13 5.684942046757596e-13 2.45350848234557e-15
3.295272960557952 6.140967412058619e-21 5.371525237423668e-13 5.346872618819667e-13 2.4652618604001712e-15
3.3076538914384823 4.772208840811463e-21 4.1899508956475183e-13 4.1648262337635675e-13 2.512466188395038e-15
3.310756385682612 4.491091708701946e-21 3.9468314658942477e-13 3.921587827712395e-13 2.524363818185225e-15
3.313861789986515 4.230725721586583e-21 3.72150575934517e-13 3.6961427580124617e-13 2.5363001332707804e-15
3.3200813396944477 3.867095503099912e-21 3.408027217316345e-13 3.3824074523166057e-13 2.5619764999738975e-15
3.345076488085796 3.2317658121196716e-21 2.869560384929849e-13 2.842796315498487e-13 2.676406943136169e-15
3.3482140837626964 3.2577726682773316e-21 2.895365713842461e-13 2.8684466284020123e-13 2.6919085440449106e-15
3.3513546224236106 3.284020808300757e-21 2.9214315712746355e-13 2.894356774564504e-13 2.707479671013158e-15
3.3576445397418455 3.467457867807621e-21 3.0904046105678196e-13 3.0630042492651114e-13 2.7400361302708323e-15
3.3702598118196083 4.1323998131675566e-21 3.6968782492473264e-13 3.668795009400524e-13 2.8083239846803097e-15
3.382922481734668 4.291488567543361e-21 3.853624897302817e-13 3.824877919042279e-13 2.8746978260537323e-15
3.389271646505754 4.3735423031862e-21 3.934677511552747e-13 3.905594110495238e-13 2.908340105750866e-15
3.395632727569191 4.463549093088499e-21 4.0231892258229777e-13 3.9937591201102763e-13 2.943010571270143e-15
3.421196662673239 4.8992446559993375e-21 4.449145414581965e-13 4.418280123775942e-13 3.086529080602487e-15
3.4276182099114902 4.820981999712909e-21 4.386290431483509e-13 4.355104863370653e-13 3.1185568112856367e-15
3.4340518103208963 4.464194272006436e-21 4.069296755161046e-13 4.037808264638047e-13 3.148849052299884e-15
3.4469541582030403 3.953028229972687e-21 3.6168862998015873e-13 3.584816397039638e-13 3.206990276194954e-15
3.472904465399547 3.813809435582471e-21 3.5157764973328455e-13 3.482367268717742e-13 3.3409228615103568e-15
3.4990501388274233 3.601287951005504e-21 3.344856162258909e-13 3.310076416351088e-13 3.477974590781875e-15
3.5253949054701885 2.8387944535029314e-21 2.6565081562176514e-13 2.620397005945128e-13 3.611115027252328e-15
3.5519380250092896 2.1137854703097686e-21 1.9929468695296008e-13 1.9554975824340485e-13 3.744928709555253e-15
3.578680990867387 1.832541377027817e-21 1.7407893011542555e-13 1.7018733925394562e-13 3.891590861479917e-15
3.605625307711299 1.7259189080923802e-21 1.6518492597243116e-13 1.6113887778202864e-13 4.0460481904025146e-15
3.660119384959845 1.6624290905515538e-21 1.615131228633228e-13 1.5714260291714047e-13 4.3705199461823336e-15
3.715437065384467 1.6218360430813797e-21 1.5995075344666996e-13 1.5523822839783913e-13 4.712525048830781e-15
3.8285932144167436 1.6317359600978512e-21 1.6582825966789041e-13 1.6038088615364685e-13 5.447373514243551e-15
3.94519561050918 1.6647898999345778e-21 1.7434014654380623e-13 1.680917867245786e-13 6.248359819227618e-15
4.06534921144712 1.7061410754404584e-21 1.8411205649803002e-13 1.7699763085093635e-13 7.114425647093716e-15
4.189162171576248 1.751358034498202e-21 1.9474734484700566e-13 1.8670033412393609e-13 8.047010723069552e-15
4.316745939156006 1.7985436924160174e-21 2.0608525258531773e-13 1.970428278367129e-13 9.04242474860476e-15
4.448215356677963 1.846805445187158e-21 2.1806018917327257e-13 2.0797359059991023e-13 1.0086598573362319e-14
4.58368876423945 1.8959492860359767e-21 2.3068070525343556e-13 2.1950018731708442e-13 1.1180517936351175e-14
4.723288106065518 1.9462464529592098e-21 2.440122919300806e-13 2.3168157789835926e-13 1.2330714031721386e-14
4.867139040275056 1.9981113550820867e-21 2.581444984815056e-13 2.4463823074969517e-13 1.3506267731810485e-14
4.940699165968905 2.0258651970905076e-21 2.6568582702188636e-13 2.515787940246061e-13 1.4107032997280202e-14
5.015371051989984 2.0530869419196644e-21 2.733253058694315e-13 2.5861076427523323e-13 1.471454159419818e-14
5.091171501069577 2.083704937292174e-21 2.8159398950136253e-13 2.6625205225092503e-13 1.5341937250437506e-14
5.129500256944802 2.098783600240187e-21 2.8576704958455764e-13 2.701095423654595e-13 1.5657507219098137e-14
5.168117569889187 2.1140603264354186e-21 2.9001415406316273e-13 2.7403675467612844e-13 1.5977399387034313e-14
5.20702561229733 2.1322420940871847e-21 2.947105342680931e-13 2.7838372537195895e-13 1.632680889613415e-14
5.246226572918644 2.150374329910752e-21 2.9945429258494504e-13 2.8277592321064335e-13 1.667836937430166e-14
5.265937586045735 2.1594229637652885e-21 3.0184421435510097e-13 2.8498930422298556e-13 1.6854910132115375e-14
5.285722656980489 2.168460580390972e-21 3.0424632186400193e-13 2.8721438890177206e-13 1.703193296223002e-14
5.305582063971359 2.177487695629003e-21 3.0666073978195826e-13 2.894513208368461e-13 1.7209418945112166e-14
5.3255160863122235 2.187067297986943e-21 3.091671060459752e-13 2.9177832403465497e-13 1.738878201132027e-14
5.365609099470188 2.210566934953872e-21 3.148416158016453e-13 2.970817212861075e-13 1.775989451553772e-14
5.406003951863644 2.23429043736711e-21 3.2061616765127767e-13 3.0248298132653515e-13 1.8133186324742475e-14
5.446702915881641 2.258259116792667e-21 3.2649526934070537e-13 3.079867629109485e-13 1.8508506429756675e-14
5.487708281020852 2.283570784454492e-21 3.3264034924600946e-13 3.137530141050937e-13 1.8887335140915718e-14
5.529022354014368 2.3187642607536656e-21 3.403097381144934e-13 3.2102749630509484e-13 1.9282241809398553e-14
5.570647458961463 2.355031361466829e-21 3.482345062434437e-13 3.285551053300907e-13 1.9679400913353003e-14
5.612585937458331 2.3924669235701967e-21 3.564333883216143e-13 3.363547295765218e-13 2.0078658745092583e-14
5.654840148729818 2.4327995259380724e-21 3.651708381699289e-13 3.4468896539017227e-13 2.0481872779756657e-14
5.67608639626678 2.460698938477223e-21 3.7074637402163834e-13 3.5005344950625666e-13 2.0692924515381593e-14
5.686739436050992 2.474937797728387e-21 3.7359155536984486e-13 3.5279286946472903e-13 2.0798685905115845e-14
5.6974124697621304 2.4893759997612992e-21 3.7647625784713606e-13 3.555716567638143e-13 2.0904601083321773e-14
5.718818669136295 2.518870917672062e-21 3.823681162463512e-13 3.612512331846466e-13 2.1116883061704614e-14
5.740305295436557 2.5512592107381478e-21 3.8873980229673246e-13 3.6740842939260183e-13 2.1331372904130666e-14
5.7835210386641895 2.635787415112897e-21 4.0464309411880295e-13 3.828683981899905e-13 2.1774695928812417e-14
5.827062130521658 2.7312062101525314e-21 4.2244830609948737e-13 4.002236010748899e-13 2.2224705024597504e-14
5.8489554468988025 2.7992738447452053e-21 4.346034130127221e-13 4.1213536803037963e-13 2.2468044982342497e-14
5.870931020387893 2.871298286238454e-21 4.4746051950434675e-13 4.247481228432943e-13 2.2712396661052558e-14
5.892989160043636 2.9475924500157216e-21 4.610759935019609e-13 4.381182519190173e-13 2.295774158294381e-14
5.915130176081913 3.034024339085206e-21 4.763792103209941e-13 4.5316704086796455e-13 2.321216945302946e-14
5.95966208400165 3.2776431381107666e-21 5.185047456253909e-13 4.947106991777796e-13 2.379404644761126e-14
6.004529249263818 3.626958162781651e-21 5.780839926089081e-13 5.536339651652419e-13 2.445002744366622e-14
6.027089341400364 3.8699613711699195e-21 6.191326287890094e-13 5.943025073787511e-13 2.483012141025846e-14
6.049734195844842 4.154634150349332e-21 6.671730782594349e-13 6.419401065098812e-13 2.5232971749553435e-14
6.095279466722835 4.9763160340473446e-21 8.051392696152225e-13 7.789124095198901e-13 2.6226860095332458e-14
6.141167624020661 6.23055658432174e-21 1.0156573816337773e-12 9.881360252817049e-13 2.7521356352072473e-14
6.164241091010745 7.030258093683318e-21 1.1503243639535579e-12 1.1219883410046625e-12 2.8336022948895567e-14
6.187401249150058 7.93034368906278e-21 1.3024759806825475e-12 1.2733037783152613e-12 2.9172202367286214e-14
6.1990139391386085 8.36784535450412e-21 1.3769104353847312e-12 1.3473128286547374e-12 2.959760672999379e-14
6.204828454712694 8.597383586668321e-21 1.4160073773849041e-12 1.3861949415154522e-12 2.981243586945249e-14
6.210648424152782 8.763577601547606e-21 1.4447337385956167e-12 1.41473876527946e-12 2.999497331615653e-14
6.233982942956859 9.321127311674796e-21 1.5424229639542018e-12 1.5117936840933329e-12 3.06292798608692e-14
6.239830258556775 9.388365704568945e-21 1.5550064942600031e-12 1.5242907783475458e-12 3.071571591245715e-14
6.245683058788269 9.38787623755036e-21 1.5563839032777804e-12 1.5255816271437722e-12 3.080227613400807e-14
6.257405133728602 9.35801383867422e-21 1.5543448919080818e-12 1.5233920324895423e-12 3.0952859418539695e-14
6.269149208991335 9.230143134248264e-21 1.5359832341928406e-12 1.5049795165772938e-12 3.100371761554632e-14
6.280915325867298 8.931094877580937e-21 1.4890081495675924e-12 1.4580768386654643e-12 3.0931310902127786e-14
6.304513850009849 8.20264622245399e-21 1.3726980513194055e-12 1.342023013000289e-12 3.067503831911698e-14
6.32820103803542 7.313481575989754e-21 1.228496355272131e-12 1.198196173084078e-12 3.0300182188052916e-14
6.3519772230701035 6.501890690647451e-21 1.0962712608491782e-12 1.066308140630172e-12 2.9963120219006404e-14
6.375842739491607 5.8173073885179526e-21 9.845301997508851e-13 9.54865346819583e-13 2.966485293130242e-14
6.399797922933955 5.273260373289455e-21 8.95807944785744e-13 8.663008419482001e-13 2.950710283754389e-14
6.42384311029221 4.819001523024102e-21 8.21715392310935e-13 7.923380166723143e-13 2.937737563862069e-14
6.447978639727206 4.4887423570755135e-21 7.682767699711197e-13 7.389196316843039e-13 2.9357138286815895e-14
6.472204850670314 4.212324004370284e-21 7.236748113832606e-13 6.943162201990495e-13 2.935859118421102e-14
6.496522083828205 4.031724433285902e-21 6.952503125132644e-13 6.658016325146098e-13 2.944867999865458e-14
6.520930681187647 3.8786451757443905e-21 6.713655743691205e-13 6.418134708719805e-13 2.9552103497139825e-14
6.57002334288761 3.715992391147627e-21 6.480539494550155e-13 6.181725780395915e-13 2.988137141542417e-14
6.619489833774732 3.685282188019002e-21 6.475371666808643e-13 6.172274262142591e-13 3.030974046660516e-14
6.6693287637831435 3.723402963971857e-21 6.591611452390555e-13 6.283823735086981e-13 3.0778771730357324e-14
6.719538636694507 3.773418482174278e-21 6.73044625753489e-13 6.418162528581765e-13 3.122837289531236e-14
6.770126513364129 3.9240948367203985e-21 7.05189297110596e-13 6.734686207323885e-13 3.1720676378207485e-14
6.8210952395837445 4.1597312326910944e-21 7.531627239796389e-13 7.208851400843381e-13 3.22775838953011e-14
6.872447682569556 4.458656726290754e-21 8.133639367748804e-13 7.804669666392644e-13 3.2896970135615925e-14
6.924186731123532 4.836636149658029e-21 8.889587764519766e-13 8.553829535084713e-13 3.3575822943505116e-14
6.976315295795916 5.1370237287588684e-21 9.51277238205142e-13 9.170132356811044e-13 3.426400252403763e-14
7.028836309048954 5.166846262512771e-21 9.640030365358152e-13 9.29097683177957e-13 3.490535335785837e-14
7.081752725421856 5.016367738332276e-21 9.429736507321912e-13 9.074487006102245e-13 3.552495012196643e-14
7.135067521697011 4.913331438572754e-21 9.305582884625176e-13 8.943422116160592e-13 3.6216076846458444e-14
7.1887836970674375 4.975911372101686e-21 9.495055022549165e-13 9.124736744535547e-13 3.7031827801361965e-14
7.242904273305506 5.227781568114484e-21 1.005077640598372e-12 9.670706407150947e-13 3.800699988327711e-14
7.297432294932914 5.630048133610418e-21 1.0905651497673971e-12 1.0513509089112172e-12 3.92142408561803e-14
7.352370829391971 6.088405911983849e-21 1.1882297873359268e-12 1.1473894902692593e-12 4.0840297066667547e-14
7.379995003818881 6.374278470815729e-21 1.2486954616234785e-12 1.2068901148126586e-12 4.180534681081942e-14
7.407722967218148 6.6878566762801826e-21 1.3150465394490019e-12 1.272232647466238e-12 4.281389198276408e-14
7.463496598684601 7.481863693018165e-21 1.4822503586595354e-12 1.4371578519234068e-12 4.5092506736128675e-14
7.519690156487492 8.50410544692116e-21 1.6974540071205063e-12 1.6496822245450908e-12 4.777178257541547e-14
7.533803324048627 8.800782853771573e-21 1.7599689950275979e-12 1.7114368729385335e-12 4.8532122089064295e-14
7.547942979602549 9.109587819670611e-21 1.8251424685933345e-12 1.775837748905183e-12 4.9304719688151455e-14
7.57630195363571 9.756926152724216e-21 1.9621839823055577e-12 1.9112868051479547e-12 5.0897177157602424e-14
7.590521371821866 1.0082471489765649e-20 2.031458913422876e-12 1.9797268064159685e-12 5.17321070069068e-14
7.604767477414989 1.0420436849860245e-20 2.1034941024015956e-12 2.0509132765075472e-12 5.2580825894047825e-14
7.633339951266878 1.109436401185844e-20 2.247948970907813e-12 2.193669849958327e-12 5.427912094948571e-14
7.662019777021956 1.1604346759034892e-20 2.3601162738970452e-12 2.304310072077269e-12 5.580620181977575e-14
7.690807358020558 1.1936013679690213e-20 2.436692205351583e-12 2.3796058974047918e-12 5.708630794679128e-14
7.719703099118437 1.2079993421137483e-20 2.475350650537668e-12 2.4172504709786444e-12 5.810017955902427e-14
7.748707406692464 1.2001257168594809e-20 2.4684562666961584e-12 2.409388360312566e-12 5.90679063835929e-14
7.777823177463063 1.1759261837062204e-20 2.427770104978305e-12 2.3666594408245952e-12 6.111066415371009e-14
7.807048350752435 1.1415450460339453e-20 2.3656438174713795e-12 2.302180378724996e-12 6.346343874638357e-14
7.836380830085272 1.0958969702991027e-20 2.2795792382318834e-12 2.2137926828113476e-12 6.578655542053576e-14
7.851088371676256 1.0651090888762629e-20 2.21969543820415e-12 2.1529018665607808e-12 6.679357164336924e-14
7.86582351679805 1.0327072002445998e-20 2.156208908969294e-12 2.0884771106089613e-12 6.77317983603335e-14
7.89537682495964 9.619450563849818e-21 2.0160094459288013e-12 1.946670159004719e-12 6.933928692408232e-14
7.9250411701946435 8.866175469478683e-21 1.8651221605218304e-12 1.7940816782903954e-12 7.10404822314349e-14
7.939915112024199 8.4712794265657e-21 1.7853949399268111e-12 1.7134511364234244e-12 7.194380350338678e-14
7.954816969689239 8.09842448606346e-21 1.7100159511326856e-12 1.6371209425365221e-12 7.289500859616347e-14
7.9847046421970465 7.41351167804196e-21 1.571275233115812e-12 1.4963071833451545e-12 7.496804977065716e-14
8.044817289139356 6.273183162494813e-21 1.339595210691676e-12 1.259636454301039e-12 7.995875639063731e-14
8.07504310897143 5.855319060560284e-21 1.2550610381291867e-12 1.172090557460439e-12 8.297048066874831e-14
8.105382492623747 5.487935913480076e-21 1.1807337526152213e-12 1.0945560592309445e-12 8.617769338427685e-14
8.135835866775926 5.1979835825384735e-21 1.122552121625869e-12 1.0332048436089785e-12 8.934727801689017e-14
8.166403659710703 4.981225959263378e-21 1.0797830822207607e-12 9.87004070079108e-13 9.277901214165278e-14
8.197086301319933 4.821998161130503e-21 1.0491944412008075e-12 9.528262410226415e-13 9.636820017816598e-14
8.227884223110665 4.68404477658496e-21 1.023007088637644e-12 9.228423846580795e-13 1.0016470397956426e-13
8.258797858211198 4.61129083333565e-21 1.0109013662317355e-12 9.057150621461763e-13 1.0518630408555955e-13
8.289827641377162 4.6166336061195175e-21 1.0158751634942145e-12 9.006540360862203e-13 1.152211274079943e-13
8.320974008997652 4.67626737202969e-21 1.0328635066350024e-12 9.055892231181882e-13 1.272742835168138e-13
8.35223739910135 4.759056485898006e-21 1.0550987840798415e-12 9.14668477101961e-13 1.4043030697787998e-13
8.383618251362687 4.927996887158948e-21 1.096658356642615e-12 9.42999163729862e-13 1.5365919291275326e-13
8.415117007108037 5.155798509798137e-21 1.1516633032883695e-12 9.836519588016582e-13 1.6801134448671142e-13
8.446734109321913 5.443746835970963e-21 1.220551690130326e-12 1.0378998224346073e-12 1.8265186769571868e-13
8.478470002653195 5.796363920527797e-21 1.304495440599664e-12 1.1068838560225254e-12 1.9761158457713854e-13
8.542299949622933 6.549755414222293e-21 1.4851466246724325e-12 1.2562848111723557e-12 2.2886181350007684e-13
8.558332380220154 6.7101735429162875e-21 1.5243768143193137e-12 1.2875389897645806e-12 2.3683782455473306e-13
8.574394900937412 6.817221387153566e-21 1.5516019341114866e-12 1.306844378291535e-12 2.4475755581995157e-13
8.606610438733982 6.85298369880747e-21 1.5656016766119713e-12 1.3053128226869866e-12 2.6028885392498497e-13
8.622764948673899 6.800405334178999e-21 1.5565059316174224e-12 1.2884498492727341e-12 2.6805608234468815e-13
8.638949780445296 6.665236938165307e-21 1.5284314833725784e-12 1.2528338830476566e-12 2.755976003249218e-13
8.655163606183647 6.5289890758548595e-21 1.4999979193403552e-12 1.2166795063778603e-12 2.833184129624951e-13
8.671407862489573 6.364627210675814e-21 1.4649810876466637e-12 1.1739324206290038e-12 2.9104866701766014e-13
8.703987895363145 5.971176103598063e-21 1.3795822281785469e-12 1.0730931478496014e-12 3.0648908032894576e-13
8.736690337257128 5.63131304263297e-21 1.3059484858957085e-12 9.832811390634518e-13 3.226673468322569e-13
8.802464289484785 5.086563586389184e-21 1.1884972545467326e-12 8.317085007494761e-13 3.5678875379725674e-13
8.868733419248175 4.791749278089961e-21 1.1280416106883624e-12 7.308522906820279e-13 3.971893200063345e-13
8.935501454478851 4.701722517285694e-21 1.1151809899689833e-12 6.638240395943359e-13 4.513569503746473e-13
9.002772151174003 4.717561864070047e-21 1.1273617506651788e-12 6.186960702914815e-13 5.086656803736974e-13
9.07054929360775 4.796117509063124e-21 1.154762935961798e-12 5.873694382658081e-13 5.673934976959897e-13
9.13883669454403 4.914809053399452e-21 1.192249089571657e-12 5.645545011927658e-13 6.276945883788916e-13
9.207638195451068 5.057553062687989e-21 1.2361128661936582e-12 5.488636281208069e-13 6.872492380728512e-13
9.276957666717493 5.225491189814109e-21 1.2867735571969037e-12 5.349655489354565e-13 7.518080082614473e-13
9.346799007870057 5.39890352180512e-21 1.3394851509955545e-12 5.257451265737437e-13 8.137400244218109e-13
9.417166147792997 5.583756968458293e-21 1.3957774360571772e-12 5.173941878679845e-13 8.783832481891928e-13
9.488063044949055 5.700752133136692e-21 1.4357510853269182e-12 5.118467909901377e-13 9.239042943367808e-13
9.559493687602165 5.827731116209567e-21 1.4787808898765814e-12 5.067536870366847e-13 9.72027202839897e-13
9.631462094041797 5.9502551424527974e-21 1.5212382653201858e-12 5.035938227973058e-13 1.0176444425228804e-12
9.703972312809022 6.071544240617315e-21 1.563933007289691e-12 5.006853239678584e-13 1.0632476833218326e-12
9.777099908821425 6.111472287844389e-21 1.5860808916379255e-12 4.993182698651895e-13 1.086762621772736e-12
9.924867353363874 6.151121244546544e-21 1.6204977471975587e-12 4.983444360666218e-13 1.122153311130937e-12
10.074868099996943 6.063851054110141e-21 1.6216507502889479e-12 5.006923948481833e-13 1.1209583554407645e-12
10.150790707826552 5.983184497665921e-21 1.6121360939616076e-12 5.028652350787219e-13 1.1092708588828855e-12
10.22721067892732 5.906588634671817e-21 1.603479311379501e-12 5.070396568120758e-13 1.0964396545674253e-12
10.304205975847633 5.83071015294591e-21 1.5947970273307332e-12 5.115951077369135e-13 1.08320191959382e-12
10.381780929913377 5.732034866855515e-21 1.5796108819461354e-12 5.190789333269163e-13 1.0605319486192193e-12
10.459939905058707 5.637512181131695e-21 1.565258661741799e-12 5.274007029790704e-13 1.0378579587627287e-12
10.538687298071551 5.5465987159161086e-21 1.5516104583619276e-12 5.406508916575598e-13 1.0109595667043681e-12
10.618027538840941 5.461539795631322e-21 1.539318124459178e-12 5.556410467966042e-13 9.836770776625737e-13
10.697971937068667 5.373542474216224e-21 1.5259193257790545e-12 5.782294065484865e-13 9.47689919230568e-13
10.778518246224262 5.318555579413519e-21 1.5216760188341928e-12 6.102390877925985e-13 9.114369310415948e-13
10.859664048220797 5.319510400182259e-21 1.5334071558023963e-12 6.581881956280686e-13 8.752189601743278e-13
10.941420754335242 5.4076002109618025e-21 1.5705353953516974e-12 7.312989622031822e-13 8.392364331485154e-13
10.961955922839442 5.4544661947990615e-21 1.5871199070916425e-12 7.569432593822748e-13 8.301766477093676e-13
10.982529632329763 5.512063223203745e-21 1.6068894782541375e-12 7.856893689850928e-13 8.21200109269045e-13
11.023792963743814 5.669986861486308e-21 1.6591380898929287e-12 8.557090203038136e-13 8.034290695891154e-13
11.065211328886559 5.901341857889157e-21 1.7333246741285644e-12 9.476205131175199e-13 7.857041610110441e-13
11.08597883104876 6.060476359300227e-21 1.7834060659440831e-12 1.006555999681319e-12 7.76850066262764e-13
11.106785310247485 6.242407189810017e-21 1.84039016768426e-12 1.0723922628345266e-12 7.67997904849733e-13
11.14851549250461 6.687673208487067e-21 1.9790716517743647e-12 1.228764669041266e-12 7.503069827330987e-13
11.169441129330048 6.929107752727902e-21 2.054367762755902e-12 1.3127556456703784e-12 7.416121170855237e-13
11.190406043337886 7.138084497160375e-21 2.1202982887382033e-12 1.387411204548644e-12 7.328870841895593e-13
11.21140851448765 7.338499935367937e-21 2.1839209036015132e-12 1.4598508720182627e-12 7.240700315832506e-13
11.22192452720434 7.444845801576712e-21 2.2176473386032917e-12 1.4979461216699781e-12 7.19701216933314e-13
11.232450403670388 7.479142434564686e-21 2.2299531908190715e-12 1.5142676948134478e-12 7.156854960056241e-13
11.253533585369773 7.486208522786847e-21 2.2362495405300648e-12 1.5283648614871421e-12 7.078846790429228e-13
11.274656339961506 7.458236753212598e-21 2.2320756596900564e-12 1.5318710726917626e-12 7.002045869982934e-13
11.285231677511122 7.444490797703483e-21 2.2300515878637602e-12 1.5336259877628044e-12 6.964256001009557e-13
11.295816934455262 7.375306372006555e-21 2.211399179645826e-12 1.5187764836713957e-12 6.926226959744301e-13
11.317017243752359 7.208780229934355e-21 2.1655249724646025e-12 1.4804857414971844e-12 6.850392309674181e-13
11.338257342390673 7.043394930115169e-21 2.1198141330307217e-12 1.4423012360153065e-12 6.775128970154157e-13
11.359537305047965 6.869176938533576e-21 2.0712607639991686e-12 1.401358566385378e-12 6.699021976137907e-13
11.402217121831576 6.491017523461037e-21 1.964588154959468e-12 1.310267532781632e-12 6.543206221778369e-13
11.423617126015266 6.297161407332206e-21 1.9094922369548697e-12 1.2630690815926394e-12 6.464231553622304e-13
11.445057294333186 6.100512522798887e-21 1.8533341452310696e-12 1.2150504809391045e-12 6.38283664291964e-13
11.488058425037956 5.703868322639818e-21 1.7393443054021419e-12 1.1180361161589994e-12 6.213081892431426e-13
11.53122111869469 5.348009656406409e-21 1.6369556600386153e-12 1.0321869883179374e-12 6.04768671720678e-13
11.574545982324347 5.028150382791384e-21 1.5448334188155645e-12 9.561789540275532e-13 5.886544647880111e-13
11.618033625228566 4.741037692477791e-21 1.4620945902531547e-12 8.89494133872948e-13 5.726004563802074e-13
11.661684658998247 4.489389398835401e-21 1.3896902269315486e-12 8.342478320648082e-13 5.554423948667403e-13
11.705499697522141 4.2803842927026724e-21 1.32997094348751e-12 7.919406135151496e-13 5.380303299723608e-13
11.749479356995494 4.101652978951278e-21 1.2792250924251016e-12 7.590610699353949e-13 5.201640224897065e-13
11.793624255928705 3.940257821296468e-21 1.2335062657645795e-12 7.310036421682174e-13 5.025026235963619e-13
11.83793501515603 3.810586221474475e-21 1.197394275097041e-12 7.134417604541701e-13 4.839525146428707e-13
11.882412257844306 3.69103607572465e-21 1.164185910799735e-12 6.984685128209217e-13 4.657173979788134e-13
11.92705660950172 3.593379257351449e-21 1.1376424006874913e-12 6.908892948514223e-13 4.4675310583606907e-13
11.971868697986617 3.503561656376343e-21 1.1133741731588704e-12 6.853056008478311e-13 4.2806857231103924e-13
12.016849153516302 3.434354608402789e-21 1.0954818286224215e-12 6.872098432513849e-13 4.0827198537103685e-13
12.061998608675935 3.3715589798734135e-21 1.0794921000809985e-12 6.905722434485605e-13 3.8891985663243814e-13
12.152807060118223 3.286419435295754e-21 1.0601541709975744e-12 7.112399311785884e-13 3.489142398189859e-13
12.198467333490619 3.2641438276930665e-21 1.0569245540144052e-12 7.289104621188762e-13 3.2801409189552905e-13
12.244299160690385 3.250335828308084e-21 1.0564078024093789e-12 7.487094282847532e-13 3.076983741246256e-13
12.290303186275983 3.252205129685097e-21 1.0609867493938188e-12 7.748950035303331e-13 2.860917458634856e-13
12.3364800572276 3.2735164824578066e-21 1.0719517214253738e-12 8.034250817916013e-13 2.6852663963377226e-13
12.382830422956244 3.3413478613170087e-21 1.0982748791993523e-12 8.363185605915401e-13 2.619563186078124e-13
12.429354935312874 3.413882091847394e-21 1.1263323048514266e-12 8.707718451514192e-13 2.5556045970000745e-13
12.476058240797144 3.481750728907555e-21 1.1530403400414594e-12 9.037066631951875e-13 2.493336768462718e-13
12.522937033967983 3.554862497153837e-21 1.1816760591204496e-12 9.370484723232171e-13 2.446275867972327e-13
12.569987951963114 3.6210826351792875e-21 1.208210846613632e-12 9.626762248942771e-13 2.455346217193548e-13
12.593579661530361 3.640844731627854e-21 1.217084649804039e-12 9.711203526089737e-13 2.4596429719506523e-13
12.617215648686605 3.6522675746446434e-21 1.2231945757843364e-12 9.768159775186785e-13 2.463785982656579e-13
12.664620788327802 3.641820288971323e-21 1.2242782513369609e-12 9.771305126888431e-13 2.4714773864811777e-13
12.71220403757155 3.596819461873798e-21 1.2136932243517985e-12 9.658391318338733e-13 2.478540925179252e-13
12.736062662318053 3.560095091038829e-21 1.2035557676959416e-12 9.553754530861437e-13 2.4818031460979805e-13
12.759966065607527 3.515395802808247e-21 1.1906748554112364e-12 9.421836803094163e-13 2.4849117510181976e-13
12.807907544139693 3.400085794056406e-21 1.155945856659511e-12 9.068889116786487e-13 2.4905694498086217e-13
12.856029147395699 3.275069223949941e-21 1.1176266920477494e-12 8.680400861112488e-13 2.4958660593650053e-13
12.904331552136407 3.1447384799879895e-21 1.0771829752065996e-12 8.27076485562913e-13 2.501064896436865e-13
12.95281543766539 3.0133143931442165e-21 1.0360436576341088e-12 7.854506866610488e-13 2.505929709730598e-13
13.00148148583848 2.8938487870630318e-21 9.98707034803934e-13 7.476295519246349e-13 2.5107748287929916e-13
13.050330381073369 2.7851568298490096e-21 9.648073301730978e-13 7.132472840721497e-13 2.5156004610094834e-13
13.099362810359226 2.686761663448369e-21 9.342191099800075e-13 6.821806310822599e-13 2.5203847889774763e-13
13.197981031955921 2.5204959837576417e-21 8.830045524895118e-13 6.300350599139816e-13 2.529694925755304e-13
13.247568211189632 2.452122405421765e-21 8.622788681247881e-13 6.088572818050759e-13 2.5342158631971207e-13
13.297341698339563 2.390112942765813e-21 8.436313023376089e-13 5.897637029726364e-13 2.5386759936497276e-13
13.397450398986955 2.287367062936658e-21 8.134436140371828e-13 5.58731959895962e-13 2.5471165414122074e-13
13.447787020368724 2.2446380989043944e-21 8.012473117572675e-13 5.461442236535757e-13 2.5510308810369196e-13
13.498312765455129 2.2051263597402204e-21 7.901006164757039e-13 5.346190795808231e-13 2.5548153689488064e-13
13.59993447169816 2.1374142272577446e-21 7.71604842797724e-13 5.154676817720748e-13 2.5613716102564945e-13
13.702321234386334 2.0842275377233115e-21 7.580689481823959e-13 5.002725341438662e-13 2.577964140385296e-13
13.805478813227746 2.0663598061644804e-21 7.572283276695747e-13 4.88154428201475e-13 2.6907389946809955e-13
13.90941301129231 2.0551882066989826e-21 7.588043903404709e-13 4.773858819545716e-13 2.8141850838589926e-13
13.96167316792965 2.06131658495369e-21 7.639265391282813e-13 4.733129675171025e-13 2.906135716111789e-13
14.014129675338197 2.0693281842740263e-21 7.697770123346113e-13 4.697174026003194e-13 3.000596097342918e-13
14.119634696140762 2.094027149404888e-21 7.848292886682808e-13 4.655112179270853e-13 3.193180707411954e-13
14.225934008823913 2.1207400240752178e-21 8.008250611727633e-13 4.618750081853521e-13 3.389500529874114e-13
14.333033593193976 2.1498317820365188e-21 8.179222656254962e-13 4.582861050265997e-13 3.5963616059889644e-13
14.44093947407611 2.1769105732882483e-21 8.344598962706516e-13 4.5446437462552474e-13 3.79995521645127e-13
14.54965772165321 2.2066951377837498e-21 8.52245168586573e-13 4.507437059445786e-13 4.0150146264199455e-13
14.659194451807393 2.2392704587045416e-21 8.713368664894782e-13 4.4711862822853706e-13 4.2421823826094116e-13
14.769555826464039 2.274070855308346e-21 8.915400553297854e-13 4.4353276279940703e-13 4.480072925303781e-13
14.992777389284976 2.3395078492560294e-21 9.310564913683243e-13 4.357501449171183e-13 4.953063464512059e-13
15.21937263962189 2.4153365159129484e-21 9.757618426820718e-13 4.283815283487421e-13 5.473803143333297e-13
15.449392566130673 2.4963504705850473e-21 1.023732283402437e-12 4.203425516307462e-13 6.033897317716909e-13
15.682888928090767 2.6704710080358482e-21 1.1116891502537055e-12 4.1286914055844715e-13 6.988200096952581e-13
15.919914267052077 2.8644498132425535e-21 1.2104625993608107e-12 4.049856232257808e-13 8.054769761350294e-13
16.03976693895051 2.95822338674192e-21 1.2595008148052374e-12 4.0131401467209013e-13 8.581868001331468e-13
16.1605219186579 3.0603800283760166e-21 1.3128048569686511e-12 3.991289743257294e-13 9.13675882642922e-13
16.22123989475974 3.1051989584636788e-21 1.3370354183433346e-12 3.9820451611645503e-13 9.388309022268795e-13
16.282185999175777 3.1512745415944332e-21 1.361972646937387e-12 3.972791312453062e-13 9.646935156920811e-13
16.312744867225646 3.1747931979394862e-21 1.3747126151940434e-12 3.968160910460994e-13 9.77896524147944e-13
16.343361089024967 3.1986376611042164e-21 1.3876369493076466e-12 3.96352818831919e-13 9.912841304757274e-13
16.404766024646595 3.247320005734575e-21 1.414049334435509e-12 3.9542557842776217e-13 1.0186237560077467e-12
16.466401669612416 3.2973540920210542e-21 1.44123143230067e-12 3.9449741052947737e-13 1.0467340217711926e-12
16.497306278852424 3.3228884311279666e-21 1.4551180571333635e-12 3.9403297906652343e-13 1.0610850780668398e-12
16.528268890738765 3.3487732851663816e-21 1.4692055121008797e-12 3.935683161902429e-13 1.0756371959106366e-12
16.590368558098763 3.4016118219031445e-21 1.4979945016472825e-12 3.9263829724208104e-13 1.1053562044052017e-12
16.65270154503456 3.4536327726158384e-21 1.5266176825549746e-12 3.9169779020949055e-13 1.1349198923454842e-12
16.715268728169598 3.497106285979729e-21 1.551642361985137e-12 3.907160318020115e-13 1.160926330183126e-12
16.778070987420957 3.541547983134878e-21 1.5772647260684073e-12 3.897342939008243e-13 1.1875304321675831e-12
16.9043842704834 3.633409061337659e-21 1.630358396708656e-12 3.877708265906766e-13 1.2425875701179797e-12
17.03164849990255 3.729366026395949e-21 1.6860138146408969e-12 3.858072920698523e-13 1.3002065225710445e-12
17.159870834853997 3.827246823789831e-21 1.7432911237179536e-12 3.8383324778160045e-13 1.3594578759363532e-12
17.289058488411015 3.906230968782298e-21 1.7926631671324953e-12 3.817621504138549e-13 1.4109010167186405e-12
17.35401657858945 3.946735250736163e-21 1.8180567510803471e-12 3.8072818505607085e-13 1.4373285660242764e-12
17.386587088641786 3.967244347374973e-21 1.830934142615958e-12 3.80211585019717e-13 1.450722557596241e-12
17.419218727950305 3.9879262577909965e-21 1.8439333728435665e-12 3.7969523526374166e-13 1.4642381375798251e-12
17.48466585346766 4.029813102780857e-21 1.8703017260966723e-12 3.7866327274024667e-13 1.4916384533564259e-12
17.550358875560836 4.0724050396548514e-21 1.897170665026348e-12 3.776322704268113e-13 1.5195383945995372e-12
17.682486308455736 4.148997944051344e-21 1.947403665644859e-12 3.755620051458569e-13 1.5718416604990025e-12
17.81560845938729 4.12347072843627e-21 1.9499928029821192e-12 3.7339209188548975e-13 1.5766007110966297e-12
17.882544892141226 4.11070534026e-21 1.9512598312061146e-12 3.7231046864104033e-13 1.5789493625650741e-12
17.949732817065083 4.097123712525765e-21 1.9521199470921277e-12 3.712309945779831e-13 1.580888952514145e-12
18.084866926577256 4.063007078410914e-21 1.9504388075280072e-12 3.690782872712022e-13 1.581360520256805e-12
18.221018389814958 4.0286210845224775e-21 1.9484914338895985e-12 3.6694184950511553e-13 1.5815495843844834e-12
18.496404071615608 3.951788917993625e-21 1.9402177637706883e-12 3.6287006994373844e-13 1.5773476938269502e-12
18.635790038622734 3.914225078958567e-21 1.936257161392071e-12 3.6110183098598105e-13 1.5751553304060898e-12
18.776226396166493 3.876576166866531e-21 1.932084282844829e-12 3.5932237351454754e-13 1.5727619093302816e-12
18.91772105982334 3.836356316328126e-21 1.92644754311101e-12 3.5749752155078536e-13 1.5689500215602243e-12
19.203636446149176 3.756868932653668e-21 1.9150448631427854e-12 3.53835150483189e-13 1.561209712659596e-12
19.4938730510763 3.6755191292797754e-21 1.9018937617360933e-12 3.500878417396545e-13 1.5518059199964385e-12
19.78849618389234 3.5930706147237644e-21 1.887330581247003e-12 3.462736477304339e-13 1.5410569335165685e-12
20.08757214094514 3.509386820238085e-21 1.8712341004427357e-12 3.423822739419413e-13 1.528851826500795e-12
20.391466406516905 3.425066503984887e-21 1.8539025414311785e-12 3.3842856474910043e-13 1.5154739766820781e-12
20.699681925472166 3.338696953074314e-21 1.8344678541827615e-12 3.344481895862064e-13 1.5000196645965552e-12
21.012556099387844 3.2455455407981663e-21 1.8102394554469515e-12 3.304468655796291e-13 1.4797925898673228e-12
21.652507708764745 3.0586367270994744e-21 1.7579460145713187e-12 3.2301934644842017e-13 1.4349266681228985e-12
21.979755641372343 2.968015849303308e-21 1.7316435863085083e-12 3.1932666633190066e-13 1.4123169199766077e-12
22.311949477282987 2.8790508485419624e-21 1.7051252521975658e-12 3.1558924858521767e-13 1.3895360036123487e-12
22.64916396703608 2.791667480342367e-21 1.6783606798907887e-12 3.118005697298865e-13 1.366560110160902e-12
22.991811201917592 2.7059185921508857e-21 1.6514192560404374e-12 3.079704143932995e-13 1.3434488416471383e-12
23.339642165776596 2.621811720024224e-21 1.6242958207719116e-12 3.040946420746564e-13 1.3202011786972548e-12
23.69273528050995 2.539470928894532e-21 1.5970844479695527e-12 3.0018741805013824e-13 1.2968970299194141e-12
24.414313559781952 2.3807094382471518e-21 1.5428380632820104e-12 2.9263900176560024e-13 1.25019906151641e-12
24.78366481022829 2.3051768689399775e-21 1.51648881989682e-12 2.8894063695891704e-13 1.2275481829379025e-12
25.15860378059443 2.232341652657953e-21 1.4907905505681582e-12 2.8527778051190827e-13 1.2055127700562498e-12
25.924826076583233 2.0931505150338505e-21 1.4404087251627488e-12 2.779079757383751e-13 1.1625007494243737e-12
26.714384190886577 1.961049257264602e-21 1.3906028106531847e-12 2.7055164194761195e-13 1.1200511687055725e-12
27.527988831636016 1.8351480888771013e-21 1.340957557431423e-12 2.632290336652302e-13 1.0777285237661925e-12
28.366372352060132 1.715854343260696e-21 1.291973633753569e-12 2.5601121465392347e-13 1.0359624190996457e-12
29.2302894097004 1.6026235406348657e-21 1.243466432979505e-12 2.4895939758342576e-13 9.94507035396079e-13
30.12051764570424 1.496865215261597e-21 1.1967806549791493e-12 2.4198378895508997e-13 9.547968660240591e-13
30.575747924857424 1.4473824892401798e-21 1.1747077567293036e-12 2.3849532078089937e-13 9.362124359484042e-13
31.037858384806153 1.4000691810102903e-21 1.1534816131417736e-12 2.3500793381433875e-13 9.184736793274347e-13
31.983137356627505 1.3102044404615592e-21 1.1123195316959186e-12 2.2814680316664243e-13 8.841727285292762e-13
32.95720543894392 1.2278273748617404e-21 1.074130686884158e-12 2.2153218078039132e-13 8.525985061037667e-13
33.960939423588975 1.1507084818192226e-21 1.0373240392092385e-12 2.1504171315227873e-13 8.222823260569601e-13
34.99524280568484 1.0770812666858051e-21 1.0005226312362907e-12 2.0853243759558156e-13 7.919901936407094e-13
36.06104659690874 1.0076278870331603e-21 9.645126736087499e-13 2.0212441290997477e-13 7.623882606987752e-13
37.159310163528254 9.417090240060298e-22 9.288675866107211e-13 1.9599411860490842e-13 7.328734680058127e-13
38.29102208995955 8.797594067303944e-22 8.941910346267282e-13 1.9002463382869823e-13 7.041664007980301e-13
39.45720106862597 8.207598450774013e-22 8.596304857628514e-13 1.8407411928830563e-13 6.755563664745458e-13
40.65889681691763 7.653505311571397e-22 8.260102031382996e-13 1.7822610868883774e-13 6.477840944494619e-13
41.897191022077855 7.13681150890982e-22 7.937039956507275e-13 1.7258118956181458e-13 6.211228060889126e-13
43.173198314866475 6.654715586516655e-22 7.626287173592984e-13 1.6708918678197528e-13 5.955395305773232e-13
44.48806727287728 6.198071266232679e-22 7.319299817433679e-13 1.61693519748449e-13 5.70236461994919e-13
45.8429814544115 5.769720186065677e-22 7.020968741709529e-13 1.564144179779034e-13 5.456824561930495e-13
47.23916046383907 5.364167863895091e-22 6.726264848427788e-13 1.512804431097646e-13 5.213460417330142e-13
48.67786104940597 4.983850792763875e-22 6.439704682956188e-13 1.462833005568871e-13 4.976871677387315e-13
50.16037823447602 4.624398992839365e-22 6.157232224199322e-13 1.4141878573609588e-13 4.743044366838363e-13
51.68804648322576 4.287499950799174e-22 5.882523620606506e-13 1.3668228723733404e-13 4.515700748233166e-13
53.26224090184056 3.9696161064512707e-22 5.61225475610922e-13 1.3205785408891426e-13 4.291676215220076e-13
54.884378476295105 3.671757217015316e-22 5.349240705372291e-13 1.2754760477032815e-13 4.0737646576690076e-13
56.55591934783037 3.3915762803013177e-22 5.091539165196496e-13 1.231788621858754e-13 3.85975054333774e-13
58.27836812727644 3.1293445689114998e-22 4.840945585405464e-13 1.1894614305123303e-13 3.651484154893135e-13
60.05327524940399 2.891389230985392e-22 4.609063490165582e-13 1.148074576878539e-13 3.460988913287044e-13
61.88223836852342 2.676077185821307e-22 4.395761115792614e-13 1.1075756112205761e-13 3.288185504572038e-13
62.81758386220369 2.5751947738083427e-22 4.2939871808757397e-13 1.0878148281208414e-13 3.206172352754898e-13
63.7670670344103 2.4823457324535443e-22 4.2017300192651054e-13 1.0684025782135893e-13 3.133327441051515e-13
65.70913619443517 2.3136314257777102e-22 4.0354257947331327e-13 1.030631189361473e-13 3.0047946053716583e-13
67.71035238438829 2.154044614760053e-22 3.871499444174609e-13 9.937366064362403e-14 2.8777628377383683e-13
69.77251696707448 2.0016026301972468e-22 3.7070776756314886e-13 9.575194797919839e-14 2.749558195839505e-13
71.89748616702131 1.8583970202113215e-22 3.5466770068407516e-13 9.224163987789673e-14 2.6242606080617844e-13
74.08717274132995 1.7243296720570097e-22 3.391038780574588e-13 8.886349485133394e-14 2.5024038320612475e-13
76.34354770141287 1.5993744641530054e-22 3.241096251971163e-13 8.557379712267494e-14 2.385358280744414e-13
78.66864208716851 1.483181254961695e-22 3.097171932484251e-13 8.2346497800719e-14 2.2737069544770608e-13
81.06454879518883 1.375694227643552e-22 2.9602086123443055e-13 7.920627642132844e-14 2.1681458481310213e-13
83.5334244626476 1.2778764832929415e-22 2.833469855633925e-13 7.617018934370602e-14 2.071767962196865e-13
86.07749140856238 1.1866730047250001e-22 2.7113781853754256e-13 7.321774617227447e-14 1.9792007236526814e-13
88.69903963417964 1.0997426986149643e-22 2.589282511287668e-13 7.03337654031373e-14 1.8859448572562953e-13
91.4004288842828 1.0181266026121795e-22 2.470127961887359e-13 6.752531751260351e-14 1.794874786761325e-13
94.18409077127889 9.417311910537212e-23 2.3543657839827333e-13 6.479794283330216e-14 1.706386355649712e-13
97.05253096397554 8.70497705617486e-23 2.2425592661282846e-13 6.214566344952528e-14 1.6211026316330328e-13
100.00833144301866 8.05635656508645e-23 2.1386725431800566e-13 5.956759265541063e-14 1.5429966166259496e-13
103.05415282502196 7.45444386552139e-23 2.039154721275022e-13 5.706038861397375e-14 1.4685508351352848e-13
106.19273675747671 6.908388575348741e-23 1.9473364982476088e-13 5.461641714653945e-14 1.4011723267822142e-13
109.4269083866038 6.401476647631217e-23 1.8594038590165336e-13 5.223926262956994e-14 1.3370112327208338e-13
112.75957890036308 5.918229124356515e-23 1.7713918950831239e-13 4.9939853520209024e-14 1.2719933598810337e-13
116.1937481489129 5.463445402293154e-23 1.68507331747756e-13 4.770980360158301e-14 1.2079752814617296e-13
119.73250734487735 5.0294669531658694e-23 1.5984662433379113e-13 4.553387704580153e-14 1.143127472879896e-13
123.37904184585196 4.6215583376617364e-23 1.513558689492811e-13 4.3418561079705086e-14 1.0793730786957597e-13
127.13663402165271 4.234935506243636e-23 1.4291800429201088e-13 4.13806678504091e-14 1.0153733644160185e-13
131.0086662088879 3.873121097107236e-23 1.3468850550806923e-13 3.941263062153422e-14 9.527587488653501e-14
134.99862375551584 3.532454456944297e-23 1.2658298871266966e-13 3.7497155995466346e-14 8.908583271720327e-14
139.11009815812417 3.215057083228997e-23 1.187180565116227e-13 3.5638093626854936e-14 8.307996288476773e-14
143.3467902947586 2.922065175815117e-23 1.1118528268569816e-13 3.3850821244376575e-14 7.733446144132155e-14
147.71251375620898 2.652605888752191e-23 1.0400625323501338e-13 3.213230675583377e-14 7.187394647917962e-14
152.21119827875228 2.4173874516442054e-23 9.767025046051213e-14 3.0469826115237724e-14 6.72004243452744e-14
156.84689328144228 2.210832282048304e-23 9.204520119955413e-14 2.8862885828531724e-14 6.318231537102243e-14
159.21741877681018 2.1131163997887156e-23 8.930657468408013e-14 2.808287636552774e-14 6.122369831855236e-14
161.62377151112827 2.0181414138896588e-23 8.658173104213105e-14 2.7318867358181656e-14 5.92628636839494e-14
166.54613279848823 1.8367112930401578e-23 8.119791585451766e-14 2.5837971663908976e-14 5.5359944190608694e-14
171.61840792845166 1.670758655326019e-23 7.611092875031645e-14 2.4414755622118037e-14 5.169617312819841e-14
176.84516262850022 1.520216021003462e-23 7.136214948948884e-14 2.3047441216475117e-14 4.8314708273013737e-14
179.5181642894721 1.4495929444694478e-23 6.907547788413715e-14 2.238528103090584e-14 4.669019685323131e-14
182.2315681744764 1.380121841612136e-23 6.675910020560305e-14 2.173752459307898e-14 4.502157561252406e-14
187.78155384880017 1.2462441348631532e-23 6.211914777155417e-14 2.0485091546074153e-14 4.163405622548002e-14
190.61961427604518 1.1840467705186399e-23 5.991090459567269e-14 1.987988003827469e-14 4.0031024557398e-14
193.5005680909718 1.1250077482640478e-23 5.778394533625144e-14 1.928841851537224e-14 3.849552682087921e-14
199.3937587803602 1.016697955736724e-23 5.381123304780871e-14 1.8146447326369474e-14 3.5664785721439216e-14
205.46643057848152 9.201408167219508e-24 5.018392268574718e-14 1.705699042574579e-14 3.312693226000141e-14
211.72404970390772 8.362287493272534e-24 4.699641386951102e-14 1.6018011275918543e-14 3.097840259359249e-14
218.17224885259444 7.595799670272598e-24 4.398883330277414e-14 1.5029928424605225e-14 2.895890487816892e-14
224.8168322680627 6.871297079327589e-24 4.1005015730011845e-14 1.4093122853592271e-14 2.6911892876419577e-14
231.66378096599615 6.202282877603429e-24 3.81398642663799e-14 1.320382187923822e-14 2.4936042387141695e-14
238.71925811795668 5.582688392972236e-24 3.5375311830575524e-14 1.2358016081557224e-14 2.30172957490183e-14
245.98961459906556 5.015190674319532e-24 3.2747160953955974e-14 1.1556923811822207e-14 2.1190237142133772e-14
249.71106150874405 4.744183631314989e-24 3.144623854879389e-14 1.1173674493058238e-14 2.027256405573565e-14
253.4888082224776 4.481265262368576e-24 3.0152885236347486e-14 1.0802019829514953e-14 1.935086540683253e-14
261.20898134247824 3.997329582169227e-24 2.7715804938923065e-14 1.0090087369949924e-14 1.7625717568973142e-14
269.1642775569489 3.578942218026221e-24 2.557063666263339e-14 9.415016006466618e-15 1.6155620656166777e-14
277.3618576987742 3.2059581486942625e-24 2.3603370263874393e-14 8.777819363718087e-15 1.482555090015631e-14
285.8091006888481 2.846520504354119e-24 2.1595327914178446e-14 8.180391176641415e-15 1.3414936737537027e-14
294.5136101780917 2.5194366984890093e-24 1.969600988221159e-14 7.618970372957484e-15 1.2077039509254109e-14
303.4832213917586 2.2398432591984878e-24 1.804353999198825e-14 7.089493693364104e-15 1.0954046298624148e-14
312.7260081821858 1.993835768521646e-24 1.6550945824642497e-14 6.591743739972925e-15 9.95920208466957e-15
322.25029029634635 1.777594676511314e-24 1.5205317439716455e-14 6.1259862035932605e-15 9.079331236123198e-15
332.0646408647343 1.5852690300516613e-24 1.39731731779399e-14 5.68995204484084e-15 8.283221133099063e-15
342.17789411833206 1.4109866667354992e-24 1.2815757824637908e-14 5.281271636475032e-15 7.534486188162874e-15
352.59915334060224 1.25410332915664e-24 1.1737727394403967e-14 4.898724844684311e-15 6.83900254971965e-15
363.337799061663 1.1150076624098644e-24 1.0753698747366676e-14 4.54137278853116e-15 6.212325958835517e-15
374.40349750202313 9.914286349369221e-25 9.85305230771422e-15 4.2077776793252844e-15 5.6452746283889365e-15
380.062092440151 9.348037791242948e-25 9.4307112440792e-15 4.049488022762743e-15 5.381223221316455e-15
385.80620927347337 8.813519363113762e-25 9.025847866065948e-15 3.896654431544797e-15 5.1291934345211506e-15
397.5561983449763 7.832125973436582e-25 8.265090744481233e-15 3.6066584850277154e-15 4.658432259453518e-15
409.6640412816112 6.950927368934962e-25 7.558576771926828e-15 3.336264374924129e-15 4.222312397002699e-15
415.8555509384264 6.544992760239739e-25 7.224721433184338e-15 3.208059945178008e-15 4.01666148800633e-15
422.1406367649012 6.161049242212296e-25 6.903689873927107e-15 3.0843471892900984e-15 3.81934268463701e-15
434.9972154030873 5.459565898329536e-25 6.30396832487439e-15 2.850194103349778e-15 3.4537742215246123e-15
448.24534984018095 4.837845177609548e-25 5.7562174495158594e-15 2.6327548960399403e-15 3.12346255347592e-15
461.89696517289525 4.286602113078191e-25 5.25566548850457e-15 2.4305290256648487e-15 2.8251364628397204e-15
475.9643496848308 3.7979558724298083e-25 4.798370431999166e-15 2.242461504967753e-15 2.555908927031412e-15
490.4601659075747 3.362474115905671e-25 4.3775601639085305e-15 2.0681892419960657e-15 2.3093709219124656e-15
505.39746201868155 2.973622107486244e-25 3.98922256166863e-15 1.90701847900331e-15 2.0822040826653195e-15
520.7896835867783 2.6289789031531836e-25 3.634284373212241e-15 1.7578334267256825e-15 1.876450946486558e-15
536.6506856743796 2.324700744045413e-25 3.311526053786241e-15 1.6198175770018549e-15 1.6917084767843865e-15
552.9947453093008 2.055227411025248e-25 3.0168264089742067e-15 1.492077298477685e-15 1.524749110496521e-15
569.8365743358964 1.8164080770237932e-25 2.7474713852893216e-15 1.373874114395743e-15 1.3735972708935796e-15
587.1913326576936 1.6048474940785994e-25 2.5013982286190504e-15 1.2645555429880321e-15 1.236842685631018e-15
605.0746418833327 1.4175119932075024e-25 2.2766964351075375e-15 1.1635076714979582e-15 1.1131887636095795e-15
623.502599388115 1.2516966537508717e-25 2.0716042467824135e-15 1.0701524258548842e-15 1.001451820927529e-15
642.4917928037942 1.1049870384119292e-25 1.8844915791632423e-15 9.839461820078899e-16 9.005453971553522e-16
662.0593149496696 9.752290881419387e-26 1.713850674986265e-15 9.04380681169032e-16 8.094699938172331e-16
682.2227792184137 8.605038613556754e-26 1.5582906786231253e-15 8.309781871900747e-16 7.273124914330512e-16
703.0003354304876 7.591040453296299e-26 1.4165316127328917e-15 7.632927110697036e-16 6.532389016631881e-16
724.4106861714122 6.695110806572595e-26 1.287395688660199e-15 7.009084262894174e-16 5.864872623707817e-16
746.4731036265977 5.903737133782485e-26 1.169797285690792e-15 6.434330520551671e-16 5.26364233635625e-16
769.2074469289008 5.204913937621401e-26 1.0627386271767822e-15 5.905003401926483e-16 4.722382869841339e-16
792.6341800345017 4.587987573246702e-26 9.65304791831654e-16 5.417713964609945e-16 4.235333953706595e-16
816.7743901432078 4.04350584719258e-26 8.766568296650635e-16 4.969306122153257e-16 3.797262174497376e-16
841.6498066797607 3.5630768664598813e-26 7.960237997002597e-16 4.556826486268044e-16 3.403411510734554e-16
867.2828208532309 3.139256353714485e-26 7.226981765318466e-16 4.1775226342887013e-16 3.0494591310297634e-16
893.6965058121084 2.7654596612125704e-26 6.560347144565017e-16 3.8288518048397245e-16 2.7314953397252947e-16
920.9146374132232 2.435856102703331e-26 5.954433342512159e-16 3.508454445461187e-16 2.4459788970509722e-16
948.9617156232121 2.1452761963380612e-26 5.403825779390568e-16 3.2141323645897196e-16 2.1896934148008477e-16
977.8629865717667 1.8891447459328515e-26 4.903573344945919e-16 2.943846364574679e-16 1.9597269803712404e-16
1007.6444652765354 1.6634169602064812e-26 4.449158545266011e-16 2.695708955996181e-16 1.75344958926983e-16
1038.332959060126 1.4645151153779485e-26 4.03645329032695e-16 2.4679699611366993e-16 1.5684833291902487e-16
1069.95609168029 1.2892784981986691e-26 3.6616946758123457e-16 2.2590128173704223e-16 1.402681858441924e-16
1102.542328195006 1.1349148113551663e-26 3.3214519079083815e-16 2.0673443849280282e-16 1.254107522980354e-16
1136.1210005848498 9.989561048327285e-27 3.012592745547866e-16 1.8915812503012851e-16 1.1210114952465808e-16
1170.7223341557005 8.792217464297865e-27 2.732258324960047e-16 1.7304419134109572e-16 1.0018164115490895e-16
1206.3774747455793 7.737877859334014e-27 2.477847207477335e-16 1.5827461503900909e-16 8.951010570872439e-17
1243.1185167600695 6.809574580393862e-27 2.2469941891217894e-16 1.447408022450349e-16 7.995861666714401e-17
1280.9785320615858 5.9923262424711365e-27 2.0375427724888225e-16 1.3234233765810108e-16 7.141193959078121e-17
1319.9915997384837 5.272903105772903e-27 1.847525287226851e-16 1.209863093063041e-16 6.376621941638101e-17
1360.1928367808064 4.6396452926818576e-27 1.6751538346674754e-16 1.1058724228643354e-16 5.692814118031403e-17
1401.618429690285 4.0822859988850425e-27 1.5188072440272374e-16 1.0106674884195788e-16 5.081397556076582e-17
1444.305667053031 3.591768539618958e-27 1.3770093542103218e-16 9.235252941033413e-17 4.5348406010698055e-17
1488.2929731042755 3.1601006036643376e-27 1.2484144107011108e-16 8.43776965548733e-17 4.046374451523778e-17
1533.6199423153234 2.7802424505504155e-27 1.131800419099649e-16 7.70808107647349e-17 3.609923114522999e-17
1580.327375033885 2.4459954715526777e-27 1.0260585529695816e-16 7.040557456078879e-17 3.2200280736169363e-17
1628.457314209858 2.151899291977625e-27 9.301816223024963e-17 6.430021608003695e-17 2.8717946150212665e-17
1678.0530832396191 1.8931400340275402e-27 8.432529471580846e-17 5.871697083791813e-17 2.5608323877890353e-17
1729.1593249628888 1.6654787804708492e-27 7.64440253643467e-17 5.36119717944808e-17 2.2832053569865917e-17
1781.8220418472597 1.4651859776418665e-27 6.92989275638083e-17 4.89450635116505e-17 2.035386405215781e-17
1836.0886373966016 1.2889773232926443e-27 6.282150739111342e-17 4.4679367862953716e-17 1.8142139528159696e-17
1892.007958820556 1.133960362958315e-27 5.694954600253829e-17 4.078096193541112e-17 1.6168584067127182e-17
1949.6303410035755 9.975877725587868e-28 5.162651689275728e-17 3.721867030590364e-17 1.4407846586853645e-17
2009.0076518130663 8.776201974687231e-28 4.680126947839245e-17 3.396402975431427e-17 1.283723972407817e-17
2070.1933387874215 7.720871415785316e-28 4.242742355325474e-17 3.099095166809298e-17 1.1436471885161755e-17
2133.242477245972 6.792518800549111e-28 3.8462765312602406e-17 2.8275406896995866e-17 1.0187358415606543e-17
2198.211819864143 5.97586469579134e-28 3.4869018867870793e-17 2.579538339214466e-17 9.073635475726136e-18
2265.1598477584885 5.257473283147578e-28 3.1611518787052354e-17 2.3530744068326982e-17 8.080774718725374e-18
2334.1468231275226 4.625519841115656e-28 2.86588099142944e-17 2.146303652050575e-17 7.195773393788652e-18
2405.2348434957767 4.06960363138341e-28 2.5982386082700007e-17 1.9575358591135533e-17 6.4070274915644765e-18
2478.487897609897 3.5805772413377176e-28 2.3556419650879812e-17 1.785224262263754e-17 5.704177028242267e-18
2553.971923037092 3.1503870062120043e-28 2.135745299238528e-17 1.627951118203851e-17 5.077941810346773e-18
2631.7548655177807 2.7719471859827287e-28 1.9364211567245302e-17 1.4844181754694287e-17 4.520029812551013e-18
2711.906740125872 2.4390282516373306e-28 1.7557432780476018e-17 1.3534386696507579e-17 4.023046083968441e-18
2794.4996942916955 2.1461495839533906e-28 1.5919648995462628e-17 1.2339261828480252e-17 3.580387166982377e-18
2879.6080727443887 1.888491520879957e-28 1.443503544714645e-17 1.124887588231968e-17 3.1861595648267682e-18
2967.308484432098 1.6618162460769044e-28 1.3089261124858993e-17 1.0254153125433095e-17 2.8351079994258976e-18
3057.6798714803062 1.4623939511041368e-28 1.1869319745939238e-17 9.346783492496396e-18 2.522536253442843e-18
