Dust emission spectrum from A.P. Jones, M. Kohler, N. Ysard, M. Bocchio, and L. Verstraete (2017), A&A, 602A, 46J 
inside the DustPedia framework.

lambda    nu*dP/dnu     j_nu    j_nu(carb.) j_nu(sil)
 (um)   (erg s-1 H-1) (Jy cm2 sr-1 H-1)
0.9927057738263894 3.6152549154238008e-25 9.526402044521512e-18 9.526402044515152e-18 6.361778463748229e-30
1.0001793341362166 3.6746415385760235e-25 9.755786555825452e-18 9.755786555817787e-18 7.665798433404895e-30
1.0077091589558085 3.7339329146607e-25 9.987830186678016e-18 9.98783018666879e-18 9.225417960961836e-30
1.0114953028030835 3.7635355557812984e-25 1.010483733476222e-17 1.0104837334752106e-17 1.0115638457428357e-29
1.0152956718711033 3.793105614224416e-25 1.0222494913361496e-17 1.0222494913350408e-17 1.1088228114685247e-29
1.0229392996569957 3.852107218050682e-25 1.0459662307573473e-17 1.0459662307560164e-17 1.3310345909540345e-29
1.0267826658714554 3.8814668219879127e-25 1.0578981060351496e-17 1.0578981060336919e-17 1.4576717716307228e-29
1.0306404723013447 3.910780822765078e-25 1.0698924005356567e-17 1.0698924005340607e-17 1.5958467548124718e-29
1.03451277320114 3.9400463829119074e-25 1.081948588812177e-17 1.0819485888104303e-17 1.7465601629231508e-29
1.0383996230291617 3.9692606812271253e-25 1.0940661390416554e-17 1.0940661390397446e-17 1.910894665356685e-29
1.0403485208654093 3.983847730154439e-25 1.1001477569815385e-17 1.1001477569795398e-17 1.9985321393918586e-29
1.0423010764483396 3.998420913319552e-25 1.1062445131507663e-17 1.1062445131486766e-17 2.0900212876619482e-29
1.0462171883269815 4.0275242921371415e-25 1.1184831669421595e-17 1.1184831669398743e-17 2.2852061710208286e-29
1.0471985131304309 4.0347909286025783e-25 1.1215521847443616e-17 1.1215521847420253e-17 2.3366695082896374e-29
1.048180758391296 4.0420537954827395e-25 1.124624927013592e-17 1.124624927011203e-17 2.389243909078579e-29
1.0501480137395462 4.0565680484838963e-25 1.130781550220795e-17 1.1307815502182965e-17 2.4978178114273847e-29
1.0521189612883777 4.0710667078639464e-25 1.1369529668729882e-17 1.1369529668703773e-17 2.611116204393114e-29
1.0531058218030118 4.078298875083678e-25 1.1400410678232099e-17 1.1400410678205403e-17 2.6696016857427953e-29
1.0540936079674168 4.0854902956632043e-25 1.143122560671907e-17 1.1431225606691777e-17 2.729354940060953e-29
1.058054026499678 4.1142133538836084e-25 1.1554844007521129e-17 1.1554844007491314e-17 2.9814477671407314e-29
1.0590464539527713 4.121383251872837e-25 1.1585837832291102e-17 1.158583783226062e-17 3.0478757055643415e-29
1.06003981227728 4.1285487192951436e-25 1.1616867167296143e-17 1.1616867167264984e-17 3.115721279789982e-29
1.0620293250338977 4.142866195195346e-25 1.1679032007164317e-17 1.167903200713176e-17 3.255781145495621e-29
1.0660195594769086 4.171446145032306e-25 1.180378382893321e-17 1.1803783828897672e-17 3.554218009209469e-29
1.070024785945596 4.199950549602574e-25 1.1929093644004372e-17 1.1929093643965587e-17 3.878768413831903e-29
1.0740450607676866 4.228376776324713e-25 1.2054955572714226e-17 1.2054955572671915e-17 4.231600396609782e-29
1.07808044048254 4.256722214251839e-25 1.2181363685824347e-17 1.2181363685778192e-17 4.6150515776691926e-29
1.0861967418109137 4.313109951986557e-25 1.2435649082418295e-17 1.2435649082363452e-17 5.484085862257141e-29
1.0902777775684922 4.341032452722507e-25 1.2563181261991219e-17 1.2563181261931466e-17 5.975309832524971e-29
1.0943741465085532 4.368861954017218e-25 1.2691226060911237e-17 1.2691226060846155e-17 6.508460350940253e-29
1.1026131145906286 4.424232054402389e-25 1.2948828673621824e-17 1.2948828673544682e-17 7.714354137533971e-29
1.1109141095355224 4.479200690715677e-25 1.320840683361216e-17 1.320840683352084e-17 9.13207911484468e-29
1.1192775983109025 4.533697285056499e-25 1.3469757084471084e-17 1.3469757084363115e-17 1.079668012438248e-28
1.1277040513999907 4.587466941359809e-25 1.3732117832243271e-17 1.3732117832115784e-17 1.274862019399433e-28
1.1361939428280308 4.640771609161971e-25 1.3996263119700328e-17 1.3996263119549982e-17 1.5034548400813172e-28
1.1447477501889525 4.693593518293013e-25 1.426214039161096e-17 1.4262140391433875e-17 1.7708181707044298e-28
1.1533659546722406 4.745944379077274e-25 1.4529785562773087e-17 1.4529785562564772e-17 2.083132252769511e-28
1.1707974979042381 4.849404334901008e-25 1.5070914812922847e-17 1.507091481263564e-17 2.8720717047108635e-28
1.1884924949847024 4.950757068740816e-25 1.5618434223207277e-17 1.5618434222813238e-17 3.9403818077799093e-28
1.2064549276569216 5.050803725335431e-25 1.617487848818203e-17 1.6174878487644038e-17 5.379911335437748e-28
1.2246888378427687 5.148442486638133e-25 1.6736747270806028e-17 1.6736747270075022e-17 7.310034137402835e-28
1.2431983285522175 5.24344468434869e-25 1.7303204532543647e-17 1.7303204531555115e-17 9.885375387803756e-28
1.2619875648066055 5.335775742065764e-25 1.7874013304658165e-17 1.7874013303327646e-17 1.3305196941935308e-27
1.3004222497298317 5.510881596227365e-25 1.9022820270309746e-17 1.9022820267932754e-17 2.3769897800192584e-27
1.3400274889804893 5.673082924478841e-25 2.0179122290988422e-17 2.017912228681843e-17 4.169993893144268e-27
1.3808389325824078 5.821787557639764e-25 2.1338741878621347e-17 2.1338741871434402e-17 7.186949138170882e-27
1.4228933163050095 5.957746505727342e-25 2.2502138480287704e-17 2.2502138468112766e-17 1.2174944394070541e-26
1.466228494730424 6.084296769100519e-25 2.367998797674853e-17 2.3679987956466162e-17 2.0282371611127442e-26
1.5108834753276823 6.198953404438082e-25 2.486101045872486e-17 2.4861010425482546e-17 3.324231246467288e-26
1.5568984535646726 6.299712352062471e-25 2.603457186309912e-17 2.6034571809441262e-17 5.365786412972521e-26
1.6043148490894465 6.386780118099814e-25 2.7198252477170387e-17 2.7198252391716195e-17 8.545418543950678e-26
1.6531753430134553 6.460445755409478e-25 2.8349854646891e-17 2.834985451276754e-17 1.3412346186305505e-25
1.7035239163302658 6.521626149651541e-25 2.948991817836195e-17 2.9489917970843904e-17 2.0751805326988614e-25
1.755405889504358 6.575529601712131e-25 3.063922115369417e-17 3.0639220837023935e-17 3.1667024298758735e-25
1.8088679632656115 6.62088810204393e-25 3.179014788086343e-17 3.179014740408495e-17 4.767784822290232e-25
1.8639582606462262 6.6568495835366765e-25 3.2936265884990194e-17 3.2936265176456746e-17 7.085334436607608e-25
1.9207263702978936 6.684057760431115e-25 3.407808063833203e-17 3.4078079598634435e-17 1.0396975875490888e-24
1.979223391128241 6.703991610225775e-25 3.5220677855626826e-17 3.5220676348571785e-17 1.5070550299535225e-24
2.039501978296691 6.718417035884146e-25 3.637144223887457e-17 3.6371440080199e-17 2.1586755763916253e-24
2.1016163906111602 6.732251230514624e-25 3.7556334136614253e-17 3.755633107981231e-17 3.0568019530789924e-24
2.1656225393682647 6.748349275151442e-25 3.879267680773045e-17 3.8792672526928e-17 4.2808024587545946e-24
2.231578038680979 6.766926052533506e-25 4.0084174351274573e-17 4.0084168420610184e-17 5.930664380849041e-24
2.299542257339062 6.78969486186805e-25 4.1443944624031056e-17 4.144393649306074e-17 8.130970322591602e-24
2.369576372248914 6.820430857957918e-25 4.2899472731743657e-17 4.28994616962631e-17 1.1035480557938483e-23
2.4417434235010123 6.863590815380981e-25 4.4485742548984237e-17 4.4485727717321585e-17 1.483166265290141e-23
2.5161083711144245 6.926798664953225e-25 4.626273884297241e-17 4.6262719096562024e-17 1.974641037407256e-23
2.5927381535095444 7.022528413453474e-25 4.83305343399538e-17 4.833050828841242e-17 2.605154138684412e-23
2.6717017477616296 7.165680751654272e-25 5.081768337720801e-17 5.081764930910658e-17 3.406810142588163e-23
2.753070231689431 7.3786854732004475e-25 5.39219664555313e-17 5.392192228325844e-17 4.417227286622257e-23
2.836916847834745 7.712347329433158e-25 5.807679205364095e-17 5.80767352506392e-17 5.680300175112742e-23
2.9233170693905177 8.278554543541018e-25 6.423916245186812e-17 6.423908999476952e-17 7.245709858796238e-23
2.967498994190263 8.759312174400985e-25 6.899696981769733e-17 6.899688834222731e-17 8.147547003479159e-23
3.0123486681368425 9.320814639748628e-25 7.45295575181963e-17 7.452946602053683e-17 9.149765946647871e-23
3.0578761833420214 1.0576715710778578e-24 8.584997255138902e-17 8.584986990476789e-17 1.026466211228804e-22
3.1040917844459814 1.2195374987782037e-24 1.0048451625768544e-16 1.0048440130628466e-16 1.149514007678378e-22
3.127460860933648 1.3907259901659636e-24 1.1545237925136097e-16 1.1545225764261606e-16 1.216087448924093e-22
3.1510058709225794 1.6188294193920883e-24 1.3540033340174222e-16 1.3540020480240334e-16 1.2859933884333202e-22
3.162844764501044 1.8311133261516274e-24 1.5373138263306948e-16 1.53731250396074e-16 1.3223699549234078e-22
3.1747281389236908 2.078012334252305e-24 1.7511530118084718e-16 1.751151652182123e-16 1.3596263489587871e-22
3.1986289994194426 2.7667543354289314e-24 2.3491129689701747e-16 2.3491115319384813e-16 1.437031693851695e-22
3.2227097969389145 4.390190209804687e-24 3.755553639831692e-16 3.75555212021304e-16 1.5196186507379465e-22
3.2348180950136065 5.929724355291515e-24 5.091594426442768e-16 5.091592862593204e-16 1.5638495641833366e-22
3.240889293275058 7.080699737272462e-24 6.091297447384867e-16 6.091295860192722e-16 1.5871921467634084e-22
3.2469718861334385 8.412178989044389e-24 7.250308165424892e-16 7.250306554070654e-16 1.61135423843927e-22
3.2714166318528037 1.5514667906474747e-23 1.3472487032043642e-15 1.347248532036751e-15 1.7116761323966796e-22
3.2744851364798273 1.5958608146012432e-23 1.3870990282900714e-15 1.3870988559282442e-15 1.723618272540782e-22
3.2775565192852394 1.6415299640239113e-23 1.4281322853342944e-15 1.4281321117710616e-15 1.7356323274890764e-22
3.283707930232385 1.5975892246125652e-23 1.3925124203328636e-15 1.3925122445981923e-15 1.7573467134049023e-22
3.2898708863219004 1.4582747465216787e-23 1.273466843895735e-15 1.2734666661635994e-15 1.7773213542771876e-22
3.29141343181113 1.4254214279574022e-23 1.2453606907442256e-15 1.2453605125098745e-15 1.7823435110945926e-22
3.292184975758714 1.4092785458784725e-23 1.2315456148901084e-15 1.2315454364042208e-15 1.78485887668441e-22
3.295272960557952 1.3073826577538178e-23 1.1435720904990904e-15 1.1435719110308308e-15 1.7946825951325934e-22
3.3076538914384823 9.544020997926701e-24 8.379553507038475e-16 8.379551672776966e-16 1.8342615081356253e-22
3.310756385682612 8.825657378233622e-24 7.756105754892732e-16 7.756103910628909e-16 1.8442638233822358e-22
3.313861789986515 8.162870203625601e-24 7.180368209780214e-16 7.180366355470784e-16 1.854309428187652e-22
3.3200813396944477 7.233369387236203e-24 6.374686046631864e-16 6.374684170807423e-16 1.8758244427689625e-22
3.345076488085796 5.5751214581271226e-24 4.950280622877483e-16 4.950278651348659e-16 1.9715288252094478e-22
3.3482140837626964 5.637268288385498e-24 5.010157240515369e-16 5.01015525602234e-16 1.9844930298734915e-22
3.3513546224236106 5.700102184868671e-24 5.070753035509328e-16 5.070751037979684e-16 1.997529644304035e-22
3.3576445397418455 6.159427899485509e-24 5.48964835470819e-16 5.489646329952072e-16 2.0247561184831185e-22
3.3702598118196083 7.853729106721286e-24 7.026009491531576e-16 7.026007409613991e-16 2.081917584466515e-22
3.382922481734668 8.239439005448035e-24 7.398763107827314e-16 7.398760969913266e-16 2.137914051437625e-22
3.389271646505754 8.439261777955291e-24 7.592420795298211e-16 7.592418628906583e-16 2.166391629524978e-22
3.395632727569191 8.654558396838081e-24 7.800726590042325e-16 7.800724394292667e-16 2.1957496570082993e-22
3.421196662673239 9.688246352064261e-24 8.798176016754733e-16 8.798173698920248e-16 2.317834488277614e-22
3.4276182099114902 9.479704915893224e-24 8.62495212974157e-16 8.624949784178305e-16 2.345563263845637e-22
3.4340518103208963 8.566292850599018e-24 7.808528387595137e-16 7.808526015573295e-16 2.37202184236845e-22
3.4469541582030403 7.265469760915858e-24 6.647657570626773e-16 6.647655147338511e-16 2.4232882639831834e-22
3.472904465399547 6.900786861602921e-24 6.3615198060942e-16 6.361517265247718e-16 2.5408464831836923e-22
3.4990501388274233 6.343102546458952e-24 5.89143826570145e-16 5.891435603333056e-16 2.66236839269232e-22
3.5253949054701885 4.358843341594795e-24 4.0789507934726624e-16 4.07894801119363e-16 2.7822790314564014e-22
3.5519380250092896 2.494171853864925e-24 2.3515877358644614e-16 2.3515848314958656e-16 2.9043685954325526e-22
3.578680990867387 1.7548705783968804e-24 1.667007340777386e-16 1.6670043021649866e-16 3.0386123990358285e-22
3.605625307711299 1.4558366349352015e-24 1.39335785500794e-16 1.3933546739168345e-16 3.181091105311492e-22
3.660119384959845 1.2376619377509999e-24 1.202449149568923e-16 1.202445664478274e-16 3.4850906489236334e-22
3.715437065384467 1.0832095494561592e-24 1.0682965415354677e-16 1.0682927290139386e-16 3.8125215289650616e-22
3.8285932144167436 1.0047688465759453e-24 1.0211153842942262e-16 1.0211108429486195e-16 4.541345606889943e-22
3.94519561050918 9.896599393967436e-25 1.036391792560388e-16 1.0363864168083019e-16 5.375752086308748e-22
4.06534921144712 1.000560101263485e-24 1.0797183219209483e-16 1.0797119950075e-16 6.326913448316503e-22
4.189162171576248 1.0265226376084452e-24 1.141471670336491e-16 1.1414642603231136e-16 7.410013377238162e-22
4.316745939156006 1.06346483833525e-24 1.2185660028615507e-16 1.2185573652362257e-16 8.63762532500966e-22
4.448215356677963 1.1100113413480042e-24 1.3106376944556505e-16 1.3106276811084073e-16 1.0013347243295746e-21
4.58368876423945 1.166318788043744e-24 1.419063487393079e-16 1.4190519291776195e-16 1.1558215459603129e-21
4.723288106065518 1.2336760682527138e-24 1.5467317844352392e-16 1.546718481493037e-16 1.3302942202658231e-21
4.867139040275056 1.3146712463873536e-24 1.6984796603229203e-16 1.6984644197965395e-16 1.5240526381060754e-21
4.940699165968905 1.3635396820016148e-24 1.7882392599963995e-16 1.788222965403648e-16 1.6294592750659081e-21
5.015371051989984 1.4141408315247116e-24 1.882630820093483e-16 1.8826134119766983e-16 1.740811678518811e-21
5.091171501069577 1.475900589146657e-24 1.994546960882605e-16 1.9945283587025658e-16 1.8602180039419722e-21
5.129500256944802 1.5075955216828219e-24 2.0527181751796056e-16 2.0526989511374275e-16 1.9224042178995774e-21
5.168117569889187 1.5406386475148456e-24 2.1135017222020722e-16 2.1134818557978573e-16 1.9866404214324623e-21
5.20702561229733 1.5812082961253755e-24 2.1854870187231024e-16 2.1854664622291427e-16 2.0556493959307246e-21
5.246226572918644 1.6228119852397809e-24 2.2598763772376205e-16 2.259855110464903e-16 2.12667727168095e-21
5.265937586045735 1.6440119143151156e-24 2.298000405634328e-16 2.297978775986895e-16 2.162964743276805e-21
5.285722656980489 1.665482916980046e-24 2.3367593407077163e-16 2.336737342939014e-16 2.199776870270268e-21
5.305582063971359 1.6872293725521184e-24 2.3761650116659807e-16 2.376142640460953e-16 2.2371205027641692e-21
5.3255160863122235 1.710595852084629e-24 2.4181238944500523e-16 2.4181011427700524e-16 2.2751679999977333e-21
5.365609099470188 1.7688209327877892e-24 2.519256176942236e-16 2.519232634813863e-16 2.354212837177405e-21
5.406003951863644 1.829263253668631e-24 2.624955843733841e-16 2.6249314876096125e-16 2.4356124227951896e-21
5.446702915881641 1.8920301551311813e-24 2.7354650779740743e-16 2.735439883660223e-16 2.519431385130057e-21
5.487708281020852 1.9598594971718142e-24 2.8548637600829873e-16 2.8548377005907776e-16 2.605949220938202e-21
5.529022354014368 2.0541952959060808e-24 3.0148069599736137e-16 3.0147799907448194e-16 2.696922879503746e-21
5.570647458961463 2.1540984335143344e-24 3.1852289386389354e-16 3.185201031919107e-16 2.7906719827788522e-21
5.612585937458331 2.2599702964730365e-24 3.3669383778816236e-16 3.366909505114092e-16 2.8872767531650123e-21
5.654840148729818 2.376363401554925e-24 3.5669959891477084e-16 3.5669661180635113e-16 2.987108419777571e-21
5.67608639626678 2.4556687895702955e-24 3.6998849607124333e-16 3.699854566507567e-16 3.0394204866840934e-21
5.686739436050992 2.4965483506576373e-24 3.7685366566960725e-16 3.768505997875643e-16 3.0658820427259467e-21
5.6974124697621304 2.5382719483018707e-24 3.8387094781450355e-16 3.838678552651798e-16 3.092549323840006e-21
5.718818669136295 2.6243326444407782e-24 3.9837735336831913e-16 3.983742068610496e-16 3.1465072695749626e-21
5.740305295436557 2.7192096091230493e-24 4.143306965457392e-16 4.143274949616173e-16 3.2015841219250986e-21
5.7835210386641895 2.9654129473528586e-24 4.552468319245783e-16 4.55243515393891e-16 3.3165306872623093e-21
5.827062130521658 3.249075977336528e-24 5.025496199855587e-16 5.025461841164842e-16 3.435869074513095e-21
5.8489554468988025 3.448124471188927e-24 5.3534121589586655e-16 5.353377159847221e-16 3.49991114434539e-21
5.870931020387893 3.66173837094716e-24 5.706419850580948e-16 5.706384200041998e-16 3.565053894825451e-21
5.892989160043636 3.891090543096509e-24 6.086623128495049e-16 6.086586815332031e-16 3.631316301920449e-21
5.915130176081913 4.151953389651469e-24 6.519078477953482e-16 6.519041477589142e-16 3.700036434064086e-21
5.95966208400165 4.88145005361134e-24 7.722179967980588e-16 7.722141440711241e-16 3.852726934414703e-21
6.004529249263818 5.933059517072742e-24 9.456427618082151e-16 9.456387383943225e-16 4.0234138925195896e-21
6.027089341400364 6.664129876991425e-24 1.066155409216853e-15 1.0661512890044577e-15 4.120212395201057e-21
6.049734195844842 7.528099433486291e-24 1.2089019371440555e-15 1.2088977144380557e-15 4.222705999639955e-21
6.095279466722835 1.0023914027560332e-23 1.6218115496719527e-15 1.6218070820102607e-15 4.467661691911161e-21
6.141167624020661 1.3865104085597275e-23 2.2601825568992105e-15 2.2601777794599178e-15 4.7774392926015285e-21
6.164241091010745 1.6318126088650092e-23 2.6700496288615958e-15 2.670044661450924e-15 4.967410672283134e-21
6.187401249150058 1.9112525922632235e-23 3.1390324203392745e-15 3.1390272554079454e-15 5.164931327571411e-21
6.1990139391386085 2.047696936295367e-23 3.3694399939798105e-15 3.3694347280744027e-15 5.265905408535827e-21
6.204828454712694 2.1195711947125816e-23 3.490978875549548e-15 3.4909735583822626e-15 5.3171672854149246e-21
6.210648424152782 2.1720374736283806e-23 3.580747455343752e-15 3.580742093261047e-15 5.362082705451539e-21
6.233982942956859 2.350285824581361e-23 3.889159225569009e-15 3.889153701077487e-15 5.524491522916754e-21
6.239830258556775 2.373069641386371e-23 3.9305442712901775e-15 3.930538720103337e-15 5.551186838678572e-21
6.245683058788269 2.3750414748148126e-23 3.937500055905552e-15 3.937494477899641e-15 5.57800591095415e-21
6.257405133728602 2.3701357418031692e-23 3.9367417562212685e-15 3.936736128785459e-15 5.627435809867285e-21
6.269149208991335 2.3350667921541896e-23 3.885772291180618e-15 3.885766633825206e-15 5.657355411116088e-21
6.280915325867298 2.2471364495267672e-23 3.746466175087858e-15 3.746460512152121e-15 5.662935736936688e-21
6.304513850009849 2.030301695998959e-23 3.3976732704369525e-15 3.397667618512114e-15 5.651924839576083e-21
6.32820103803542 1.7615372163774476e-23 2.9589765524268024e-15 2.958970935368261e-15 5.6170585403800705e-21
6.3519772230701035 1.5150614650984733e-23 2.5545159425651835e-15 2.554510352947913e-15 5.5896172704847355e-21
6.375842739491607 1.3077068571998243e-23 2.21318353552321e-15 2.2131779655598764e-15 5.5699633345035976e-21
6.399797922933955 1.141516538094453e-23 1.9391790117343386e-15 1.9391734326209376e-15 5.579113401201404e-21
6.42384311029221 1.0033453848913431e-23 1.710861352979972e-15 1.7108557586275066e-15 5.5943524652555004e-21
6.447978639727206 9.02654348674416e-24 1.5449502605263895e-15 1.5449446276528315e-15 5.6328735573596516e-21
6.472204850670314 8.187743852671998e-24 1.4066496266881183e-15 1.4066439501216554e-15 5.67656646299622e-21
6.496522083828205 7.642563668517953e-24 1.3179211195763865e-15 1.317915379812827e-15 5.739763559833047e-21
6.520930681187647 7.183305178963373e-24 1.243378445005056e-15 1.2433726382656838e-15 5.806739372114776e-21
6.57002334288761 6.713507168708756e-24 1.1708083272023652e-15 1.17080235695495e-15 5.97024741475855e-21
6.619489833774732 6.66475038775547e-24 1.1710564788641677e-15 1.171050317659678e-15 6.161204489665265e-21
6.6693287637831435 6.844490472783059e-24 1.211693233924059e-15 1.2116868662807054e-15 6.367643353536009e-21
6.719538636694507 7.074245748324684e-24 1.2617956647697085e-15 1.26178908840929e-15 6.576360418272442e-21
6.770126513364129 7.649924215497701e-24 1.3747488032131201e-15 1.3747420004926825e-15 6.802720437669149e-21
6.8210952395837445 8.520239626755135e-24 1.5426782470497898e-15 1.5426711943735767e-15 7.052676213238651e-21
6.872447682569556 9.61651366359654e-24 1.7542784501329752e-15 1.7542711233597844e-15 7.326773190938617e-21
6.924186731123532 1.1003962868132589e-23 2.0224943668896337e-15 2.0224867420794686e-15 7.624810165842918e-21
6.976315295795916 1.2131594752429533e-23 2.2465362358572188e-15 2.246528302010826e-15 7.933846392009056e-21
7.028836309048954 1.2295455449952028e-23 2.294021495344482e-15 2.294013256454774e-15 8.238889707554187e-21
7.081752725421856 1.1805600343103283e-23 2.2192093234221983e-15 2.2192007764511725e-15 8.546971025215382e-21
7.135067521697011 1.1478592058221939e-23 2.1739829916219258e-15 2.173974106025696e-15 8.885596229431036e-21
7.1887836970674375 1.1741928220787461e-23 2.2405996849600117e-15 2.240590412653572e-15 9.272306438576071e-21
7.242904273305506 1.268808949981911e-23 2.4393741192171972e-15 2.4393643996369542e-15 9.719580243409695e-21
7.297432294932914 1.4188170864822098e-23 2.7483112607418476e-15 2.74830101553688e-15 1.0245204967436442e-20
7.352370829391971 1.5903715802596548e-23 3.103812248913085e-15 3.1038013630237475e-15 1.0885889336275072e-20
7.379995003818881 1.6972294446295746e-23 3.324804077113801e-15 3.324792821740079e-15 1.1255373721695221e-20
7.407722967218148 1.815132121968574e-23 3.569130337531617e-15 3.569118693227527e-15 1.1644304090759711e-20
7.463496598684601 2.114563181204428e-23 4.1892129586286785e-15 4.189200434312039e-15 1.252431664005552e-20
7.519690156487492 2.5025581994378495e-23 4.995207867778734e-15 4.995194304982861e-15 1.356279587134907e-20
7.533803324048627 2.6154787170451802e-23 5.2303999833167025e-15 5.230386126585633e-15 1.385673106949462e-20
7.547942979602549 2.733505875317319e-23 5.476688693222821e-15 5.476674535789708e-15 1.4157433110908942e-20
7.57630195363571 2.9824063082132864e-23 5.997821234989286e-15 5.9978064527383044e-15 1.4782250981672294e-20
7.590521371821866 3.108247079503784e-23 6.262627413514609e-15 6.262612303079813e-15 1.5110434796368284e-20
7.604767477414989 3.2393998887695234e-23 6.539129462157302e-15 6.539114015846874e-15 1.5446310427275867e-20
7.633339951266878 3.503177176134381e-23 7.098165807054557e-15 7.0981496799136825e-15 1.6127140874703452e-20
7.662019777021956 3.708540007538612e-23 7.542506102185868e-15 7.542489343321067e-15 1.6758864798127795e-20
7.690807358020558 3.84961906492031e-23 7.858852227209935e-15 7.858834911240663e-15 1.7315969270837544e-20
7.719703099118437 3.921852913644663e-23 8.036396066339278e-15 8.036378276733673e-15 1.7789605604703064e-20
7.748707406692464 3.9105419792194e-23 8.043325560961018e-15 8.043307346230695e-15 1.821473032317249e-20
7.777823177463063 3.8350329105600597e-23 7.917655360407979e-15 7.917636521185051e-15 1.8839222926883723e-20
7.807048350752435 3.7193923710277185e-23 7.707762035183233e-15 7.707742521519441e-15 1.9513663791823484e-20
7.836380830085272 3.5595297574850403e-23 7.404190679363639e-15 7.404170516237577e-15 2.0163126061485157e-20
7.851088371676256 3.4486450757598374e-23 7.187002554569895e-15 7.18698211539659e-15 2.0439173305033844e-20
7.86582351679805 3.331136134065804e-23 6.955142181211665e-15 6.95512148213193e-15 2.0699079735463907e-20
7.89537682495964 3.0718423050402884e-23 6.437855324749926e-15 6.437834168942038e-15 2.115580788597278e-20
7.9250411701946435 2.7920035132209977e-23 5.873364048218496e-15 5.873342419288409e-15 2.162893008978479e-20
7.939915112024199 2.6434601204008376e-23 5.571319378347235e-15 5.571297500946236e-15 2.1877401000665124e-20
7.954816969689239 2.5030174156108486e-23 5.285225186730133e-15 5.285203048077822e-15 2.2138652310403213e-20
7.9847046421970465 2.2440194350675944e-23 4.756142991446015e-15 4.7561202827417764e-15 2.2708704241660223e-20
8.044817289139356 1.8071712948880873e-23 3.859090271754134e-15 3.85906617666857e-15 2.409508556409783e-20
8.07504310897143 1.644847310281841e-23 3.5256554791546943e-15 3.52563053354842e-15 2.494560627469773e-20
8.105382492623747 1.5012559499575078e-23 3.2299640509198396e-15 3.229938184284839e-15 2.5866635000812696e-20
8.135835866775926 1.3873125625233022e-23 2.9960284323526465e-15 2.9960015803592085e-15 2.6851993437219628e-20
8.166403659710703 1.301272873448431e-23 2.8207763421962837e-15 2.8207484091723652e-15 2.793302391803707e-20
8.197086301319933 1.2374921739172943e-23 2.6925972729925905e-15 2.6925681770403866e-15 2.9095952204431004e-20
8.227884223110665 1.1815269852188509e-23 2.5804844721761928e-15 2.580454137877416e-15 3.033429877693173e-20
8.258797858211198 1.1494199284920247e-23 2.5197937369004692e-15 2.519761808634914e-15 3.1928265555524245e-20
8.289827641377162 1.1398368896945061e-23 2.508173889173839e-15 2.508139039191027e-15 3.4849982812131596e-20
8.320974008997652 1.1489854289785185e-23 2.5378042460651243e-15 2.537765882345003e-15 3.8363720122142696e-20
8.35223739910135 1.1659627961290476e-23 2.5849786236482485e-15 2.584936396243036e-15 4.22274052132574e-20
8.383618251362687 1.21916818665083e-23 2.71309217651365e-15 2.713045930619494e-15 4.624589415533037e-20
8.415117007108037 1.2957453189847222e-23 2.8943379603498377e-15 2.8942873223141728e-15 5.0638035664922295e-20
8.446734109321913 1.3982619055473014e-23 3.1350666801466083e-15 3.135011443669652e-15 5.523647695583939e-20
8.478470002653195 1.529050176413465e-23 3.441190047635677e-15 3.441130000298972e-15 6.004733670467764e-20
8.542299949622933 1.8144808170501772e-23 4.114306398561786e-15 4.114236047505977e-15 7.035105580866941e-20
8.558332380220154 1.8748243505242788e-23 4.259113050626702e-15 4.259040025707456e-15 7.30249192466964e-20
8.574394900937412 1.9127770840388808e-23 4.353487226792336e-15 4.353411542102527e-15 7.568468980816813e-20
8.606610438733982 1.9130116269712748e-23 4.370379884437205e-15 4.370298971352293e-15 8.091308491144282e-20
8.622764948673899 1.8825823887669806e-23 4.308935292646148e-15 4.3088517593444466e-15 8.353330169976403e-20
8.638949780445296 1.816491012915681e-23 4.165466403011184e-15 4.165380326149872e-15 8.60768613125829e-20
8.655163606183647 1.7493116843876288e-23 4.018943601181708e-15 4.018854909418901e-15 8.869176280671637e-20
8.671407862489573 1.6692971296135768e-23 3.8423125873653216e-15 3.8422212613402574e-15 9.132602506353928e-20
8.703987895363145 1.4793674849800053e-23 3.4179348520533748e-15 3.417838210699249e-15 9.664135412582514e-20
8.736690337257128 1.3102723564106748e-23 3.038630932095121e-15 3.0385286503032957e-15 1.0228179182583328e-19
8.802464289484785 1.0232559669155378e-23 2.3908811650990925e-15 2.3907666359374245e-15 1.1452916166783198e-19
8.868733419248175 8.311949207302176e-24 1.9567435664126527e-15 1.9566141751667515e-15 1.293912459010696e-19
8.935501454478851 7.030136096553261e-24 1.6674472181095262e-15 1.667297831292997e-15 1.49386816528924e-19
9.002772151174003 6.163334155638364e-24 1.4728597915280649e-15 1.4726884103548969e-15 1.7138117316808203e-19
9.07054929360775 5.559028614212234e-24 1.3384493168719973e-15 1.338254403242804e-15 1.949136291931067e-19
9.13883669454403 5.11726947113172e-24 1.2413625436434157e-15 1.2411424361268774e-15 2.201075165378487e-19
9.207638195451068 4.81237452772827e-24 1.1761889587582415e-15 1.1759426582259475e-15 2.463005322938342e-19
9.276957666717493 4.541718018399023e-24 1.1183948911276381e-15 1.1181194320620505e-15 2.7545906558780227e-19
9.346799007870057 4.361959228007485e-24 1.0822159706255557e-15 1.081910814634962e-15 3.051559905935664e-19
9.417166147792997 4.198978883543869e-24 1.0496230429150106e-15 1.0492857734353683e-15 3.372694796422693e-19
9.488063044949055 4.091204540161778e-24 1.0303818200914653e-15 1.0300179307279237e-15 3.6388936354173717e-19
9.559493687602165 3.992449444956304e-24 1.0130800178097025e-15 1.0126872329068818e-15 3.9278490282055697e-19
9.631462094041797 3.9323992006629314e-24 1.0053545596528878e-15 1.0049322894115978e-15 4.2227024128977863e-19
9.703972312809022 3.8776473559737596e-24 9.988201436576164e-16 9.983669524968732e-16 4.531911607431824e-19
9.777099908821425 3.854268989803145e-24 1.0002798193355781e-15 9.998033724418556e-16 4.764468937227333e-19
9.924867353363874 3.844744319414791e-24 1.0128884248032051e-15 1.0123678397119943e-15 5.205850912110693e-19
10.074868099996943 3.905674880902081e-24 1.0444914534479784e-15 1.0439404700897119e-15 5.509833582664491e-19
10.150790707826552 3.9578910300932386e-24 1.0664319290286526e-15 1.0658702891018091e-15 5.616399268432194e-19
10.22721067892732 4.0525624908979814e-24 1.1001612799108604e-15 1.0995892846940152e-15 5.719952168450524e-19
10.304205975847633 4.156209278938019e-24 1.1367929513124355e-15 1.1362105557250226e-15 5.823955874124477e-19
10.381780929913377 4.3224131631244644e-24 1.1911530594865664e-15 1.1905652969977705e-15 5.877624887959486e-19
10.459939905058707 4.507403308145553e-24 1.2514832506529804e-15 1.2508901705599653e-15 5.930800930150497e-19
10.538687298071551 4.798286528343399e-24 1.3422769414039164e-15 1.3416811144116073e-15 5.958269923090832e-19
10.618027538840941 5.1271167778561965e-24 1.4450620297019158e-15 1.4444639379443345e-15 5.980917575819474e-19
10.697971937068667 5.619664454750983e-24 1.5958103312747887e-15 1.595215869780719e-15 5.944614940700429e-19
10.778518246224262 6.315559854736087e-24 1.806925928096363e-15 1.806335858996669e-15 5.900690996937733e-19
10.859664048220797 7.355448930273618e-24 2.1202887437599905e-15 2.1197036657742104e-15 5.850779857800421e-19
10.941420754335242 8.938323206157346e-24 2.595967235504412e-15 2.5953876309956787e-15 5.796045087323931e-19
10.961955922839442 9.493482149714854e-24 2.7623774663409888e-15 2.7617993566083802e-15 5.781097326087442e-19
10.982529632329763 1.0115618378022446e-23 2.9489285734699615e-15 2.9483519460309315e-15 5.766274390296705e-19
11.023792963743814 1.1630839378872938e-23 3.4033885972455716e-15 3.402814927379898e-15 5.7366986567219555e-19
11.065211328886559 1.3619963228797674e-23 4.0004153112463494e-15 3.9998446857868105e-15 5.706254595391174e-19
11.08597883104876 1.4896553170907214e-23 4.3835833541180586e-15 4.383014271489289e-15 5.690826287701948e-19
11.106785310247485 1.6323590263992654e-23 4.812530504610175e-15 4.811962994462694e-15 5.675101474817877e-19
11.14851549250461 1.9718537198986658e-23 5.835272862233823e-15 5.834708578457439e-15 5.642837763817414e-19
11.169441129330048 2.1547127802153057e-23 6.388372979089236e-15 6.3878102712605326e-15 5.627078287029266e-19
11.190406043337886 2.3182066567383307e-23 6.88600647579776e-15 6.885445433273104e-15 5.610425246582883e-19
11.21140851448765 2.4774679327008194e-23 7.372888265831225e-15 7.372329037533367e-15 5.59228297858164e-19
11.22192452720434 2.561267662818322e-23 7.629423855490444e-15 7.628865524730596e-15 5.583307598495413e-19
11.232450403670388 2.598297158662686e-23 7.746985821367394e-15 7.746428246961643e-15 5.575744057494787e-19
11.253533585369773 2.63253887339325e-23 7.863812273107332e-15 7.863256132742625e-15 5.561403647084501e-19
11.274656339961506 2.6440312925190616e-23 7.912966679354231e-15 7.912411945433126e-15 5.547339211051119e-19
11.285231677511122 2.649798732368607e-23 7.937665625781807e-15 7.93711157817719e-15 5.540476046170473e-19
11.295816934455262 2.6195522012926224e-23 7.854420273258274e-15 7.853867035779169e-15 5.53237479104809e-19
11.317017243752359 2.54026422405285e-23 7.630979775194166e-15 7.630428229635745e-15 5.5154555842323715e-19
11.338257342390673 2.4609810187100625e-23 7.40668725287087e-15 7.406137409292795e-15 5.498435780740725e-19
11.359537305047965 2.3754451224739225e-23 7.162672214211133e-15 7.162124196426994e-15 5.480177841370159e-19
11.402217121831576 2.1834544153075227e-23 6.6084996161278045e-15 6.6079557193863256e-15 5.438967414776843e-19
11.423617126015266 2.08342411214982e-23 6.317580114434566e-15 6.317038453269515e-15 5.416611650506395e-19
11.445057294333186 1.98136840901925e-23 6.019392162533869e-15 6.0188529827663465e-15 5.391797675260163e-19
11.488058425037956 1.7742903879273304e-23 5.410541947684505e-15 5.4100084666873506e-15 5.334809971564664e-19
11.53122111869469 1.5903665523939544e-23 4.867903569244316e-15 4.867375698088698e-15 5.278711556184551e-19
11.574545982324347 1.426922712685093e-23 4.384033341896865e-15 4.383510993187617e-15 5.223487092483616e-19
11.618033625228566 1.2831036050867497e-23 3.956979381767372e-15 3.956462750976291e-15 5.166307910810182e-19
11.661684658998247 1.1640221843759498e-23 3.6032299937679775e-15 3.602720221484943e-15 5.097722830347016e-19
11.705499697522141 1.0731340436234687e-23 3.334366727117629e-15 3.3338643080379843e-15 5.024190796445477e-19
11.749479356995494 1.0027780550596494e-23 3.1274680153305614e-15 3.1269736411313908e-15 4.943741991711486e-19
11.793624255928705 9.427547678853992e-24 2.951314269286681e-15 2.9508281054173017e-15 4.861638693779895e-19
11.83793501515603 9.060424185282353e-24 2.8470422708897458e-15 2.8465654429046013e-15 4.768279851433838e-19
11.882412257844306 8.749392745440314e-24 2.7596370106719306e-15 2.7591696287732234e-15 4.673818987076577e-19
11.92705660950172 8.603949675505112e-24 2.7239590544780237e-15 2.723502181388396e-15 4.568730896283684e-19
11.971868697986617 8.503042394317063e-24 2.7021267851467354e-15 2.701680596939486e-15 4.46188207249483e-19
12.016849153516302 8.571846867089779e-24 2.7342262379242263e-15 2.7337922301289e-15 4.34007795326299e-19
12.061998608675935 8.674476431550245e-24 2.777358734074074e-15 2.7769369742952856e-15 4.2175977878853045e-19
12.152807060118223 9.20146238556883e-24 2.968266503834198e-15 2.967872044722479e-15 3.944591117202937e-19
12.198467333490619 9.636325171535114e-24 3.120226687884857e-15 3.1198476058293536e-15 3.790820555032032e-19
12.244299160690385 1.0122440832659523e-23 3.28994480567724e-15 3.2895811058331222e-15 3.636998441184491e-19
12.290303186275983 1.0759913767807101e-23 3.510272408114936e-15 3.509926037356089e-15 3.4637075884692764e-19
12.3364800572276 1.1454677368228805e-23 3.750969695446891e-15 3.750636856140067e-15 3.3283930682456164e-19
12.382830422956244 1.2256244333198906e-23 4.028531545702688e-15 4.028200123216105e-15 3.314224865823614e-19
12.429354935312874 1.3098048369324918e-23 4.321401446203394e-15 4.321071379128493e-15 3.300670749021007e-19
12.476058240797144 1.3911860134312652e-23 4.607146573330405e-15 4.606817800670002e-15 3.287726604016827e-19
12.522937033967983 1.4739386564215173e-23 4.899536970276508e-15 4.899207803836496e-15 3.2916644001081374e-19
12.569987951963114 1.5392094991328348e-23 5.1357281769708915e-15 5.135391846649619e-15 3.363303212722347e-19
12.593579661530361 1.5617575053053015e-23 5.2207419610928376e-15 5.22040204626035e-15 3.399148324870147e-19
12.617215648686605 1.5779052902825803e-23 5.284621547376231e-15 5.284278046521183e-15 3.435008550482931e-19
12.664620788327802 1.5842074579825897e-23 5.325662944674668e-15 5.3253123069743565e-15 3.5063770031216853e-19
12.71220403757155 1.5630431131662082e-23 5.2742564811170125e-15 5.2738987128614046e-15 3.5776825560772437e-19
12.736062662318053 1.5409590874909413e-23 5.20949623565257e-15 5.209134915417475e-15 3.6132023509702244e-19
12.759966065607527 1.512308407736324e-23 5.122232874261828e-15 5.1218680033128586e-15 3.6487094896828676e-19
12.807907544139693 1.4334139447327463e-23 4.8732561783830526e-15 4.872884237202649e-15 3.719411804026823e-19
12.856029147395699 1.345446133233773e-23 4.591373215009275e-15 4.590994132201641e-15 3.79082807635282e-19
12.904331552136407 1.2518179251106272e-23 4.2879144500205544e-15 4.28752807193042e-15 3.863780901343768e-19
12.95281543766539 1.1561319804235785e-23 3.975035623335582e-15 3.9746418265984656e-15 3.937967371161646e-19
13.00148148583848 1.0687827279977652e-23 3.6885162552381075e-15 3.6881148678010524e-15 4.0138743705410957e-19
13.050330381073369 9.890050165952111e-24 3.4260163713680547e-15 3.4256072170080914e-15 4.0915435996304666e-19
13.099362810359226 9.167199026330008e-24 3.1875445566674414e-15 3.1871274430886743e-15 4.171135787672644e-19
13.197981031955921 7.956109342464669e-24 2.787261243331604e-15 2.786827546803089e-15 4.336965285151878e-19
13.247568211189632 7.465380634656779e-24 2.6251707294625675e-15 2.6247284230283868e-15 4.423064341803975e-19
13.297341698339563 7.02186777035667e-24 2.47848850401749e-15 2.4780373863098957e-15 4.511177075941059e-19
13.397450398986955 6.305301475164563e-24 2.242319259842326e-15 2.2418498934561467e-15 4.693663861793364e-19
13.447787020368724 6.017073035787348e-24 2.147857864893658e-15 2.1473790699611127e-15 4.78794932545505e-19
13.498312765455129 5.752890921052534e-24 2.0612708397248326e-15 2.0607824095300352e-15 4.884301947971109e-19
13.59993447169816 5.318365900819279e-24 1.919925877029163e-15 1.9194176098924435e-15 5.082671367199783e-19
13.702321234386334 4.979343482932147e-24 1.8110717800363035e-15 1.8105408725930582e-15 5.309074432456118e-19
13.805478813227746 4.715455472106804e-24 1.7280032503011034e-15 1.7274300850453005e-15 5.731652558024945e-19
13.90941301129231 4.4814796080111945e-24 1.6546252993744709e-15 1.6540051611320889e-15 6.2013824238222175e-19
13.96167316792965 4.3979666885410786e-24 1.629892029250876e-15 1.6292411831810518e-15 6.508460698236585e-19
14.014129675338197 4.326186078391777e-24 1.6093138920815164e-15 1.6086308395880234e-15 6.830524934931187e-19
14.119634696140762 4.259787227847112e-24 1.5965436650903021e-15 1.5957921813496722e-15 7.514837406295868e-19
14.225934008823913 4.2080394031473024e-24 1.5890224045318033e-15 1.5881971173120444e-15 8.252872197583584e-19
14.333033593193976 4.157185806862337e-24 1.5816376249466204e-15 1.580731311796154e-15 9.063131504663115e-19
14.44093947407611 4.1001773855069695e-24 1.5716923045824996e-15 1.5707002813192636e-15 9.920232632363037e-19
14.54965772165321 4.045323444986888e-24 1.5623396736273238e-15 1.5612535035541093e-15 1.086170073214822e-18
14.659194451807393 3.9925261978171014e-24 1.5535574334310973e-15 1.5523678226211194e-15 1.1896108099767566e-18
14.769555826464039 3.940381479426431e-24 1.54481023051147e-15 1.5435074716245825e-15 1.30275888688681e-18
14.992777389284976 3.819029392409884e-24 1.5198632941797493e-15 1.5183116432125172e-15 1.5516509672323065e-18
15.21937263962189 3.706460127144783e-24 1.497357548177261e-15 1.4955079654254464e-15 1.8495827518144353e-18
15.449392566130673 3.574175561673069e-24 1.4657392670409902e-15 1.4635364578891938e-15 2.2028091517960456e-18
15.682888928090767 3.45466903482865e-24 1.4381425868993726e-15 1.4353808280946559e-15 2.7617588047172173e-18
15.919914267052077 3.321803851808946e-24 1.4037318114069988e-15 1.4002761925896395e-15 3.45561881735932e-18
16.03976693895051 3.262317595784301e-24 1.38897274913683e-15 1.3851329382552773e-15 3.839810881553303e-18
16.1605219186579 3.246397680259562e-24 1.3926004622890169e-15 1.3883353970722325e-15 4.2650652167844055e-18
16.22123989475974 3.2435576661724145e-24 1.3966098595038833e-15 1.39213185899241e-15 4.478000511473645e-18
16.282185999175777 3.2407618444729013e-24 1.4006488261023448e-15 1.3959468718130005e-15 4.7019542893441554e-18
16.312744867225646 3.2393806155886463e-24 1.4026795195841412e-15 1.3978612740682616e-15 4.81824551587979e-18
16.343361089024967 3.238010577235518e-24 1.404717756518215e-15 1.3997802423165177e-15 4.937514201697191e-18
16.404766024646595 3.235304296028542e-24 1.408817079442905e-15 1.403631779411215e-15 5.185300031690197e-18
16.466401669612416 3.232643513036787e-24 1.4129472632876487e-15 1.4075012978005476e-15 5.445965487101249e-18
16.497306278852424 3.23133036456446e-24 1.4150240850683577e-15 1.4094427429700483e-15 5.581342098309606e-18
16.528268890738765 3.2300288194741466e-24 1.4171088161856056e-15 1.4113886160908577e-15 5.7202000947482604e-18
16.590368558098763 3.2274608845698546e-24 1.4213022862386379e-15 1.4152935550362374e-15 6.008731202400581e-18
16.65270154503456 3.224668580250926e-24 1.4254080845028212e-15 1.4191009637244949e-15 6.307120778326113e-18
16.715268728169598 3.220768761791379e-24 1.4290332750220819e-15 1.4224357937810887e-15 6.597481240992916e-18
16.778070987420957 3.2169286988446894e-24 1.4326921976286628e-15 1.425790557213684e-15 6.9016404149791206e-18
16.9043842704834 3.2094293267693494e-24 1.440113117793304e-15 1.4325590359743987e-15 7.554081818905397e-18
17.03164849990255 3.2021742066652907e-24 1.4476749965306917e-15 1.4394047516991013e-15 8.270244831590788e-18
17.159870834853997 3.1948612467010828e-24 1.4552427657041852e-15 1.4461928650510872e-15 9.049900653098259e-18
17.289058488411015 3.184892748133255e-24 1.4616237407553246e-15 1.4517877953870438e-15 9.83594536828063e-18
17.35401657858945 3.180028664765982e-24 1.464874691437291e-15 1.4546197546056222e-15 1.0254936831669342e-17
17.386587088641786 3.1776267816141243e-24 1.466515509889832e-15 1.4560442468026029e-15 1.047126308723028e-17
17.419218727950305 3.175245061973958e-24 1.4681666505974223e-15 1.4574743728798669e-15 1.0692277717555064e-17
17.48466585346766 3.1705423205389076e-24 1.4715001970375338e-15 1.4603514071233618e-15 1.114878991417239e-17
17.550358875560836 3.165920901614512e-24 1.4748759526252504e-15 1.4632506198456282e-15 1.1625332779621852e-17
17.682486308455736 3.1565159926759363e-24 1.4815651628888031e-15 1.4689627884652754e-15 1.2602374423527788e-17
17.81560845938729 3.1435154630117064e-24 1.486571127245622e-15 1.4733157551690403e-15 1.3255372076581391e-17
17.882544892141226 3.137140668317842e-24 1.4891304689196078e-15 1.47553537203778e-15 1.3595096881827711e-17
17.949732817065083 3.130840824633456e-24 1.491723768616592e-15 1.477783279763045e-15 1.3940488853546705e-17
18.084866926577256 3.118417533498877e-24 1.4969903960371206e-15 1.482362643926741e-15 1.4627752110379387e-17
18.221018389814958 3.106555112998984e-24 1.5025230468657843e-15 1.487174103255299e-15 1.5348943610485257e-17
18.496404071615608 3.089209775428274e-24 1.5167155449545363e-15 1.4998539475892198e-15 1.6861597365316394e-17
18.635790038622734 3.0892128877653082e-24 1.5281468122910605e-15 1.5104695820375338e-15 1.7677230253526877e-17
18.776226396166493 3.0890860469009312e-24 1.5395994668142534e-15 1.5210664587312805e-15 1.853300808297311e-17
18.91772105982334 3.0878002090585107e-24 1.5505559535856348e-15 1.5311401868419348e-15 1.9415766743699607e-17
19.203636446149176 3.085270657783311e-24 1.5727010525277138e-15 1.5513853790821035e-15 2.131567344560978e-17
19.4938730510763 3.08085425539518e-24 1.5941850070856138e-15 1.5707949802770958e-15 2.3390026808517762e-17
19.78849618389234 3.07499706236854e-24 1.6152023200632304e-15 1.589544355314563e-15 2.5657964748668266e-17
20.08757214094514 3.067227464443362e-24 1.6354710720921738e-15 1.6073377729803179e-15 2.8133299111856055e-17
20.391466406516905 3.058040934204523e-24 1.6552408115656713e-15 1.6243995489785407e-15 3.0841262587130753e-17
20.699681925472166 3.0481858108524273e-24 1.6748446960529902e-15 1.641077980106893e-15 3.3766715946097257e-17
21.012556099387844 3.0377901422769946e-24 1.6943615499430777e-15 1.6574987196979626e-15 3.6862830245114995e-17
21.652507708764745 3.0364802769366122e-24 1.7452116342783742e-15 1.7013686683811548e-15 4.384296589721883e-17
21.979755641372343 3.0373212010945627e-24 1.772078736934255e-15 1.7242533110627392e-15 4.782542587151493e-17
22.311949477282987 3.037220245895101e-24 1.7988014836153926e-15 1.7466270857889158e-15 5.217439782647693e-17
22.64916396703608 3.035872644540629e-24 1.825177716053839e-15 1.7682567513390581e-15 5.692096471478133e-17
22.991811201917592 3.033675688240162e-24 1.8514490652726085e-15 1.7893406004464573e-15 6.210846482615101e-17
23.339642165776596 3.030305984771592e-24 1.8773710213939888e-15 1.8096017380074353e-15 6.776928338655328e-17
23.69273528050995 3.026214017316052e-24 1.9031993193113082e-15 1.829250776836087e-15 7.394854247522123e-17
24.414313559781952 3.0275456115336804e-24 1.9620254923825174e-15 1.8739906301213976e-15 8.803486226111955e-17
24.78366481022829 3.0316134646819858e-24 1.9943840263992345e-15 1.8982867306373942e-15 9.609729576184086e-17
25.15860378059443 3.0374777268983105e-24 2.0284722490527678e-15 1.923542430365732e-15 1.0492981868703585e-16
25.924826076583233 3.049281422912271e-24 2.0983734975066935e-15 1.973232748569417e-15 1.2514074893727648e-16
26.714384190886577 3.0640020352478522e-24 2.17271943898339e-15 2.0234705200823646e-15 1.49248918901026e-16
27.527988831636016 3.0825706445604292e-24 2.252459312244846e-15 2.0745514239737767e-15 1.779078882710687e-16
28.366372352060132 3.1082028678065147e-24 2.340359581998112e-15 2.1283727333701552e-15 2.119868486279574e-16
29.2302894097004 3.1437267410063783e-24 2.4391995860443437e-15 2.1868283396290354e-15 2.523712464153081e-16
30.12051764570424 3.1871876433001396e-24 2.548235122574868e-15 2.2477074876528545e-15 3.00527634922013e-16
30.575747924857424 3.2113792000770152e-24 2.6063822688016607e-15 2.2782120049182196e-15 3.281702638834409e-16
31.037858384806153 3.2375084530842727e-24 2.667301390299175e-15 2.308781303950642e-15 3.585200863485331e-16
31.983137356627505 3.299838348533779e-24 2.801451844584109e-15 2.3735579585330972e-15 4.278938860510107e-16
32.95720543894392 3.3810952076527384e-24 2.957857262488322e-15 2.446587264285071e-15 5.112699982032517e-16
33.960939423588975 3.477943729008605e-24 3.1352464104669982e-15 2.5246969889193485e-15 6.105494215476501e-16
34.99524280568484 3.58565852111529e-24 3.3307909154338807e-15 2.603336531965833e-15 7.274543834680476e-16
36.06104659690874 3.710775641131308e-24 3.55199591123662e-15 2.68679042648534e-15 8.652054847512811e-16
37.159310163528254 3.8607622183859406e-24 3.808115662961981e-15 2.782008592165493e-15 1.0261070707964878e-15
38.29102208995955 4.033797186083257e-24 4.099967845417478e-15 2.88578317096936e-15 1.2141846744481175e-15
39.45720106862597 4.224659368951887e-24 4.424736428439932e-15 2.993152483248633e-15 1.4315839451912981e-15
40.65889681691763 4.439020328182323e-24 4.7908454149411054e-15 3.107782764902329e-15 1.6830626500387742e-15
41.897191022077855 4.681900626365794e-24 5.206867562281768e-15 3.2344914941180353e-15 1.972376068163734e-15
43.173198314866475 4.953161711854598e-24 5.6763107514894e-15 3.372144768559739e-15 2.3041659829296606e-15
44.48806727287728 5.248725894190528e-24 6.198218256767291e-15 3.5188732494586203e-15 2.6793450073086683e-15
45.8429814544115 5.570946748821895e-24 6.779088365440818e-15 3.676135110867592e-15 3.1029532545732234e-15
47.23916046383907 5.917740637868814e-24 7.420403657111974e-15 3.845816541520855e-15 3.574587115591119e-15
48.67786104940597 6.289453475883402e-24 8.126692528734441e-15 4.028158243790043e-15 4.0985342849443995e-15
50.16037823447602 6.68113570329718e-24 8.895708201279543e-15 4.2234805634188234e-15 4.672227637860718e-15
51.68804648322576 7.091826555872564e-24 9.730107919975322e-15 4.4318783711657716e-15 5.29822954880955e-15
53.26224090184056 7.514132574197407e-24 1.0623502410986173e-14 4.652481686718553e-15 5.9710207242676196e-15
54.884378476295105 7.94569971415306e-24 1.1575781793700012e-14 4.88537985178525e-15 6.6904019419147615e-15
56.55591934783037 8.379790080740618e-24 1.257999993690998e-14 5.132280685245443e-15 7.447719251664542e-15
58.27836812727644 8.811969683705842e-24 1.3631693410451341e-14 5.392682571575063e-15 8.239010838876274e-15
60.05327524940399 9.254035074099944e-24 1.4751536991168e-14 5.663016661148472e-15 9.088520330019528e-15
61.88223836852342 9.706110486025356e-24 1.5943390305075523e-14 5.941874725512774e-15 1.0001515579562746e-14
62.81758386220369 9.932403191219144e-24 1.6561703375668027e-14 6.0854338041489075e-15 1.0476269571519123e-14
63.7670670344103 1.017243249856965e-23 1.721831670721473e-14 6.231781529077735e-15 1.0986535178137e-14
65.70913619443517 1.0676650495257095e-23 1.8622167009781214e-14 6.532437352838958e-15 1.2089729656942255e-14
67.71035238438829 1.1159833850861069e-23 2.0057751011578938e-14 6.838035729254254e-15 1.3219715282324685e-14
69.77251696707448 1.1605182769367566e-23 2.1493433969811582e-14 7.144774698435856e-15 1.4348659271375732e-14
71.89748616702131 1.2018158386346549e-23 2.2936178625909958e-14 7.454950590284209e-15 1.5481228035625745e-14
74.08717274132995 1.2395369864009933e-23 2.4376533437646218e-14 7.769174459397022e-15 1.6607358978249202e-14
76.34354770141287 1.2734647988714656e-23 2.5806476714165325e-14 8.080978276757555e-15 1.772549843740776e-14
78.66864208716851 1.3033590138733529e-23 2.7216679972288037e-14 8.384959975600675e-15 1.8831719996687365e-14
81.06454879518883 1.32941777338841e-23 2.860631282090127e-14 8.68160592373063e-15 1.992470689717064e-14
83.5334244626476 1.3530890693494697e-23 3.000240743228851e-14 8.971053804636732e-15 2.103135362765178e-14
86.07749140856238 1.3719541508905144e-23 3.134719119124019e-14 9.248580111384953e-15 2.2098611079855237e-14
88.69903963417964 1.3834867249111453e-23 3.2573419090871125e-14 9.509788502232308e-15 2.3063630588638817e-14
91.4004288842828 1.3889082669647215e-23 3.3696999350805796e-14 9.753496788519457e-15 2.3943502562286337e-14
94.18409077127889 1.3884123586057488e-23 3.471086635139038e-14 9.978686915980282e-15 2.4732179435410093e-14
97.05253096397554 1.3824415404798967e-23 3.56141902095506e-14 1.0182679727303034e-14 2.5431510482247576e-14
100.00833144301866 1.3737415176871713e-23 3.6467890187932955e-14 1.0363803631644158e-14 2.6104086556288794e-14
103.05415282502196 1.360568077872475e-23 3.7218186489297385e-14 1.052011063139587e-14 2.66980758579015e-14
106.19273675747671 1.3455568505272766e-23 3.7928555073591746e-14 1.0648959439977918e-14 2.7279595633613822e-14
109.4269083866038 1.326684261238444e-23 3.853551252047579e-14 1.075009596349405e-14 2.7785416556981735e-14
112.75957890036308 1.3014610524443148e-23 3.8954178887369046e-14 1.0825393911131584e-14 2.812878497623745e-14
116.1937481489129 1.2714062766596377e-23 3.9213584738550136e-14 1.0872882497923569e-14 2.834070224062657e-14
119.73250734487735 1.235313640236972e-23 3.926076405792324e-14 1.0888908211372388e-14 2.837185584655086e-14
123.37904184585196 1.1950511467756348e-23 3.913788197480067e-14 1.0875035059932746e-14 2.8262846914867926e-14
127.13663402165271 1.1500843353957861e-23 3.88123402918272e-14 1.0836146886074537e-14 2.7976193405752663e-14
131.0086662088879 1.1020856865697503e-23 3.832523444123138e-14 1.0771329549957853e-14 2.7553904891273527e-14
134.99862375551584 1.0508292769446801e-23 3.765571845970691e-14 1.0676843605477888e-14 2.6978874854229028e-14
139.11009815812417 9.977409833484444e-24 3.684222935356382e-14 1.0554738390571375e-14 2.6287490962992438e-14
143.3467902947586 9.440761032722911e-24 3.592232277634298e-14 1.04109991035839e-14 2.551132367275908e-14
147.71251375620898 8.904968896082582e-24 3.4915569402266625e-14 1.0246580404385033e-14 2.46689889978816e-14
152.21119827875228 8.41773389222863e-24 3.401036011023849e-14 1.0059306519684767e-14 2.3951053590553723e-14
156.84689328144228 7.972277338840799e-24 3.319156670683237e-14 9.850761649802893e-15 2.334080505702948e-14
159.21741877681018 7.749251823208403e-24 3.275063961286289e-14 9.740000194999011e-15 2.301063941786387e-14
161.62377151112827 7.523364280018657e-24 3.227652423866099e-14 9.625397053718035e-15 2.2651127184942954e-14
166.54613279848823 7.066618794618111e-24 3.124033267697718e-14 9.385481726752633e-15 2.1854850950224543e-14
171.61840792845166 6.62458748904557e-24 3.017811727455027e-14 9.13128651472491e-15 2.1046830759825354e-14
176.84516262850022 6.2035018947448764e-24 2.9120547570528664e-14 8.86432187106405e-15 2.025622569946461e-14
179.5181642894721 5.99791686718307e-24 2.858105618481985e-14 8.726944949627188e-15 1.9854111235192666e-14
182.2315681744764 5.7879839880368556e-24 2.7997571764708786e-14 8.587366301528157e-15 1.941020546318063e-14
187.78155384880017 5.363544375990406e-24 2.673463379693433e-14 8.302669612013372e-15 1.843196418492095e-14
190.61961427604518 5.15985382995962e-24 2.610804895814381e-14 8.157910329231019e-15 1.79501386289128e-14
193.5005680909718 4.962696338539929e-24 2.5489973236993278e-14 8.011811311616323e-15 1.747816192537695e-14
199.3937587803602 4.591882160998758e-24 2.4303662626579073e-14 7.716567248958475e-15 1.6587095377620594e-14
205.46643057848152 4.2505074590502765e-24 2.3182010168844424e-14 7.418184224317884e-15 1.5763825944526543e-14
211.72404970390772 3.947420446999563e-24 2.2184671980413055e-14 7.117876864327591e-15 1.5066795116085466e-14
218.17224885259444 3.660426626375758e-24 2.119828111250076e-14 6.8178313608077166e-15 1.438044975169304e-14
224.8168322680627 3.376750452565146e-24 2.0151028812351712e-14 6.520204484768597e-15 1.3630824327583117e-14
231.66378096599615 3.105281106881417e-24 1.90953883050195e-14 6.225201422601058e-15 1.2870186882418442e-14
238.71925811795668 2.845015671977576e-24 1.8027751053735313e-14 5.9327517507611605e-15 1.209499930297415e-14
245.98961459906556 2.5992599918914785e-24 1.69721134934112e-14 5.645083447400663e-15 1.1327030046010542e-14
249.71106150874405 2.4787488155772892e-24 1.64300820994103e-14 5.503847899801673e-15 1.0926234199608629e-14
253.4888082224776 2.3598045466078015e-24 1.5878309251540952e-14 5.364616931824923e-15 1.051369231971603e-14
261.20898134247824 2.1370453184614223e-24 1.4817374943592532e-14 5.091222767001364e-15 9.72615217659117e-15
269.1642775569489 1.9415851537323166e-24 1.3872134695438809e-14 4.823420898224521e-15 9.048713797214287e-15
277.3618576987742 1.763819200550612e-24 1.2985845646825777e-14 4.563010241160743e-15 8.422835405665034e-15
285.8091006888481 1.586672757378851e-24 1.2037404415558466e-14 4.312234270323292e-15 7.725170145235174e-15
294.5136101780917 1.4218282194482556e-24 1.1115319022643154e-14 4.070374240291706e-15 7.044944782351449e-15
303.4832213917586 1.279305398428009e-24 1.0305720288107305e-14 3.8364072197621435e-15 6.469313068345163e-15
312.7260081821858 1.1520128352625116e-24 9.562925054684926e-15 3.611202698218014e-15 5.951722356466913e-15
322.25029029634635 1.038515842949975e-24 8.883331654221785e-15 3.39584067920088e-15 5.4874909750209034e-15
332.0646408647343 9.360368827078798e-25 8.250590414038424e-15 3.18998348572576e-15 5.060606928312664e-15
342.17789411833206 8.415900336821298e-25 7.644022664121236e-15 2.9931392949251202e-15 4.6508833691961166e-15
352.59915334060224 7.552556824618856e-25 7.068783813670017e-15 2.8053621957852664e-15 4.26342161788475e-15
363.337799061663 6.777196391181457e-25 6.536271525254876e-15 2.6268012047277986e-15 3.909470320527077e-15
374.40349750202313 6.079661399575114e-25 6.042111320197635e-15 2.457265049181366e-15 3.584846271016267e-15
380.062092440151 5.757048583133754e-25 5.8079635553602885e-15 2.3758316459786134e-15 3.4321319093816755e-15
385.80620927347337 5.450676350719722e-25 5.581989836507119e-15 2.2965866803648785e-15 3.2854031561422394e-15
397.5561983449763 4.88322754699248e-25 5.1531753879763035e-15 2.144509166678273e-15 3.008666221298032e-15
409.6640412816112 4.367510871312889e-25 4.7493182522063556e-15 2.0006167886864554e-15 2.7487014635198997e-15
415.8555509384264 4.1278468710126956e-25 4.5565434301283996e-15 1.931664021822351e-15 2.624879408306049e-15
422.1406367649012 3.8999124610858324e-25 4.370000158793191e-15 1.8646730082947815e-15 2.5053271504984096e-15
434.9972154030873 3.480422329673775e-25 4.018720999441025e-15 1.7366417406427426e-15 2.2820792587982824e-15
448.24534984018095 3.105084841382739e-25 3.6945257423525265e-15 1.6162512042487058e-15 2.0782745381038207e-15
461.89696517289525 2.7692688103850525e-25 3.3953117483725137e-15 1.5029208473359982e-15 1.892390901036515e-15
475.9643496848308 2.4690067965330867e-25 3.119364628454697e-15 1.396296563403829e-15 1.723068065050869e-15
490.4601659075747 2.199030376645772e-25 2.8628882912416018e-15 1.296414950823539e-15 1.566473340418063e-15
505.39746201868155 1.9558439740481662e-25 2.62383605796241e-15 1.2030887412349568e-15 1.420747316727453e-15
520.7896835867783 1.738631273676492e-25 2.403473250059929e-15 1.1158399350999787e-15 1.2876333149599501e-15
536.6506856743796 1.5454928169545266e-25 2.2015477658333933e-15 1.034350778028817e-15 1.1671969878045761e-15
552.9947453093008 1.3732406990939671e-25 2.0157520207645716e-15 9.582364121489252e-16 1.0575156086156462e-15
569.8365743358964 1.2195425528539915e-25 1.844661620641506e-15 8.87185865847631e-16 9.574757547938753e-16
587.1913326576936 1.0825002735829475e-25 1.6872408604623498e-15 8.209233698916642e-16 8.663174905706853e-16
605.0746418833327 9.603940600668484e-26 1.542509511968957e-15 7.591812723402988e-16 7.833282396286583e-16
623.502599388115 8.51670798158294e-26 1.4095466637529634e-15 7.017000362867789e-16 7.078466274661841e-16
642.4917928037942 7.549266372700883e-26 1.2874837815890764e-15 6.482288682222629e-16 6.392549133668135e-16
662.0593149496696 6.688940910106494e-26 1.1755028672874004e-15 5.98527738113126e-16 5.769751291742741e-16
682.2227792184137 5.924314257645267e-26 1.072836985342345e-15 5.523655341990508e-16 5.204714511432939e-16
703.0003354304876 5.245120997058436e-26 9.7876961012848e-16 5.095220065955971e-16 4.69247603532883e-16
724.4106861714122 4.642138966758665e-26 8.926319316626858e-16 4.697878810541631e-16 4.2284405060852276e-16
746.4731036265977 4.1070831324933367e-26 8.137988856253428e-16 4.329613271141261e-16 3.808375585112167e-16
769.2074469289008 3.6325256869793924e-26 7.416886058118104e-16 3.9885052393631146e-16 3.4283808187549907e-16
792.6341800345017 3.211818866913251e-26 6.757612337063675e-16 3.672754706128879e-16 3.084857630934795e-16
816.7743901432078 2.8390164275204847e-26 6.155161473168523e-16 3.3806589106312875e-16 2.774502562537238e-16
841.6498066797607 2.5087975699475376e-26 5.604882098130573e-16 3.11059877754882e-16 2.494283320581754e-16
867.2828208532309 2.216406939712816e-26 5.102460816516883e-16 2.8610436213169145e-16 2.241417195199969e-16
893.6965058121084 1.957609534502325e-26 4.643928927972318e-16 2.6305631251037476e-16 2.0133658028685693e-16
920.9146374132232 1.728630119625099e-26 4.225624333778672e-16 2.417813576417892e-16 1.8078107573607793e-16
948.9617156232121 1.5260996681739934e-26 3.844156171067893e-16 2.221527587841968e-16 1.6226285832259252e-16
977.8629865717667 1.347017848620103e-26 3.496397421044789e-16 2.040515967156865e-16 1.4558814538879237e-16
1007.6444652765354 1.188717194508271e-26 3.179474172966597e-16 1.8736669236656505e-16 1.3058072493009454e-16
1038.332959060126 1.0488248725232516e-26 2.8907401249871504e-16 1.7199389366073272e-16 1.170801188379823e-16
1069.95609168029 9.252341312882983e-27 2.6277680866870136e-16 1.5783615573364406e-16 1.0494065293505741e-16
1102.542328195006 8.160737774188167e-27 2.3883288665209557e-16 1.448030003530535e-16 9.402988629904207e-17
1136.1210005848498 7.196821218794364e-27 2.1703747832218575e-16 1.3280988684220045e-16 8.422759147998533e-17
1170.7223341557005 6.34584053386064e-27 1.9720253392179114e-16 1.217778295247212e-16 7.542470439707002e-17
1206.3774747455793 5.594723322120765e-27 1.7915596255635923e-16 1.1163355198800038e-16 6.752241056835885e-17
1243.1185167600695 4.9318919185848204e-27 1.6274045245563392e-16 1.0230914870293912e-16 6.043130375269481e-17
1280.9785320615858 4.347082018688393e-27 1.4781180446780924e-16 9.37413627567161e-17 5.407044171109315e-17
1319.9915997384837 3.831193646464131e-27 1.3423776238853913e-16 8.587124336681726e-17 4.836651902172187e-17
1360.1928367808064 3.3761769355163925e-27 1.2189758878694476e-16 7.864421865364906e-17 4.325337013329569e-17
1401.618429690285 2.9749190742799094e-27 1.1068133495901996e-16 7.200995999061299e-17 3.867137496840693e-17
1444.305667053031 2.621123948681768e-27 1.0048844061266801e-16 6.592176449852075e-17 3.456667611414729e-17
1488.2929731042755 2.3092169669162796e-27 9.122683422138316e-17 6.033615940694541e-17 3.089067481443775e-17
1533.6199423153234 2.0342726239634576e-27 8.281258376977053e-17 5.5213004382340865e-17 2.759957938742967e-17
1580.327375033885 1.791940902546639e-27 7.516924339630418e-17 5.051534264739408e-17 2.4653900748910096e-17
1628.457314209858 1.5783788163022605e-27 6.8227122590233e-17 4.6209018281982914e-17 2.2018104308250088e-17
1678.0530832396191 1.3901888907655708e-27 6.192256558805847e-17 4.2262356917362166e-17 1.9660208670696304e-17
1729.1593249628888 1.2243714691499973e-27 5.619758398640435e-17 3.8646135657283044e-17 1.75514483291213e-17
1781.8220418472597 1.0782807772899207e-27 5.099946533690192e-17 3.5333499616970865e-17 1.5665965719931046e-17
1836.0886373966016 9.495811882188346e-28 4.628019481503954e-17 3.229968198599764e-17 1.3980512829041894e-17
1892.007958820556 8.36210809899024e-28 4.199602344294187e-17 2.9521800122502247e-17 1.2474223320439624e-17
1949.6303410035755 7.363496513713842e-28 3.8107090685356714e-17 2.697874062244642e-17 1.112835006291029e-17
2009.0076518130663 6.483943965307733e-28 3.457723622113636e-17 2.46511651047037e-17 9.926071116432664e-18
2070.1933387874215 5.7093129147681635e-28 3.137358779705801e-17 2.252128520565122e-17 8.852302591406797e-18
2133.242477245972 5.02711744930596e-28 2.846614699629723e-17 2.057265451729416e-17 7.893492479003059e-18
2198.211819864143 4.426351704124157e-28 2.582764987896013e-17 1.8790158478177815e-17 7.037491400782303e-18
2265.1598477584885 3.897319935712203e-28 2.3433348251493495e-17 1.7159926293088953e-17 6.273421958404535e-18
2334.1468231275226 3.43147366826184e-28 2.126073500117187e-17 1.5669207881243575e-17 5.591527119928303e-18
2405.2348434957767 3.021281433565878e-28 1.928937257329821e-17 1.4306291221957576e-17 4.9830813513406445e-18
2478.487897609897 2.660108570753099e-28 1.7500707172609717e-17 1.3060428342670989e-17 4.440278829938727e-18
2553.971923037092 2.342104164457777e-28 1.5877852307365252e-17 1.192173933259373e-17 3.956112974771522e-18
2631.7548655177807 2.0621126637463165e-28 1.4405464179911055e-17 1.0881152867592355e-17 3.5243113123187004e-18
2711.906740125872 1.8155949777771159e-28 1.3069625887888861e-17 9.930356002092836e-18 3.1392698857960274e-18
2794.4996942916955 1.5985520514920715e-28 1.185769517232456e-17 9.061719514073056e-18 2.7959756582515046e-18
2879.6080727443887 1.407462438114164e-28 1.0758200373194353e-17 8.268253378129581e-18 2.4899469950647732e-18
2967.308484432098 1.2392258629386483e-28 9.760736754725438e-18 7.543555625301057e-18 2.217181129424377e-18
3057.6798714803062 1.0911101859323998e-28 8.855846035950027e-18 6.881750739771743e-18 1.9740952961782805e-18
