Dust emission spectrum from A.P. Jones, M. Kohler, N. Ysard, M. Bocchio, and L. Verstraete (2017), A&A, 602A, 46J 
inside the DustPedia framework.

lambda    nu*dP/dnu     j_nu    j_nu(carb.) j_nu(sil)
 (um)   (erg s-1 H-1) (Jy cm2 sr-1 H-1)
0.9927057738263894 6.655989727108889e-25 1.7538910983601083e-17 1.7538910955350156e-17 2.825093292587162e-26
1.0001793341362166 6.76596953042284e-25 1.7962937034561088e-17 1.7962937000538993e-17 3.4022089798016373e-26
1.0077091589558085 6.875843594304691e-25 1.8392070714616332e-17 1.8392070673697418e-17 4.091890839467423e-26
1.0114953028030835 6.930728232041473e-25 1.8608534543706315e-17 1.8608534498853154e-17 4.4853166816676164e-26
1.0152956718711033 6.985571191174412e-25 1.8826253005166154e-17 1.8826252956016517e-17 4.9149637885486867e-26
1.0229392996569957 7.095058091372787e-25 1.9265276766083962e-17 1.926527670712439e-17 5.895956676889459e-26
1.0267826658714554 7.149569852982179e-25 1.9486232275874917e-17 1.948623221132829e-17 6.45466233078594e-26
1.0306404723013447 7.204017161671501e-25 1.9708399841112193e-17 1.97083997704722e-17 7.063999579087092e-26
1.03451277320114 7.258395100249744e-25 1.9931771285272235e-17 1.9931771207988938e-17 7.728329926528831e-26
1.0383996230291617 7.312698782620825e-25 2.015633833503509e-17 2.015633825051139e-17 8.452369534731706e-26
1.0403485208654093 7.339821259580357e-25 2.0269067600783288e-17 2.026906751239972e-17 8.838357693049958e-26
1.0423010764483396 7.366923354814856e-25 2.0382092622910553e-17 2.0382092530498392e-17 9.241216215615647e-26
1.0462171883269815 7.421063995999655e-25 2.060902568987781e-17 2.060902558887403e-17 1.0100378326775876e-25
1.0471985131304309 7.434585480370041e-25 2.0665942141060657e-17 2.066594203779223e-17 1.0326842722196165e-25
1.048180758391296 7.448101345259074e-25 2.0722931597701417e-17 2.0722931492119734e-17 1.0558168854569258e-25
1.0501480137395462 7.475115919472349e-25 2.0837128988037588e-17 2.0837128877679534e-17 1.1035805690991304e-25
1.0521189612883777 7.502107125793762e-25 2.0951616778948782e-17 2.095161666360771e-17 1.1534106968422115e-25
1.0531058218030118 7.515573284149403e-25 2.1008911937552578e-17 2.10089118196397e-17 1.1791287945233844e-25
1.0540936079674168 7.528966224445119e-25 2.1066091281225017e-17 2.1066091160684882e-17 1.2054013381314056e-25
1.058054026499678 7.582473117889892e-25 2.1295515456371903e-17 2.129551532475105e-17 1.3162085107551633e-25
1.0590464539527713 7.595833261207438e-25 2.135304750546591e-17 2.1353047370926105e-17 1.3453980389314592e-25
1.06003981227728 7.6091866277910785e-25 2.141064967771689e-17 2.1410649540196206e-17 1.3752068430793739e-25
1.0620293250338977 7.635872742541646e-25 2.1526063831412835e-17 2.1526063687739583e-17 1.436732502297689e-25
1.0660195594769086 7.689160489508817e-25 2.1757727437575108e-17 2.1757727280796996e-17 1.5677811644291238e-25
1.070024785945596 7.742331789607537e-25 2.1990497233335248e-17 2.1990497062312687e-17 1.7102255672368145e-25
1.0740450607676866 7.795382114219276e-25 2.2224364107146908e-17 2.222436392064644e-17 1.8650046137365858e-25
1.07808044048254 7.848306976128256e-25 2.2459318880175927e-17 2.2459318676862926e-17 2.033129964797084e-25
1.0861967418109137 7.953670065635066e-25 2.2932188363993936e-17 2.2932188122607716e-17 2.413862195602858e-25
1.0902777775684922 8.005889169975316e-25 2.3169473599012893e-17 2.3169473336122297e-17 2.6289060347369314e-25
1.0943741465085532 8.057961620721537e-25 2.340779214245703e-17 2.3407791856238923e-17 2.862181019474882e-25
1.1026131145906286 8.161649637918118e-25 2.388749088112756e-17 2.388749054218948e-17 3.389380739262641e-25
1.1109141095355224 8.2647007417012165e-25 2.4371207564045075e-17 2.437120716319306e-17 4.0085202051973122e-25
1.1192775983109025 8.366987945748892e-25 2.4858584080902265e-17 2.485858360743468e-17 4.734675805075181e-25
1.1277040513999907 8.468045878110016e-25 2.5348237991352136e-17 2.5348237432829186e-17 5.585229457779285e-25
1.1361939428280308 8.568357964282866e-25 2.5841606239600932e-17 2.5841605581581717e-17 6.580192228396081e-25
1.1447477501889525 8.66789426196548e-25 2.6338609081075768e-17 2.6338608306818484e-17 7.742572814567717e-25
1.1533659546722406 8.76667808787195e-25 2.6839326915880615e-17 2.6839326006000235e-17 9.098803803062826e-25
1.1707974979042381 8.96230657800994e-25 2.785293814178171e-17 2.7852936889924805e-17 1.2518569021532057e-24
1.1884924949847024 9.154552193291092e-25 2.8880385219588356e-17 2.888038350577295e-17 1.713815406676134e-24
1.2064549276569216 9.3449007694815e-25 2.992645183820596e-17 2.992644950344355e-17 2.334762416513008e-24
1.2246888378427687 9.531363817144773e-25 3.098491005147156e-17 3.098490688623914e-17 3.1652324197892952e-24
1.2431983285522175 9.713538362548594e-25 3.2054374774579095e-17 3.2054370504110733e-17 4.270468364901183e-24
1.2619875648066055 9.891397119595604e-25 3.3134631638184437e-17 3.313462590391223e-17 5.734272198185507e-24
1.3004222497298317 1.0231439526604828e-24 3.531754980081351e-17 3.531753960618941e-17 1.0194624099012953e-23
1.3400274889804893 1.0550482065996373e-24 3.752800208859613e-17 3.752798429407569e-17 1.7794520442279806e-23
1.3808389325824078 1.0847698650999471e-24 3.976033807468415e-17 3.9760307565914725e-17 3.050876942513973e-23
1.4228933163050095 1.1124747649943524e-24 4.201766757559001e-17 4.201761617126113e-17 5.140432887393929e-23
1.466228494730424 1.1388076861550448e-24 4.432221724116684e-17 4.432213208278166e-17 8.515838518735136e-23
1.5108834753276823 1.1633475242470872e-24 4.665625482316432e-17 4.665611605219734e-17 1.3877096697618723e-22
1.5568984535646726 1.1857610534388538e-24 4.9003477671660895e-17 4.900325499931747e-17 2.2267234343178096e-22
1.6043148490894465 1.2061236042337939e-24 5.136305571826293e-17 5.136270324200551e-17 3.5247625743204774e-22
1.6531753430134553 1.2245290088975607e-24 5.373502189702546e-17 5.373447211885856e-17 5.497781669273409e-22
1.7035239163302658 1.2411853182505766e-24 5.612473429092428e-17 5.61238891231517e-17 8.451677726041322e-22
1.755405889504358 1.2570975222051713e-24 5.85754932721713e-17 5.857421208193714e-17 1.2811902341474994e-21
1.8088679632656115 1.2720747410665566e-24 6.107857965690866e-17 6.107666384152577e-17 1.9158153828893583e-21
1.8639582606462262 1.2859953599256205e-24 6.362752315468559e-17 6.36246960902602e-17 2.8270644253817704e-21
1.9207263702978936 1.2990153398281949e-24 6.622915463591128e-17 6.62250362805779e-17 4.118355333387656e-21
1.979223391128241 1.3114436681837416e-24 6.889915388982048e-17 6.889322892432034e-17 5.924965500140774e-21
2.039501978296691 1.3236352453038312e-24 7.165753869217991e-17 7.164911743218013e-17 8.421259999782633e-21
2.1016163906111602 1.3365365243956158e-24 7.455962437716962e-17 7.454779457910477e-17 1.18297980648338e-20
2.1656225393682647 1.350703056798059e-24 7.764474689909233e-17 7.762831693494961e-17 1.642996414272887e-20
2.231578038680979 1.3661796274879388e-24 8.092623143544355e-17 8.090366355990295e-17 2.2567875540612522e-20
2.299542257339062 1.3832938978172858e-24 8.4435540721968e-17 8.440487359928802e-17 3.066712267996634e-20
2.369576372248914 1.4027423492674672e-24 8.823036024454194e-17 8.818911965195286e-17 4.1240592589119085e-20
2.4417434235010123 1.4253412504084875e-24 9.238220286679441e-17 9.23273021685139e-17 5.490069828054562e-20
2.5161083711144245 1.4524862425376347e-24 9.700872648646937e-17 9.693635407351496e-17 7.237241295441391e-20
2.5927381535095444 1.4864491181810627e-24 1.0230059021650105e-16 1.0220608672606093e-16 9.450349044010955e-20
2.6717017477616296 1.5298829973778272e-24 1.0849647431888744e-16 1.0837420576588092e-16 1.2226855300652325e-19
2.753070231689431 1.586764574559339e-24 1.1595760040589243e-16 1.158008239056898e-16 1.5677650020263847e-19
2.836916847834745 1.6661702768500255e-24 1.2546870694643415e-16 1.2526942516529872e-16 1.9928178113540684e-19
2.9233170693905177 1.7880724605034622e-24 1.3874919427282302e-16 1.3849805220313105e-16 2.51142069691968e-19
2.967498994190263 1.8846631461766898e-24 1.48454631624283e-16 1.4817406725045673e-16 2.805643738263038e-19
3.0123486681368425 1.9958393975594837e-24 1.5958801127012158e-16 1.5927499521371907e-16 3.1301605640250343e-19
3.0578761833420214 2.2316454874104392e-24 1.8114007133932334e-16 1.8079121698022833e-16 3.488543590950149e-19
3.1040917844459814 2.5319035234934663e-24 2.0861769402274109e-16 2.0822964010361629e-16 3.8805391912481876e-19
3.127460860933648 2.8436251362622475e-24 2.360661194239087e-16 2.3565699780793123e-16 4.091216159774867e-19
3.1510058709225794 3.2567010868995084e-24 2.723933773835176e-16 2.7196223741642544e-16 4.3113996709221357e-19
3.162844764501044 3.6393889803851405e-24 3.0554542523592324e-16 3.0510286825464273e-16 4.425569812804192e-19
3.1747281389236908 4.083294611083705e-24 3.44101598360982e-16 3.436473764520442e-16 4.542219089377191e-19
3.1986289994194426 5.3178153568972835e-24 4.515091514093355e-16 4.510307815177434e-16 4.783698915921566e-19
3.2227097969389145 8.220862449943485e-24 7.032472039022309e-16 7.027431846798951e-16 5.040192223356791e-19
3.2348180950136065 1.0970658090894438e-23 9.420023300098459e-16 9.414846069605065e-16 5.177230493393591e-19
3.240889293275058 1.3026126191491464e-23 1.1205955931427448e-15 1.1200706412764461e-15 5.249518662987476e-19
3.2469718861334385 1.540435927984506e-23 1.327674458844185e-15 1.3271420268549024e-15 5.324319892821506e-19
3.2714166318528037 2.8073935760719516e-23 2.437859048964075e-15 2.4372956549146977e-15 5.633940493768022e-19
3.2744851364798273 2.886639295321889e-23 2.509024925563712e-15 2.508457868649987e-15 5.670569137242199e-19
3.2775565192852394 2.968148885823501e-23 2.5822917305345094e-15 2.5817209911172415e-15 5.707394172668595e-19
3.283707930232385 2.889983456373748e-23 2.5190066354715764e-15 2.5184292822437546e-15 5.773532278223689e-19
3.2898708863219004 2.6417225902473053e-23 2.306935738601087e-15 2.3063523402902133e-15 5.833983108737147e-19
3.29141343181113 2.5831659855524006e-23 2.256857735529049e-15 2.256272818563021e-15 5.849169660281496e-19
3.292184975758714 2.5543917734050796e-23 2.232241451804284e-15 2.231655774400934e-15 5.856774033511897e-19
3.295272960557952 2.3729041872651355e-23 2.0755874233845075e-15 2.074998783100844e-15 5.886402836628514e-19
3.3076538914384823 1.7437768828296965e-23 1.5310183933147735e-15 1.5304178390176953e-15 6.005542970776752e-19
3.310756385682612 1.6156243659054368e-23 1.4198323031493026e-15 1.4192287429868416e-15 6.035601624609849e-19
3.313861789986515 1.4973411121972467e-23 1.3171176624176524e-15 1.3165110854078768e-15 6.065770097755354e-19
3.3200813396944477 1.331542020613274e-23 1.1734728153501192e-15 1.1728597613598875e-15 6.130539902321193e-19
3.345076488085796 1.0364662541664207e-23 9.203026073606038e-16 9.19660718921176e-16 6.41888439427908e-19
3.3482140837626964 1.0476676447508911e-23 9.311211330524874e-16 9.304753395957468e-16 6.45793456740888e-19
3.3513546224236106 1.0589909846225078e-23 9.42067628911343e-16 9.41417911337234e-16 6.497175741089321e-19
3.3576445397418455 1.1412163938306882e-23 1.01711990155481e-15 1.0164619840976599e-15 6.579174571504077e-19
3.3702598118196083 1.4439076990119596e-23 1.2917314896271943e-15 1.2910563692081018e-15 6.751204190928085e-19
3.382922481734668 1.513304261043394e-23 1.3589007370674631e-15 1.3582088436251811e-15 6.918934422819205e-19
3.389271646505754 1.5492419074987778e-23 1.39378262991755e-15 1.393082224413061e-15 7.004055044892261e-19
3.395632727569191 1.588031403832657e-23 1.4313611659522104e-15 1.4306519877687737e-15 7.0917818343604015e-19
3.421196662673239 1.7744080910850033e-23 1.611391178919939e-15 1.6106456266222045e-15 7.455522977344051e-19
3.4276182099114902 1.7374271793756764e-23 1.5807692733033925e-15 1.5800155466748367e-15 7.537266285555589e-19
3.4340518103208963 1.5744420042793657e-23 1.435168666242588e-15 1.4344071805316744e-15 7.614857109138703e-19
3.4469541582030403 1.3422198668749558e-23 1.2280854993679313e-15 1.227309064692025e-15 7.764346759060376e-19
3.472904465399547 1.2775972096961094e-23 1.1777584377971404e-15 1.1769476455338008e-15 8.107922633396707e-19
3.4990501388274233 1.1785840499499133e-23 1.0946622918931933e-15 1.093816209032322e-15 8.460828608711417e-19
3.5253949054701885 8.250279593957533e-24 7.720507909750152e-16 7.711702149205655e-16 8.805760544496045e-19
3.5519380250092896 4.922872769091552e-24 4.64144730487515e-16 4.632293150618331e-16 9.15415425681835e-19
3.578680990867387 3.6074840920544664e-24 3.426863802506798e-16 3.4173274886067934e-16 9.536313900005238e-19
3.605625307711299 3.0799285282948338e-24 2.9477501148016244e-16 2.9378102376375564e-16 9.9398771640682e-19
3.660119384959845 2.704445938485795e-24 2.627501597646789e-16 2.616709108009666e-16 1.0792489637122267e-18
3.715437065384467 2.441977642214786e-24 2.408357894365642e-16 2.396659587210489e-16 1.1698307155152908e-18
3.8285932144167436 2.3304734953914166e-24 2.3683878604950823e-16 2.354718009609468e-16 1.3669850885614579e-18
3.94519561050918 2.3327144538751867e-24 2.4428654916121046e-16 2.4270078742948765e-16 1.585761731722817e-18
4.06534921144712 2.3819470887207874e-24 2.5703922336004054e-16 2.55212315904918e-16 1.8269074551225017e-18
4.189162171576248 2.4586008788703534e-24 2.7339126767172024e-16 2.7129936640844804e-16 2.091901263272139e-18
4.316745939156006 2.555312250075171e-24 2.927992089998605e-16 2.9041822648352424e-16 2.3809825163362443e-18
4.448215356677963 2.6695547141002243e-24 3.1520570154378293e-16 3.125141025175972e-16 2.6915990261857914e-18
4.58368876423945 2.801569901929198e-24 3.408678309877338e-16 3.3784248805462013e-16 3.0253429331137097e-18
4.723288106065518 2.953653739181313e-24 3.703168308256335e-16 3.669313225170907e-16 3.3855083085427857e-18
4.867139040275056 3.1303436578888024e-24 4.044224019773256e-16 4.006573284334807e-16 3.76507354384494e-18
4.940699165968905 3.2338358704441102e-24 4.241073685089818e-16 4.201437771770044e-16 3.963591331977433e-18
5.015371051989984 3.3403334032229964e-24 4.446950737936791e-16 4.405274590057263e-16 4.167614787952964e-18
5.091171501069577 3.467096534603046e-24 4.685469270106755e-16 4.641657236964812e-16 4.381203314194324e-18
5.129500256944802 3.531861905060791e-24 4.808927209235927e-16 4.76402680192323e-16 4.490040731269713e-18
5.168117569889187 3.599031305908131e-24 4.937276418169764e-16 4.891265358439387e-16 4.601105973037622e-18
5.20702561229733 3.679984473866475e-24 5.086337022418484e-16 5.03912402569107e-16 4.721299672741402e-18
5.246226572918644 3.762709527466158e-24 5.239829661642098e-16 5.191397185320132e-16 4.843247632196554e-18
5.265937586045735 3.80475358420442e-24 5.318285837048106e-16 5.26923707783185e-16 4.904875921625612e-18
5.285722656980489 3.8472614114640765e-24 5.397908286975689e-16 5.348238902645762e-16 4.9669384329927155e-18
5.305582063971359 3.8902402734305246e-24 5.478717342809874e-16 5.428423006630689e-16 5.0294336179185185e-18
5.3255160863122235 3.9361668280418925e-24 5.564224330270898e-16 5.513296718155516e-16 5.0927612115381895e-18
5.365609099470188 4.049028552701836e-24 5.76685859089919e-16 5.714620215836248e-16 5.223837506294375e-18
5.406003951863644 4.16571827410637e-24 5.977721634671396e-16 5.924153347091174e-16 5.356828758022072e-18
5.446702915881641 4.28641875050828e-24 6.197231460497364e-16 6.142314205896792e-16 5.4917254600571024e-18
5.487708281020852 4.4161599143336485e-24 6.432876905898455e-16 6.376586987668976e-16 5.628991822947735e-18
5.529022354014368 4.594314384684354e-24 6.742772223681775e-16 6.685048890342307e-16 5.772333333946621e-18
5.570647458961463 4.782150034036683e-24 7.071284413162104e-16 7.012106513108347e-16 5.9177900053756415e-18
5.612585937458331 4.980359166312904e-24 7.419815401495703e-16 7.359161849850651e-16 6.06535516450511e-18
5.654840148729818 5.197260162682371e-24 7.801250491702922e-16 7.739094266413378e-16 6.215622528954607e-18
5.67608639626678 5.344180956990557e-24 8.05192248811172e-16 7.988980829120685e-16 6.29416589910351e-18
5.686739436050992 5.419784548576413e-24 8.181158092662197e-16 8.117821484850083e-16 6.33366078121092e-18
5.6974124697621304 5.496862255235662e-24 8.313079791685643e-16 8.24934674754729e-16 6.37330441383561e-18
5.718818669136295 5.655581199699424e-24 8.585251091810375e-16 8.520720714072034e-16 6.453037773834082e-18
5.740305295436557 5.830178211944013e-24 8.883543921866316e-16 8.818205148844022e-16 6.533877302229564e-18
5.7835210386641895 6.281719362357205e-24 9.643624309744796e-16 9.576610697733643e-16 6.7013612011151044e-18
5.827062130521658 6.799738770096562e-24 1.0517470686279231e-15 1.0448743609447171e-15 6.872707683205819e-18
5.8489554468988025 7.162741688504591e-24 1.112056967986978e-15 1.1050921473023467e-15 6.964820684631477e-18
5.870931020387893 7.55135256307635e-24 1.1767959313141224e-15 1.169738188442272e-15 7.057742871850396e-18
5.892989160043636 7.96761841215443e-24 1.246331586718858e-15 1.2391801105456607e-15 7.151476173197264e-18
5.915130176081913 8.440389679094799e-24 1.3252451927729014e-15 1.3179966484839242e-15 7.248544288977157e-18
5.95966208400165 9.761289955891816e-24 1.5441812766940478e-15 1.5367141397459711e-15 7.467136948076836e-18
6.004529249263818 1.1661315744987687e-23 1.858642879896224e-15 1.850931047625689e-15 7.71183227053478e-18
6.027089341400364 1.2981209112359799e-23 2.0767882032283666e-15 2.068936294452896e-15 7.851908775470641e-18
6.049734195844842 1.453857330023542e-23 2.3346808289733316e-15 2.3266807654684884e-15 8.000063504843741e-18
6.095279466722835 1.9034980331162278e-23 3.0797501718369194e-15 3.0713905365336378e-15 8.359635303280806e-18
6.141167624020661 2.5945879637423294e-23 4.229497609096698e-15 4.220676954808072e-15 8.820654288625461e-18
6.164241091010745 3.0360007219211405e-23 4.9676491998841174e-15 4.958541966717685e-15 9.107233166432302e-18
6.187401249150058 3.538029293728265e-23 5.810842952982919e-15 5.801440644712342e-15 9.402308270576619e-18
6.1990139391386085 3.783153683267005e-23 6.22509566617488e-15 6.215543042329742e-15 9.552623845137514e-18
6.204828454712694 3.9122047362568685e-23 6.443484477033379e-15 6.4338558457574555e-15 9.628631275925051e-18
6.210648424152782 4.006437256847171e-23 6.604876843346951e-15 6.595182786754996e-15 9.694056591956894e-18
6.233982942956859 4.3264008315916825e-23 7.159155508539618e-15 7.149230487863103e-15 9.925020676512127e-18
6.239830258556775 4.367215658947272e-23 7.233472709943599e-15 7.22351350415778e-15 9.959205785816632e-18
6.245683058788269 4.370648326291466e-23 7.245948423051438e-15 7.235954945462068e-15 9.993477589368585e-18
6.257405133728602 4.361614515299965e-23 7.244542869033747e-15 7.234488142740461e-15 1.0054726293287996e-17
6.269149208991335 4.298407313960662e-23 7.152956863125796e-15 7.142873568281323e-15 1.008329484447406e-17
6.280915325867298 4.140257846880343e-23 6.9027121084462305e-15 6.89264075754446e-15 1.0071350901772078e-17
6.304513850009849 3.750383428172543e-23 6.2761990264318266e-15 6.266188327348066e-15 1.0010699083757904e-17
6.32820103803542 3.2675403838199344e-23 5.488714794067206e-15 5.478803863387614e-15 9.910930679591084e-18
6.3519772230701035 2.824858878653663e-23 4.7629401230586835e-15 4.753116565921389e-15 9.823557137294577e-18
6.375842739491607 2.4522007233081286e-23 4.150142852538669e-15 4.1403940534368716e-15 9.748799101797538e-18
6.399797922933955 2.1539579793156732e-23 3.6590885600476925e-15 3.649367647745852e-15 9.720912301841208e-18
6.42384311029221 1.9058049313836081e-23 3.2496965177907952e-15 3.239994168129065e-15 9.702349661730415e-18
6.447978639727206 1.7251847659376222e-23 2.952763322423055e-15 2.943042715642201e-15 9.720606780854632e-18
6.472204850670314 1.5746364343852265e-23 2.7052162261703573e-15 2.695469912612279e-15 9.746313558078766e-18
6.496522083828205 1.476952134606033e-23 2.5469286161382857e-15 2.5371265134075507e-15 9.802102730735267e-18
6.520930681187647 1.3946474032915434e-23 2.4140343148907166e-15 2.4041715793200085e-15 9.86273557070785e-18
6.57002334288761 1.3106281888493994e-23 2.2856822206479712e-15 2.2756556322468794e-15 1.0026588401091568e-17
6.619489833774732 1.3020759696662867e-23 2.2878643783155497e-15 2.2776380150551375e-15 1.0226363260412367e-17
6.6693287637831435 1.33427802495178e-23 2.36209789674854e-15 2.351655341574575e-15 1.0442555173965154e-17
6.719538636694507 1.3750815938774564e-23 2.452660051101693e-15 2.4420053519632496e-15 1.0654699138443038e-17
6.770126513364129 1.4773155426221866e-23 2.6548469200173122e-15 2.6439624423779806e-15 1.0884477639330906e-17
6.8210952395837445 1.632028637313149e-23 2.9549580617888693e-15 2.943818233027071e-15 1.113982876179799e-17
6.872447682569556 1.8269959261490023e-23 3.3328706159455e-15 3.321450197113544e-15 1.1420418831956149e-17
6.924186731123532 2.0734972154938706e-23 3.811023799655342e-15 3.799298557031632e-15 1.1725242623709589e-17
6.976315295795916 2.2739709189357594e-23 4.2109534425815336e-15 4.19891662967365e-15 1.2036812907883682e-17
7.028836309048954 2.3042269183007885e-23 4.299105553470169e-15 4.286770015079966e-15 1.2335538390203693e-17
7.081752725421856 2.2191982246781477e-23 4.171634857692599e-15 4.1590044734582904e-15 1.2630384234307528e-17
7.135067521697011 2.163374281218568e-23 4.097313388285011e-15 4.0843581240330296e-15 1.295526425198336e-17
7.1887836970674375 2.2123855981119715e-23 4.221683509667468e-15 4.208353405706614e-15 1.3330103960852937e-17
7.242904273305506 2.3826203772146796e-23 4.580754639364632e-15 4.566986185148596e-15 1.3768454216035321e-17
7.297432294932914 2.651264385639546e-23 5.135616025264397e-15 5.121320043079476e-15 1.4295982184923616e-17
7.352370829391971 2.958497820273484e-23 5.773884472613805e-15 5.758908762057866e-15 1.4975710555939124e-17
7.379995003818881 3.149691815678269e-23 6.170119322143064e-15 6.154745713653122e-15 1.5373608489943332e-17
7.407722967218148 3.3604278777839576e-23 6.607676069705613e-15 6.591886110259769e-15 1.5789959445842826e-17
7.463496598684601 3.894848646220947e-23 7.71618013861027e-15 7.699451548349794e-15 1.6728590260476467e-17
7.519690156487492 4.5864469504031637e-23 9.154734502058733e-15 9.136904368815454e-15 1.7830133243280802e-17
7.533803324048627 4.787654799512787e-23 9.574289180906855e-15 9.556147281227416e-15 1.8141899679438853e-17
7.547942979602549 4.997849132111623e-23 1.001339125678366e-14 9.994932041711388e-15 1.8459215072278396e-17
7.57630195363571 5.440828848443042e-23 1.0941875596650006e-14 1.0922761070862033e-14 1.9114525787973097e-17
7.590521371821866 5.664753020202857e-23 1.1413583491816771e-14 1.1394125245994377e-14 1.945824582239622e-17
7.604767477414989 5.898017250023554e-23 1.1905877536654148e-14 1.1886069308077263e-14 1.9808228576882228e-17
7.633339951266878 6.366814638539688e-23 1.2900491095630289e-14 1.2879979723024141e-14 2.051137260614296e-17
7.662019777021956 6.731298920306889e-23 1.3690256294618991e-14 1.3669104454374774e-14 2.1151840244213973e-17
7.690807358020558 6.980993406859583e-23 1.4251434923411574e-14 1.422973486344329e-14 2.1700059968283072e-17
7.719703099118437 7.107929150981104e-23 1.4565088269890778e-14 1.4542940430220606e-14 2.214783967017361e-17
7.748707406692464 7.086113521684486e-23 1.4574940844443646e-14 1.455237344551215e-14 2.2567398931494208e-17
7.777823177463063 6.950284259384757e-23 1.4349278534519916e-14 1.4325928858505208e-14 2.334967601470757e-17
7.807048350752435 6.743197081461146e-23 1.397404556322279e-14 1.3949810486141569e-14 2.4235077081225906e-17
7.836380830085272 6.457585299322467e-23 1.343244645838307e-14 1.3407340554541265e-14 2.5105903841804407e-17
7.851088371676256 6.259805339437962e-23 1.3045481914585967e-14 1.3019998230562164e-14 2.5483684023808892e-17
7.86582351679805 6.050300471782723e-23 1.263253686631517e-14 1.2606698645478752e-14 2.5838220836418495e-17
7.89537682495964 5.588301427584551e-23 1.1711758784899921e-14 1.1685303315524139e-14 2.645546937577957e-17
7.9250411701946435 5.0901342019252294e-23 1.0707798568528736e-14 1.0680693803173838e-14 2.7104765354894754e-17
7.939915112024199 4.825987340063718e-23 1.017118305657603e-14 1.0143734687082609e-14 2.7448369493422174e-17
7.954816969689239 4.5762089640209536e-23 9.6628552104905e-15 9.635045658038656e-15 2.7809552451843607e-17
7.9847046421970465 4.115632533101327e-23 8.722980078417841e-15 8.694384670053414e-15 2.859540836442876e-17
8.044817289139356 3.339655733037047e-23 7.131605613052472e-15 7.101119695360156e-15 3.048591769231497e-17
8.07504310897143 3.0517727390861956e-23 6.541336214879759e-15 6.5097079318170356e-15 3.16282830627271e-17
8.105382492623747 2.797139589268928e-23 6.018067951037293e-15 5.985217799640415e-15 3.2850151396877393e-17
8.135835866775926 2.595294814903887e-23 5.604776649356436e-15 5.570689387399877e-15 3.408726195655995e-17
8.166403659710703 2.4431096251297808e-23 5.295942129105809e-15 5.2605113231139075e-15 3.543080599190273e-17
8.197086301319933 2.3304827015510017e-23 5.070780647516252e-15 5.033933372784545e-15 3.6847274731708284e-17
8.227884223110665 2.2317592681742728e-23 4.874218032432232e-15 4.835869395157568e-15 3.8348637274663567e-17
8.258797858211198 2.1755756400787178e-23 4.769363864445662e-15 4.7290496150629155e-15 4.031424938274759e-17
8.289827641377162 2.1601320873977127e-23 4.753300185107739e-15 4.70916557181273e-15 4.413461329500809e-17
8.320974008997652 2.178178199293349e-23 4.8110182631014865e-15 4.762292599103527e-15 4.8725663997960753e-17
8.35223739910135 2.210238288095036e-23 4.90017241275871e-15 4.8464233848609575e-15 5.374902789775286e-17
8.383618251362687 2.3063570384875074e-23 5.1324823809233425e-15 5.073630120031342e-15 5.885226089200064e-17
8.415117007108037 2.4438957982187207e-23 5.4589897229698665e-15 5.394586876753179e-15 6.44028462166867e-17
8.446734109321913 2.6271858746701916e-23 5.890457907459393e-15 5.82034787127229e-15 7.011003618710259e-17
8.478470002653195 2.8602976635015094e-23 6.437217041499761e-15 6.361232644040094e-15 7.598439745966636e-17
8.542299949622933 3.368020966400476e-23 7.63693398262503e-15 7.548576136136873e-15 8.835784648815711e-17
8.558332380220154 3.4753579970747674e-23 7.895108998771953e-15 7.803573440966562e-15 9.15355578053911e-17
8.574394900937412 3.5430947388848436e-23 8.064095820554462e-15 7.969399668652767e-15 9.469615190169495e-17
8.606610438733982 3.544921368714562e-23 8.098567109218285e-15 7.997656202571508e-15 1.0091090664677585e-16
8.622764948673899 3.4919731030359506e-23 7.992577766807695e-15 7.888551655860005e-15 1.0402611094768864e-16
8.638949780445296 3.3761337833576576e-23 7.741944081558828e-15 7.634887410229e-15 1.0705667132982748e-16
8.655163606183647 3.258433841202968e-23 7.486065492417292e-15 7.375901440836336e-15 1.1016405158095493e-16
8.671407862489573 3.1182333428780543e-23 7.177408390114533e-15 7.0641245340528866e-15 1.1328385606164478e-16
8.703987895363145 2.7853895538749146e-23 6.435371960918246e-15 6.315829103806605e-15 1.1954285711164168e-16
8.736690337257128 2.4894173952366573e-23 5.77316667260198e-15 5.647039615893558e-15 1.2612705670841962e-16
8.802464289484785 1.988767323530808e-23 4.646839587876865e-15 4.506696474040063e-15 1.4014311383680177e-16
8.868733419248175 1.657112962160399e-23 3.9010646560228594e-15 3.7442109811049606e-15 1.5685367491789726e-16
8.935501454478851 1.4405237689531677e-23 3.416715292808146e-15 3.237457660958121e-15 1.7925763185002684e-16
9.002772151174003 1.2976994451886702e-23 3.101128846889051e-15 2.8978606437819136e-15 2.0326820310713703e-16
9.07054929360775 1.2014227827474879e-23 2.892669950882604e-15 2.664435280380761e-15 2.28234670501843e-16
9.13883669454403 1.1340730104706774e-23 2.751068250161706e-15 2.496830599656671e-15 2.5423765050503387e-16
9.207638195451068 1.0907350778425333e-23 2.6658576719179626e-15 2.3854778174304523e-15 2.8037985448751006e-16
9.276957666717493 1.0542713473905924e-23 2.5961358323155536e-15 2.287164739495981e-15 3.089710928195736e-16
9.346799007870057 1.0333937918761862e-23 2.5638828954037876e-15 2.2268969479332267e-15 3.369859474705611e-16
9.417166147792997 1.0159525674549765e-23 2.5395870159971226e-15 2.1730021923444426e-15 3.6658482365267996e-16
9.488063044949055 1.0050868488953354e-23 2.531340602867585e-15 2.1425631681553565e-15 3.8877743471222694e-16
9.559493687602165 9.96274718152469e-24 2.528037043735957e-15 2.1155941292473606e-15 4.1244291448859604e-16
9.631462094041797 9.938654938342874e-24 2.540909899838056e-15 2.1053869709848986e-15 4.3552292885315765e-16
9.703972312809022 9.924255532766194e-24 2.5563300184225175e-15 2.0973213176972922e-15 4.590087007252255e-16
9.777099908821425 9.928270508041027e-24 2.5766361030772923e-15 2.1032061139100226e-15 4.7342998916726875e-16
9.924867353363874 9.981855080914727e-24 2.6296951447373513e-15 2.1318809377483733e-15 4.97814206988978e-16
10.074868099996943 1.009639709403495e-23 2.7000712544974624e-15 2.193481469181877e-15 5.06589785315585e-16
10.150790707826552 1.0172640122690182e-23 2.7409618271120508e-15 2.234872163746045e-15 5.060896633660059e-16
10.22721067892732 1.0319856054669498e-23 2.801562238978649e-15 2.2965110061785706e-15 5.050512328000779e-16
10.304205975847633 1.0481542277113902e-23 2.8668776232920942e-15 2.3630754400341283e-15 5.038021832579647e-16
10.381780929913377 1.0734121244688849e-23 2.9580655247376903e-15 2.459992368649734e-15 4.980731560879566e-16
10.459939905058707 1.1018256342225644e-23 3.0592255276507606e-15 2.5669945481978637e-15 4.922309794528972e-16
10.538687298071551 1.1475742254770979e-23 3.210234345757536e-15 2.7259951180495444e-15 4.842392277079915e-16
10.618027538840941 1.1996158226467828e-23 3.3810801482491896e-15 2.905183027069744e-15 4.758971211794452e-16
10.697971937068667 1.2779770608970287e-23 3.629058306475057e-15 3.1659764162340428e-15 4.630818902410154e-16
10.778518246224262 1.3907761923313673e-23 3.979108139111596e-15 3.5292232347971515e-15 4.498849043144453e-16
10.859664048220797 1.5619080542409124e-23 4.502371096024838e-15 4.0659238148892705e-15 4.3644728113556697e-16
10.941420754335242 1.8250425375468344e-23 5.300491514571452e-15 4.877627389695686e-15 4.228641248757651e-16
10.961955922839442 1.9178528105935706e-23 5.5804954432884644e-15 5.161098727523539e-15 4.193967157649256e-16
10.982529632329763 2.022008956396335e-23 5.8946074916035115e-15 5.47865367318186e-15 4.1595381842165236e-16
11.023792963743814 2.2762099514102667e-23 6.6605915026549754e-15 6.2514819094107414e-15 4.091095932442344e-16
11.065211328886559 2.6105914070702916e-23 7.667751858661997e-15 7.265526230863816e-15 4.022256277981795e-16
11.08597883104876 2.825544169969345e-23 8.314680750438748e-15 7.915914975284435e-15 3.987657751543143e-16
11.106785310247485 3.065900305961345e-23 9.03890535593713e-15 8.643614864644613e-15 3.952904912925194e-16
11.14851549250461 3.6379134375494544e-23 1.0765614783219829e-14 1.037731784563527e-14 3.882969375845606e-16
11.169441129330048 3.945877948953709e-23 1.1698886412768706e-14 1.131403687030586e-14 3.8484954246284703e-16
11.190406043337886 4.220848260211072e-23 1.253761754530837e-14 1.2156251355276407e-14 3.8136619003196476e-16
11.21140851448765 4.4884540998636925e-23 1.3357537398488454e-14 1.2979723807261641e-14 3.7781359122681776e-16
11.22192452720434 4.6292467551263794e-23 1.3789455174571568e-14 1.341340450807925e-14 3.7605066649231726e-16
11.232450403670388 4.690813822648592e-23 1.3985955399126262e-14 1.3611501486170731e-14 3.7445391295553265e-16
11.253533585369773 4.7464934110540963e-23 1.417853066380706e-14 1.3807169303669609e-14 3.713613601374516e-16
11.274656339961506 4.7636404960103065e-23 1.425646081572624e-14 1.3888147034845235e-14 3.683137808810092e-16
11.285231677511122 4.7722541639313686e-23 1.4295635880492467e-14 1.3928821311821252e-14 3.6681456867121494e-16
11.295816934455262 4.719898891508107e-23 1.4152063670614108e-14 1.3786776794165323e-14 3.652868764487849e-16
11.317017243752359 4.583421126081076e-23 1.3768644058026422e-14 1.3406419243176875e-14 3.622248148495458e-16
11.338257342390673 4.447023998108507e-23 1.3383978059800573e-14 1.3024801509196442e-14 3.591765506041258e-16
11.359537305047965 4.30011668548033e-23 1.296612833087823e-14 1.2610060172748473e-14 3.560681581297583e-16
11.402217121831576 3.9711381043836047e-23 1.201914931423626e-14 1.166953678946896e-14 3.4961252476729896e-16
11.423617126015266 3.799951383770336e-23 1.1522616618444548e-14 1.1176313398936946e-14 3.4630321950760056e-16
11.445057294333186 3.625432548820018e-23 1.1014054817278756e-14 1.0671204991919408e-14 3.4284982535934574e-16
11.488058425037956 3.271643769124378e-23 9.976588934467631e-15 9.641067101125535e-15 3.355218333420993e-16
11.53122111869469 2.95726941432303e-23 9.051814071121206e-15 8.723463450302643e-15 3.2835062081856377e-16
11.574545982324347 2.677751868937919e-23 8.227042271028197e-15 7.905709342725543e-15 3.213329283026544e-16
11.618033625228566 2.4315968736861763e-23 7.498832250023705e-15 7.184556235929218e-15 3.1427601409448617e-16
11.661684658998247 2.2273513697471204e-23 6.894764867763833e-15 6.588211000578892e-15 3.0655386718494125e-16
11.705499697522141 2.0707918132659456e-23 6.43421887691435e-15 6.135603736460529e-15 2.986151404538232e-16
11.749479356995494 1.9488756164081902e-23 6.078160691112939e-15 5.7878149047942055e-15 2.903457863187307e-16
11.793624255928705 1.8444850914891042e-23 5.774200625055943e-15 5.492099897962144e-15 2.8210072709379807e-16
11.83793501515603 1.7792544542809178e-23 5.590922167016374e-15 5.317644009406747e-15 2.732781576096272e-16
11.882412257844306 1.7235589242064177e-23 5.436259561890957e-15 5.171725027578074e-15 2.6453453431288337e-16
11.92705660950172 1.6955930448620025e-23 5.368146260096137e-15 5.112856955958578e-15 2.5528930413756034e-16
11.971868697986617 1.6751674305041513e-23 5.323406110024757e-15 5.077306839687422e-15 2.4609927033733376e-16
12.016849153516302 1.6830176575941388e-23 5.3684475581934915e-15 5.1322662525459586e-15 2.361813056475325e-16
12.061998608675935 1.6965901800632477e-23 5.432073730242255e-15 5.205669137188757e-15 2.2640459305349755e-16
12.152807060118223 1.7772598563599873e-23 5.733198353901009e-15 5.527422095604926e-15 2.0577625829608388e-16
12.198467333490619 1.8460063894019234e-23 5.9773391824014775e-15 5.7825676880840565e-15 1.9477149431742164e-16
12.244299160690385 1.9233175733138842e-23 6.25107003794586e-15 6.0670907061179204e-15 1.8397933182793827e-16
12.290303186275983 2.0255807293531284e-23 6.60817576989441e-15 6.43586140641638e-15 1.7231436347802846e-16
12.3364800572276 2.137976188105461e-23 7.001056104307083e-15 6.8381551512673744e-15 1.62900953039706e-16
12.382830422956244 2.2700326367954472e-23 7.46141953317136e-15 7.301472504972644e-15 1.5994702819871324e-16
12.429354935312874 2.408637525645829e-23 7.946748548495491e-15 7.78968834707272e-15 1.5706020142277187e-16
12.476058240797144 2.542430359216992e-23 8.419685940133614e-15 8.26544734679296e-15 1.5423859334065485e-16
12.522937033967983 2.6785833740756044e-23 8.903910764586297e-15 8.751607294200023e-15 1.5230347038627484e-16
12.569987951963114 2.7864709690632177e-23 9.297342225468124e-15 9.143574008059034e-15 1.5376821740908763e-16
12.593579661530361 2.8235679645342e-23 9.438801928190198e-15 9.284312292753138e-15 1.5448963543706312e-16
12.617215648686605 2.849987216791218e-23 9.544998643679341e-15 9.38979470012959e-15 1.5520394354974953e-16
12.664620788327802 2.85954094228314e-23 9.612977870013767e-15 9.456376665545948e-15 1.5660120446781646e-16
12.71220403757155 2.8234311903607653e-23 9.527248563593959e-15 9.369280466851469e-15 1.5796809674248993e-16
12.736062662318053 2.786282238102672e-23 9.419540692995082e-15 9.260903233868252e-15 1.586374591268299e-16
12.759966065607527 2.738253305517357e-23 9.27454415238733e-15 9.115244809226523e-15 1.5929934316080594e-16
12.807907544139693 2.6064527084544406e-23 8.86130054183829e-15 8.700707227132345e-15 1.6059331470594353e-16
12.856029147395699 2.4597729450342728e-23 8.394045169010524e-15 8.23216932848083e-15 1.6187584052969383e-16
12.904331552136407 2.303914749992157e-23 7.89171424209621e-15 7.728547778681211e-15 1.6316646341499712e-16
12.95281543766539 2.1448967217781092e-23 7.374625926635087e-15 7.210175132318286e-15 1.6445079431680242e-16
13.00148148583848 1.999848557713924e-23 6.9017525451232e-15 6.736004493445985e-15 1.6574805167721545e-16
13.050330381073369 1.8674818711399574e-23 6.469151679113456e-15 6.302093255984125e-15 1.6705842312933145e-16
13.099362810359226 1.7476637273435675e-23 6.076835448841907e-15 5.908453587720887e-15 1.6838186112102176e-16
13.197981031955921 1.547324461850185e-23 5.420736842259033e-15 5.2496700002475074e-15 1.7106684201152617e-16
13.247568211189632 1.4663007138297695e-23 5.156186808032663e-15 4.98376050853056e-15 1.72426299502103e-16
13.297341698339563 1.3931611484240856e-23 4.9174009017796004e-15 4.743603354691031e-15 1.7379754708856866e-16
13.397450398986955 1.2752463100367494e-23 4.535087455058808e-15 4.3585279644611976e-15 1.7655949059761072e-16
13.447787020368724 1.2279328375763564e-23 4.383236146649915e-15 4.2052908677746825e-15 1.7794527887523228e-16
13.498312765455129 1.1846339669214853e-23 4.244564142224437e-15 4.065225801975689e-15 1.7933834024874705e-16
13.59993447169816 1.1136089169962447e-23 4.020119368436368e-15 3.838013521235118e-15 1.8210584720124878e-16
13.702321234386334 1.0586363730050594e-23 3.8504402579201945e-15 3.664800060468394e-15 1.8564019745180016e-16
13.805478813227746 1.0179824146616118e-23 3.730449649434815e-15 3.5343642028649568e-15 1.9608544656985828e-16
13.90941301129231 9.825772720582184e-24 3.6278134793508135e-15 3.420255672605053e-15 2.0755780674575938e-16
13.96167316792965 9.709857290107307e-24 3.598485419078815e-15 3.3828965466501117e-15 2.1558887242870317e-16
14.014129675338197 9.613919056122292e-24 3.576317156500198e-15 3.352413549979394e-15 2.2390360652080366e-16
14.119634696140762 9.549643688044569e-24 3.579151332805572e-15 3.338021511819039e-15 2.4112982098653443e-16
14.225934008823913 9.510785152014056e-24 3.59142328371152e-15 3.3323373170050065e-15 2.590859667065137e-16
14.333033593193976 9.476225432218072e-24 3.605312676025036e-15 3.3270105826991115e-15 2.783020933259256e-16
14.44093947407611 9.431741848788825e-24 3.615403600573056e-15 3.317618671991381e-15 2.97784928581673e-16
14.54965772165321 9.39390535758585e-24 3.6280092877725926e-15 3.3093408978568823e-15 3.1866838991570967e-16
14.659194451807393 9.362733502157148e-24 3.64319318366986e-15 3.3021373611494075e-15 3.410558225204538e-16
14.769555826464039 9.335710491131161e-24 3.660026611913717e-15 3.2951309437032028e-15 3.6489566821051446e-16
14.992777389284976 9.256284746717151e-24 3.683733740036477e-15 3.2694069903592514e-15 4.143267496772255e-16
15.21937263962189 9.205223522811409e-24 3.7187803056601235e-15 3.248264739363972e-15 4.705155662961522e-16
15.449392566130673 9.135243320684796e-24 3.746286274430751e-15 3.2129559005231954e-15 5.333303739075561e-16
15.682888928090767 9.177086576972749e-24 3.8203251590674335e-15 3.1845838900822086e-15 6.35741268985226e-16
15.919914267052077 9.230813489113419e-24 3.900768112113862e-15 3.145770149524543e-15 7.549979625893185e-16
16.03976693895051 9.271245497084775e-24 3.947349382123044e-15 3.1305326771929465e-15 8.168167049300978e-16
16.1605219186579 9.390178706359298e-24 4.028085433577227e-15 3.144896334458324e-15 8.831890991189034e-16
16.22123989475974 9.453054122884573e-24 4.070292545784711e-15 3.155619446801593e-15 9.146730989831188e-16
16.282185999175777 9.518161951415603e-24 4.113724797963549e-15 3.1663975926083492e-15 9.473272053551995e-16
16.312744867225646 9.551576514112476e-24 4.13591434474021e-15 3.171807219537482e-15 9.641071252027271e-16
16.343361089024967 9.585577726171799e-24 4.158427193877458e-15 3.177230505991661e-15 9.811966878857974e-16
16.404766024646595 9.655379824999403e-24 4.2044465562838685e-15 3.188117924792095e-15 1.0163286314917726e-15
16.466401669612416 9.727649585880699e-24 4.251831606287901e-15 3.1990595949032127e-15 1.0527720113846895e-15
16.497306278852424 9.764736092587466e-24 4.2760520270139376e-15 3.204550696265149e-15 1.071501330748786e-15
16.528268890738765 9.802471412211682e-24 4.300633039216672e-15 3.2100552679385045e-15 1.0905777712781675e-15
16.590368558098763 9.87993288342314e-24 4.350903604201272e-15 3.221104699289848e-15 1.1297989049114245e-15
16.65270154503456 9.957416894355214e-24 4.401501174075522e-15 3.2320168144366225e-15 1.1694843596388988e-15
16.715268728169598 1.0025714857919095e-23 4.448341746173979e-15 3.242169606446176e-15 1.2061721397278042e-15
16.778070987420957 1.0096178956135729e-23 4.496436872074019e-15 3.2523808848703665e-15 1.2440559872036524e-15
16.9043842704834 1.0243856659626186e-23 4.596553109699357e-15 3.272977652784729e-15 1.323575456914628e-15
17.03164849990255 1.0400973190052514e-23 4.702189154944673e-15 3.293804695963152e-15 1.4083844589815196e-15
17.159870834853997 1.056510911635155e-23 4.8123525321550305e-15 3.314640511500208e-15 1.497712020654821e-15
17.289058488411015 1.0709771286338341e-23 4.914971149137379e-15 3.333619472977037e-15 1.5813516761603417e-15
17.35401657858945 1.0785183230885424e-23 4.968175957810298e-15 3.3432059343237017e-15 1.6249700234865949e-15
17.386587088641786 1.082368101796236e-23 4.995267593659626e-15 3.3480232344392332e-15 1.6472443592203908e-15
17.419218727950305 1.0862715150300657e-23 5.022691416673273e-15 3.352856515604849e-15 1.6698349010684238e-15
17.48466585346766 1.094241841574995e-23 5.0785541484607364e-15 3.362570830942672e-15 1.7159833175180644e-15
17.550358875560836 1.1024345896333421e-23 5.13580192342557e-15 3.372348503728261e-15 1.7634534196973098e-15
17.682486308455736 1.1181948544812346e-23 5.248440196612033e-15 3.3918444575528406e-15 1.8565957390591936e-15
17.81560845938729 1.1218082985169878e-23 5.305040953360444e-15 3.4092316199236348e-15 1.8958093334368087e-15
17.882544892141226 1.1236708877905547e-23 5.333814237103027e-15 3.418037757774719e-15 1.9157764793283074e-15
17.949732817065083 1.1254703718185626e-23 5.36242817362668e-15 3.426918153007447e-15 1.9355100206192323e-15
18.084866926577256 1.1283037395077542e-23 5.416400606113659e-15 3.444899482751708e-15 1.9715011233619485e-15
18.221018389814958 1.1312517213248925e-23 5.471436112576692e-15 3.463370635313193e-15 2.0080654772634986e-15
18.496404071615608 1.1372718415041255e-23 5.583686464313494e-15 3.505603193687575e-15 2.0780832706259184e-15
18.635790038622734 1.1417887340489235e-23 5.648108037995681e-15 3.533784851515393e-15 2.1143231864802886e-15
18.776226396166493 1.1463138126289567e-23 5.713224260929613e-15 3.562030960210384e-15 2.1511933007192297e-15
18.91772105982334 1.1503406828619417e-23 5.776499364274608e-15 3.589499713455295e-15 2.1869996508193136e-15
19.203636446149176 1.158590873843744e-23 5.905858152659465e-15 3.644872159110291e-15 2.260985993549172e-15
19.4938730510763 1.1663619459422701e-23 6.035328428146835e-15 3.699243992900537e-15 2.336084435246299e-15
19.78849618389234 1.1737968451463246e-23 6.16559739443425e-15 3.752912852906632e-15 2.4126845415276153e-15
20.08757214094514 1.1807642781259334e-23 6.2959328651721555e-15 3.80540893243679e-15 2.490523932735366e-15
20.391466406516905 1.1874195253926796e-23 6.427203890229065e-15 3.85712920049145e-15 2.570074689737617e-15
20.699681925472166 1.1935152229679499e-23 6.55784379590483e-15 3.9086099427484366e-15 2.649233853156396e-15
21.012556099387844 1.1981928290730332e-23 6.683054996936483e-15 3.9600767428654726e-15 2.722978254071012e-15
21.652507708764745 1.2096870622551283e-23 6.952654858056728e-15 4.082175277580456e-15 2.8704795804762725e-15
21.979755641372343 1.2157631734049549e-23 7.093184836566644e-15 4.145293463602421e-15 2.9478913729642238e-15
22.311949477282987 1.2217091575661067e-23 7.235603832637975e-15 4.207913775794539e-15 3.0276900568434343e-15
22.64916396703608 1.227452727113751e-23 7.37949060236855e-15 4.269657705451327e-15 3.109832896917222e-15
22.991811201917592 1.2330794864327437e-23 7.525471069345228e-15 4.330874168044279e-15 3.1945969013009496e-15
23.339642165776596 1.2385062373860824e-23 7.672940394696122e-15 4.391083266541258e-15 3.2818571281548656e-15
23.69273528050995 1.2438204263975018e-23 7.822441424564973e-15 4.45062275351237e-15 3.3718186710526022e-15
24.414313559781952 1.2559679506680539e-23 8.139402185844608e-15 4.579575742450617e-15 3.559826443393991e-15
24.78366481022829 1.2628446021581811e-23 8.307777794597477e-15 4.647658428142465e-15 3.66011936645501e-15
25.15860378059443 1.2702235999573058e-23 8.482739806742159e-15 4.717558733361945e-15 3.765181073380216e-15
25.924826076583233 1.2852792423836694e-23 8.844693306587488e-15 4.856628928752477e-15 3.988064377835011e-15
26.714384190886577 1.300809901279755e-23 9.224194130484528e-15 4.9973946427589776e-15 4.2267994877255484e-15
27.527988831636016 1.3166025833249033e-23 9.62052160773331e-15 5.14015057144435e-15 4.480371036288957e-15
28.366372352060132 1.3332059832461196e-23 1.0038538442856556e-14 5.2877135314012586e-15 4.7508249114552985e-15
29.2302894097004 1.3507324994123315e-23 1.048025615727813e-14 5.4428541085010126e-15 5.037402048777117e-15
30.12051764570424 1.3695128372041052e-23 1.0949592879844185e-14 5.6015967058532146e-15 5.347996173990971e-15
30.575747924857424 1.3796518747345227e-23 1.1197370224421935e-14 5.680813072073781e-15 5.516557152348153e-15
31.037858384806153 1.3903502520416934e-23 1.145474433198981e-14 5.759887329957517e-15 5.694857002032292e-15
31.983137356627505 1.413203347894333e-23 1.199762142133458e-14 5.923007218123813e-15 6.0746142032107676e-15
32.95720543894392 1.4396483222990703e-23 1.2594363613018934e-14 6.0979173542770626e-15 6.496446258741868e-15
33.960939423588975 1.467958822497282e-23 1.3233142878536145e-14 6.278759444864356e-15 6.9543834336717935e-15
34.99524280568484 1.4960989458089398e-23 1.3897566508203468e-14 6.457355278372708e-15 7.440211229830759e-15
36.06104659690874 1.5253343630209246e-23 1.4600670977422e-14 6.640017718152913e-15 7.960653259269085e-15
37.159310163528254 1.5560064506154292e-23 1.534788262286646e-14 6.837470505713629e-15 8.510412117152834e-15
38.29102208995955 1.5880826348230702e-23 1.6141336409038945e-14 7.04347183589795e-15 9.097864573140995e-15
39.45720106862597 1.6196216902337513e-23 1.6963258968844808e-14 7.24885060556642e-15 9.714408363278388e-15
40.65889681691763 1.6519292801068977e-23 1.782856854059001e-14 7.458674399232209e-15 1.03698941413578e-14
41.897191022077855 1.6857102855502723e-23 1.8747237298903503e-14 7.679956310397704e-15 1.1067280988505794e-14
43.173198314866475 1.720730328326709e-23 1.971952589336641e-14 7.909683385017288e-15 1.1809842508349125e-14
44.48806727287728 1.7551412171567887e-23 2.072645543831304e-14 8.14365386633116e-15 1.258280157198188e-14
45.8429814544115 1.789653492439834e-23 2.1777661348737614e-14 8.383205967140864e-15 1.3394455381596752e-14
47.23916046383907 1.823088237218298e-23 2.286016142059988e-14 8.63047929746513e-15 1.4229682123134747e-14
48.67786104940597 1.855959338751982e-23 2.3981115290390397e-14 8.884832116375214e-15 1.509628317401518e-14
50.16037823447602 1.8868998542734934e-23 2.5123438969171414e-14 9.145826539647058e-15 1.5977612429524346e-14
51.68804648322576 1.9163043474556725e-23 2.6292024997172867e-14 9.412797287826127e-15 1.6879227709346746e-14
53.26224090184056 1.942717629285572e-23 2.746619814700971e-14 9.68370293067036e-15 1.778249521633935e-14
54.884378476295105 1.9664008315234088e-23 2.864773117982288e-14 9.958152603885265e-15 1.8689578575937622e-14
56.55591934783037 1.986339294108722e-23 2.981953957534107e-14 1.0238501640416948e-14 1.958103793492412e-14
58.27836812727644 2.0025342233766842e-23 3.09782415927777e-14 1.052371916745897e-14 2.045452242531872e-14
60.05327524940399 2.018936904567388e-23 3.218317435808585e-14 1.080815671604712e-14 2.137501764203873e-14
61.88223836852342 2.0359523814517104e-23 3.344283326134377e-14 1.1089872347493258e-14 2.2352960913850518e-14
62.81758386220369 2.0439796149155574e-23 3.408216867199942e-14 1.1231303703783852e-14 2.285086496821556e-14
63.7670670344103 2.0546176291842355e-23 3.477738196492847e-14 1.1373259750643587e-14 2.340412221428488e-14
65.70913619443517 2.0798265892216145e-23 3.627624423322091e-14 1.165844201912536e-14 2.4617802214095538e-14
67.71035238438829 2.099879202954754e-23 3.774147067969966e-14 1.1937244237252566e-14 2.5804226442447082e-14
69.77251696707448 2.112596410835721e-23 3.912644235212937e-14 1.2204983808438462e-14 2.6921458543690903e-14
71.89748616702131 2.1199334697492136e-23 4.0458089479376713e-14 1.2466421131233843e-14 2.7991668348142883e-14
74.08717274132995 2.1220519023564673e-23 4.173192871348412e-14 1.2723741090531074e-14 2.9008187622953056e-14
76.34354770141287 2.1193077891333785e-23 4.294729399578788e-14 1.2968708939307446e-14 2.997858505648044e-14
78.66864208716851 2.1118842806867595e-23 4.4100265540145664e-14 1.3195036227166368e-14 3.0905229312979294e-14
81.06454879518883 2.1005455759744932e-23 4.5199383552494976e-14 1.3405188261210871e-14 3.179419529128409e-14
83.5334244626476 2.087881762125752e-23 4.6295163205965217e-14 1.3601031843379932e-14 3.2694131362585266e-14
86.07749140856238 2.0703482087118737e-23 4.7304497084547186e-14 1.377747295946572e-14 3.352702412508147e-14
88.69903963417964 2.0445253393470973e-23 4.8137202563136804e-14 1.3930037570718158e-14 3.420716499241865e-14
91.4004288842828 2.0126569052786504e-23 4.8830077582288675e-14 1.4058802700877421e-14 3.477127488141125e-14
94.18409077127889 1.9752981443144852e-23 4.93832466028336e-14 1.4163974762238942e-14 3.5219271840594655e-14
97.05253096397554 1.933256203251902e-23 4.980417046966485e-14 1.4243392251540533e-14 3.556077821812432e-14
100.00833144301866 1.89041752470479e-23 5.018377752486128e-14 1.4296209398639487e-14 3.5887568126221804e-14
103.05415282502196 1.844321275072031e-23 5.0451200699303326e-14 1.4321133901241374e-14 3.613006679806195e-14
106.19273675747671 1.798496210953842e-23 5.0696009284243946e-14 1.4315881707112678e-14 3.6380127577131277e-14
109.4269083866038 1.7501152869846045e-23 5.0834694828530925e-14 1.4281222092329594e-14 3.655347273620135e-14
112.75957890036308 1.6958945116567657e-23 5.076001164776432e-14 1.4220505659765458e-14 3.653950598799888e-14
116.1937481489129 1.6378524941148535e-23 5.0515770408149545e-14 1.4131946149384304e-14 3.638382425876526e-14
119.73250734487735 1.5744373286287304e-23 5.0038800244625927e-14 1.4011563684187125e-14 3.6027236560438807e-14
123.37904184585196 1.5080108158369236e-23 4.9387299854228904e-14 1.386195642827004e-14 3.5525343425958857e-14
127.13663402165271 1.4378412308197114e-23 4.8523383389088086e-14 1.3689686703535825e-14 3.483369668555225e-14
131.0086662088879 1.3659451589801664e-23 4.750099660101767e-14 1.3493854197181824e-14 3.400714240383586e-14
134.99862375551584 1.291940369460185e-23 4.629576267666503e-14 1.3270022012128295e-14 3.302574066453674e-14
139.11009815812417 1.2174706523216741e-23 4.4955889106144334e-14 1.3020893073990624e-14 3.193499603215372e-14
143.3467902947586 1.1439295641853945e-23 4.3526795028109236e-14 1.275383415495536e-14 3.0772960873153875e-14
147.71251375620898 1.0719692140771412e-23 4.203093343500493e-14 1.2469901667523172e-14 2.956103176748176e-14
152.21119827875228 1.0071272057700102e-23 4.0691187656429646e-14 1.2166322773963608e-14 2.852486488246604e-14
156.84689328144228 9.483740268961925e-24 3.9484351131880275e-14 1.1844863757517802e-14 2.7639487374362466e-14
159.21741877681018 9.193375427403833e-24 3.8853934846576347e-14 1.167915137095612e-14 2.7174783475620228e-14
161.62377151112827 8.90198485312514e-24 3.819104315434983e-14 1.1510651813225407e-14 2.668039134112444e-14
166.54613279848823 8.320015507559771e-24 3.6781388651066006e-14 1.1166114556708136e-14 2.5615274094357872e-14
171.61840792845166 7.763363428742708e-24 3.536577822920508e-14 1.081127072372865e-14 2.4554507505476423e-14
176.84516262850022 7.238279099421515e-24 3.39780102303227e-14 1.0447599534933044e-14 2.3530410695389645e-14
179.5181642894721 6.983921800249425e-24 3.3279531174473105e-14 1.0263404940049524e-14 2.3016126234423583e-14
182.2315681744764 6.726052583121028e-24 3.253518673831147e-14 1.0078046227850732e-14 2.2457140510460738e-14
187.78155384880017 6.209354669114911e-24 3.0950582591836545e-14 9.70491342784353e-15 2.1245669163993023e-14
190.61961427604518 5.96284002196205e-24 3.0171032814738247e-14 9.517469058421252e-15 2.0653563756316986e-14
193.5005680909718 5.72505819865506e-24 2.940570413923024e-14 9.329693311533291e-15 2.007601082769696e-14
199.3937587803602 5.279782471373249e-24 2.7944543746321112e-14 8.954106449906774e-15 1.8990437296414343e-14
205.46643057848152 4.8721156403258406e-24 2.6572223530000785e-14 8.579257866357734e-15 1.7992965663643054e-14
211.72404970390772 4.5114756258166925e-24 2.535468624388547e-14 8.206222017945416e-15 1.714846422594005e-14
218.17224885259444 4.1720179282541105e-24 2.4161011236301983e-14 7.837202001030808e-15 1.6323809235271182e-14
224.8168322680627 3.838887374996898e-24 2.290886791535665e-14 7.474363719092227e-15 1.5434504196264428e-14
231.66378096599615 3.521859609550562e-24 2.1657065652156593e-14 7.117640364442875e-15 1.4539425287713718e-14
238.71925811795668 3.2195031262520047e-24 2.0400731513879393e-14 6.766671852111189e-15 1.3634059661768207e-14
245.98961459906556 2.9352807536039626e-24 1.916619277817591e-14 6.423743986362196e-15 1.274244879181371e-14
249.71106150874405 2.79643440204047e-24 1.8535821993096843e-14 6.256127817797498e-15 1.2279694175299349e-14
253.4888082224776 2.6597238926153213e-24 1.789636287944541e-14 6.091349709849783e-15 1.1805013169595621e-14
261.20898134247824 2.404307463089918e-24 1.6670458437413892e-14 5.769123515112715e-15 1.0901334922301174e-14
269.1642775569489 2.1806525549375226e-24 1.558021079214363e-14 5.4551531094721784e-15 1.012505768267145e-14
277.3618576987742 1.9777920912508388e-24 1.4561187910007212e-14 5.151282331145218e-15 9.409905578861995e-15
285.8091006888481 1.7765153773878057e-24 1.3477658798026152e-14 4.8598586834937185e-15 8.617800114532436e-15
294.5136101780917 1.5897467134877553e-24 1.2428042743779544e-14 4.57989310422856e-15 7.848149639550985e-15
303.4832213917586 1.4285021755262037e-24 1.1507607073350644e-14 4.3100740921325114e-15 7.19753298121813e-15
312.7260081821858 1.2847554911410181e-24 1.0664829504765752e-14 4.0512396585160785e-15 6.613589846249674e-15
322.25029029634635 1.1568101903759636e-24 9.895206367678044e-15 3.804471830731201e-15 6.0907345369468435e-15
332.0646408647343 1.0414937711553528e-24 9.180128137383217e-15 3.5692681322570794e-15 5.610860005126136e-15
342.17789411833206 9.354252903278376e-25 8.496312733854098e-15 3.3449669082154998e-15 5.151345825638599e-15
352.59915334060224 8.386383511963025e-25 7.849200396792119e-15 3.13153012790272e-15 4.717670268889399e-15
363.337799061663 7.518413288329178e-25 7.251138650128004e-15 2.929034677881036e-15 4.322103972246968e-15
374.40349750202313 6.738650282587382e-25 6.6970300612661895e-15 2.7371852348944176e-15 3.9598448263717715e-15
380.062092440151 6.378375644656051e-25 6.434785593974437e-15 2.645174127564616e-15 3.789611466409821e-15
385.80620927347337 6.036460765062261e-25 6.1818865166342695e-15 2.5557219549666226e-15 3.626164561667647e-15
397.5561983449763 5.403775775444882e-25 5.702499844660221e-15 2.38429222001656e-15 3.318207624643661e-15
409.6640412816112 4.829504968890751e-25 5.2516998294223445e-15 2.222373597847194e-15 3.029326231575151e-15
415.8555509384264 4.562873445383843e-25 5.036749586345581e-15 2.1448796820402104e-15 2.891869904305369e-15
422.1406367649012 4.309435598126358e-25 4.828886400921382e-15 2.069650160671471e-15 2.7592362402499117e-15
434.9972154030873 3.8433565884817357e-25 4.437788396766001e-15 1.926034405026586e-15 2.5117539917394134e-15
448.24534984018095 3.426734051529961e-25 4.0772338961068976e-15 1.791181471349001e-15 2.2860524247578963e-15
461.89696517289525 3.0543167122753383e-25 3.744799846641476e-15 1.6644085353072955e-15 2.0803913113341804e-15
475.9643496848308 2.721611302673735e-25 3.4385073552182877e-15 1.5452891653624126e-15 1.893218189855874e-15
490.4601659075747 2.422720684567379e-25 3.1541077169549542e-15 1.4338338014715172e-15 1.7202739154834362e-15
505.39746201868155 2.153713946511435e-25 2.889285846097896e-15 1.3298075318915489e-15 1.5594783142063485e-15
520.7896835867783 1.9136140749105803e-25 2.6453684053779158e-15 1.2326571313422519e-15 1.4127112740356645e-15
536.6506856743796 1.7002664675417434e-25 2.422022154922832e-15 1.14200966764489e-15 1.280012487277942e-15
552.9947453093008 1.510113765262402e-25 2.216665203645984e-15 1.057420154018352e-15 1.1592450496276318e-15
569.8365743358964 1.3405480679836639e-25 2.027692732695196e-15 9.78527998832719e-16 1.0491647338624766e-15
587.1913326576936 1.189446081884124e-25 1.8539321232956358e-15 9.0501365890066e-16 9.48918464394976e-16
605.0746418833327 1.0548868958775184e-25 1.6942764835813532e-15 8.365683970338719e-16 8.577080865474812e-16
623.502599388115 9.351381295471258e-26 1.5476881836288434e-15 7.728940675631806e-16 7.747941160656634e-16
642.4917928037942 8.286359619148014e-26 1.4131907779339414e-15 7.137036285951383e-16 6.994871493388032e-16
662.0593149496696 7.339702083240156e-26 1.2898665064970269e-15 6.587232229993275e-16 6.311432834976994e-16
682.2227792184137 6.498720184945307e-26 1.1768564374860413e-15 6.076899779941224e-16 5.691664594919187e-16
703.0003354304876 5.752017563127442e-26 1.0733594117031373e-15 5.603540344214025e-16 5.130053772817349e-16
724.4106861714122 5.089366102278093e-26 9.786287587136046e-16 5.164785384503569e-16 4.621502202632479e-16
746.4731036265977 4.501585547655044e-26 8.91967652966607e-16 4.75835659856518e-16 4.1613199311008915e-16
769.2074469289008 3.9804526228179324e-26 8.127282807386641e-16 4.382093267548278e-16 3.745189539838365e-16
792.6341800345017 3.51861353902192e-26 7.403103115682651e-16 4.033971155659582e-16 3.369131960023068e-16
816.7743901432078 3.1094955845469973e-26 6.741576849453867e-16 3.712078953029816e-16 3.02949789642405e-16
841.6498066797607 2.7472215635173685e-26 6.137542998847364e-16 3.4146023903721704e-16 2.7229406084751926e-16
867.2828208532309 2.4265423311759394e-26 5.586220175817098e-16 3.139828721085406e-16 2.4463914547316925e-16
893.6965058121084 2.142785941409163e-26 5.083212685870064e-16 2.8861593088764255e-16 2.1970533769936381e-16
920.9146374132232 1.8917902415222822e-26 4.624468119712793e-16 2.6520946188247177e-16 1.9723735008880773e-16
948.9617156232121 1.669843008746458e-26 4.206237273131636e-16 2.436221968942712e-16 1.7700153041889243e-16
977.8629865717667 1.4736402748577218e-26 3.825065912703733e-16 2.2372176025451364e-16 1.5878483101585973e-16
1007.6444652765354 1.300245767918677e-26 3.477780801611672e-16 2.0538449831738387e-16 1.4239358184378322e-16
1038.332959060126 1.1470487956686766e-26 3.1614619998288814e-16 1.8849469454064403e-16 1.276515054422442e-16
1069.95609168029 1.0117320213753546e-26 2.873431738134934e-16 1.7294457048030153e-16 1.1439860333319188e-16
1102.542328195006 8.922387727952588e-27 2.611234027928483e-16 1.5863380933524174e-16 1.0248959345760656e-16
1136.1210005848498 7.867430648825447e-27 2.3726132093382804e-16 1.4546872703013323e-16 9.179259390369479e-17
1170.7223341557005 6.936245279215961e-27 2.1554987675246376e-16 1.3336183309582775e-16 8.218804365663591e-17
1206.3774747455793 6.114478567609306e-27 1.9579972596303989e-16 1.2223204821272882e-16 7.356767775031109e-17
1243.1185167600695 5.389422155834426e-27 1.7783783882404805e-16 1.120042767138914e-16 6.583356211015666e-17
1280.9785320615858 4.7498134340334945e-27 1.6150569314120382e-16 1.0260862397952656e-16 5.889706916167731e-17
1319.9915997384837 4.185670274604089e-27 1.4665795143966114e-16 9.397998724012352e-17 5.267796419953766e-17
1360.1928367808064 3.6881649597771436e-27 1.3316198298611058e-16 8.605813339351451e-17 4.71038495925961e-17
1401.618429690285 3.249499403166696e-27 1.208970472509695e-16 7.878753680167166e-17 4.210951044929783e-17
1444.305667053031 2.8627728208090203e-27 1.0975275577337993e-16 7.211670281154283e-17 3.763605296183716e-17
1488.2929731042755 2.521876746125386e-27 9.962807096154629e-17 6.599772064968039e-17 3.3630350311865894e-17
1533.6199423153234 2.221415264974777e-27 9.043091646180226e-17 6.038637363329001e-17 3.004454282851226e-17
1580.327375033885 1.956623985926797e-27 8.207745267946985e-17 5.52419677237523e-17 2.683548495571754e-17
1628.457314209858 1.7232947776520355e-27 7.449127094180286e-17 5.052690954325652e-17 2.396436139854634e-17
1678.0530832396191 1.5177081095158333e-27 6.760259744506219e-17 4.6206351135412876e-17 2.139624630964931e-17
1729.1593249628888 1.3365806414350136e-27 6.134788725826178e-17 4.2248154291000835e-17 1.909973296726096e-17
1781.8220418472597 1.1770169115619823e-27 5.566939005721787e-17 3.8622794363996927e-17 1.7046595693220948e-17
1836.0886373966016 1.0364613358790868e-27 5.051451433311875e-17 3.5303051721685716e-17 1.521146261143306e-17
1892.007958820556 9.12658235464246e-28 4.5835351801513676e-17 3.226378625598586e-17 1.3571565545527815e-17
1949.6303410035755 8.036169038408446e-28 4.1588262008293427e-17 2.9481809447640735e-17 1.2106452560652694e-17
2009.0076518130663 7.075838957095631e-28 3.773366278167749e-17 2.6935887512847765e-17 1.079777526882973e-17
2070.1933387874215 6.2301330862314194e-28 3.423557795591144e-17 2.460649410310973e-17 9.629083852801713e-18
2133.242477245972 5.485400416950203e-28 3.1061182909902433e-17 2.2475581314730433e-17 8.585601595172002e-18
2198.211819864143 4.829609745308515e-28 2.8180650316968875e-17 2.052656706322725e-17 7.654083253741619e-18
2265.1598477584885 4.252163410475445e-28 2.5566909482303132e-17 1.8744237423556228e-17 6.822672058746904e-18
2334.1468231275226 3.7437189216024917e-28 2.3195345092471816e-17 1.7114611046879578e-17 6.0807340455922344e-18
2405.2348434957767 3.2960462246539884e-28 2.104360849665198e-17 1.5624847750667986e-17 5.418760745983997e-18
2478.487897609897 2.901896079079526e-28 1.9091413818097407e-17 1.426316677495495e-17 4.8282470431424574e-18
2553.971923037092 2.5548763108993764e-28 1.7320300840435915e-17 1.3018741166691495e-17 4.301559673744426e-18
2631.7548655177807 2.2493550294427453e-28 1.571349804218383e-17 1.1881632060124346e-17 3.831865982059487e-18
2711.906740125872 1.9803742516446016e-28 1.425579543004233e-17 1.0842733192196519e-17 3.4130622378458092e-18
2794.4996942916955 1.743566288689452e-28 1.2933377768164156e-17 9.893688819330622e-18 3.039688948833536e-18
2879.6080727443887 1.5350854371707632e-28 1.1733710453533364e-17 9.026844577805424e-18 2.706865875727938e-18
2967.308484432098 1.3515462418194857e-28 1.064542588463682e-17 8.235191200211042e-18 2.410234684425776e-18
3057.6798714803062 1.1899655026765125e-28 9.65819164339464e-18 7.512296891708449e-18 2.145894751686189e-18
