Dust emission spectrum from A.P. Jones, M. Kohler, N. Ysard, M. Bocchio, and L. Verstraete (2017), A&A, 602A, 46J 
inside the DustPedia framework.

lambda    nu*dP/dnu     j_nu    j_nu(carb.) j_nu(sil)
 (um)   (erg s-1 H-1) (Jy cm2 sr-1 H-1)
0.9927057738263894 4.1932011303288985e-22 1.1049323147486108e-14 1.1049321265292135e-14 1.882193969996123e-21
1.0001793341362166 4.263765519806409e-22 1.1319848725010242e-14 1.1319846459770088e-14 2.2652401518081186e-21
1.0077091589558085 4.334598008200495e-22 1.159453847267455e-14 1.1594535750057274e-14 2.7226172753254474e-21
1.0114953028030835 4.370111368456461e-22 1.1733452191042301e-14 1.1733449207680883e-14 2.983361419736817e-21
1.0152956718711033 4.405687704758776e-22 1.1873415805471763e-14 1.1873412537484012e-14 3.2679877562283535e-21
1.0229392996569957 4.47698953717183e-22 1.2156411040151089e-14 1.215640712272436e-14 3.9174267252652744e-21
1.0267826658714554 4.51263398691093e-22 1.2299234199142116e-14 1.2299229912081056e-14 4.287061060511487e-21
1.0306404723013447 4.548334633585848e-22 1.244311271866678e-14 1.2443108028656771e-14 4.6900100084236766e-21
1.03451277320114 4.584090314909951e-22 1.258804989889196e-14 1.258804476976787e-14 5.129124091672957e-21
1.0383996230291617 4.619899903488528e-22 1.273404912424644e-14 1.27340435167627e-14 5.6074837365986134e-21
1.0403485208654093 4.637824570465234e-22 1.2807448085555714e-14 1.2807442223145333e-14 5.8624103813841214e-21
1.0423010764483396 4.655762307782171e-22 1.2881113867629868e-14 1.288110773921327e-14 6.1284165982199544e-21
1.0462171883269815 4.691676473070096e-22 1.3029247694699631e-14 1.302924099918354e-14 6.695516091016542e-21
1.0471985131304309 4.700662982030969e-22 1.3066448622827937e-14 1.3066441777875437e-14 6.844952497769301e-21
1.048180758391296 4.709652646791285e-22 1.3103716655320891e-14 1.3103709657742107e-14 6.99757878296074e-21
1.0501480137395462 4.727641382413221e-22 1.3178454268235916e-14 1.3178446955574715e-14 7.312661201714213e-21
1.0521189612883777 4.7456425588798405e-22 1.3253461007196725e-14 1.3253453365900408e-14 7.641296315099014e-21
1.0531058218030118 4.754635793162906e-22 1.3291031954191137e-14 1.32910241433115e-14 7.810879639927756e-21
1.0540936079674168 4.763592838180337e-22 1.3328560464234582e-14 1.3328552480135744e-14 7.984098835465958e-21
1.058054026499678 4.799449799156554e-22 1.3479343189344836e-14 1.3479334474900094e-14 8.714444742310609e-21
1.0590464539527713 4.808421165387219e-22 1.3517206347217771e-14 1.3517197440438686e-14 8.906779087650201e-21
1.06003981227728 4.817395354887474e-22 1.3555136619444245e-14 1.3555127516274351e-14 9.103169898086112e-21
1.0620293250338977 4.835352150765312e-22 1.3631198758046321e-14 1.3631189249598782e-14 9.508447540281004e-21
1.0660195594769086 4.871299048864486e-22 1.3784131195690895e-14 1.378412082433006e-14 1.0371360835820516e-20
1.070024785945596 4.907289692315978e-22 1.3938144648734989e-14 1.3938133339889263e-14 1.1308845725434267e-20
1.0740450607676866 4.943323323938936e-22 1.409324338959278e-14 1.4093231062592558e-14 1.2327000220209391e-20
1.07808044048254 4.979399231461592e-22 1.42494318215709e-14 1.424941838918028e-14 1.3432390623227068e-20
1.0861967418109137 5.051619779723359e-22 1.4564936108227155e-14 1.456492017453663e-14 1.5933690520491737e-20
1.0902777775684922 5.087637093179288e-22 1.472389522376309e-14 1.4723877878372228e-14 1.7345390865638203e-20
1.0943741465085532 5.123692117250663e-22 1.4883952757249517e-14 1.488393388127069e-14 1.8875978827428573e-20
1.1026131145906286 5.195913496747902e-22 1.5207383528944657e-14 1.5207361196600856e-14 2.2332343794624137e-20
1.1109141095355224 5.268280832354046e-22 1.5535270989685194e-14 1.553524460250654e-14 2.638717865759935e-20
1.1192775983109025 5.340734913148273e-22 1.5867491234974347e-14 1.5867460097191386e-14 3.1137782959917545e-20
1.1277040513999907 5.413012505289208e-22 1.620330489575242e-14 1.6203268199572483e-14 3.669617994083009e-20
1.1361939428280308 5.485423509086077e-22 1.654367791006692e-14 1.6543634718901155e-14 4.3191165764210996e-20
1.1447477501889525 5.557968480181868e-22 1.6888664612211903e-14 1.6888613841590525e-14 5.077062138123807e-20
1.1533659546722406 5.630675205759136e-22 1.723840331420188e-14 1.7238343710006567e-14 5.960419531753412e-20
1.1707974979042381 5.776799976159734e-22 1.7953062751525598e-14 1.7952980912194093e-14 8.183933150961718e-20
1.1884924949847024 5.923601489293099e-22 1.8687521714441132e-14 1.8687409908095808e-14 1.118063453223569e-19
1.2064549276569216 6.072090246606286e-22 1.944548377824943e-14 1.944533178604782e-14 1.5199220161432515e-19
1.2246888378427687 6.221305652340176e-22 2.0224450533902435e-14 2.0224244924604654e-14 2.0560929777743836e-19
1.2431983285522175 6.37114348566321e-22 2.1024575536703147e-14 2.102429874428552e-14 2.7679241762814836e-19
1.2619875648066055 6.521841179863335e-22 2.1847146817046277e-14 2.18467759805618e-14 3.7083648447802075e-19
1.3004222497298317 6.824991637707412e-22 2.3558950959743786e-14 2.3558294693356362e-14 6.5626638742902e-19
1.3400274889804893 7.131958349538835e-22 2.5368333519080548e-14 2.53671934218119e-14 1.1400972686499125e-18
1.3808389325824078 7.444291436038125e-22 2.7285745460497325e-14 2.7283800227697514e-14 1.9452327998095578e-18
1.4228933163050095 7.7652233938392e-22 2.93288967515759e-14 2.932563550006952e-14 3.2612515063812872e-18
1.466228494730424 8.101170295778182e-22 3.152962823507704e-14 3.152425300264784e-14 5.3752324292055994e-18
1.5108834753276823 8.452576687847073e-22 3.389920583840694e-14 3.389049215464679e-14 8.713683760155695e-18
1.5568984535646726 8.82063479036194e-22 3.6452688233082195e-14 3.643878051284336e-14 1.390772023883175e-17
1.6043148490894465 9.209392744675381e-22 3.921841434954933e-14 3.9196518046122755e-14 2.18963034265918e-17
1.6531753430134553 9.623548933984206e-22 4.223024599150168e-14 4.219628097542668e-14 3.3965016075008327e-17
1.7035239163302658 1.0068848891098196e-21 4.55299833408331e-14 4.5478062655829536e-14 5.192068500356479e-17
1.755405889504358 1.0556723640652934e-21 4.918992231442119e-14 4.9111667154447216e-14 7.825515997396653e-17
1.8088679632656115 1.1091906481646321e-21 5.3257711336850574e-14 5.3141378517503324e-14 1.1633281934726964e-16
1.8639582606462262 1.1679930794860581e-21 5.778909397760968e-14 5.761845444109441e-14 1.7063953651527098e-16
1.9207263702978936 1.2329013460154636e-21 6.285839080767184e-14 6.261132802578703e-14 2.4706278188479953e-16
1.979223391128241 1.304929328394414e-21 6.855691082553617e-14 6.820368590562253e-14 3.5322491991365395e-16
2.039501978296691 1.3851880798541994e-21 7.498981972583729e-14 7.449097579893493e-14 4.988439269023576e-16
2.1016163906111602 1.4753190641287668e-21 8.230170537813033e-14 8.160552021425271e-14 6.961851638776245e-16
2.1656225393682647 1.576801085202708e-21 9.064192203800033e-14 8.968146290921725e-14 9.604591287830637e-16
2.231578038680979 1.6908004496270472e-21 1.0015528393529527e-13 9.884501610412525e-14 1.3102678311700467e-15
2.299542257339062 1.8188216253661894e-21 1.1101992689834583e-13 1.0925185919075119e-13 1.7680677075946268e-15
2.369576372248914 1.9626416722019437e-21 1.2344717606890305e-13 1.2108651709069844e-13 2.360658978204627e-15
2.4417434235010123 2.1241767148885462e-21 1.3767659088201886e-13 1.3455704590999831e-13 3.11954497202049e-15
2.5161083711144245 2.305750943031758e-21 1.5399661354981202e-13 1.499152032178576e-13 4.081410331954399e-15
2.5927381535095444 2.5101359432110354e-21 1.727528950525862e-13 1.6746450487140986e-13 5.288390181176395e-15
2.6717017477616296 2.7399930208028796e-21 1.9431524039746735e-13 1.875272758426323e-13 6.787964554835012e-15
2.753070231689431 2.998347749873933e-21 2.191132924393292e-13 2.1048030423716362e-13 8.632988202165589e-15
2.836916847834745 3.2904019685795466e-21 2.477792852673951e-13 2.368973781381515e-13 1.0881907129243688e-14
2.9233170693905177 3.6252364226936075e-21 2.813077455236917e-13 2.6771206780458593e-13 1.3595677719105805e-14
2.967498994190263 3.814348701275497e-21 3.004556716053749e-13 2.8533793832297e-13 1.5117733282405064e-14
3.0123486681368425 4.016176901616586e-21 3.211348996425887e-13 3.043466888857396e-13 1.6788210756849082e-14
3.0578761833420214 4.277337556352983e-21 3.47186519754626e-13 3.2856201575414596e-13 1.862450400048011e-14
3.1040917844459814 4.5682709657928e-21 3.764053984331026e-13 3.5578468309709027e-13 2.0620715336012253e-14
3.127460860933648 4.781354486689187e-21 3.9692847867649383e-13 3.752397654999065e-13 2.1688713176587298e-14
3.1510058709225794 5.034440878232984e-21 4.210851157252186e-13 3.982837658935053e-13 2.2801349831713264e-14
3.162844764501044 5.233713966854864e-21 4.3939720875800135e-13 4.1602029749104034e-13 2.3376911266961008e-14
3.1747281389236908 5.45478007446384e-21 4.596774715289252e-13 4.3571345814983413e-13 2.3964013379091033e-14
3.1986289994194426 6.027774343669757e-21 5.117882243254925e-13 4.866117611514403e-13 2.5176463174051956e-14
3.2227097969389145 7.252643982832425e-21 6.204217176581397e-13 5.93961109392803e-13 2.6460608265336893e-14
3.2348180950136065 8.367361335781025e-21 7.184686469157289e-13 6.913228995499987e-13 2.7145747365730158e-14
3.240889293275058 9.190065646662396e-21 7.905916857361006e-13 7.630845445839399e-13 2.7507141152160532e-14
3.2469718861334385 1.014006008740843e-20 8.739538298624333e-13 8.460727528897401e-13 2.7881076972693045e-14
3.2714166318528037 1.5099021519126517e-20 1.3111551780498368e-12 1.2817293047045033e-12 2.9425873345333655e-14
3.2744851364798273 1.541440465754037e-20 1.3397976519328681e-12 1.3101898629686554e-12 2.96077889642127e-14
3.2775565192852394 1.5737976965755212e-20 1.3692051624538653e-12 1.3394145611032476e-12 2.979060135061761e-14
3.283707930232385 1.5459678995603905e-20 1.3475175398080366e-12 1.3174002819156491e-12 3.01172578923874e-14
3.2898708863219004 1.452709038169209e-20 1.2686064806023503e-12 1.2381921962521317e-12 3.0414284350218477e-14
3.29141343181113 1.4306969628337562e-20 1.2499698144944394e-12 1.2194809516784061e-12 3.04888628160332e-14
3.292184975758714 1.4198781944850975e-20 1.2408084755212035e-12 1.2102822751422541e-12 3.0526200378949575e-14
3.295272960557952 1.3518349009424137e-20 1.1824546199322815e-12 1.151783230564959e-12 3.067138936732249e-14
3.3076538914384823 1.1148739789887661e-20 9.788480308845397e-13 9.47593618475446e-13 3.1254412409093736e-14
3.310756385682612 1.0663320020928586e-20 9.371068265641186e-13 9.057054844271432e-13 3.140134213697506e-14
3.313861789986515 1.0214262210555615e-20 8.984849915959391e-13 8.669362494438407e-13 3.1548742152098676e-14
3.3200813396944477 9.594289258275471e-21 8.455337836057541e-13 8.136678834419128e-13 3.186590016384131e-14
3.345076488085796 8.566746659978238e-21 7.606614548311011e-13 7.27381870152169e-13 3.3279584678932056e-14
3.3482140837626964 8.624787669070129e-21 7.66533366473411e-13 7.330622640125804e-13 3.3471102460830685e-14
3.3513546224236106 8.683286773701935e-21 7.724563760072584e-13 7.387929065835437e-13 3.366346942371467e-14
3.3576445397418455 9.031868966194532e-21 8.049738615229395e-13 7.709081546488722e-13 3.406570687406739e-14
3.3702598118196083 1.0254600445958425e-20 9.17384838286665e-13 8.824754467288757e-13 3.490939155778952e-14
3.382922481734668 1.0585273617812656e-20 9.505250524695325e-13 9.147959536547665e-13 3.5729098814765584e-14
3.389271646505754 1.0755199679075985e-20 9.675965013231964e-13 9.314519896205055e-13 3.6144511702690404e-14
3.395632727569191 1.0940281465434075e-20 9.860947331655683e-13 9.495221132775463e-13 3.657261988802212e-14
3.421196662673239 1.181917201388688e-20 1.0733331087139614e-12 1.0349886931838444e-12 3.834441553011701e-14
3.4276182099114902 1.1703720589778054e-20 1.0648435866127912e-12 1.0261041366322102e-12 3.873944998058096e-14
3.4340518103208963 1.1093679985133667e-20 1.0112345748342562e-12 9.72121671733445e-13 3.911290310081115e-14
3.4469541582030403 1.0230958447213368e-20 9.360978796202787e-13 8.962685479017047e-13 3.982933171857395e-14
3.472904465399547 1.0078505626594332e-20 9.290913405274932e-13 8.876111282933279e-13 4.148021223416531e-14
3.4990501388274233 9.797944141679648e-21 9.100275869530332e-13 8.668588483043831e-13 4.3168738648650315e-14
3.5253949054701885 8.544140572289957e-21 7.995499318434533e-13 7.547421413160922e-13 4.4807790527360824e-14
3.5519380250092896 7.355528675650797e-21 6.935035770553011e-13 6.470494836773264e-13 4.645409337797491e-14
3.578680990867387 6.95985002227087e-21 6.611382754182379e-13 6.128799479691559e-13 4.82583274490819e-14
3.605625307711299 6.876879313150336e-21 6.581750712260456e-13 6.08017239994632e-13 5.015783123141358e-14
3.660119384959845 6.981525223134453e-21 6.782893463223678e-13 6.241440231138025e-13 5.414532320856538e-14
3.715437065384467 7.132376415355375e-21 7.034181946862228e-13 6.450740347154989e-13 5.834415997072387e-14
3.8285932144167436 7.612760608816258e-21 7.736612257736638e-13 7.063096751209983e-13 6.735155065266568e-14
3.94519561050918 8.154803874036945e-21 8.539874626170361e-13 7.768395195387963e-13 7.714794307823972e-14
4.06534921144712 8.729477764556003e-21 9.420100872791634e-13 8.542949011573217e-13 8.771518612184202e-14
4.189162171576248 9.326030090369414e-21 1.0370350107099064e-12 9.379693167434405e-13 9.90656939664659e-14
4.316745939156006 9.937425182671947e-21 1.1386750221606164e-12 1.0275264739063397e-12 1.1114854825427661e-13
4.448215356677963 1.0557282074275336e-20 1.2465432849310116e-12 1.1227572589318211e-12 1.2378602599919058e-13
4.58368876423945 1.1181779255833006e-20 1.360490358957232e-12 1.2235056642119977e-12 1.3698469474523436e-13
4.723288106065518 1.1808165158180282e-20 1.4804586743654725e-12 1.3296402912807915e-12 1.508183830846808e-13
4.867139040275056 1.2430854775078467e-20 1.605994962916984e-12 1.4410912090516413e-12 1.6490375386534238e-13
4.940699165968905 1.2742383189431981e-20 1.6711233406724882e-12 1.4990417715534068e-12 1.7208156911908122e-13
5.015371051989984 1.3049744848943557e-20 1.7372988106487615e-12 1.5579733088186892e-12 1.7932550183007261e-13
5.091171501069577 1.336131820917254e-20 1.8056620360114493e-12 1.6188676998464405e-12 1.8679433616500876e-13
5.129500256944802 1.3515079649027826e-20 1.8401918310020103e-12 1.6496468236846069e-12 1.905450073174026e-13
5.168117569889187 1.3668347822906785e-20 1.8750715302364286e-12 1.680727446782372e-12 1.9434408345405608e-13
5.20702561229733 1.3828348551477327e-20 1.911302661621996e-12 1.7128027877096012e-12 1.9849987391239453e-13
5.246226572918644 1.3987021210301368e-20 1.9477881053738465e-12 1.7451111040813203e-12 2.0267700129252596e-13
5.265937586045735 1.4065839436296973e-20 1.9661235085186995e-12 1.7613505309932255e-12 2.0477297752547407e-13
5.285722656980489 1.4144301754416243e-20 1.984519258975785e-12 1.7776456815857105e-12 2.0687357739007426e-13
5.305582063971359 1.422240041735501e-20 2.002974272697988e-12 1.7939957127724209e-12 2.0897855992556636e-13
5.3255160863122235 1.4301365687267346e-20 2.0216624546063934e-12 1.8105572846606027e-12 2.1110516994579003e-13
5.365609099470188 1.4467722999726658e-20 2.060576051409914e-12 1.8450704684196145e-12 2.1550558299029986e-13
5.406003951863644 1.463298630203951e-20 2.099803996378422e-12 1.879876801498769e-12 2.1992719487965237e-13
5.446702915881641 1.4797123762346398e-20 2.139343033015903e-12 1.914974955921193e-12 2.2436807709470995e-13
5.487708281020852 1.4962391651603866e-20 2.179523060299632e-12 1.9506769307957494e-12 2.288461295038824e-13
5.529022354014368 1.5146722792850586e-20 2.222984610454718e-12 1.98947069021106e-12 2.3351392024365844e-13
5.570647458961463 1.5331189468369753e-20 2.2669970693371686e-12 2.028793822707256e-12 2.38203246629912e-13
5.612585937458331 1.551588496998977e-20 2.3115803182804576e-12 2.0686681743673895e-12 2.429121439130679e-13
5.654840148729818 1.5704319630980275e-20 2.3572676257910096e-12 2.109604609127543e-12 2.4766301666346574e-13
5.67608639626678 1.5813729625006365e-20 2.382608789134462e-12 2.1324582078762265e-12 2.5015058125823604e-13
5.686739436050992 1.586875172280374e-20 2.395386115700179e-12 2.143989492742103e-12 2.5139662295807547e-13
5.6974124697621304 1.5923994870105458e-20 2.408236441280522e-12 2.155592311764372e-12 2.5264412951615096e-13
5.718818669136295 1.6035174563431987e-20 2.4341618494557362e-12 2.179018437205064e-12 2.5514341225067236e-13
5.740305295436557 1.615154944087448e-20 2.461039674057595e-12 2.2033719709278154e-12 2.5766770312977935e-13
5.7835210386641895 1.6422206466250366e-20 2.521118508518539e-12 2.2582344525348545e-12 2.628840559836842e-13
5.827062130521658 1.671088906639183e-20 2.5847505593945675e-12 2.316576297721002e-12 2.681742616735658e-13
5.8489554468988025 1.689560506854976e-20 2.623140155255205e-12 2.3521025096891246e-12 2.7103764556608057e-13
5.870931020387893 1.7086547108568722e-20 2.6627519970249146e-12 2.388840633128376e-12 2.7391136389653813e-13
5.892989160043636 1.728423103792939e-20 2.7036790644813257e-12 2.4268838908403654e-12 2.767951736409606e-13
5.915130176081913 1.750094286990557e-20 2.7478636993242367e-12 2.4680770939346514e-12 2.797866053895855e-13
5.95966208400165 1.8073203104561068e-20 2.859079278462246e-12 2.5724358677971826e-12 2.8664341066506317e-13
6.004529249263818 1.884692421932929e-20 3.003923594407148e-12 2.7095416122385337e-12 2.9438198216861384e-13
6.027089341400364 1.9366027569361605e-20 3.0982582016302057e-12 2.7993846398181438e-12 2.9887356181206175e-13
6.049734195844842 1.996178552710401e-20 3.2055688697770917e-12 2.9019332074634917e-12 3.036356623135995e-13
6.095279466722835 2.1637301315896383e-20 3.500790717215845e-12 3.185380506555629e-12 3.154102106602155e-13
6.141167624020661 2.412696655250059e-20 3.9329923970421766e-12 3.602214607393444e-12 3.307777896487325e-13
6.164241091010745 2.570327807577534e-20 4.205692964615868e-12 3.865228690139169e-12 3.404642744766994e-13
6.187401249150058 2.7449388108386697e-20 4.508274810953629e-12 4.157871631201216e-12 3.5040317975241376e-13
6.1990139391386085 2.829681393237854e-20 4.656178112883034e-12 4.3007191734733645e-12 3.5545893940967067e-13
6.204828454712694 2.8738989651084704e-20 4.733372770249331e-12 4.375361031818512e-12 3.580117384308189e-13
6.210648424152782 2.9060950672546856e-20 4.79088995627505e-12 4.4307125154763744e-12 3.6017744079867453e-13
6.233982942956859 3.0137376454699246e-20 4.987012832539948e-12 4.6193240641232245e-12 3.6768876841672444e-13
6.239830258556775 3.0265928795275264e-20 5.012982803658769e-12 4.644281348975793e-12 3.687014546829746e-13
6.245683058788269 3.02676887378055e-20 5.017976627399051e-12 4.648261160676918e-12 3.697154667221323e-13
6.257405133728602 3.021566712494795e-20 5.018753836114391e-12 4.6472808317941e-12 3.714730043202916e-13
6.269149208991335 2.9976196484777165e-20 4.988322993025609e-12 4.616287929032348e-12 3.7203506399326197e-13
6.280915325867298 2.941173497312953e-20 4.903577183783554e-12 4.532457279357757e-12 3.71119904425796e-13
6.304513850009849 2.803443123814132e-20 4.6915115057749684e-12 4.323556974934195e-12 3.679545308407727e-13
6.32820103803542 2.636615237716091e-20 4.428905954208039e-12 4.065537116682993e-12 3.63368837525046e-13
6.3519772230701035 2.485161132088112e-20 4.1901822982144175e-12 3.830945776352975e-12 3.5923652186144104e-13
6.375842739491607 2.356759094475863e-20 3.988615947351836e-12 3.633045939470076e-12 3.555700078817592e-13
6.399797922933955 2.2572371844722647e-20 3.83453662435922e-12 3.4809514298352734e-12 3.5358519452394637e-13
6.42384311029221 2.1738778556828415e-20 3.706802926879977e-12 3.3548667969532914e-12 3.5193612992668505e-13
6.447978639727206 2.1149554174549524e-20 3.6198805533892155e-12 3.2682841824046873e-12 3.5159637098452776e-13
6.472204850670314 2.065796494792174e-20 3.549026350237783e-12 3.197510663841783e-12 3.5151568639600043e-13
6.496522083828205 2.035373217571664e-20 3.5098972884029935e-12 3.1574033125311644e-12 3.5249397587182965e-13
6.520930681187647 2.0099474595901194e-20 3.479074443566486e-12 3.1254437557104896e-12 3.5363068785599596e-13
6.57002334288761 1.9864880326289685e-20 3.464354281664038e-12 3.106990811750407e-12 3.573634699136304e-13
6.619489833774732 1.987741392323147e-20 3.4926400845605208e-12 3.1303673357290166e-12 3.622727488315041e-13
6.6693287637831435 2.00131841177147e-20 3.5429722462380806e-12 3.17531281169802e-12 3.6765943454006236e-13
6.719538636694507 2.016264646092498e-20 3.5963042280096635e-12 3.223498014824645e-12 3.728062131850177e-13
6.770126513364129 2.049425209003892e-20 3.682970934071661e-12 3.3045178516487536e-12 3.7845308242290644e-13
6.8210952395837445 2.0977683290400843e-20 3.798228348411602e-12 3.4133684356608644e-12 3.8485991275073795e-13
6.872447682569556 2.157168939533449e-20 3.935183909991377e-12 3.543183832222735e-12 3.920000777686407e-13
6.924186731123532 2.23028108705316e-20 4.099187710100836e-12 3.6993499237040765e-12 3.998377863967589e-13
6.976315295795916 2.2900443943308595e-20 4.240718403947409e-12 3.832942320299935e-12 4.077760836474745e-13
7.028836309048954 2.3043308646828677e-20 4.299299491170016e-12 3.884153167056526e-12 4.15146324113491e-13
7.081752725421856 2.2881829830703953e-20 4.3013119724083594e-12 3.879065458386066e-12 4.222465140222935e-13
7.135067521697011 2.2797394415096067e-20 4.317702681681736e-12 3.88751980214642e-12 4.301828795353154e-13
7.1887836970674375 2.3013572589273865e-20 4.391459607293807e-12 3.951876588323406e-12 4.3958301897040093e-13
7.242904273305506 2.3586529979436994e-20 4.5346756731814836e-12 4.083818966941843e-12 4.508567062396392e-13
7.297432294932914 2.4445360905363108e-20 4.735174201748686e-12 4.270305605019019e-12 4.648685967296686e-13
7.352370829391971 2.5426274021633156e-20 4.962260501390549e-12 4.478409420806096e-12 4.838510805844536e-13
7.379995003818881 2.6031809128607307e-20 5.099526490028094e-12 4.604389795010132e-12 4.951366950179605e-13
7.407722967218148 2.6688696564009658e-20 5.247851405575638e-12 4.740921592154079e-12 5.069298134215586e-13
7.463496598684601 2.8325890290162153e-20 5.611711568753057e-12 5.078129078534079e-12 5.335824902189768e-13
7.519690156487492 3.040492264379884e-20 6.068946122556687e-12 5.504015015958454e-12 5.649311065982333e-13
7.533803324048627 3.100655587093071e-20 6.2006503151072285e-12 5.6268198346023265e-12 5.738304805049032e-13
7.547942979602549 3.1628972346540436e-20 6.336991509427314e-12 5.754119691391789e-12 5.828718180355252e-13
7.57630195363571 3.292532571716985e-20 6.62150617142731e-12 6.020002158456576e-12 6.015040129707336e-13
7.590521371821866 3.3578091842057075e-20 6.7654556759737774e-12 6.154182981074655e-12 6.112726948991236e-13
7.604767477414989 3.425216723183959e-20 6.914223732147473e-12 6.293022714692722e-12 6.212010174547508e-13
7.633339951266878 3.558800837643635e-20 7.2108709179687124e-12 6.5698117300183966e-12 6.410591879503147e-13
7.662019777021956 3.659730967022552e-20 7.443237256444453e-12 6.7843475491444655e-12 6.588897072999856e-13
7.690807358020558 3.7249056868766367e-20 7.604254566435496e-12 6.930453517409657e-12 6.738010490258409e-13
7.719703099118437 3.752839685824203e-20 7.690065576868326e-12 7.0044968721751375e-12 6.855687046931842e-13
7.748707406692464 3.7382051492102944e-20 7.688857756428224e-12 6.992028919082786e-12 6.96828837345437e-13
7.777823177463063 3.697913379311301e-20 7.634563867602557e-12 6.9136305272194465e-12 7.209333403831096e-13
7.807048350752435 3.639785150191195e-20 7.542790595420703e-12 6.794043901057352e-12 7.487466943633523e-13
7.836380830085272 3.5601317079067106e-20 7.405442798605569e-12 6.629222382715731e-12 7.762204158898378e-13
7.851088371676256 3.504583893183284e-20 7.303579475328655e-12 6.515450615777889e-12 7.881288595507665e-13
7.86582351679805 3.445691540166811e-20 7.194324581747931e-12 6.395109390580055e-12 7.992151911678755e-13
7.89537682495964 3.3155063890432106e-20 6.9485176455580755e-12 6.130340821709269e-12 8.181768238488071e-13
7.9250411701946435 3.177571435364194e-20 6.684459292668824e-12 5.846203204280534e-12 8.382560883882892e-13
7.939915112024199 3.106197378526735e-20 6.546577916724263e-12 5.697656372260741e-12 8.489215444635223e-13
7.954816969689239 3.0388068744205914e-20 6.416566872498901e-12 5.556412707245399e-12 8.601541652535018e-13
7.9847046421970465 2.915897380512915e-20 6.180171469720157e-12 5.29553372815197e-12 8.846377415681874e-13
8.044817289139356 2.7193270532663214e-20 5.8069362913534804e-12 4.863355034727045e-12 9.435812566264355e-13
8.07504310897143 2.65314947372888e-20 5.686905356258152e-12 4.70776020020056e-12 9.791451560575946e-13
8.105382492623747 2.5967071300800075e-20 5.586835929718077e-12 4.5698372322590615e-12 1.0169986974590165e-12
8.135835866775926 2.5549815664371017e-20 5.517716500209291e-12 4.463406722488277e-12 1.0543097777210133e-12
8.166403659710703 2.5284063068048438e-20 5.480840213624592e-12 4.386147091601918e-12 1.0946931220226727e-12
8.197086301319933 2.5133328910183418e-20 5.46863522138998e-12 4.3317426732480846e-12 1.1368925481418957e-12
8.227884223110665 2.5029314650866902e-20 5.466464889399942e-12 4.2849455569031305e-12 1.181519332496812e-12
8.258797858211198 2.5104171465618623e-20 5.5034137186164315e-12 4.2628031894557835e-12 1.2406105291606486e-12
8.289827641377162 2.5551957244175754e-20 5.622624829619677e-12 4.2635902462664974e-12 1.3590345833531781e-12
8.320974008997652 2.6189705781668615e-20 5.784611785286407e-12 4.283344293991407e-12 1.5012674912949977e-12
8.35223739910135 2.6916098801609702e-20 5.967389376844625e-12 4.310915298468787e-12 1.6564740783758386e-12
8.383618251362687 2.7803925398278023e-20 6.187383603050146e-12 4.375011992334352e-12 1.8123716107157924e-12
8.415117007108037 2.8847784200497225e-20 6.443800001446416e-12 4.462339390127914e-12 1.9814606113185016e-12
8.446734109321913 3.0011033390431576e-20 6.72882458184988e-12 4.5750214480001e-12 2.153803133849778e-12
8.478470002653195 3.130183613805752e-20 7.044606426432883e-12 4.714838787401554e-12 2.32976763903133e-12
8.542299949622933 3.399583495591523e-20 7.708501515654465e-12 5.011473755008546e-12 2.697027760645921e-12
8.558332380220154 3.4614871917032934e-20 7.86359813848052e-12 5.072896508421815e-12 2.7907016300587054e-12
8.574394900937412 3.512598930311515e-20 7.994687255279121e-12 5.110990261075983e-12 2.8836969942031395e-12
8.606610438733982 3.5786564584562056e-20 8.175636770232306e-12 5.109622526714838e-12 3.0660142435174698e-12
8.622764948673899 3.5981257838206975e-20 8.235544574195064e-12 5.078376912080595e-12 3.157167662114469e-12
8.638949780445296 3.6008222919744556e-20 8.257186065764235e-12 5.011533952212474e-12 3.245652113551761e-12
8.655163606183647 3.603918226656026e-20 8.279796119507239e-12 4.943570718020023e-12 3.3362254014872154e-12
8.671407862489573 3.6019540920622914e-20 8.290814919358744e-12 4.863932724061708e-12 3.426882195297036e-12
8.703987895363145 3.5858929979979187e-20 8.284857398874697e-12 4.67698384828975e-12 3.607873550584945e-12
8.736690337257128 3.582039687220061e-20 8.307048943164694e-12 4.509614107510842e-12 3.797434835653853e-12
8.802464289484785 3.607594637271682e-20 8.429298580652515e-12 4.232452186273869e-12 4.196846394378647e-12
8.868733419248175 3.7057345419950296e-20 8.723792750696367e-12 4.054363556061851e-12 4.669429194634513e-12
8.935501454478851 3.897284955360251e-20 9.243799647323552e-12 3.940711645617226e-12 5.303088001706326e-12
9.002772151174003 4.11811076792962e-20 9.841101608280523e-12 3.868512709941802e-12 5.972588898338726e-12
9.07054929360775 4.352603103171765e-20 1.0479778130950932e-11 3.822160629688582e-12 6.65761750126235e-12
9.13883669454403 4.5969319574210905e-20 1.1151375122635323e-11 3.791429380228033e-12 7.359945742407293e-12
9.207638195451068 4.8386390929432167e-20 1.1826082620428073e-11 3.773810325679682e-12 8.052272294748392e-12
9.276957666717493 5.1009183002363307e-20 1.2560975701117551e-11 3.7588814084170206e-12 8.802094292700529e-12
9.346799007870057 5.3494597585897225e-20 1.3272179959391849e-11 3.7524005057863525e-12 9.5197794536055e-12
9.417166147792997 5.60663459598843e-20 1.4014961799920342e-11 3.74702336429451e-12 1.0267938435625835e-11
9.488063044949055 5.772226402642286e-20 1.4537520889873149e-11 3.746460802933163e-12 1.0791060086939987e-11
9.559493687602165 5.946781518914614e-20 1.508989809427221e-11 3.746285590812026e-12 1.1343612503460186e-11
9.631462094041797 6.107717156462379e-20 1.561494898911703e-11 3.749234894143157e-12 1.186571409497387e-11
9.703972312809022 6.265475416569137e-20 1.6138865866747475e-11 3.752219588422226e-12 1.2386646278325244e-11
9.777099908821425 6.321813290325705e-20 1.6406696763121426e-11 3.7575626536410135e-12 1.2649134109480415e-11
9.924867353363874 6.379847390949535e-20 1.6807550873206844e-11 3.770111715370774e-12 1.3037439157836075e-11
10.074868099996943 6.276979221554451e-20 1.67864744258229e-11 3.786820406388786e-12 1.2999654019434117e-11
10.150790707826552 6.17876761794435e-20 1.664834888005731e-11 3.796287232926254e-12 1.2852061647131057e-11
10.22721067892732 6.078019187371123e-20 1.650018077085666e-11 3.808770006925059e-12 1.2691410763931607e-11
10.304205975847633 5.976868071864895e-20 1.6347736697119488e-11 3.821474394933254e-12 1.2526262302186234e-11
10.381780929913377 5.83910726753651e-20 1.6091174591391275e-11 3.838761855592746e-12 1.2252412735798527e-11
10.459939905058707 5.703551685284635e-20 1.5835945699529582e-11 3.8570112090383225e-12 1.1978934490491257e-11
10.538687298071551 5.555289261149583e-20 1.554041559215579e-11 3.883221198829549e-12 1.1657194393326243e-11
10.618027538840941 5.4083911864658546e-20 1.5243383531053845e-11 3.9118211514603305e-12 1.1331562379593519e-11
10.697971937068667 5.232693069007118e-20 1.485922465148599e-11 3.952819761182273e-12 1.090640489030371e-11
10.778518246224262 5.0638624985966176e-20 1.4488065437567481e-11 4.00915985815771e-12 1.0478905579409769e-11
10.859664048220797 4.906756956038124e-20 1.4144264532153656e-11 4.091734108033663e-12 1.0052530424119996e-11
10.941420754335242 4.76714902497721e-20 1.3845284389674587e-11 4.2157019949264334e-12 9.62958239474815e-12
10.961955922839442 4.736538111382617e-20 1.378219913516311e-11 4.2589815183313735e-12 9.523217616831735e-12
10.982529632329763 4.70812094230015e-20 1.3725223565438087e-11 4.307369014972322e-12 9.417854550465765e-12
11.023792963743814 4.659385496258296e-20 1.3634183184527422e-11 4.424831521031362e-12 9.209351663496063e-12
11.065211328886559 4.6234661596039075e-20 1.3579908040281525e-11 4.5783590768123565e-12 9.001548963469168e-12
11.08597883104876 4.612975035724626e-20 1.3574523144761233e-11 4.676718790716708e-12 8.897804354044521e-12
11.106785310247485 4.606366245982512e-20 1.3580516121565076e-11 4.786390389782171e-12 8.794125731782907e-12
11.14851549250461 4.606930520028985e-20 1.3633210400162647e-11 5.0461562050183156e-12 8.587054195144329e-12
11.169441129330048 4.6108387119729896e-20 1.367038693461666e-11 5.185072316161189e-12 8.485314618455475e-12
11.190406043337886 4.6093738853203263e-20 1.3691694970950794e-11 5.308414304894607e-12 8.383280666056191e-12
11.21140851448765 4.6062459399975334e-20 1.370808323783932e-11 5.42783636110242e-12 8.280246876736899e-12
11.22192452720434 4.6058171874150925e-20 1.3719663912449582e-11 5.490461458066315e-12 8.229202454383269e-12
11.232450403670388 4.5946239084336206e-20 1.3699159141393578e-11 5.516926134374734e-12 8.18223300701884e-12
11.253533585369773 4.562886025864861e-20 1.3630066204772049e-11 5.539090135419597e-12 8.090976069352452e-12
11.274656339961506 4.525859718318175e-20 1.3544838613601638e-11 5.543694511999972e-12 8.001144101601672e-12
11.285231677511122 4.507629069349817e-20 1.3502932083286846e-11 5.545988171583552e-12 7.956943911703291e-12
11.295816934455262 4.4801976078150296e-20 1.3433347463608991e-11 5.520844153677724e-12 7.912503309931267e-12
11.317017243752359 4.420838911538085e-20 1.3280245418531966e-11 5.456325826020293e-12 7.823919592511675e-12
11.338257342390673 4.361957561151403e-20 1.3127958005412839e-11 5.391929204811123e-12 7.736028800601716e-12
11.359537305047965 4.30148881545893e-20 1.2970265710091511e-11 5.3230527623281985e-12 7.64721294776331e-12
11.402217121831576 4.1749279691008777e-20 1.2635944990533974e-11 5.170358620155865e-12 7.465586370378109e-12
11.423617126015266 4.110728289792553e-20 1.2464987396464166e-11 5.091371720402769e-12 7.373615676061396e-12
11.445057294333186 4.045514929807477e-20 1.2290264017054035e-11 5.011343617860804e-12 7.27892039919323e-12
11.488058425037956 3.9129485691537544e-20 1.1932191323693042e-11 4.8504885370489065e-12 7.081702786644134e-12
11.53122111869469 3.7887691407139235e-20 1.1596925749828879e-11 4.7072878627217605e-12 6.889637887107114e-12
11.574545982324347 3.672161254007752e-20 1.1282235002131221e-11 4.579637222201663e-12 6.702597779929561e-12
11.618033625228566 3.5615680901025945e-20 1.098356472807489e-11 4.467153383396657e-12 6.516411344678235e-12
11.661684658998247 3.454234312938243e-20 1.0692580303831842e-11 4.374775879347359e-12 6.3178044244844804e-12
11.705499697522141 3.3537428495509287e-20 1.0420514226808863e-11 4.304030858249033e-12 6.116483368559828e-12
11.749479356995494 3.257340710939687e-20 1.0159006608787428e-11 4.24882984158637e-12 5.91017676720106e-12
11.793624255928705 3.1649061061079164e-20 9.907807279362689e-12 4.201410901159756e-12 5.7063963782029366e-12
11.83793501515603 3.075509244940044e-20 9.664122391841014e-12 4.171422294639448e-12 5.4927000972015655e-12
11.882412257844306 2.989254816460234e-20 9.428378021014127e-12 4.145587563802626e-12 5.282790457211501e-12
11.92705660950172 2.904885786776286e-20 9.196694819869744e-12 4.131895554413997e-12 5.064799265455747e-12
11.971868697986617 2.8231812127214545e-20 8.971604774446602e-12 4.12140617824007e-12 4.850198596206532e-12
12.016849153516302 2.74199963685157e-20 8.746361744098267e-12 4.1231744562511976e-12 4.6231872878470696e-12
12.061998608675935 2.6637518982981444e-20 8.528692951699666e-12 4.127248193817131e-12 4.401444757882539e-12
12.152807060118223 2.5115342071627642e-20 8.101867451033603e-12 4.157987403954532e-12 3.94388004707907e-12
12.198467333490619 2.436864530309017e-20 7.890528398409066e-12 4.185247706228696e-12 3.705280692180369e-12
12.244299160690385 2.36585125628186e-20 7.689370755812532e-12 4.215826782683718e-12 3.473543973128814e-12
12.290303186275983 2.294115535411371e-20 7.484233274318867e-12 4.2567965642584885e-12 3.227436710060377e-12
12.3364800572276 2.238000993152299e-20 7.328599168561616e-12 4.301341717081328e-12 3.0272574514802893e-12
12.382830422956244 2.2222327244468087e-20 7.304304964023361e-12 4.352910441127327e-12 2.9513945228960352e-12
12.429354935312874 2.2078425032569954e-20 7.284271303279553e-12 4.406691493961635e-12 2.8775798093179176e-12
12.476058240797144 2.193342478140083e-20 7.263622682188764e-12 4.457873269398024e-12 2.8057494127907414e-12
12.522937033967983 2.184193055376605e-20 7.260502042208772e-12 4.509367042739149e-12 2.7511349994696224e-12
12.569987951963114 2.1902057742008278e-20 7.307843093655958e-12 4.548033429585981e-12 2.7598096640699766e-12
12.593579661530361 2.1909447635036232e-20 7.324029000919674e-12 4.5601528440171724e-12 2.7638761569025043e-12
12.617215648686605 2.1902642961294805e-20 7.335495967379525e-12 4.56772778956666e-12 2.7677681778128654e-12
12.664620788327802 2.18327251107135e-20 7.339552311631199e-12 4.564670727195866e-12 2.7748815844353335e-12
12.71220403757155 2.170452722626064e-20 7.323869855438397e-12 4.542585278768605e-12 2.781284576669795e-12
12.736062662318053 2.1616431586691618e-20 7.307833147112892e-12 4.523650889167873e-12 2.784182257945017e-12
12.759966065607527 2.15149815756956e-20 7.287187279552577e-12 4.500280974114504e-12 2.7869063054380725e-12
12.807907544139693 2.1268515908019304e-20 7.2307742599167904e-12 4.439049737879094e-12 2.791724522037696e-12
12.856029147395699 2.100553269490396e-20 7.16819780443981e-12 4.372068567803098e-12 2.796129236636712e-12
12.904331552136407 2.0734212576883026e-20 7.1021933729186435e-12 4.301781425313607e-12 2.800411947605037e-12
12.95281543766539 2.0461783021011944e-20 7.0352103222407186e-12 4.230903408922378e-12 2.804306913318339e-12
13.00148148583848 2.0207996575055453e-20 6.974057673305132e-12 4.165889422079864e-12 2.8081682512252685e-12
13.050330381073369 1.9971004029516704e-20 6.918163771638943e-12 4.106167588804438e-12 2.811996182834506e-12
13.099362810359226 1.9750564874465152e-20 6.867507226131672e-12 4.051742686829778e-12 2.8157645393018937e-12
13.197981031955921 1.9361575391703958e-20 6.782934519401876e-12 3.959972475587624e-12 2.8229620438142504e-12
13.247568211189632 1.9191065851855953e-20 6.7484602335748255e-12 3.922071244115403e-12 2.8263889894594223e-12
13.297341698339563 1.9030538332339502e-20 6.717154470080804e-12 3.887418650023696e-12 2.8297358200571084e-12
13.397450398986955 1.8743298425053817e-20 6.6655748685472014e-12 3.8297220500533054e-12 2.8358528184938956e-12
13.447787020368724 1.8613096041757406e-20 6.6441415095900384e-12 3.805590959176162e-12 2.8385505504138752e-12
13.498312765455129 1.848769408403068e-20 6.6241729996496395e-12 3.783080815179362e-12 2.841092184470278e-12
13.59993447169816 1.8252825192528284e-20 6.589255434761723e-12 3.744244413827126e-12 2.845011020934598e-12
13.702321234386334 1.8068039119200385e-20 6.571652644879755e-12 3.711602539422671e-12 2.8600501054570835e-12
13.805478813227746 1.818934440536237e-20 6.665580120358829e-12 3.683727826359253e-12 2.981852293999576e-12
13.90941301129231 1.834410966136635e-20 6.772903280857818e-12 3.657729067048017e-12 3.1151742138097993e-12
13.96167316792965 1.851593342208695e-20 6.862028395401642e-12 3.6468102894120135e-12 3.215218105989629e-12
14.014129675338197 1.8695314798848225e-20 6.954539004435994e-12 3.636623237745025e-12 3.317915766690968e-12
14.119634696140762 1.907204357661435e-20 7.1480918468218585e-12 3.6211333065610587e-12 3.5269585402607986e-12
14.225934008823913 1.9453343528383597e-20 7.345890983467398e-12 3.60631376386924e-12 3.739577219598157e-12
14.333033593193976 1.9856526777771144e-20 7.554588924228687e-12 3.591308637933365e-12 3.963280286295323e-12
14.44093947407611 2.023964573278467e-20 7.75832176386692e-12 3.5755537312196346e-12 4.182768032647287e-12
14.54965772165321 2.064691814206028e-20 7.974022297636347e-12 3.559724141609906e-12 4.414298156026442e-12
14.659194451807393 2.1079401758298748e-20 8.202340991974063e-12 3.5438158885627245e-12 4.658525103411342e-12
14.769555826464039 2.153216029507667e-20 8.441594216834345e-12 3.5277257629404163e-12 4.913868453893928e-12
14.992777389284976 2.239588505905579e-20 8.912914812747351e-12 3.4935730181142293e-12 5.4193417946331226e-12
15.21937263962189 2.3350766275780914e-20 9.43337981237044e-12 3.4592182056322034e-12 5.97416160673824e-12
15.449392566130673 2.436355175913454e-20 9.99128718826363e-12 3.422640793702836e-12 6.568646394560793e-12
15.682888928090767 2.6360688879623202e-20 1.097367907478037e-11 3.3861827581960787e-12 7.587496316584288e-12
15.919914267052077 2.8562127071397275e-20 1.206981753294546e-11 3.348099391870987e-12 8.721718141074472e-12
16.03976693895051 2.961458854042354e-20 1.2608783557034112e-11 3.329277104450323e-12 9.279506452583786e-12
16.1605219186579 3.072226850273984e-20 1.3178867635237489e-11 3.3132655260633414e-12 9.865602109174149e-12
16.22123989475974 3.1203193630684474e-20 1.3435459565621996e-11 3.3054932767142884e-12 1.0129966288907705e-11
16.282185999175777 3.169668565070986e-20 1.3699224959624466e-11 3.297678765831896e-12 1.0401546193792569e-11
16.312744867225646 3.194823851382893e-20 1.3833860594981018e-11 3.2937558483731824e-12 1.0540104746607838e-11
16.343361089024967 3.2203047147542815e-20 1.3970365773408766e-11 3.2898225885203944e-12 1.0680543184888374e-11
16.404766024646595 3.272258816713873e-20 1.4249089691510937e-11 3.2819253389190894e-12 1.096716435259185e-11
16.466401669612416 3.325562640748446e-20 1.4535610292899284e-11 3.273987611122553e-12 1.126162268177673e-11
16.497306278852424 3.352730840535973e-20 1.4681862746489354e-11 3.2700037533020454e-12 1.1411858993187306e-11
16.528268890738765 3.380248741018417e-20 1.483014722010233e-11 3.2660099983776376e-12 1.156413722172469e-11
16.590368558098763 3.436350475975697e-20 1.5132926354496862e-11 3.2579930935113434e-12 1.1874933260985516e-11
16.65270154503456 3.4914745264280437e-20 1.543344964901455e-11 3.2499037069930566e-12 1.2183545942021499e-11
16.715268728169598 3.5373666583610586e-20 1.569505616398254e-11 3.241633083442516e-12 1.2453423080540023e-11
16.778070987420957 3.584196285854943e-20 1.5962585852021478e-11 3.2333271010589837e-12 1.2729258750962495e-11
16.9043842704834 3.6807367270289706e-20 1.6515949422926657e-11 3.216611307497371e-12 1.3299338115429281e-11
17.03164849990255 3.7812364496907764e-20 1.70946398006509e-11 3.1997608168218137e-12 1.3894878983829082e-11
17.159870834853997 3.8833696537722884e-20 1.768854782361079e-11 3.182744667112699e-12 1.4505803156498094e-11
17.289058488411015 3.965045098022445e-20 1.8196543829715967e-11 3.1652684634554754e-12 1.5031275366260487e-11
17.35401657858945 4.006813634211211e-20 1.8457317542745524e-11 3.156488327333825e-12 1.5300829215411705e-11
17.386587088641786 4.0279340273487004e-20 1.8589432082138097e-11 3.152087977007623e-12 1.543734410513047e-11
17.419218727950305 4.049213157126706e-20 1.8722711483434118e-11 3.1476808579746482e-12 1.557503062545947e-11
17.48466585346766 4.0922516241243146e-20 1.8992804581780705e-11 3.1388465721813103e-12 1.585395800959939e-11
17.550358875560836 4.135937093620574e-20 1.9267677085175953e-11 3.1299859861409865e-12 1.6137691099034968e-11
17.682486308455736 4.213903123442626e-20 1.9778680298046777e-11 3.112151728524313e-12 1.666652856952246e-11
17.81560845938729 4.183502694871546e-20 1.978381970799019e-11 3.0938759784636272e-12 1.6689943729526563e-11
17.882544892141226 4.168283894006138e-20 1.9785910821141824e-11 3.0847066095736092e-12 1.6701204211568226e-11
17.949732817065083 4.152192285290633e-20 1.9783579781829498e-11 3.075516854604115e-12 1.6708062927225386e-11
18.084866926577256 4.1126502105487127e-20 1.9742698985352795e-11 3.057078018717288e-12 1.668562096663551e-11
18.221018389814958 4.0728062442186473e-20 1.96986212211436e-11 3.038592468880721e-12 1.6660028752262878e-11
18.496404071615608 3.9843968818833916e-20 1.9562273614724408e-11 3.002044885782869e-12 1.6560228728941536e-11
18.635790038622734 3.940741731640985e-20 1.949374204386988e-11 2.984523221084126e-12 1.6509218822785757e-11
18.776226396166493 3.897056345403086e-20 1.9422915970718878e-11 2.966889524450784e-12 1.6456026446268096e-11
18.91772105982334 3.850787677848669e-20 1.9336943311183363e-11 2.9489924262716817e-12 1.6387950884911687e-11
19.203636446149176 3.75944499652091e-20 1.9163579986193018e-11 2.9129952849166773e-12 1.6250584701276343e-11
19.4938730510763 3.6665118388652624e-20 1.8972329481620206e-11 2.876413878872236e-12 1.6095915602747974e-11
19.78849618389234 3.572789435705112e-20 1.8766774954911053e-11 2.8393502025770825e-12 1.592742475233397e-11
20.08757214094514 3.4781774068935893e-20 1.854592982920937e-11 2.801792862234389e-12 1.574413696697498e-11
20.391466406516905 3.383287064758616e-20 1.8312883794956257e-11 2.763804912186557e-12 1.5549078882769697e-11
20.699681925472166 3.2867083065336295e-20 1.8059023682456396e-11 2.7256074840658223e-12 1.533341619839057e-11
21.012556099387844 3.1836282892326176e-20 1.775704413387666e-11 2.6872265988721264e-12 1.5069817535004536e-11
21.652507708764745 2.977607595229818e-20 1.711374665259916e-11 2.6127999809566022e-12 1.4500946671642558e-11
21.979755641372343 2.8781461575935116e-20 1.6792104851546436e-11 2.5756118115458613e-12 1.4216493040000582e-11
22.311949477282987 2.7808653773698405e-20 1.6469746549688696e-11 2.538203861426881e-12 1.3931542688261812e-11
22.64916396703608 2.6856915332780316e-20 1.614647553660886e-11 2.5005666414315884e-12 1.3645908895177273e-11
22.991811201917592 2.5926519764580982e-20 1.582292760230777e-11 2.4627433869895104e-12 1.3360184215318253e-11
23.339642165776596 2.5017619702727673e-20 1.549921179253335e-11 2.424750907851788e-12 1.3074460884681558e-11
23.69273528050995 2.4131242301153975e-20 1.517624452827852e-11 2.386670021949308e-12 1.2789574506329211e-11
24.414313559781952 2.2429244031944033e-20 1.4535453536321751e-11 2.3121103250155675e-12 1.222334321130618e-11
24.78366481022829 2.162247614561196e-20 1.4224610603690737e-11 2.2753260498815442e-12 1.1949284553809191e-11
25.15860378059443 2.0846426999471052e-20 1.392155020129537e-11 2.238825382137956e-12 1.1682724819157414e-11
25.924826076583233 1.9371167106629676e-20 1.3330335260923072e-11 2.1660227688666493e-12 1.1164312492056423e-11
26.714384190886577 1.7981596243278273e-20 1.2750958795809366e-11 2.0938824491393474e-12 1.0657076346670019e-11
27.527988831636016 1.6668144175162523e-20 1.2179547817155798e-11 2.022581386706676e-12 1.0156966430449125e-11
28.366372352060132 1.5433330722239438e-20 1.1620716206155737e-11 1.952527859182199e-12 9.668188346973538e-12
29.2302894097004 1.427078641336269e-20 1.1072621502993062e-11 1.8840799097881257e-12 9.188541593204938e-12
30.12051764570424 1.3192992157267575e-20 1.0548122592554273e-11 1.8168291559729367e-12 8.731293436581336e-12
30.575747924857424 1.2690984860721167e-20 1.0300109658124676e-11 1.7835147286617594e-12 8.516594929462915e-12
31.037858384806153 1.2212363582355095e-20 1.0061457702457111e-11 1.750420398554077e-12 8.311037303903035e-12
31.983137356627505 1.1308124654853496e-20 9.600217746182147e-12 1.6854750271959054e-12 7.91474271898624e-12
32.95720543894392 1.0483209931546707e-20 9.170945130451305e-12 1.622703113495093e-12 7.548242016956216e-12
33.960939423588975 9.716945585808575e-21 8.759491568109298e-12 1.561478317869091e-12 7.198013250240209e-12
34.99524280568484 8.993463563279527e-21 8.354210686392885e-12 1.5010631317470356e-12 6.8531475546458506e-12
36.06104659690874 8.317468520209168e-21 7.961573814420987e-12 1.4420931031236114e-12 6.519480711297375e-12
37.159310163528254 7.682094739346652e-21 7.577339304126867e-12 1.3855022740314668e-12 6.191837030095399e-12
38.29102208995955 7.090686198349823e-21 7.207002254718648e-12 1.3306646334967725e-12 5.876337621221874e-12
39.45720106862597 6.534357712287883e-21 6.843820550008203e-12 1.2768269447784203e-12 5.566993605229784e-12
40.65889681691763 6.017409130026407e-21 6.494333165673146e-12 1.2244211529629272e-12 5.269912012710218e-12
41.897191022077855 5.540061026228868e-21 6.161250815125435e-12 1.173970217094284e-12 4.987280598031152e-12
43.173198314866475 5.099185959610128e-21 5.843654168832121e-12 1.1251884771183038e-12 4.7184656917138165e-12
44.48806727287728 4.686846635524091e-21 5.5346952705469785e-12 1.0777606516568985e-12 4.45693461889008e-12
45.8429814544115 4.3045391296384485e-21 5.238041655754063e-12 1.0317759763619773e-12 4.206265679392086e-12
47.23916046383907 3.947288807443939e-21 4.949604603317439e-12 9.873696953790972e-13 3.962234907938342e-12
48.67786104940597 3.616359144469831e-21 4.672749222690695e-12 9.444744532178702e-13 3.728274769472825e-12
50.16037823447602 3.307856381350047e-21 4.404299874601965e-12 9.03043547357255e-13 3.501256327244711e-12
51.68804648322576 3.022467700852982e-21 4.146877631910836e-12 8.630322667947781e-13 3.283845365116058e-12
53.26224090184056 2.757068555139179e-21 3.897951513838401e-12 8.24342229666593e-13 3.0736092841718084e-12
54.884378476295105 2.5118483255752354e-21 3.659414420600083e-12 7.869625501701147e-13 2.872451870429968e-12
56.55591934783037 2.284579793678577e-21 3.429681815824464e-12 7.510080371798487e-13 2.678673778644616e-12
58.27836812727644 2.0749688703510074e-21 3.2098770754009447e-12 7.164285260760932e-13 2.4934485493248514e-12
60.05327524940399 1.8867800379159896e-21 3.0076507491757202e-12 6.829953169095126e-13 2.3246554322662074e-12
61.88223836852342 1.718204952209779e-21 2.822347037635254e-12 6.506649108655729e-13 2.1716821267696813e-12
62.81758386220369 1.6399265848683219e-21 2.734481991274027e-12 6.349838544551119e-13 2.099498136818915e-12
63.7670670344103 1.5678227212029324e-21 2.6537672437969115e-12 6.196335886859635e-13 2.0341336551109483e-12
65.70913619443517 1.437137428610953e-21 2.506648805586498e-12 5.899194888272404e-13 1.916729316759258e-12
67.71035238438829 1.3155395242123537e-21 2.3644405978774016e-12 5.61247254851021e-13 1.8031933430263804e-12
69.77251696707448 1.2015711801431292e-21 2.225375621709604e-12 5.335064928934926e-13 1.6918691288161116e-12
71.89748616702131 1.0962518917654988e-21 2.0921532567826944e-12 5.068921859457784e-13 1.5852610708369162e-12
74.08717274132995 9.99242548783011e-22 1.965094198072441e-12 4.814850628666264e-13 1.4836091352058145e-12
76.34354770141287 9.102760348844008e-22 1.844653838765279e-12 4.570603176783014e-13 1.387593521086977e-12
78.66864208716851 8.288851463246916e-22 1.73087395883805e-12 4.3348277976565607e-13 1.297391179072394e-12
81.06454879518883 7.547605266790331e-22 1.624088090534389e-12 4.108545098280073e-13 1.2132335807063821e-12
83.5334244626476 6.881567406026913e-22 1.5258684277720058e-12 3.8923870398982124e-13 1.136629723782184e-12
86.07749140856238 6.271359558185077e-22 1.4329160123305577e-12 3.68525135839654e-13 1.0643908764909036e-12
88.69903963417964 5.702640868254116e-22 1.3426548125230525e-12 3.4863090008139617e-13 9.940239124416562e-13
91.4004288842828 5.179402616177548e-22 1.2566008191189621e-12 3.295739207201625e-13 9.270268983987994e-13
94.18409077127889 4.699476495906783e-22 1.1748879902994354e-12 3.113638346511474e-13 8.635241556482882e-13
97.05253096397554 4.260877653625265e-22 1.0976790176831388e-12 2.9395789257913886e-13 8.037211251040001e-13
100.00833144301866 3.867801886347693e-22 1.0267621138617115e-12 2.773358000069728e-13 7.494263138547388e-13
103.05415282502196 3.510129851894701e-22 9.60192066491447e-13 2.6146685180626473e-13 6.987252146851823e-13
106.19273675747671 3.1906564795575495e-22 8.993822145707819e-13 2.463027487544028e-13 6.530794658163792e-13
109.4269083866038 2.8999481584277296e-22 8.423329637113828e-13 2.318415042107114e-13 6.104914595006715e-13
112.75957890036308 2.6297808118532415e-22 7.871226878983754e-13 2.1810970608989925e-13 5.690129818084765e-13
116.1937481489129 2.381454005685245e-22 7.345043843754581e-13 2.0505421585207189e-13 5.294501685233862e-13
119.73250734487735 2.1507523723065487e-22 6.835525706649511e-13 1.9259612932315665e-13 4.909564413417943e-13
123.37904184585196 1.9391356366902486e-22 6.350662219494239e-13 1.8074369204285934e-13 4.543225299065647e-13
127.13663402165271 1.7437465379693238e-22 5.884688794676105e-13 1.6954343757773962e-13 4.189254418898709e-13
131.0086662088879 1.5652912084922153e-22 5.443329249741217e-13 1.589457062688605e-13 3.853872187052611e-13
134.99862375551584 1.4015231351706102e-22 5.022258301195823e-13 1.4886561480260046e-13 3.533602153169816e-13
139.11009815812417 1.2525801040507652e-22 4.625232825685457e-13 1.3930006806742692e-13 3.2322321450111883e-13
143.3467902947586 1.1181757006744815e-22 4.2546854327809505e-13 1.3028762326443804e-13 2.9518092001365686e-13
147.71251375620898 9.97276918208001e-23 3.91023167596779e-13 1.2179740030502218e-13 2.6922576729175675e-13
152.21119827875228 8.931634451689402e-23 3.608668413186738e-13 1.137646057709942e-13 2.471022355476796e-13
156.84689328144228 8.029728345662401e-23 3.3430756695369725e-13 1.061703116160993e-13 2.28137255337598e-13
159.21741877681018 7.610280713633032e-23 3.216330643152639e-13 1.0254159029766575e-13 2.190914740175983e-13
161.62377151112827 7.207727874727617e-23 3.0922389877117776e-13 9.902350248471602e-14 2.102003962864617e-13
166.54613279848823 6.452700841788914e-23 2.8526304704029267e-13 9.230753890854775e-14 1.9295550813174502e-13
171.61840792845166 5.775653337015069e-23 2.6310822225505886e-13 8.598696258817344e-14 1.7712125966688535e-13
176.84516262850022 5.172577850708118e-23 2.4281172460253334e-13 8.004007576162193e-14 1.6277164884091142e-13
179.5181642894721 4.893931774235485e-23 2.3320386411055974e-13 7.720381928054105e-14 1.5600004483001863e-13
182.2315681744764 4.6236800020366064e-23 2.2365613474679925e-13 7.4456832626912e-14 1.491993021198873e-13
187.78155384880017 4.112737792221442e-23 2.0499977453351288e-13 6.922311682804869e-14 1.357766577054642e-13
190.61961427604518 3.878664672484557e-23 1.9625433296865722e-13 6.673106483743731e-14 1.2952326813121999e-13
193.5005680909718 3.658399828182965e-23 1.879069508775149e-13 6.43191346602427e-14 1.2358781621727223e-13
199.3937587803602 3.2589278350226776e-23 1.7248674911451047e-13 5.972819070051378e-14 1.1275855841399678e-13
205.46643057848152 2.908186819274685e-23 1.586107472268469e-13 5.543073817384714e-14 1.0318000905299977e-13
211.72404970390772 2.6067205966892088e-23 1.464988139940673e-13 5.140856842528063e-14 9.509024556878665e-14
218.17224885259444 2.3361126755407113e-23 1.3528907491206927e-13 4.76519678770614e-14 8.763710703500784e-14
224.8168322680627 2.0858949760458233e-23 1.2447745355274564e-13 4.415157935544073e-14 8.03258741973049e-14
231.66378096599615 1.8590992014624797e-23 1.1432208527211252e-13 4.0885906994914285e-14 7.343617827719824e-14
238.71925811795668 1.6529444679208227e-23 1.0474062293165617e-13 3.783369389683498e-14 6.690692903482118e-14
245.98961459906556 1.4673280956122805e-23 9.581057319579711e-14 3.4990321792907676e-14 6.082025140288939e-14
249.71106150874405 1.3800198807534832e-23 9.147292294042915e-14 3.364584944326102e-14 5.782707349716811e-14
253.4888082224776 1.2961662682614371e-23 8.721454867292206e-14 3.2351893807072304e-14 5.486265486584977e-14
261.20898134247824 1.1434485887673761e-23 7.928192407583618e-14 2.990211039775822e-14 4.9379813678077927e-14
269.1642775569489 1.0126691795828093e-23 7.235265079199818e-14 2.7615870851675512e-14 4.473677994032267e-14
277.3618576987742 8.97554238375284e-24 6.608104048055042e-14 2.5490105821600848e-14 4.059093465894956e-14
285.8091006888481 7.88953006098906e-24 5.985447443474008e-14 2.352447798318159e-14 3.632999645155848e-14
294.5136101780917 6.915900126938344e-24 5.406590978303171e-14 2.1702837257155795e-14 3.236307252587593e-14
303.4832213917586 6.090347709760424e-24 4.906210825908421e-14 2.0008843864094577e-14 2.9053264394989634e-14
312.7260081821858 5.3715570672938066e-24 4.45896053317744e-14 1.843757763661312e-14 2.615202769516127e-14
322.25029029634635 4.7461383263579295e-24 4.0597860028873444e-14 1.698575318889232e-14 2.3612106839981114e-14
332.0646408647343 4.1959006082354764e-24 3.698428766654644e-14 1.5643330726274893e-14 2.1340956940271543e-14
342.17789411833206 3.7033699120624156e-24 3.363709455727943e-14 1.4400430265988296e-14 1.9236664291291143e-14
352.59915334060224 3.2650403518904007e-24 3.055900793118104e-14 1.3250695727223815e-14 1.7308312203957234e-14
363.337799061663 2.880189357924478e-24 2.777800524128244e-14 1.2188822134626053e-14 1.5589183106656375e-14
374.40349750202313 2.541549275181438e-24 2.5258517929118645e-14 1.1208419701285535e-14 1.4050098227833104e-14
380.062092440151 2.3875066707665665e-24 2.4086216282100166e-14 1.0746977331184599e-14 1.3339238950915563e-14
385.80620927347337 2.242781911726542e-24 2.296813281732734e-14 1.0303776497991941e-14 1.2664356319335395e-14
397.5561983449763 1.9788975125671607e-24 2.0882921917839357e-14 9.469262355401917e-15 1.1413659562437438e-14
409.6640412816112 1.7442391434303048e-24 1.896720361823883e-14 8.698997784457193e-15 1.0268205833781635e-14
415.8555509384264 1.6369078798217533e-24 1.8069085599818697e-14 8.336494536488044e-15 9.732591063330655e-15
422.1406367649012 1.5358489148598161e-24 1.720977090842458e-14 7.988373858646474e-15 9.221397049778106e-15
434.9972154030873 1.3523182109579856e-24 1.5614741768458798e-14 7.334028496732192e-15 8.280713271726605e-15
448.24534984018095 1.190941689217183e-24 1.417019164762763e-14 6.731876717693581e-15 7.438314929934051e-15
461.89696517289525 1.048951438346641e-24 1.2860857453543437e-14 6.1768344979847245e-15 6.6840229555587135e-15
475.9643496848308 9.240118068910234e-25 1.1674045412664157e-14 5.6651181336670195e-15 6.00892727899714e-15
490.4601659075747 8.135133665516049e-25 1.0591021918585761e-14 5.194821474210884e-15 5.396200444374878e-15
505.39746201868155 7.155952252637215e-25 9.599971060403441e-15 4.7632916833179764e-15 4.836679377085462e-15
520.7896835867783 6.29400077973002e-25 8.700788222881242e-15 4.3669298791895055e-15 4.3338583436917366e-15
536.6506856743796 5.537804731800339e-25 7.888578646998233e-15 4.002984219533213e-15 3.8855944274650184e-15
552.9947453093008 4.872323426739169e-25 7.151984207683312e-15 3.668582587444066e-15 3.4834016202392444e-15
569.8365743358964 4.286167154580203e-25 6.48319161246595e-15 3.3613264117340835e-15 3.1218652007318646e-15
587.1913326576936 3.769990588745584e-25 5.876102131444545e-15 3.0791014072038427e-15 2.7970007242407022e-15
605.0746418833327 3.315530915383773e-25 5.325145361530699e-15 2.819949286887477e-15 2.5051960746432216e-15
623.502599388115 2.9154926123147384e-25 4.8252480815020776e-15 2.582054360125463e-15 2.2431937213766145e-15
642.4917928037942 2.5634270154909303e-25 4.371776732725219e-15 2.3637342804568797e-15 2.0080424522683373e-15
662.0593149496696 2.253634990129294e-25 3.960499021173173e-15 2.163436816202569e-15 1.7970622049706043e-15
682.2227792184137 1.9810846062773089e-25 3.587555866004058e-15 1.9797232715942945e-15 1.6078325944097621e-15
703.0003354304876 1.7413369978856402e-25 3.249434542079521e-15 1.8112669669585406e-15 1.4381675751209798e-15
724.4106861714122 1.5304766105228101e-25 2.9429370878344054e-15 1.6568454466678682e-15 1.286091641166537e-15
746.4731036265977 1.3450470297338692e-25 2.665146379071683e-15 1.515321164849763e-15 1.1498252142219193e-15
769.2074469289008 1.1820009328309698e-25 2.413407913623475e-15 1.3856444945551112e-15 1.027763419068364e-15
792.6341800345017 1.0386536446991118e-25 2.1853096249167906e-15 1.2668529814175857e-15 9.184566434992047e-16
816.7743901432078 9.126401591960575e-26 1.9786597542361102e-15 1.1580599551332817e-15 8.205997991028288e-16
841.6498066797607 8.018750296272113e-26 1.7914617952174852e-15 1.0584445518675922e-15 7.330172433498935e-16
867.2828208532309 7.04520650247434e-26 1.6218993669006973e-15 9.672496937251356e-16 6.546496731755611e-16
893.6965058121084 6.18961317263715e-26 1.4683277312845578e-15 8.83781525579045e-16 5.845462057055128e-16
920.9146374132232 5.437751168994477e-26 1.3292545004202436e-15 8.074021353470618e-16 5.218523650731819e-16
948.9617156232121 4.777087611862258e-26 1.2033205435949668e-15 7.3752250368925095e-16 4.657980399057161e-16
977.8629865717667 4.196593645377858e-26 1.0892921139763072e-15 6.736009680956503e-16 4.1569114588065715e-16
1007.6444652765354 3.6865699885713443e-26 9.860506872153934e-16 6.151399610688136e-16 3.7091072614657986e-16
1038.332959060126 3.238482553087028e-26 8.925809928360524e-16 5.616818134659815e-16 3.308991793700706e-16
1069.95609168029 2.844828461885874e-26 8.079630000066715e-16 5.128067538775604e-16 2.9515624612911124e-16
1102.542328195006 2.49901194478693e-26 7.313630863612749e-16 4.681298557450258e-16 2.6323323061624897e-16
1136.1210005848498 2.1952301293260016e-26 6.620245204390632e-16 4.2729698296321687e-16 2.347275374758463e-16
1170.7223341557005 1.9283786543637953e-26 5.992604998062902e-16 3.8998236390898426e-16 2.0927813589730604e-16
1206.3774747455793 1.693973180463027e-26 5.42449337021853e-16 3.558878028868042e-16 1.8656153413504886e-16
1243.1185167600695 1.48807506011465e-26 4.910286205957493e-16 3.247405439716888e-16 1.6628807662406045e-16
1280.9785320615858 1.3072206052372295e-26 4.444881317328263e-16 2.9628994059798673e-16 1.4819819113483947e-16
1319.9915997384837 1.1483629420765316e-26 4.023646048185113e-16 2.703054860739367e-16 1.3205911874457452e-16
1360.1928367808064 1.0088265194366854e-26 3.642389678396661e-16 2.4657626415585946e-16 1.1766270368380676e-16
1401.618429690285 8.862636112509597e-27 3.2973280001776813e-16 2.249097987240655e-16 1.0482300129370257e-16
1444.305667053031 7.786103153691887e-27 2.9850300088149997e-16 2.0512950307694332e-16 9.337349780455668e-17
1488.2929731042755 6.84051325405521e-27 2.7023808397277095e-16 1.8707289731503388e-16 8.316518665773702e-17
1533.6199423153234 6.009927102325857e-27 2.4465628930398205e-16 1.7059142995958645e-16 7.406485934439565e-17
1580.327375033885 5.2803524362413846e-27 2.215028949526228e-16 1.5554956852484454e-16 6.595332642777834e-17
1628.457314209858 4.639499354349405e-27 2.005473514577924e-16 1.4182323732032607e-16 5.872411413746631e-17
1678.0530832396191 4.076563911323042e-27 1.8158057358219894e-16 1.2929850136016147e-16 5.228207222203749e-17
1729.1593249628888 3.5820583965377674e-27 1.644133603696171e-16 1.178711601056943e-16 4.654220026392284e-17
1781.8220418472597 3.1476565099907943e-27 1.4887476662359836e-16 1.0744617733118607e-16 4.142858929241226e-17
1836.0886373966016 2.7660444631768647e-27 1.348100385844898e-16 9.793661416234716e-17 3.6873424422142563e-17
1892.007958820556 2.4307969408972283e-27 1.2207903091718994e-16 8.926282674951718e-17 3.281620416767275e-17
1949.6303410035755 2.1362685914498907e-27 1.1055478982172009e-16 8.135189726857106e-17 2.920289255314904e-17
2009.0076518130663 1.877507410536555e-27 1.0012273022161353e-16 7.413745505430116e-17 2.598527516731233e-17
2070.1933387874215 1.6501653511087923e-27 9.067922584652562e-17 6.755887351408252e-17 2.312035233244312e-17
2133.242477245972 1.4504183894366046e-27 8.213021377794791e-17 6.156051455185257e-17 2.0569699226095348e-17
2198.211819864143 1.2749089138238147e-27 7.439061162520588e-17 5.609156929099438e-17 1.829904233421151e-17
2265.1598477584885 1.1206901426417625e-27 6.738354260808524e-17 5.110569876621063e-17 1.627784384187461e-17
2334.1468231275226 9.851735365260061e-28 6.103941197035722e-17 4.6560569442889765e-17 1.447884252746745e-17
2405.2348434957767 8.660862447860497e-28 5.529527991230282e-17 4.2417512275523126e-17 1.2877767636779696e-17
2478.487897609897 7.614327249401518e-28 5.0094237871829735e-17 3.8641237235296956e-17 1.1453000636532773e-17
2553.971923037092 6.6945906670051015e-28 4.5384711526518075e-17 3.519948966097341e-17 1.0185221865544659e-17
2631.7548655177807 5.886246293596102e-28 4.112001813833209e-17 3.2062811196704424e-17 9.057206941627667e-18
2711.906740125872 5.175770015094811e-28 3.7257967006420236e-17 2.920433998332781e-17 8.053627023092418e-18
2794.4996942916955 4.55128142842297e-28 3.376036943640877e-17 2.6599547245856908e-17 7.160822190551869e-18
2879.6080727443887 4.0023476197626108e-28 3.059268687431292e-17 2.422606170119528e-17 6.366625173117644e-18
2967.308484432098 3.519807596429127e-28 2.7723691381454384e-17 2.2063484558464832e-17 5.66020682298955e-18
3057.6798714803062 3.0956095837834355e-28 2.5125090219894537e-17 2.0093181775896345e-17 5.0319084439981964e-18
